"","date","observed_cumulative_cases","observed_active_cases","observed_cumulative_deaths","observed_new_cases","observed_daily_average_cases","observed_new_episodes","observed_new_cases_community_outbreak","observed_new_cases_institution_outbreak","observed_new_cases_sporadic","observed_new_ICU_p_acute_care","observed_census_ICU","observed_census_ICU_p_acute_care","observed_census_acute_care","observed_new_deaths","cumulative_hosp","observed_new_community_cases","num_non_ltch_tests","non_ltch_pct_positivity","num_ltch_tests","ltch_pct_positivity","observed_pct_positivity","pct_positivity_7_day","adjusted_new_episodes","adjusted_active_cases","adjusted_episode_cases"
"1",2020-03-01,7,7,0,0,0,2,0,0,2,0,0,1,1,0,0,2,NA,NA,NA,NA,NA,NA,NA,NA,2
"2",2020-03-02,10,10,0,0,0,3,2,0,1,0,0,1,1,0,0,3,NA,NA,NA,NA,NA,NA,NA,NA,3
"3",2020-03-03,11,11,0,0,0,1,0,0,1,0,0,1,1,0,0,1,NA,NA,NA,NA,NA,NA,NA,NA,1
"4",2020-03-04,12,12,0,0,0,1,0,0,1,0,0,1,1,0,0,1,NA,NA,NA,NA,NA,NA,NA,NA,1
"5",2020-03-05,18,18,0,0,0,6,2,0,4,0,0,1,1,0,0,6,NA,NA,NA,NA,NA,NA,NA,NA,6
"6",2020-03-06,23,23,0,0,0,5,0,1,4,0,0,1,1,0,0,4,NA,NA,NA,NA,NA,NA,NA,NA,5
"7",2020-03-07,27,27,0,0,0,4,0,0,4,0,0,1,1,0,0,4,NA,NA,NA,NA,NA,NA,NA,NA,4
"8",2020-03-08,36,36,0,0,0,9,1,0,8,0,0,1,1,0,0,9,NA,NA,NA,NA,NA,NA,NA,NA,9
"9",2020-03-09,45,45,0,1,0.1,9,0,0,9,0,0,1,1,0,0,9,NA,NA,NA,NA,NA,NA,NA,NA,9
"10",2020-03-10,52,52,0,0,0.1,7,1,0,6,0,0,1,1,0,0,7,NA,NA,NA,NA,NA,NA,NA,NA,7
"11",2020-03-11,61,61,0,0,0.1,9,0,0,9,0,0,1,1,0,0,9,NA,NA,NA,NA,NA,NA,NA,NA,9
"12",2020-03-12,75,75,0,3,0.6,14,1,0,13,0,0,1,1,0,0,14,NA,NA,NA,NA,NA,NA,NA,NA,14
"13",2020-03-13,97,97,0,1,0.7,22,2,2,18,0,0,1,1,0,0,20,NA,NA,NA,NA,NA,NA,NA,NA,22
"14",2020-03-14,115,115,0,4,1.3,18,1,1,16,1,0,2,2,0,1,17,NA,NA,NA,NA,NA,NA,NA,NA,18
"15",2020-03-15,142,142,0,4,1.9,27,1,0,26,0,0,2,2,0,1,27,NA,NA,NA,NA,NA,NA,NA,NA,27
"16",2020-03-16,157,157,0,0,1.7,15,0,0,15,0,0,2,2,0,1,15,NA,NA,NA,NA,NA,NA,NA,NA,15
"17",2020-03-17,180,179,0,5,2.4,23,1,0,22,2,0,4,4,0,3,23,127,0,4,0,0,0,23,179,23
"18",2020-03-18,196,194,0,4,3,16,0,0,16,0,0,3,3,0,3,16,210,0.0190499997138977,1,0,1.89597153550641,0.947985767753204,15.6667098974407,189.958857506469,16
"19",2020-03-19,221,219,0,1,2.7,25,0,0,25,4,0,7,7,0,7,25,110,0.0272699999809265,9,0,2.52075630075791,1.47224261208811,24.3076248193596,212.93479341759,25
"20",2020-03-20,243,241,0,2,2.9,22,1,1,20,3,1,10,9,0,10,21,137,0.00730000019073486,4,0,0.709290798674238,1.28150465873464,21.8363506660453,239.121929072234,22
"21",2020-03-21,263,261,0,4,2.9,20,0,2,18,3,1,10,9,0,13,18,204,0.0147099995613098,3,0,1.44968111618705,1.31513995022512,19.7133079776255,256.84296567557,20
"22",2020-03-22,289,287,0,7,3.3,26,0,1,25,3,5,13,8,0,16,25,159,0.0314499998092651,2,0,3.10593165818208,1.61360523488462,25.1468949250493,277.206353739566,26
"23",2020-03-23,310,308,0,9,4.6,21,1,0,20,4,5,17,12,0,20,21,138,0.0362299990653992,3,0,3.54591480214545,1.88964945877902,20.1818777337645,296.000873428545,21
"24",2020-03-24,328,324,1,8,5,18,1,3,14,3,7,20,13,1,23,15,253,0.0197599995136261,4,0,1.94524508830638,2.16754161425136,17.6794201599732,317.07547545542,18
"25",2020-03-25,351,347,1,8,5.6,23,0,1,22,4,8,23,15,0,27,22,153,0.0588199996948242,2,0,5.80610319568265,2.7261318514194,21.5966110496312,324.864728828273,23
"26",2020-03-26,365,357,1,19,8.1,14,1,3,10,2,7,25,18,0,29,11,274,0.025550000667572,3,0,2.5273285858898,2.72707074929538,13.6945606294058,347.087104063441,14
"27",2020-03-27,382,365,1,27,11.7,17,3,2,12,5,9,26,17,0,34,15,577,0.0294600009918213,4,0,2.92571782655437,3.04370318184968,16.5178365140523,353.267355175273,17
"28",2020-03-28,407,387,2,26,14.9,25,1,1,23,3,8,25,17,1,37,24,367,0.0817399978637695,3,0,8.10772411243336,3.99485218131344,22.8621323023447,352.526883375308,25
"29",2020-03-29,426,399,2,11,15.4,19,5,4,10,7,8,31,23,0,44,15,184,0.0434800004959106,0,0,4.34800004959107,4.1722905229433,18.2834418815841,379.939554050138,19
"30",2020-03-30,451,408,3,48,21,25,8,3,14,4,12,32,20,1,48,22,549,0.0783199977874756,0,0,7.83199977874756,4.7845883767436,23.1069330705389,372.892213308175,25
"31",2020-03-31,468,405,3,51,27.1,17,2,3,12,6,13,34,21,0,54,14,943,0.064689998626709,0,0,6.4689998626709,5.43083905879567,16.004970861168,376.215228483788,17
"32",2020-04-01,495,408,3,37,31.3,27,6,4,16,3,15,33,18,0,57,22,575,0.0573899984359741,4,0.25,5.87206374795943,5.44026199483521,24.5806677728575,381.677838696629,27
"33",2020-04-02,512,404,6,32,33.1,17,5,4,7,6,14,34,20,3,63,12,107,0.0841100025177002,9,0,7.75842264602924,6.1875611462837,14.9771185520319,369.562991251741,17
"34",2020-04-03,540,410,6,26,33,28,3,4,20,5,14,37,23,0,68,23,217,0.110600004196167,2,0,10.9589958495745,7.33517229242944,24.2307050108696,360.634306715502,28
"35",2020-04-04,557,417,7,18,31.9,17,3,7,6,7,14,43,29,1,75,9,315,0.0253999996185303,3,0,2.51603769806196,6.53635994751924,15.7512115154245,405.472800214668,17
"36",2020-04-05,584,428,8,40,36,27,4,8,13,4,13,43,30,1,79,17,422,0.0663500022888184,5,0.2,6.79149905524153,6.88543123404074,23.7315154340905,396.064035634749,27
"37",2020-04-06,603,428,9,40,34.9,19,3,7,9,4,12,44,32,1,83,12,238,0.117650003433228,4,0.25,11.9837606682265,7.47853993253773,17.4200439930026,371.648235750425,19
"38",2020-04-07,626,426,9,25,31.1,23,2,11,10,4,14,45,31,0,87,12,285,0.108769998550415,6,0,10.6527318167932,8.07621592598378,21.5955287250103,376.141269737867,23
"39",2020-04-08,646,429,11,26,29.6,20,1,10,8,5,16,44,28,2,92,9,368,0.0434800004959106,6,0.333330001831055,4.81300005173301,7.92492111223715,18.5240854339922,406.314739020293,20
"40",2020-04-09,682,437,11,25,28.6,36,1,20,13,6,16,47,31,0,98,14,295,0.0949199962615967,5,0,9.33379963239034,8.14997496743159,32.5643217178222,392.186327906306,36
"41",2020-04-10,716,454,11,37,30.1,34,0,20,13,4,16,49,33,0,102,13,331,0.090629997253418,8,0,8.84912362562872,7.84856464972504,31.7360955698811,409.86056836354,34
"42",2020-04-11,760,484,11,31,32,44,0,34,8,6,19,54,35,0,108,8,225,0.102220001220703,11,0.363639984130859,11.4404830932617,9.12348542046786,40.9944469861298,423.164042660854,44
"43",2020-04-12,793,499,13,35,31.3,33,0,18,14,1,18,50,32,2,109,14,227,0.101319999694824,12,0.5,12.1337405567887,9.88666277783175,30.133648837017,432.477912119392,33
"44",2020-04-13,817,506,16,16,27.9,24,0,19,5,3,20,52,32,3,112,5,165,0.0606099987030029,26,0.0384599995613098,5.75948155737672,8.99748004771035,23.6836090753807,473.981238428526,24
"45",2020-04-14,850,506,18,32,28.9,33,0,26,7,5,20,51,31,2,117,7,208,0.0673099994659424,18,0.166669998168945,7.52236276812258,8.55028446932883,32.4214739290428,464.180829727953,33
"46",2020-04-15,879,504,24,60,33.7,29,3,17,9,4,16,51,35,6,121,12,390,0.1,24,0.208330001831055,10.6280000106148,9.38099874916909,27.5987894014221,445.14915485973,29
"47",2020-04-16,949,553,24,21,33.1,70,1,55,13,7,13,53,40,0,128,14,310,0.0354800009727478,11,0,3.42641753942424,8.5370870216025,68.4729656259222,532.182142223926,70
"48",2020-04-17,981,557,26,73,38.3,32,0,26,6,0,13,49,36,2,128,6,378,0.0846599960327148,66,0.5,14.6399726352176,9.36435116582949,31.0349226195489,467.408649848123,32
"49",2020-04-18,1021,579,31,31,38.3,40,1,30,9,1,11,46,35,5,129,10,421,0.0617600011825562,8,0,6.06082995288022,8.59582928863213,39.334109650791,540.444948780799,40
"50",2020-04-19,1038,582,35,38,38.7,17,0,13,4,5,15,47,32,4,134,4,452,0.0442500019073486,47,0.127659997940063,5.21062540386865,7.60681283821498,16.7710079182716,548.681652108521,17
"51",2020-04-20,1099,618,39,16,38.7,61,1,47,13,3,13,45,32,4,137,14,325,0.0523099994659424,43,0.0232599997520447,4.89155701515467,7.48282361789754,60.2476052144593,584.787144466846,61
"52",2020-04-21,1135,631,47,51,41.4,36,0,26,10,2,11,43,32,8,139,10,543,0.069980001449585,25,0.36,8.27449661745152,7.59027131065882,35.0908988562688,573.635717830563,36
"53",2020-04-22,1176,647,54,35,37.9,41,1,31,9,4,9,45,36,7,143,10,656,0.0243899989128113,122,0.106560001373291,3.7275269221524,6.60448944087848,40.5904646355078,620.503061917355,41
"54",2020-04-23,1221,662,57,50,42,45,0,35,10,5,11,48,37,3,148,10,775,0.0361299991607666,105,0.0285700011253357,3.522795394063,6.61825770582687,44.6129580480921,636.377822783699,45
"55",2020-04-24,1262,669,65,38,37,41,0,36,5,7,10,48,38,8,155,5,517,0.0406199979782104,94,0.106379995346069,5.07369206501887,5.25164619579848,40.7212821835276,631.707556155995,41
"56",2020-04-25,1363,741,78,53,40.1,101,0,95,6,4,9,48,39,13,159,6,557,0.0502699995040894,28,0.0357100009918213,4.95731106864081,5.09400064090713,100.673210538065,700.641501451034,101
"57",2020-04-26,1417,760,87,88,47.3,54,0,41,13,5,9,50,41,9,164,13,358,0.0502799987792969,81,0.0123500001430511,4.32815252268233,4.96793308645194,53.3818177506521,723.86011465351,54
"58",2020-04-27,1478,784,95,87,57.4,61,0,54,7,8,11,56,45,8,172,7,269,0.0632000017166138,80,0.1,7.16355314090805,5.29250396155957,60.4490690783666,722.29573677706,61
"59",2020-04-28,1499,780,103,65,59.4,21,0,14,7,7,13,61,48,8,179,7,503,0.0616300010681152,11,0.272730007171631,6.61477054788909,5.05540023733637,20.4912745724561,723.313452359393,21
"60",2020-04-29,1524,769,111,29,58.6,25,0,17,8,7,13,62,49,8,186,8,668,0.0314400005340576,74,0.148649997711182,4.31294072606172,5.13903078075198,24.620917184145,732.560664325941,25
"61",2020-04-30,1544,759,122,30,55.7,20,0,10,10,2,11,56,45,11,188,10,603,0.0414599990844727,6,0.333330001831055,4.43355656139956,5.26913951894292,19.5128946778147,722.028706046133,20
"62",2020-05-01,1567,742,135,42,56.3,23,0,16,7,6,11,57,46,13,194,7,516,0.031010000705719,55,0.0909099960327148,3.67797025323123,5.06975068868754,22.7171365240831,712.016471552806,23
"63",2020-05-02,1588,743,139,22,51.9,21,0,15,6,4,12,57,45,4,198,6,508,0.0511800003051758,28,0.0357100009918213,5.03718660126871,5.08116147906296,20.6679450862974,701.880533186493,21
"64",2020-05-03,1607,724,148,23,42.6,19,0,13,6,3,12,52,40,9,201,6,826,0.0205800008773804,231,0.0043299999833107,1.70286761786764,4.70612077837514,18.8877457587623,710.454654890654,19
"65",2020-05-04,1625,721,152,14,32.1,18,0,11,7,6,10,52,42,4,207,7,637,0.0109899997711182,24,0.125,1.51295459216373,3.89889241426881,17.8836424534788,709.015172708317,18
"66",2020-05-05,1650,721,156,29,27,25,0,24,1,3,9,50,41,4,210,1,923,0.0292499995231628,29,0.172409992218018,3.36109656871868,3.4340818458159,24.9630723550195,694.375167969085,25
"67",2020-05-06,1666,694,161,23,26.1,16,0,11,5,4,10,52,42,5,214,5,598,0.0167200005054474,149,0.0134200000762939,1.60617674881196,3.04740127763736,15.9117664078622,681.753177411276,16
"68",2020-05-07,1689,672,167,32,26.4,23,0,16,7,6,10,54,44,6,220,7,813,0.0356699991226196,234,0.0128199994564056,3.05631224063884,2.85065208895726,22.7649466840807,649.434881671747,23
"69",2020-05-08,1702,639,173,16,22.7,13,0,8,5,4,8,54,46,6,224,5,715,0.00978999972343445,127,0.0472399997711182,1.54386339349022,2.54577968042283,12.9151895250143,628.161221296832,13
"70",2020-05-09,1719,623,179,12,21.3,17,0,12,5,5,6,51,45,6,229,5,1100,0.0154499995708466,164,0.0304900002479553,1.74013920637626,2.0747729097239,16.9044073243421,611.089152613032,17
"71",2020-05-10,1731,554,185,25,21.6,12,0,8,4,3,5,52,47,6,232,4,907,0.0176400005817413,316,0.0126600003242493,1.6353262984548,2.06512414980778,11.928132086964,544.046294044516,12
"72",2020-05-11,1751,535,188,14,21.6,20,0,14,6,1,5,51,46,3,233,6,517,0.00967000007629394,197,0.0152300000190735,1.12040616851561,2.00904580357234,19.9261420306517,528.414331066441,20
"73",2020-05-12,1774,518,193,13,19.3,23,0,17,6,4,6,51,45,5,237,6,835,0.0131700003147125,322,0.00310999989509583,1.03702422031165,1.67703546808562,22.9316386278213,512.098134868569,23
"74",2020-05-13,1795,500,195,21,19,21,0,15,6,2,7,47,40,2,239,6,1249,0.0144099998474121,224,0.0133899998664856,1.42548878340193,1.65122290159847,20.906030768279,492.169230689916,21
"75",2020-05-14,1809,472,198,25,18,14,0,10,4,2,6,45,39,3,241,4,1046,0.0267700004577637,127,0.0236199998855591,2.6428951802461,1.59216332154237,13.8838523167171,458.294573372616,14
"76",2020-05-15,1829,458,201,17,18.1,20,0,12,8,1,5,44,39,3,242,8,1163,0.012039999961853,137,0.0146000003814697,1.23097846214588,1.54746547420746,19.8918040355001,451.805781032382,20
"77",2020-05-16,1845,438,207,19,19.1,16,0,6,10,1,4,42,38,6,243,10,967,0.0134399998188019,25,0.04,1.4109354662078,1.50043636846911,15.8449835554522,431.210279728805,16
"78",2020-05-17,1857,398,212,15,17.7,12,0,9,3,1,2,42,40,5,244,3,353,0.0254999995231628,10,0.1,2.7552341134095,1.66042319917693,11.909186506459,385.952076523555,12
"79",2020-05-18,1872,390,213,26,19.4,15,0,8,7,2,1,43,42,1,246,7,376,0.0398900008201599,17,0.0588199996948242,4.07088557333133,2.08192025700774,14.6869183913815,372.556881805541,15
"80",2020-05-19,1884,353,219,23,20.9,12,0,8,4,0,1,40,39,6,246,4,359,0.0390000009536743,31,0.225809993743896,5.38490003805894,2.70304537382879,11.7633490466041,332.115553362813,12
"81",2020-05-20,1899,339,223,17,20.3,15,0,9,6,3,1,41,40,4,249,6,675,0.0296300005912781,36,0.0555600023269653,3.0942912071566,2.94144572007945,14.7960221288002,327.475250277209,15
"82",2020-05-21,1907,325,229,11,18.3,8,0,1,7,0,1,38,37,6,249,7,478,0.0209200000762939,36,0,1.94547860631683,2.8418147809467,7.85037811536911,318.053269642137,8
"83",2020-05-22,1914,309,233,7,16.9,7,0,3,4,1,1,36,35,4,250,4,514,0.00583999991416931,14,0,0.568515143159664,2.74717716394867,6.97501538567144,307.069938543119,7
"84",2020-05-23,1923,305,236,6,15,9,1,3,5,1,0,35,35,3,251,6,582,0.00859000027179718,43,0,0.799900825309753,2.65988650096323,8.94726997021473,302.319556819249,9
"85",2020-05-24,1933,302,237,8,14,10,0,3,7,1,1,36,35,1,252,7,332,0.0150600004196167,25,0.04,1.68064989896716,2.50637447032861,9.87074542764351,296.423588449763,10
"86",2020-05-25,1948,298,240,6,11.1,15,1,7,7,0,1,35,34,3,252,8,401,0.0174600005149841,8,0,1.71184846124906,2.16936916860257,14.8495383135952,292.39530218142,15
"87",2020-05-26,1954,288,243,16,10.1,6,0,2,4,1,1,35,34,3,253,4,1123,0.00800999999046326,41,0.0731699991226196,1.03051545990701,1.54731422886658,5.95471179328259,284.739249116347,6
"88",2020-05-27,1959,261,243,8,8.9,5,0,1,4,1,1,33,32,0,254,4,1150,0.00957000017166138,13,0.0769199991226196,1.03228376491871,1.25274173711831,4.95463408133549,258.039873807141,5
"89",2020-05-28,1963,236,244,4,7.9,4,0,2,2,1,1,31,30,1,255,2,1403,0.00284999996423721,88,0,0.268179071081476,1.01312751779898,3.99410714847038,235.304643519505,4
"90",2020-05-29,1970,226,247,7,7.9,7,0,3,4,2,1,32,31,3,257,4,1380,0.0065200001001358,37,0,0.634975309681539,1.0226218273021,6.97209465145928,224.423347807449,7
"91",2020-05-30,1973,208,248,15,9.1,3,1,1,1,0,1,31,30,1,257,2,1020,0.0127499997615814,119,0,1.1417910234252,1.07146328417574,2.97491077528248,205.390720629378,3
"92",2020-05-31,1977,193,249,10,9.4,4,0,1,3,3,1,34,33,1,260,3,1309,0.00535000026226044,11,0.0909099960327148,0.606300022701422,0.917984730423489,3.98001613622321,191.71437143036,4
"93",2020-06-01,1988,184,250,5,9.3,11,0,5,6,0,1,31,30,1,260,6,763,0.00130999997258186,20,0,0.127653892602805,0.691671220616882,10.9915849648529,183.741938922157,11
"94",2020-06-02,1991,165,251,8,8.1,3,0,1,2,0,1,26,25,1,260,2,858,0.0104900002479553,9,0,1.03811075118174,0.692756262227556,2.97718900097854,163.118092580729,3
"95",2020-06-03,2001,156,251,8,8.1,10,0,7,3,0,0,22,22,0,260,3,1110,0.00449999988079071,141,0,0.399280564962245,0.602327233662347,9.9868395709712,155.315657690502,10
"96",2020-06-04,2008,146,254,8,8.7,7,0,2,5,0,0,20,20,3,260,5,1430,0.00559000015258789,21,0,0.550909732474203,0.642717328147022,6.96973636638943,145.116301898571,7
"97",2020-06-05,2012,137,256,15,9.9,4,0,1,3,1,0,21,21,2,261,3,1366,0.00952000021934509,29,0,0.932209340474939,0.685179332546079,3.96927404952338,135.596848261568,4
"98",2020-06-06,2015,128,257,2,8,3,0,0,3,0,0,21,21,1,261,3,1404,0.000710000023245811,68,0,0.0677201109128478,0.5317406307586,2.9977679211269,127.904764634748,3
"99",2020-06-07,2016,118,258,4,7.1,1,0,0,1,0,0,20,20,1,261,1,870,0.00230000004172325,22,0,0.22432735832951,0.477173107276898,0.997535363570064,117.709172901268,1
"100",2020-06-08,2019,110,258,0,6.4,3,0,0,3,0,0,19,19,0,261,3,701,0.0014300000667572,12,0,0.140593274445554,0.479021590397291,2.99536599581189,109.830086513102,3
"101",2020-06-09,2029,107,259,3,5.7,10,0,3,7,0,0,18,18,1,261,7,1338,0.00224000006914139,10,0,0.222338285794598,0.362482666770557,9.98290051957489,106.738622227788,10
"102",2020-06-10,2039,105,259,7,5.6,10,0,4,6,0,0,17,17,0,261,6,1281,0.00233999997377396,12,0,0.231828303666236,0.338560915156841,9.98471771378326,104.732559991207,10
"103",2020-06-11,2046,104,260,5,5.1,7,0,2,5,0,0,16,16,1,261,5,1529,0.00326999992132187,6,0,0.325721816267175,0.306391212841551,6.98210682236052,103.627821905099,7
"104",2020-06-12,2050,107,260,10,4.4,4,0,2,2,0,0,16,16,0,261,2,1596,0.00814999997615814,13,0,0.808415162333648,0.288706330249938,3.98223623302626,106.049638466905,4
"105",2020-06-13,2053,105,260,6,5,3,0,3,0,0,0,16,16,0,261,0,1479,0.00270000010728836,23,0.0434800004959106,0.332446083228058,0.326524326294968,3,104.616486071737,3
"106",2020-06-14,2056,102,260,1,4.6,3,0,1,2,0,0,16,16,0,261,2,768,0,13,0,0,0.294477560819324,3,102,3
"107",2020-06-15,2061,100,260,2,4.9,5,0,2,3,0,0,14,14,0,261,3,720,0.00555999994277954,17,0,0.543175028331244,0.351989239945851,4.98209675842538,99.4032252808459,5
"108",2020-06-16,2065,99,260,3,4.9,4,0,1,3,1,0,14,14,0,262,3,1250,0.000799999982118607,14,0,0.0791139222822989,0.331528616586951,3.99739237706327,98.9139484430879,4
"109",2020-06-17,2068,89,260,8,5,3,0,0,3,1,1,6,5,0,263,3,1098,0.0091100001335144,26,0,0.889927059305944,0.425542724535481,2.97066768850641,88.129808092357,3
"110",2020-06-18,2070,75,260,2,4.6,2,0,0,2,0,1,6,5,0,263,2,1304,0.00230000004172325,122,0,0.210322584460527,0.409057119991674,1.99537846201587,74.8266923255951,2
"111",2020-06-19,2073,73,260,5,3.9,3,0,0,3,0,1,5,4,0,263,3,1875,0.0010700000077486,19,0,0.105926611115556,0.308701612674804,2.99650862133002,72.9150431190304,3
"112",2020-06-20,2079,73,261,1,3.1,6,0,0,6,1,1,5,4,1,264,6,1792,0.000560000017285347,158,0,0.0514625656910432,0.268561110169516,5.99660755116653,72.9587252058594,6
"113",2020-06-21,2085,77,261,1,3.1,6,0,0,6,0,1,4,3,0,264,6,1102,0.00363000005483627,86,0,0.336722227308887,0.316664285499357,5.97780303193401,76.7151389098198,6
"114",2020-06-22,2087,76,262,6,3.7,2,0,1,1,0,1,1,0,1,264,1,509,0.0039300000667572,10,0,0.385427752211834,0.294128960339441,1.99576538819748,75.6781695030087,2
"115",2020-06-23,2096,81,262,4,3.9,9,0,0,9,0,1,1,0,0,264,9,1255,0.00158999994397163,20,0,0.156505876837992,0.305184953847398,8.98452453238055,80.8607207914249,9
"116",2020-06-24,2098,75,263,3,3.1,2,0,0,2,1,1,2,1,1,265,2,1733,0.00289000004529953,24,0,0.285052366448724,0.218774283439223,1.99373638193736,74.7651143226508,2
"117",2020-06-25,2104,73,263,6,3.7,6,0,0,6,0,1,2,1,0,265,6,1796,0.00277999997138977,21,0.0476200008392334,0.32982388366758,0.235845897611659,5.97825777563993,72.7354696036192,6
"118",2020-06-26,2108,67,263,6,3.9,4,0,0,4,0,1,2,1,0,265,4,2028,0.00196999996900558,23,0,0.194790830674955,0.248540786120145,3.9914395001827,66.8566116280602,4
"119",2020-06-27,2111,69,263,3,4.1,3,0,0,3,0,1,1,0,0,265,3,1574,0.000640000030398369,80,0,0.0609044768952257,0.249889630577885,2.99799256684133,68.9538290373507,3
"120",2020-06-28,2113,68,263,2,4.3,2,0,0,2,0,1,1,0,0,265,2,880,0.00114000000059605,12,0,0.112466367771807,0.217853079215445,1.99752871242084,67.9159762223085,2
"121",2020-06-29,2117,69,263,1,3.6,4,0,0,4,2,1,3,2,0,267,4,854,0.00351000010967255,8,0,0.347742470262222,0.212469467508358,3.98471771313447,68.7363805515697,4
"122",2020-06-30,2120,68,263,10,4.4,3,0,0,3,0,1,3,2,0,267,3,1605,0.00435999989509583,11,0,0.433032167798812,0.251973223359904,2.98572710617146,67.6764810732198,3
"123",2020-07-01,2122,67,263,4,4.6,2,0,0,2,0,2,3,1,0,267,2,1601,0.00312000006437302,15,0,0.309103966773589,0.255409166263456,1.9932078824195,66.7724640610534,2
"124",2020-07-02,2128,66,263,4,4.3,6,0,1,5,0,1,3,2,0,267,5,1012,0.00197999998927116,12,0,0.195679686439689,0.236245709516614,5.98925054689296,65.8581072189871,6
"125",2020-07-03,2136,74,263,4,4,8,0,0,8,0,1,3,2,0,267,8,1334,0.00300000011920929,14,0,0.296884284794154,0.2508304886765,7.97390556981625,73.7586265208003,8
"126",2020-07-04,2139,74,263,4,4.1,3,0,0,3,0,1,3,2,0,267,3,1257,0.00317999988794327,40,0,0.308192741645697,0.286157383640853,2.98984185793264,73.7494324956719,3
"127",2020-07-05,2141,71,263,5,4.6,2,0,0,2,0,1,2,1,0,267,2,734,0.00272000014781952,47,0,0.255631255889824,0.306609510514855,1.99438286876297,70.8005918410855,2
"128",2020-07-06,2147,71,263,0,4.4,6,0,1,5,0,1,2,1,0,267,5,602,0,10,0,0,0.256932014763109,6,71,6
"129",2020-07-07,2154,72,263,6,3.9,7,0,1,6,0,1,1,0,0,267,6,1272,0.0039300000667572,21,0,0.386617175940848,0.250301301640543,6.974513921529,71.694167058348,7
"130",2020-07-08,2167,78,263,5,4,13,0,1,12,0,1,1,0,0,267,12,1684,0.00296999990940094,39,0,0.29027741424441,0.247611794136374,12.9617294139103,77.7512411904173,13
"131",2020-07-09,2175,82,263,5,4.1,8,0,0,8,1,0,2,2,0,268,8,1504,0.00266000002622604,41,0,0.258941102876632,0.256649139341652,7.9772405584371,81.7667157239803,8
"132",2020-07-10,2191,95,263,12,5.3,16,0,0,16,0,0,2,2,0,268,16,1900,0.00684000015258789,14,0.0714300012588501,0.73124453017455,0.318700602967423,15.8714555783704,94.2367674965744,16
"133",2020-07-11,2198,100,263,7,5.7,7,0,0,7,1,1,2,1,0,269,7,1571,0.00381999999284744,25,0,0.376016290022765,0.328389681307004,6.97108152935609,99.5868789908013,7
"134",2020-07-12,2221,120,263,9,6.3,23,0,2,21,1,1,3,2,0,270,21,1068,0.00842999994754791,13,0,0.832862159480219,0.410851238962775,22.807839974902,118.901942713725,23
"135",2020-07-13,2244,138,263,6,7.1,23,0,2,21,0,0,3,3,0,270,21,808,0.00619000017642975,65,0,0.572911814725686,0.492695783923587,22.8678163637962,137.131364676375,23
"136",2020-07-14,2263,148,263,4,6.9,19,0,2,17,1,0,4,4,0,271,17,1406,0.00356000006198883,66,0,0.340038049399205,0.486041622989067,18.9364892766713,147.44708311455,19
"137",2020-07-15,2284,168,263,15,8.3,21,0,0,21,1,0,5,5,0,272,21,1404,0.00782999992370606,46,0,0.758159992612641,0.552881991327386,20.8250754442972,166.600603554377,21
"138",2020-07-16,2306,186,263,7,8.6,22,0,1,21,0,0,5,5,0,272,21,1695,0.00708000004291534,25,0.04,0.75584884143846,0.623868811121932,21.8256086788337,184.455391155385,22
"139",2020-07-17,2336,213,263,17,9.3,30,0,0,29,0,1,5,4,0,272,29,1787,0.00726999998092651,21,0,0.718555860946664,0.622056144089377,28.7710560584959,211.318446222746,30
"140",2020-07-18,2362,232,263,16,10.6,26,0,0,24,2,1,6,5,0,274,24,1551,0.00708999991416931,81,0,0.673810653607635,0.664598196030073,23.8223276950834,230.282501052473,26
"141",2020-07-19,2380,250,263,28,13.3,18,0,0,18,0,1,6,5,0,274,18,2025,0.0212299990653992,22,0,2.10018310246377,0.845644045027723,17.5846633205889,244.23143500818,18
"142",2020-07-20,2410,275,263,47,19.1,30,0,0,27,2,3,8,5,0,276,27,1548,0.0148599994182587,35,0.0285700011253357,1.51631264301018,0.980415591925508,26.5501961776394,270.418664772253,30
"143",2020-07-21,2434,294,263,23,21.9,24,0,0,23,0,3,8,5,0,276,23,1428,0.0161099994182587,15,0,1.59425358068423,1.15958923925194,22.5971384136838,288.850377983611,24
"144",2020-07-22,2461,314,263,13,21.6,27,0,1,23,2,3,9,6,0,278,23,1771,0.00902999997138977,16,0,0.894914938406899,1.17912566007969,23.7738585278573,310.912677293357,27
"145",2020-07-23,2480,322,263,29,24.7,19,0,1,17,1,3,10,7,0,279,17,1667,0.0101999998092651,32,0,1.0007886805206,1.21411706566285,17.8130773508689,318.459465116457,19
"146",2020-07-24,2503,337,263,34,27.1,23,0,1,18,0,3,7,4,0,279,18,2036,0.0122800004482269,83,0,1.17989999587494,1.28002337065261,18.766660466057,332.63136539229,23
"147",2020-07-25,2515,336,263,26,28.6,12,0,1,10,0,3,7,4,0,279,10,2126,0.00800000011920929,320,0,0.695339339878943,1.28309889726279,10.9236045625021,333.43311330007,12
"148",2020-07-26,2522,338,263,21,27.6,7,0,0,6,2,4,9,5,0,281,6,1816,0.0121099996566772,73,0,1.16420113163186,1.14938718714395,5.92325503561867,333.676700339852,7
"149",2020-07-27,2537,340,264,22,24,15,0,1,13,1,4,9,5,1,282,13,1601,0.00874000012874603,24,0,0.861091704992148,1.05578419599852,13.8770118187155,336.783386027943,15
"150",2020-07-28,2557,330,264,14,22.7,20,0,2,17,1,4,10,6,0,283,17,1488,0.00739000022411346,24,0,0.727269863325452,0.931929379232978,18.8641639217829,327.363182011079,20
"151",2020-07-29,2573,324,264,20,23.7,16,2,2,12,2,4,11,7,0,285,14,2254,0.00620999991893768,52,0,0.606996522865808,0.890798177012822,15.906634836877,321.839263367724,16
"152",2020-07-30,2593,334,264,19,22.3,20,1,0,18,1,4,12,8,0,286,19,1891,0.00898999989032745,134,0,0.839510607042431,0.867758452230227,18.8247530734726,330.919343502097,20
"153",2020-07-31,2603,321,264,18,20,10,0,1,9,1,3,13,10,0,287,9,2129,0.00797999978065491,207,0,0.727286795077667,0.803099423544901,9.92808510789066,318.435035514767,10
"154",2020-08-01,2621,309,264,15,18.4,18,0,0,18,1,2,13,11,0,288,18,1629,0.00551999986171722,83,0.0120500004291534,0.583658283315251,0.787144986892945,17.8845744959006,307.018528846294,18
"155",2020-08-02,2629,294,264,2,15.7,8,0,0,8,0,2,13,11,0,288,8,1340,0.00149000003933907,11,0,0.147786828476266,0.641942943585003,7.98701038325277,293.522631584539,8
"156",2020-08-03,2638,280,264,10,14,9,0,1,7,0,1,12,11,0,288,7,1046,0.0114699995517731,47,0,1.09767790769942,0.675740972543185,7.9155803426805,276.62321370722,9
"157",2020-08-04,2650,268,264,20,14.9,12,0,1,11,1,1,11,10,0,289,11,1699,0.0058899998664856,12,0,0.584869069150148,0.655398001946712,11.9293158628606,266.277877386059,12
"158",2020-08-05,2659,248,264,12,13.7,9,1,0,8,1,1,12,11,0,290,9,1599,0.005,70,0,0.479029358897543,0.637116978522675,8.95263306731886,246.694777855009,9
"159",2020-08-06,2669,224,264,13,12.9,10,0,0,10,1,2,10,8,0,291,10,1639,0.00305000007152557,10,0,0.303150401287472,0.560494091986252,9.96669351753051,223.253934792683,10
"160",2020-08-07,2681,225,264,6,11.1,12,0,3,9,1,2,10,8,0,292,9,1689,0,39,0,0,0.456595978403728,12,225,12
"161",2020-08-08,2687,208,264,14,11,6,1,1,4,0,1,10,9,0,292,5,1518,0.00725000023841858,95,0,0.682300084433937,0.470687664277826,5.96251857872426,206.440772874929,6
"162",2020-08-09,2689,199,264,16,13,2,0,1,1,2,2,12,10,0,294,1,1589,0.00441000014543533,102,0,0.414399185753799,0.508775143888902,1.99544708528933,198.093969972576,2
"163",2020-08-10,2701,200,264,8,12.7,12,2,0,10,0,1,12,11,0,294,12,1384,0.00578000009059906,27,0,0.566939767922686,0.432955409635084,11.9252538567204,198.754230945341,12
"164",2020-08-11,2714,204,264,8,11,13,2,1,10,0,1,12,11,0,294,12,1460,0.00342000007629395,41,0,0.332658235269098,0.396925290509219,12.9561418663438,203.254411727845,13
"165",2020-08-12,2721,187,264,12,11,7,3,0,4,0,2,10,8,0,294,7,1486,0.00268999993801117,7,0,0.267738774808078,0.366740921353581,6.97940888172942,186.449922983343,7
"166",2020-08-13,2743,190,264,11,10.7,22,0,0,22,0,2,9,7,0,294,22,1689,0.00532999992370605,56,0,0.515895121555274,0.397133024248982,21.87530336807,188.923074542422,22
"167",2020-08-14,2754,185,264,6,10.7,11,4,1,6,1,2,10,8,0,295,10,1882,0.00477999985218048,36,0,0.469028139822923,0.464137044223685,10.9484688872244,184.046674413652,11
"168",2020-08-15,2758,177,264,2,9,4,0,0,4,1,2,11,9,0,296,4,2044,0.00734000027179718,21,0,0.726535620123653,0.470456406465073,3.96807083771971,175.587134569097,4
"169",2020-08-16,2762,158,264,26,10.4,4,0,1,3,0,2,11,9,0,296,3,1196,0.00501999974250793,22,0,0.492932651234769,0.481675472962354,3.98375276499329,157.144312289646,4
"170",2020-08-17,2785,172,265,8,10.4,23,1,4,18,1,1,9,8,1,297,19,1358,0.00662999987602234,32,0,0.647736678535132,0.493217888764132,22.8647856725572,170.775954509465,23
"171",2020-08-18,2811,191,265,15,11.4,26,1,1,24,0,1,7,6,0,297,25,1888,0.00583000004291534,77,0.0519500017166138,0.76372469278389,0.554798811266246,25.7902280272128,189.397342127906,26
"172",2020-08-19,2835,200,265,23,13,24,4,3,15,2,1,7,6,0,299,19,1519,0.0118499994277954,25,0.04,1.23057960691847,0.692347501567731,21.7431178449079,197.29597731482,24
"173",2020-08-20,2852,208,266,24,14.9,17,1,0,16,3,0,6,6,1,302,17,1607,0.00995999991893768,103,0,0.936007009925898,0.752363485620677,16.825176969618,205.860988804737,17
"174",2020-08-21,2873,215,266,16,16.3,21,3,2,16,0,0,6,6,0,302,19,1804,0.00721000015735626,116,0.00861999988555908,0.729518764093518,0.789576431945048,20.8477137511081,213.276760867802,21
"175",2020-08-22,2892,225,266,16,18.3,19,1,0,18,1,0,7,7,0,303,19,1864,0.00589999973773956,73,0,0.567764559171221,0.766894851808986,18.8814797655309,223.596470907603,19
"176",2020-08-23,2909,235,266,13,16.4,17,0,1,15,0,0,7,7,0,303,15,694,0.0172899997234344,5,0,1.71663230444399,0.941709087981732,15.7170959521493,230.567836583673,17
"177",2020-08-24,2928,251,266,19,18,19,2,0,17,1,1,8,7,0,304,19,1142,0.00962999999523163,58,0,0.91645499954621,0.980097419554743,18.8086910151893,248.472707621711,19
"178",2020-08-25,2942,253,266,23,19.1,14,0,1,13,4,2,11,9,0,308,13,1647,0.0145700001716614,73,0,1.3951622257399,1.0703027814056,13.8007314856874,249.121928144532,14
"179",2020-08-26,2960,261,266,15,18,18,1,4,13,0,2,11,9,0,308,14,1832,0.0049099999666214,41,0,0.480251998870817,0.96311312311308,17.9261300443649,259.622852969946,18
"180",2020-08-27,2973,264,266,16,16.9,13,1,3,9,1,2,9,7,0,309,10,1469,0.00612999975681305,9,0,0.609267228874044,0.916436011534243,12.9330611201847,262.232813572877,13
"181",2020-08-28,3001,274,266,20,17.4,28,0,3,21,1,1,9,8,0,310,21,2137,0.00607999980449677,35,0,0.598202559033591,0.897676553668539,23.8619812204827,272.199183543441,28
"182",2020-08-29,3022,288,266,12,16.9,21,0,2,18,0,1,9,8,0,310,18,1790,0.00726000010967255,11,0.0909099960327148,0.777091068999096,0.927580340786807,19.84632081659,285.54113306544,21
"183",2020-08-30,3042,302,267,16,17.3,20,0,6,12,2,1,10,9,1,312,12,1402,0.00428000003099442,33,0,0.418157494317364,0.742083939340146,17.9448695227393,300.612549655605,20
"184",2020-08-31,3063,312,267,13,16.4,21,1,3,17,1,1,11,10,0,313,18,1353,0.00517000019550324,54,0,0.497157801315983,0.682184339592971,20.9016810152888,310.295804265006,21
"185",2020-09-01,3088,316,267,18,15.7,25,1,2,22,0,1,11,10,0,313,23,1361,0.0154299998283386,22,0.0909099960327148,1.6630693911127,0.720456791789084,24.5797489300479,310.226115734571,25
"186",2020-09-02,3124,326,267,15,15.7,36,1,9,26,0,1,9,8,0,313,27,1528,0.00261999994516373,51,0,0.253537676770752,0.688069031489075,35.9247897742925,325.09190616368,36
"187",2020-09-03,3146,327,267,24,16.9,22,1,4,17,1,1,8,7,0,314,18,1493,0.00938000023365021,133,0.00751999974250793,0.922785997207461,0.732857426965278,21.8175078775572,323.684726442289,22
"188",2020-09-04,3168,331,267,24,17.4,22,0,3,19,3,1,11,10,0,317,19,2705,0.00813000023365021,258,0.00774999976158142,0.809691210614641,0.763070091476856,21.8309778400581,328.055456055749,22
"189",2020-09-05,3193,338,267,17,18.1,25,1,11,13,2,1,13,12,0,319,14,2256,0.00398999989032745,164,0,0.371960320354493,0.705194270241913,24.9427869276397,336.6187129673,25
"190",2020-09-06,3214,340,267,27,19.7,21,1,3,16,1,1,14,13,0,320,17,1310,0.00611000001430511,192,0.03125,0.932363516560566,0.778652273419513,19.8258574843412,336.517149686824,21
"191",2020-09-07,3255,365,267,29,22,41,2,6,33,0,1,12,11,0,320,35,1290,0.0147300004959106,44,0,1.4244153403092,0.91111763613283,40.4522589273863,359.287843099885,41
"192",2020-09-08,3307,402,267,24,22.9,52,0,14,36,3,1,14,13,0,323,36,1097,0.0127600002288818,4,0,1.27136423715562,0.855159756996105,49.4971446061415,396.384781435247,52
"193",2020-09-09,3352,433,267,15,22.9,45,2,10,31,0,1,13,12,0,323,33,1587,0.0144900000095367,29,0,1.42299690687715,1.02222536129702,42.4840726900087,426.230408326477,45
"194",2020-09-10,3429,495,267,33,24.1,77,1,21,52,2,2,14,12,0,325,53,1959,0.0127600002288818,61,0,1.23746734892968,1.06717984011448,73.2794232590165,488.270085154965,77
"195",2020-09-11,3459,509,267,60,29.3,30,0,1,25,0,1,12,11,0,325,25,2314,0.0155599999427795,93,0.0752699995040894,1.78670335776785,1.20675300399351,25.5092468638427,499.008266147836,30
"196",2020-09-12,3508,534,269,47,33.6,49,0,4,42,1,0,12,12,2,326,42,1900,0.0168400001525879,26,0,1.66126688940379,1.39093965671484,45.2334167580345,524.253441637867,49
"197",2020-09-13,3543,547,270,31,34.1,35,1,5,29,1,1,11,10,1,327,30,1199,0.0166799998283386,44,0,1.6089557356539,1.48759568801389,34.4696824832543,537.330543944671,35
"198",2020-09-14,3611,596,272,59,38.4,68,0,19,49,1,1,11,10,2,328,49,2394,0.0141999995708466,218,0.0412799978256226,1.6460121936674,1.51925238135077,67.1138652873406,585.221708392959,68
"199",2020-09-15,3684,645,273,41,40.9,73,0,15,55,1,1,11,10,1,329,55,2961,0.0121599996089935,28,0,1.20460886056306,1.5097158989804,69.2720871867694,636.463567917569,73
"200",2020-09-16,3761,685,274,41,44.6,77,0,7,67,1,0,11,11,1,330,67,1887,0.0190799999237061,162,0.00616999983787537,1.80592971350752,1.56442058564189,72.670628794177,671.408667522556,77
"201",2020-09-17,3811,710,278,57,48,50,2,4,38,2,2,11,9,4,332,40,2512,0.0191100001335144,208,0.00481000006198883,1.80164707162801,1.6450176888845,43.2082276473653,695.946040740733,50
"202",2020-09-18,3899,778,278,47,46.1,88,1,6,78,0,2,11,9,0,332,79,2409,0.0128699994087219,281,0.0213499999046326,1.37558284568078,1.58628618715778,83.8060546073853,766.241904867668,88
"203",2020-09-19,3969,829,280,47,46.1,70,2,4,60,0,2,10,8,2,332,62,2101,0.0214199995994568,161,0,1.98954107685494,1.6331824996508,64.6447630903786,810.879170998772,70
"204",2020-09-20,4012,861,280,76,52.6,43,1,4,34,2,2,11,9,0,334,35,2847,0.0186199998855591,112,0,1.79152212484578,1.6592634123925,38.3110926128742,844.052878276706,43
"205",2020-09-21,4121,941,280,55,52,109,2,22,82,1,3,12,9,0,335,84,2949,0.0189900004863739,73,0,1.85312744653596,1.68885130565944,104.289767339852,921.841322223813,109
"206",2020-09-22,4230,1020,280,85,58.3,109,0,27,81,3,3,15,12,0,338,81,2507,0.0135599994659424,64,0.03125,1.4000357316654,1.71676943010263,106.7540667953,1004.31047075562,109
"207",2020-09-23,4336,1079,281,67,62,106,0,26,75,2,3,16,13,1,340,75,1896,0.0168799996376038,7,0.571430015563965,1.89198578149472,1.7290631541008,99.4409869408983,1056.57099878972,106
"208",2020-09-24,4437,1132,282,38,59.3,101,2,18,75,2,3,18,15,1,342,77,2730,0.0128199994564056,55,0,1.25668217292594,1.65121102571479,93.9368689538236,1116.37059293154,101
"209",2020-09-25,4556,1195,284,57,60.7,119,5,16,86,3,3,20,17,2,345,91,3291,0.0133700001239777,59,0.0339000010490417,1.37315732745982,1.65086452311179,105.627120840441,1176.97153191568,119
"210",2020-09-26,4641,1242,286,76,64.9,85,3,14,66,3,4,21,17,2,348,69,3437,0.0299699997901916,12,0,2.98657260883992,1.79329759910965,80.7359146748863,1201.24646414795,85
"211",2020-09-27,4723,1272,287,109,69.6,82,2,12,64,2,4,22,18,1,350,66,2684,0.0331599998474121,13,0,3.30001629923819,2.00879676687999,75.607066432871,1225.88164397897,82
"212",2020-09-28,4838,1342,288,86,74,115,3,11,97,6,4,27,23,1,356,100,3135,0.0258400011062622,192,0.0104200005531311,2.49501182970644,2.10049453590435,108.258784173982,1305.21288361484,115
"213",2020-09-29,4945,1373,291,58,70.1,107,5,18,74,4,3,27,24,3,360,79,2165,0.0263299989700317,79,0.0253200006484985,2.62944419881239,2.27612431692535,94.7177581152839,1333.33521382639,107
"214",2020-09-30,5028,1402,291,107,75.9,83,1,10,67,5,5,30,25,0,365,68,3170,0.0305999994277954,281,0.0142299997806549,2.92670611777675,2.42394150782278,75.8134538433087,1356.91856306351,83
"215",2020-10-01,5129,1438,293,105,85.4,101,2,11,78,3,5,29,24,2,368,80,3844,0.0226300001144409,120,0.00833000004291534,2.21971040476944,2.56151696951471,89.0490015419458,1402.93080271648,101
"216",2020-10-02,5225,1488,294,115,93.7,96,0,13,79,1,5,29,24,1,369,79,3362,0.021710000038147,197,0,2.05082945007727,2.65832727274577,90.2199702615901,1454.47235125628,96
"217",2020-10-03,5298,1501,295,65,92.1,73,2,6,64,5,6,31,25,1,374,66,3113,0.0301999998092651,485,0.0103100001811981,2.75188853513406,2.62480097650208,70.0045291139199,1455.61815454536,73
"218",2020-10-04,5355,1482,295,77,87.6,57,1,7,47,3,6,32,26,0,377,48,3118,0.0291899991035461,102,0,2.82653469580301,2.55716074743991,53.5093826236163,1435.97718850415,57
"219",2020-10-05,5433,1483,295,82,87,78,3,13,59,3,6,33,27,0,380,62,3821,0.0177999997138977,238,0.00839999973773956,1.72488294763206,2.447142335715,73.8250430902876,1454.89578875639,78
"220",2020-10-06,5508,1455,296,139,98.6,75,5,15,52,2,7,34,27,1,382,57,2158,0.0194599997997284,55,0,1.89763576899295,2.34259827431222,70.8116117888395,1424.66482724143,75
"221",2020-10-07,5609,1469,296,174,108.1,101,12,22,63,3,10,36,26,0,385,75,2268,0.0313100004196167,76,0,3.02948297575472,2.35728068259479,94.5036791672945,1420.10539595674,101
"222",2020-10-08,5689,1428,296,85,105.3,80,5,14,55,2,9,36,27,0,387,60,2434,0.0271199989318848,182,0,2.52332100153698,2.40065362499015,72.3366088975177,1388.41129176092,80
"223",2020-10-09,5772,1429,296,96,102.6,83,5,19,57,2,9,37,28,0,389,62,2508,0.0207299995422363,247,0.00810000002384186,1.95976547578285,2.38764448580523,79.6650456540555,1398.23145547815,83
"224",2020-10-10,5837,1414,297,68,103,65,5,7,51,6,9,43,34,1,395,56,2628,0.0300600004196167,21,0,2.98216991705371,2.42054182607947,61.1651902752142,1367.67105444916,65
"225",2020-10-11,5901,1379,297,139,111.9,64,6,6,48,5,10,46,36,0,400,54,2660,0.0233100008964539,238,0.0168099999427795,2.2776184393012,2.34212521800778,58.6487199924116,1344.49231239881,64
"226",2020-10-12,5963,1351,297,62,109,62,2,14,43,3,10,46,36,0,403,45,1994,0.0150499999523163,237,0.0126600003242493,1.47961093598233,2.30708635920068,58.2684724819347,1329.03791829097,62
"227",2020-10-13,6048,1373,298,74,99.7,85,4,10,68,1,7,45,38,1,404,72,2117,0.0302300000190735,18,0,2.9975133508374,2.4642117280356,79.6288215248154,1327.7829437996,85
"228",2020-10-14,6115,1378,300,84,86.9,67,1,16,49,2,7,45,38,2,406,50,3004,0.0296300005912781,110,0.0363599991798401,2.98677333609447,2.45811035094128,64.3592481927043,1332.78088019093,67
"229",2020-10-15,6201,1404,300,107,90,86,3,25,52,5,8,49,41,0,411,55,2119,0.021710000038147,105,0.00952000021934509,2.11344829603708,2.39955710729843,78.7228999012454,1371.39911747906,86
"230",2020-10-16,6276,1425,301,78,87.4,75,2,10,59,4,8,47,39,1,415,61,3126,0.0214299988746643,280,0.0035699999332428,1.99617664308598,2.40475870262745,69.6621746343459,1393.74752219579,75
"231",2020-10-17,6323,1407,302,64,86.9,47,1,10,36,6,8,49,41,1,421,37,3037,0.0214000010490417,149,0,2.03991849296735,2.2701513563294,46.1707506103386,1375.4661110472,47
"232",2020-10-18,6380,1375,305,74,77.6,57,1,11,40,2,6,48,42,3,423,41,1144,0.0271000003814697,37,0.0540500020980835,2.79443272769098,2.34398196895651,50.7412249184791,1332.78498202216,57
"233",2020-10-19,6444,1354,307,69,78.6,64,1,6,57,3,6,47,41,2,426,58,1334,0.0374799990653992,27,0,3.67364575703472,2.65741551482114,61.6590297706364,1299.35045361106,64
"234",2020-10-20,6522,1358,309,46,74.6,78,3,14,57,4,5,45,40,2,430,60,1595,0.0250799989700317,48,0.0208299994468689,2.49558358677117,2.58571126281168,72.3548935980767,1320.76575843647,78
"235",2020-10-21,6610,1382,312,69,72.4,88,1,46,40,4,4,44,40,3,434,41,2258,0.0305599999427795,446,0.00897000014781952,2.69989274913919,2.54472832181807,85.7838112251843,1341.00553934646,88
"236",2020-10-22,6675,1368,312,88,69.7,65,1,24,36,1,3,43,40,0,435,37,2238,0.0268099999427795,87,0.0114900004863739,2.62367354469915,2.61761764305551,59.9334477367045,1328.56639199491,65
"237",2020-10-23,6754,1370,313,92,71.7,79,1,13,64,2,3,36,33,1,437,65,2768,0.0245700001716614,65,0.0153799998760223,2.4359145946735,2.68043735042515,76.2604134726503,1333.3348685774,79
"238",2020-10-24,6819,1363,317,63,71.6,65,2,17,41,2,3,36,33,4,439,43,2358,0.0211999988555908,191,0,1.96114544140773,2.6691840573452,59.0734926269471,1333.63187094253,65
"239",2020-10-25,6889,1344,319,69,70.9,70,1,24,42,3,3,38,35,2,442,43,1751,0.0308400011062622,77,0,2.95409419787008,2.69199283879936,65.6043921081882,1300.37913938151,70
"240",2020-10-26,6962,1303,320,77,72,73,1,16,51,4,3,39,36,1,446,52,995,0.0392000007629395,121,0.0165299999713898,3.67420526484435,2.69207276848645,65.9008794507273,1250.40088315957,73
"241",2020-10-27,7040,1273,322,61,74.1,78,0,15,60,1,3,31,28,2,447,60,1354,0.0288000011444092,116,0,2.65273479928776,2.71452294170311,73.2512984040902,1235.89838114011,78
"242",2020-10-28,7152,1279,325,94,77.7,112,2,69,38,2,2,29,27,3,449,40,1900,0.0405299997329712,166,0.01807000041008,3.87253724882471,2.88204358451532,107.298130651417,1224.58272757907,112
"243",2020-10-29,7216,1263,326,65,74.4,64,0,18,42,9,2,37,35,1,458,42,2190,0.0292199993133545,96,0,2.79929127280168,2.90713183138712,58.708281136043,1224.15616844815,64
"244",2020-10-30,7266,1232,328,122,78.7,50,1,9,36,4,2,40,38,2,462,37,2789,0.0358599996566772,105,0.0571400022506714,3.66320799166528,3.0824594595288,44.5108655067524,1182.41584606267,50
"245",2020-10-31,7305,1162,329,83,81.6,39,0,5,32,2,2,39,37,1,464,32,2352,0.0276399993896484,322,0,2.43116224997955,3.1496047178962,36.1452589867943,1130.96221695797,39
"246",2020-11-01,7355,1122,332,50,78.9,50,1,6,40,1,2,37,35,3,465,41,1714,0.0256699991226196,104,0,2.42015283257261,3.07332737999656,45.9098223589616,1092.16635821353,50
"247",2020-11-02,7419,1075,332,56,75.9,64,3,8,47,6,2,42,40,0,471,50,1030,0.0174800002574921,14,0.0714300012588501,1.82034677038704,2.80849045221695,57.000012080822,1053.50025973767,64
"248",2020-11-03,7490,1003,333,36,72.3,71,1,36,33,1,2,43,41,1,472,34,1456,0.0219799995422363,13,0,2.17854862719511,2.74074957048943,69.1862016655815,978.992949134653,71
"249",2020-11-04,7555,927,337,53,66.4,65,5,1,51,1,1,40,39,4,473,56,1466,0.0272900009155273,295,0.0033899998664856,2.32863096551825,2.52019153001707,55.5672866202099,903.283476730975,65
"250",2020-11-05,7602,884,337,45,63.6,47,0,6,34,5,2,43,41,0,478,34,2536,0.0240499997138977,41,0,2.36673648717286,2.45839798921296,39.1159039613687,861.013502995586,47
"251",2020-11-06,7676,878,341,79,57.4,74,2,11,58,4,3,46,43,4,482,60,2342,0.0234800004959106,116,0.0258599996566772,2.35923194148077,2.27211569632945,69.4447775698134,855.241911771603,74
"252",2020-11-07,7711,845,346,75,56.3,35,3,4,25,3,4,46,42,5,485,28,2499,0.0276099991798401,142,0,2.61254782091709,2.2980279207491,31.1963019744659,820.745541729416,35
"253",2020-11-08,7748,783,346,47,55.9,37,1,5,29,1,4,47,43,0,486,30,1176,0.0204099988937378,92,0.0108700001239777,1.97178223268467,2.23397497790797,34.3500935830434,766.037442517433,37
"254",2020-11-09,7818,751,350,31,52.3,70,3,24,41,7,4,46,42,4,493,44,711,0.0210999989509583,20,0.1,2.3258685710166,2.30619237799791,66.8756320228679,731.809082935769,70
"255",2020-11-10,7885,760,350,51,54.4,67,0,11,54,3,5,47,42,0,496,54,1374,0.0334800004959106,17,0,3.30708272332,2.46741153458718,63.037952850068,732.386003075032,67
"256",2020-11-11,7941,759,353,78,58,56,0,6,48,2,5,46,41,3,498,48,2375,0.0261100006103516,241,0.0290499997138977,2.63808491516186,2.51161924167912,52.6087645692957,737.001089751989,56
"257",2020-11-12,7983,749,355,58,59.9,42,1,8,31,3,3,43,40,2,501,32,2318,0.0215700006484985,214,0.00467000007629395,2.01416435701211,2.4612517945133,39.2918659035242,732.425236304363,42
"258",2020-11-13,8021,725,357,81,60.1,38,1,7,26,0,3,36,33,2,501,27,2719,0.0217000007629395,200,0,2.02131901591067,2.41297851943186,33.4003894752458,708.899347020489,38
"259",2020-11-14,8042,702,357,50,56.6,21,3,2,14,3,3,37,34,0,504,17,1710,0.015789999961853,245,0.0163300001621246,1.58576726212221,2.26629558246116,18.7038177756096,689.769416381056,21
"260",2020-11-15,8072,658,360,29,54,30,1,1,25,0,2,35,33,3,504,26,984,0.0152400004863739,306,0.00653999984264374,1.31762794034426,2.17284496926967,26.6236111367624,648.474466461142,30
"261",2020-11-16,8116,620,363,11,51.1,44,0,3,39,3,2,33,31,3,507,39,735,0.0122399997711182,53,0,1.1416751055548,2.0036744742037,41.510809787032,612.223129947688,44
"262",2020-11-17,8157,598,363,39,49.4,41,1,10,29,1,2,32,30,0,508,30,1828,0.020789999961853,38,0,2.03666237568421,1.82218585311287,39.3287088578088,584.618929898989,41
"263",2020-11-18,8198,590,363,66,47.7,41,3,6,30,1,2,32,30,0,509,33,2684,0.0204900002479553,20,0.05,2.07082694768906,1.74114900061676,38.2491929030799,576.576479176276,41
"264",2020-11-19,8218,573,364,53,47,20,2,1,17,0,2,30,28,1,509,19,2476,0.0121200001239777,187,0.0160399997234344,1.23952685900304,1.63048650090118,19.7412501157624,565.196648227993,20
"265",2020-11-20,8243,530,364,28,39.4,25,1,2,20,1,2,30,28,0,510,21,2643,0.00757000029087067,222,0.0225200009346008,0.872842966012306,1.46641849377284,22.7986155039626,524.917438909531,25
"266",2020-11-21,8272,498,365,27,36.1,29,4,4,19,2,2,31,29,1,512,23,1495,0.0187300002574921,71,0,1.7880811229215,1.49532047388702,26.5481589589198,488.216659197481,29
"267",2020-11-22,8299,485,368,26,35.7,27,3,4,19,3,4,31,27,3,515,22,1220,0.0147500002384186,36,0,1.4327229530948,1.51176261856567,25.653697584499,477.365605840091,27
"268",2020-11-23,8339,468,370,20,37,40,2,10,25,1,3,27,24,2,516,27,922,0.0173500001430511,13,0,1.71087701945381,1.5930771776941,36.4924799799786,459.202986319629,40
"269",2020-11-24,8383,478,370,21,34.4,44,2,7,34,1,3,23,20,0,517,36,1403,0.00855000019073486,41,0.0975599956512451,1.10772923056108,1.46037244267651,42.5618662203614,472.18255703702,44
"270",2020-11-25,8438,486,371,38,30.4,55,4,10,39,2,2,23,21,1,519,43,2618,0.0122200000286102,72,0.0138900005817413,1.22646989281736,1.33975000626627,52.4205766821114,479.45116901177,55
"271",2020-11-26,8483,501,372,60,31.4,45,3,4,37,3,2,23,21,1,522,40,3059,0.0143799996376038,224,0.00446000009775162,1.37031553193196,1.35843410239897,43.397785521007,493.457263650613,45
"272",2020-11-27,8529,512,374,56,35.4,46,2,3,40,3,1,24,23,2,525,42,3154,0.0177600002288818,336,0.00298000007867813,1.63370546556817,1.46712874519267,44.2461348382971,502.810024695431,46
"273",2020-11-28,8574,515,375,60,40.1,45,2,3,40,2,1,25,24,1,527,42,2597,0.0119400000572205,191,0,1.11220158352229,1.3705745252785,44.4867801789984,508.706947432956,45
"274",2020-11-29,8619,527,377,23,39.7,45,0,4,38,5,1,28,27,2,532,38,898,0.0245000004768372,12,0,2.41769235474723,1.51128443980027,40.9906186987895,513.00147511216,45
"275",2020-11-30,8663,534,378,45,43.3,44,1,7,35,1,1,25,24,1,533,36,1135,0.0229099988937378,61,0,2.17415123280873,1.57746647027955,42.140070451464,521.244378363383,44
"276",2020-12-01,8716,555,378,34,45.1,53,2,11,39,3,1,27,26,0,536,41,1906,0.0141700005531311,113,0.0176999998092651,1.43675686145195,1.62447041754967,51.3528011186391,546.239137093773,53
"277",2020-12-02,8758,569,379,50,46.9,42,1,5,34,6,1,31,30,1,542,35,2859,0.0101400005817413,81,0.0123500001430511,1.0200888324757,1.59498740892943,39.6077376201661,562.622934453558,42
"278",2020-12-03,8797,569,380,40,44,39,0,6,32,3,1,33,32,1,545,32,3327,0.0102199995517731,202,0,0.963500666158941,1.53687099953329,37.6612552141989,562.976694277474,39
"279",2020-12-04,8840,573,382,54,43.7,43,1,5,33,2,1,31,30,2,547,34,2994,0.0110199999809265,165,0.0121200001239777,1.10774548791865,1.46173385986907,38.5862009129498,566.026268327065,43
"280",2020-12-05,8875,562,382,45,41.6,35,4,1,29,1,1,31,30,0,548,33,2277,0.0184500002861023,209,0,1.68988940673592,1.54426069175673,33.3873071040516,551.565654317486,35
"281",2020-12-06,8914,556,383,33,43,39,0,7,30,1,2,31,29,1,549,30,1397,0.0157500004768372,20,0,1.55276998349623,1.42070035300659,36.4882015064322,546.51466791921,39
"282",2020-12-07,8967,558,384,24,40,53,1,3,44,2,1,30,29,1,551,45,1068,0.0168499994277954,25,0.04,1.73795053878184,1.3583859681456,47.1407480079814,547.345275298969,53
"283",2020-12-08,9014,563,384,58,43.4,47,1,1,44,0,1,27,26,0,551,45,2367,0.01942999958992,69,0,1.88796424586785,1.4228441659193,45.0665804331469,551.321884085816,47
"284",2020-12-09,9069,574,386,39,41.9,55,2,3,48,1,3,24,21,2,552,50,2911,0.00962000012397766,167,0.00598999977111816,0.942305078709412,1.41173220109555,52.4823548401774,568.057433565237,55
"285",2020-12-10,9113,572,386,57,44.3,44,2,0,42,1,3,23,20,0,553,44,3091,0.0139100003242493,252,0.00397000014781952,1.3160709255012,1.46209938100158,43.3637869212785,563.72922997662,44
"286",2020-12-11,9152,556,386,49,43.6,39,6,2,30,1,2,23,21,0,554,36,3047,0.0118099999427795,32,0,1.16872587936503,1.47081086549392,37.5377405662318,548.860659856246,39
"287",2020-12-12,9182,542,387,56,45.1,30,2,5,23,0,2,20,18,1,554,25,2616,0.0156700003147125,24,0,1.5527545766397,1.45122017548018,29.5735054871556,532.753598961534,30
"288",2020-12-13,9223,541,388,29,44.6,41,5,2,34,0,2,19,17,1,554,39,1502,0.0119799995422363,47,0,1.16165005244926,1.39534589961632,40.5022508296913,534.095325611872,41
"289",2020-12-14,9265,537,388,19,43.9,42,3,4,35,2,2,20,18,0,556,38,917,0.0174500000476837,20,0,1.70775347318313,1.39103203310222,41.2870166381907,526.924419334432,42
"290",2020-12-15,9313,547,389,52,43,48,3,6,38,1,1,20,19,1,557,41,2079,0.0134700000286102,49,0,1.31598355542672,1.30932050589635,46.4072044423015,539.091239754608,48
"291",2020-12-16,9367,563,389,54,45.1,54,3,4,46,0,1,18,17,0,557,49,2312,0.0168700003623962,94,0,1.62109064164007,1.4062898720293,52.1272818661665,552.972646747995,54
"292",2020-12-17,9405,559,390,61,45.7,38,1,5,30,1,0,17,17,1,558,31,3207,0.0134099996089935,83,0.0241000008583069,1.36796865706023,1.41370383368059,35.5340831016709,550.598466252711,38
"293",2020-12-18,9446,547,390,23,42,41,3,4,34,0,0,16,16,0,558,37,3298,0.00727999985218048,170,0.00587999999523163,0.72113724082124,1.34976259960291,40.706849749696,542.666130083343,41
"294",2020-12-19,9485,544,390,46,40.6,39,1,7,28,3,0,19,19,0,561,29,2799,0.0117900002002716,140,0,1.12283805922287,1.28834595425765,35.6422449736745,537.289009161342,39
"295",2020-12-20,9529,539,390,24,39.9,44,5,2,34,0,0,16,16,0,561,39,1360,0.0161800003051758,51,0,1.55951810170369,1.34518424700828,40.3317704935599,529.764725539199,44
"296",2020-12-21,9603,559,390,28,41.1,74,7,8,59,1,0,15,15,0,562,66,1365,0.00658999979496002,32,0.03125,0.715486737302823,1.20343185616824,73.4811806744946,554.605757530947,74
"297",2020-12-22,9685,601,390,67,43.3,82,5,7,68,2,0,15,15,0,564,73,3021,0.0225099992752075,48,0,2.21579367254487,1.33197615861369,78.2228552645172,586.368986492806,82
"298",2020-12-23,9785,668,390,52,43,100,5,6,88,1,1,13,12,0,565,93,2652,0.0199800002574921,199,0.0150800001621246,1.96379799070964,1.38093435133791,96.9934481742967,653.587348176669,100
"299",2020-12-24,9858,695,390,55,42.1,73,11,5,55,2,1,13,12,0,567,66,3469,0.01557000041008,144,0,1.49494413015686,1.39907370463743,69.9159744481078,683.584882445984,73
"300",2020-12-25,9921,724,390,52,46.3,63,6,2,54,0,1,10,9,0,567,60,2537,0.0295600008964539,161,0,2.77960423551903,1.69314041816568,60.1676651718239,701.889826406675,63
"301",2020-12-26,10014,767,390,86,52,93,5,4,83,2,2,12,10,0,569,88,951,0.0199800002574921,50,0,1.89819982466283,1.80390638465711,90.1647500433649,751.004128218874,93
"302",2020-12-27,10125,832,391,35,53.6,111,8,6,95,2,4,12,8,1,571,103,1480,0.0270300006866455,32,0.0625,2.77806885028012,1.97798506302517,105.856229379873,806.605658680142,111
"303",2020-12-28,10259,928,391,65,58.9,134,15,7,110,1,2,13,11,0,572,125,1188,0.04125,39,0.0256399989128113,4.07538385962507,2.45797036621406,126.403079275973,886.448460544821,134
"304",2020-12-29,10379,1005,391,112,65.3,120,5,15,100,3,4,12,8,0,575,105,1880,0.0505299997329712,25,0.04,5.03918107600976,2.8613114238519,114.186738159386,949.358779525548,120
"305",2020-12-30,10516,1096,391,88,70.4,137,12,10,115,3,5,13,8,0,578,127,2458,0.0573600006103516,62,0,5.59487625000969,3.38003688946619,129.193347868761,1028.62920680442,137
"306",2020-12-31,10642,1184,391,147,83.6,126,0,9,117,2,5,13,8,0,580,117,2652,0.0331800007820129,144,0,3.14711595400209,3.6160614357298,121.954527738366,1143.06120377971,126
"307",2021-01-01,10759,1239,392,88,88.7,117,0,5,111,2,6,13,7,1,582,111,2759,0.0391400003433228,134,0.0149300003051758,3.80186246070242,3.76209832504171,111.36350280271,1187.24666641944,117
"308",2021-01-02,10871,1298,392,133,95.4,112,2,8,100,2,6,15,9,0,584,102,2369,0.0295499992370605,431,0,2.50014100687844,3.84808992250108,107.198211834506,1262.34587216852,112
"309",2021-01-03,10994,1324,393,107,105.7,123,0,5,118,3,5,18,13,1,587,118,1516,0.0600299978256226,126,0.0238100004196167,5.72506313986087,4.26908910672691,115.577795613408,1240.72035078095,123
"310",2021-01-04,11170,1436,393,115,112.9,176,4,30,141,5,8,21,13,0,592,145,1386,0.0533900022506714,155,0.00644999980926514,4.86685873393035,4.38215694591337,167.2466861531,1359.2154573507,176
"311",2021-01-05,11313,1511,395,106,112,143,2,19,122,6,8,23,15,2,598,124,2417,0.0575099992752075,97,0.0103100001811981,5.56888378145397,4.45782876097683,135.413168108146,1418.55078235007,143
"312",2021-01-06,11497,1606,395,133,118.4,184,11,42,130,7,7,28,21,0,605,141,2627,0.0513899993896484,211,0.0142200005054474,4.86264793880394,4.35322471651887,175.46709377015,1520.19966379334,184
"313",2021-01-07,11614,1641,395,187,124.1,117,2,7,107,6,9,32,23,0,611,109,2311,0.048899998664856,91,0.0109899997711182,4.74637747267502,4.58169064775786,110.315930317648,1555.42607019506,117
"314",2021-01-08,11746,1672,395,186,138.1,132,6,13,112,0,11,30,19,0,611,118,2661,0.0368300008773804,249,0,3.36785678126148,4.51968983640915,126.633773678188,1610.13279313501,132
"315",2021-01-09,11845,1682,397,154,141.1,99,6,2,91,4,11,30,19,2,615,97,3020,0.0324499988555908,375,0.00266999989748001,2.91606027998348,4.57910687542416,95.8923016800479,1628.11187036949,99
"316",2021-01-10,11938,1666,397,118,142.7,93,5,3,83,5,11,34,23,0,620,88,1824,0.0509899997711182,78,0,4.88989272252994,4.45979681580545,86.2722704478347,1576.4954837056,93
"317",2021-01-11,12102,1717,397,66,135.7,164,2,25,135,3,13,34,21,0,623,137,1608,0.0342000007629395,115,0,3.1917354165297,4.22049348474822,157.195833270628,1656.79011478589,164
"318",2021-01-12,12242,1745,398,159,143.3,140,1,22,115,4,13,35,22,1,627,116,2211,0.0705600023269653,74,0.0135099995136261,6.87124311198813,4.40654481768167,129.24282708365,1613.26494190491,140
"319",2021-01-13,12331,1733,402,172,148.9,89,0,9,76,2,11,34,23,4,629,76,2532,0.0375200009346008,173,0.0115600001811981,3.58597125315181,4.22416243401708,82.0057295978932,1664.72275517301,89
"320",2021-01-14,12423,1721,402,130,140.7,92,2,14,75,9,10,41,31,0,638,77,2581,0.0337100005149841,146,0,3.19052113418313,4.00189724280395,88.3008751581679,1660.67280710658,92
"321",2021-01-15,12518,1689,404,144,134.7,95,6,7,80,5,11,41,30,2,643,86,2923,0.0372900009155273,206,0.00485000014305115,3.51542897748658,4.02297898512182,89.6783994717424,1623.7653105555,95
"322",2021-01-16,12579,1640,405,119,129.7,61,0,0,59,2,9,39,30,1,645,59,2470,0.0323900008201599,289,0,2.89972098679938,4.02064480038124,57.1203419680853,1587.75187843491,61
"323",2021-01-17,12659,1579,407,74,123.4,80,2,3,72,2,9,39,30,2,647,74,2036,0.026029999256134,32,0,2.5627213967838,3.68819175384607,74.9164509155814,1534.5415675095,80
"324",2021-01-18,12780,1600,408,63,123,121,2,45,72,7,10,43,33,1,654,74,1021,0.0391799998283386,48,0,3.74207481990026,3.7668116686133,115.957610540649,1534.2186062843,121
"325",2021-01-19,12854,1542,415,81,111.9,74,3,24,47,8,9,45,36,7,662,50,2337,0.0410799980163574,89,0,3.95729412053699,3.35053324126313,71.8261030384173,1474.95701770479,74
"326",2021-01-20,12915,1500,415,166,111,61,1,8,50,2,7,37,30,0,664,51,3065,0.0225099992752075,163,0.00612999975681305,2.16828803404187,3.14800706710457,57.7850517757907,1464.26622869973,61
"327",2021-01-21,12986,1468,417,81,104,71,1,9,60,3,7,37,30,2,667,61,2636,0.0242799997329712,117,0,2.32481217929938,3.02433435926404,68.441925109874,1430.50403379172,71
"328",2021-01-22,13065,1438,418,95,97,79,1,3,74,5,6,37,31,1,672,75,2311,0.0307200002670288,111,0.00901000022888184,2.97250332958338,2.94677355242072,75.5506309009454,1391.03742980746,79
"329",2021-01-23,13113,1372,418,84,92,48,1,4,40,4,9,39,30,0,676,41,2122,0.0329900002479553,276,0,2.91929860409346,2.9495703548913,43.6849780630117,1327.99487566956,48
"330",2021-01-24,13159,1288,419,44,87.7,46,2,9,35,2,8,37,29,1,678,37,1247,0.0224499988555908,36,0,2.18200690357925,2.8951825701478,45.1129901026594,1257.12246627636,46
"331",2021-01-25,13222,1229,419,29,82.9,63,1,18,43,4,7,38,31,0,682,44,825,0.0206100010871887,48,0,1.94768051511234,2.63884052660667,61.0584551387961,1202.70094012683,63
"332",2021-01-26,13284,1166,420,74,81.9,62,1,19,40,8,5,40,35,1,690,41,2354,0.024210000038147,79,0,2.3423896461076,2.40813988740247,58.9448514224319,1135.99260386721,62
"333",2021-01-27,13362,1125,422,80,69.6,78,0,27,50,1,4,30,26,2,691,50,2800,0.0196399998664856,175,0.00570999979972839,1.88205880978528,2.36724999822296,75.9661112357358,1101.73750280405,78
"334",2021-01-28,13400,1064,422,66,67.4,38,1,3,33,3,5,30,25,0,694,34,2355,0.0212299990653992,209,0.0287100005149841,2.18397183723271,2.34712994935629,36.184175821751,1038.46950218656,38
"335",2021-01-29,13429,962,422,73,64.3,29,1,2,26,3,4,31,27,0,697,27,2847,0.0122899997234344,180,0.00555999994277954,1.18898015204223,2.09234092399327,28.647297132577,949.43332746441,29
"336",2021-01-30,13448,865,423,42,58.3,19,1,6,12,2,5,33,28,1,699,13,2155,0.0157799994945526,216,0,1.43424288953019,1.88019010762709,18.7951496646862,851.369573842578,19
"337",2021-01-31,13490,806,424,25,55.6,42,3,5,34,4,6,32,26,1,703,37,922,0.0195200002193451,24,0,1.90247782264653,1.84025738177955,41.2266217602747,789.152895642742,42
"338",2021-02-01,13530,715,424,26,55.1,40,6,7,25,4,5,29,24,0,707,31,548,0.0292000007629395,29,0,2.77324097367259,1.9581945901453,37.0554609375704,693.214663560092,40
"339",2021-02-02,13572,652,425,59,53,42,4,5,31,3,5,27,22,1,710,35,2439,0.0221399998664856,107,0.0280399990081787,2.23879574109322,1.94339546085754,39.1390991476382,635.96264697886,42
"340",2021-02-03,13635,637,425,54,49.3,63,4,22,36,2,4,26,22,0,712,40,2865,0.0129100000858307,212,0,1.20205233168362,1.84625167827158,61.4717323844191,628.587338221875,63
"341",2021-02-04,13717,639,425,51,47.1,82,3,43,33,2,5,25,20,0,714,36,2814,0.0127900004386902,90,0,1.23936161275738,1.71130736048939,78.5098024203429,630.298992961087,82
"342",2021-02-05,13775,638,427,72,47,58,1,8,48,2,5,21,16,2,716,49,2435,0.0160199999809265,149,0,1.50962461120573,1.75711371179847,56.1872898777901,627.41818249041,58
"343",2021-02-06,13800,607,427,61,49.7,25,1,4,19,3,6,21,15,0,719,20,2369,0.0143499994277954,205,0.0146300005912781,1.43722994427581,1.75754043390498,23.6841892754201,597.415144508999,25
"344",2021-02-07,13825,562,429,33,50.9,25,1,2,19,3,4,23,19,2,722,20,1004,0.0249000000953674,75,0,2.31692308579693,1.81674690006933,21.4908892891943,547.693989026359,25
"345",2021-02-08,13872,559,431,24,50.6,47,1,7,38,2,5,21,16,2,724,39,852,0.0140799999237061,29,0,1.36165266004513,1.61509142669397,45.4165527902684,550.637256660514,47
"346",2021-02-09,13927,578,431,43,48.3,55,6,7,39,0,2,19,17,0,724,45,2244,0.0178299999237061,149,0,1.67198160588368,1.5341179788069,51.1733633993514,567.382312107225,55
"347",2021-02-10,13984,595,432,40,46.3,57,0,6,50,3,4,20,16,1,727,50,2791,0.0125399994850159,100,0,1.21062395581734,1.53534249654028,55.334956751,587.0859853369,57
"348",2021-02-11,14044,621,433,51,46.3,60,1,11,46,1,3,16,13,1,728,47,2563,0.0152199995517731,58,0,1.48831968146488,1.57090793492707,57.2314631354761,610.845502279376,60
"349",2021-02-12,14095,624,435,52,43.4,51,0,8,41,3,2,16,14,2,731,41,2612,0.0157000005245209,173,0,1.47247401687786,1.56560070716595,48.3367120338,613.905080709541,51
"350",2021-02-13,14128,623,435,46,41.3,33,0,3,29,6,2,21,19,0,737,29,2099,0.0219199991226196,46,0.0217400002479553,2.19161390068926,1.67336984379644,31.3017150761,607.99891353139,33
"351",2021-02-14,14169,598,437,48,43.4,41,0,4,35,4,2,21,19,2,741,35,1175,0.0170200002193451,10,0,1.6876371525511,1.58347185333275,38.3510402773952,586.912059596638,41
"352",2021-02-15,14231,621,438,34,44.9,62,2,8,51,4,2,23,21,1,745,53,867,0.0265300011634827,26,0,2.57575711184093,1.75691534644643,59.5001376668073,603.426141341271,62
"353",2021-02-16,14282,616,438,61,47.4,51,3,13,32,3,2,24,22,0,748,35,1561,0.0333100008964539,23,0,3.28263329541442,1.98700844495083,46.7377044943664,593.783599100849,51
"354",2021-02-17,14339,631,439,49,48.7,57,5,6,44,2,2,25,23,1,750,49,2063,0.0184200000762939,222,0,1.66303983183345,2.0516392843817,54.1046984164562,619.470708179262,57
"355",2021-02-18,14411,647,439,68,51.1,72,3,12,53,3,3,26,23,0,753,56,2348,0.0212899994850159,116,0,2.02877105482213,2.12884662343274,66.7517784149505,632.578582758446,72
"356",2021-02-19,14465,651,440,58,52,54,2,16,33,1,3,26,23,1,754,35,2576,0.0151400005817413,96,0,1.45960484650321,2.12700817052207,50.4387272436687,640.560326732239,54
"357",2021-02-20,14514,630,440,66,54.9,49,0,3,45,4,3,26,23,0,758,45,2384,0.0255900001525879,68,0,2.48803264126303,2.16935370488975,46.7699034261867,612.778647966613,49
"358",2021-02-21,14556,619,440,53,55.6,42,0,7,33,2,4,24,20,0,760,33,1000,0.03,28,0,2.91828793774319,2.34516095991719,38.9419341403881,599.153249481826,42
"359",2021-02-22,14621,634,440,32,55.3,65,0,11,54,1,6,23,17,0,761,54,863,0.0150600004196167,66,0,1.39900757396439,2.17705388307769,64.1699878554975,624.25504259973,65
"360",2021-02-23,14676,640,440,47,53.3,55,0,7,47,3,6,25,19,0,764,47,2036,0.019650000333786,84,0,1.88714154149001,1.97769791823135,53.0255199462377,626.7304843743,55
"361",2021-02-24,14722,646,441,60,54.9,46,2,10,34,1,6,24,18,1,765,36,2874,0.0187899994850159,41,0,1.85257147581254,2.00477386737122,45.2672630455573,632.851442428612,46
"362",2021-02-25,14755,642,441,43,51.3,33,1,5,25,1,6,23,17,0,766,26,2376,0.0185199999809265,128,0.00781000018119812,1.79725239528254,1.97169977315127,30.4866033382423,629.323051659676,33
"363",2021-02-26,14820,645,441,57,51.1,65,5,12,43,1,6,21,15,0,767,48,2639,0.0181900000572205,181,0,1.70224858691506,2.00636316463868,59.1022925257744,632.937055815094,65
"364",2021-02-27,14866,650,442,71,51.9,46,0,4,34,3,6,23,17,1,770,34,2535,0.0209100008010864,47,0.0212800002098083,2.09167358794017,1.94974044273542,37.2186538961012,635.062500954876,46
"365",2021-02-28,14931,661,442,49,51.3,65,2,8,54,7,6,28,22,0,777,56,1552,0.0257699990272522,94,0,2.42983222905804,1.87996105578039,62.5050215355004,643.353914910103,65
"366",2021-03-01,15008,676,442,54,54.4,77,4,7,64,3,6,29,23,0,780,68,996,0.0291199994087219,45,0,2.78612098089213,2.07812011391293,72.9184851919897,655.307293967427,77
"367",2021-03-02,15071,685,443,61,56.4,63,1,6,54,3,4,29,25,1,783,55,2006,0.0259200000762939,41,0,2.54008403287961,2.17139761268287,59.4650953726579,665.883460550376,63
"368",2021-03-03,15130,695,443,65,57.1,59,0,5,51,6,5,32,27,0,789,51,2676,0.0209299993515015,109,0,2.01108360016581,2.19404220187619,54.8731375119922,679.643736683031,59
"369",2021-03-04,15187,691,443,61,59.7,57,3,3,50,1,5,31,26,0,790,53,2414,0.0202999997138977,225,0.00444000005722046,1.89477829944008,2.2079744738987,54.8966713561552,676.615092586854,57
"370",2021-03-05,15260,694,444,51,58.9,73,1,10,57,1,2,28,26,1,791,58,2440,0.0188499999046326,154,0,1.77309174122218,2.218094924514,66.8701265024851,680.480479184908,73
"371",2021-03-06,15316,707,446,46,55.3,56,3,3,47,0,2,26,24,2,791,50,1957,0.0209500002861023,25,0,2.06857470029779,2.21479508342224,51.8636507373948,690.932021426762,56
"372",2021-03-07,15356,698,447,54,56,40,1,0,38,2,5,25,20,1,793,39,1752,0.0194099998474121,16,0.0625,1.97999545999242,2.15053268784143,38.1516024164522,682.815858632914,40
"373",2021-03-08,15439,740,448,38,53.7,83,1,9,65,6,4,29,25,1,799,66,1170,0.0205100011825562,142,0,1.82901687374929,2.01380352967817,73.6737290136869,725.129688941338,83
"374",2021-03-09,15496,747,448,70,55,57,0,8,47,1,3,27,24,0,800,47,2105,0.0318300008773804,57,0,3.09908195406502,2.0936603755618,53.3996995016989,721.565436761044,57
"375",2021-03-10,15576,770,448,76,56.6,80,5,8,64,0,2,24,22,0,800,69,2655,0.0180799996852875,173,0,1.69739742448509,2.04884806475027,75.7132231145871,755.640315916407,80
"376",2021-03-11,15637,767,451,73,58.3,61,1,7,52,1,2,20,18,3,801,53,2321,0.0280100011825562,86,0,2.70092283941474,2.16401157046093,58.42725371384,744.239690538024,61
"377",2021-03-12,15719,772,451,93,64.3,82,5,4,67,2,2,17,15,0,803,72,2361,0.0228699994087219,133,0,2.16503883736938,2.22000401276768,74.287349249779,753.636578067075,82
"378",2021-03-13,15787,790,451,56,65.7,68,5,3,54,5,4,22,18,0,808,59,2353,0.0187000000476837,99,0,1.79449837325448,2.18085025176149,60.8367697113271,774.424543592346,68
"379",2021-03-14,15855,815,451,65,67.3,68,2,10,51,2,3,23,20,0,810,53,1535,0.0299699997901916,36,0,2.92832270387932,2.31632557231676,61.2948388639632,788.779125926981,68
"380",2021-03-15,15962,862,452,58,70.1,107,4,3,97,4,5,25,20,1,814,101,1000,0.0320000004768372,13,0,3.15893390689409,2.50631371990887,100.494640742389,832.082973464741,107
"381",2021-03-16,16048,880,453,85,72.3,86,7,4,72,5,6,27,21,1,819,79,1583,0.0341100001335144,9,0,3.39171672181867,2.54811868673083,80.0561391007565,847.207625426148,86
"382",2021-03-17,16136,907,454,77,72.4,88,3,5,76,3,5,27,22,1,822,79,2842,0.0267400002479553,175,0,2.51889561500461,2.66547557109076,81.8137094225511,881.899170205745,88
"383",2021-03-18,16229,945,455,63,71,93,6,3,80,2,5,24,19,1,824,86,2566,0.0284500002861023,161,0,2.67703339692477,2.66206279359219,86.4705688545168,917.205669389749,93
"384",2021-03-19,16354,993,457,117,74.4,125,7,6,104,2,4,24,20,2,826,111,2615,0.0382399988174438,97,0,3.6872270246171,2.87951824891329,112.503304514007,952.772805246924,125
"385",2021-03-20,16457,1047,458,83,78.3,103,5,6,87,4,4,27,23,1,830,92,1997,0.0435699987411499,151,0.00662000000476837,4.09724895189927,3.20848261729112,93.8585654571063,999.868674278155,103
"386",2021-03-21,16543,1076,459,87,81.4,86,5,1,78,4,4,29,25,1,834,83,1306,0.0421099996566772,87,0,3.94800140356213,3.35415100296009,80.3998051016125,1029.32759384741,86
"387",2021-03-22,16692,1152,460,55,81,149,6,7,133,4,7,30,23,1,838,139,1150,0.0547800016403198,131,0,4.91779874210521,3.60541740799025,138.489719232219,1089.75652198213,149
"388",2021-03-23,16816,1191,461,108,84.3,124,2,0,120,5,9,31,22,1,843,122,1966,0.0350999999046326,153,0,3.25656440832976,3.58610993463469,117.634940940282,1148.38700540882,124
"389",2021-03-24,16969,1281,461,85,85.4,153,7,2,137,4,9,33,24,0,847,144,3106,0.0457200002670288,47,0,4.50384779033909,3.86967453111105,138.874475816445,1217.61252445046,153
"390",2021-03-25,17118,1363,462,124,94.1,149,7,4,132,8,10,40,30,1,855,139,3005,0.0379399991035461,282,0,3.46850311244771,3.98274163332861,137.70303003753,1311.05920820973,149
"391",2021-03-26,17267,1447,463,104,92.3,149,10,2,130,4,11,42,31,1,859,140,2390,0.0673600006103516,117,0,6.42163547900839,4.37337141252737,132.122562132916,1344.90962433092,149
"392",2021-03-27,17383,1500,465,138,100.1,116,7,3,100,5,13,44,31,2,864,107,2476,0.0626000022888184,117,0,5.97753974805686,4.64198438340702,102.972888060756,1401.48908496387,116
"393",2021-03-28,17520,1559,466,139,107.6,137,3,5,124,5,13,45,32,1,869,127,2480,0.0826599979400635,157,0,7.77386404593695,5.18853618946057,121.152958955603,1425.84616544712,137
"394",2021-03-29,17729,1707,466,111,115.6,209,7,1,189,4,12,47,35,0,873,196,1644,0.0839400005340576,40,0,8.19461762933437,5.65665317335045,179.353629781697,1553.31452059876,209
"395",2021-03-30,17938,1838,467,170,124.4,209,9,6,186,6,12,48,36,1,879,195,1968,0.0406500005722046,64,0,3.93696855935525,5.75385376635409,192.565347800663,1758.49799619291,209
"396",2021-03-31,18145,1940,468,163,135.6,207,7,5,190,8,14,54,40,1,887,197,3023,0.0793900012969971,224,0,7.3913142568778,6.16634897585962,186.002264386752,1782.45884726041,207
"397",2021-04-01,18382,2075,469,144,138.4,237,12,4,204,4,15,53,38,1,891,216,2634,0.0721299982070923,100,0.01,6.98575037591372,6.66881287064048,203.421797684652,1915.74180646136,237
"398",2021-04-02,18580,2168,470,242,158.1,198,14,7,163,6,15,57,42,1,897,177,3130,0.0939299964904785,99,0,9.10501359601108,7.05215260164086,166.293835840401,1951.12449775136,198
"399",2021-04-03,18831,2346,470,222,170.1,251,16,3,223,11,14,61,47,0,908,239,2885,0.101909999847412,36,0,10.0654005326869,7.63613271373086,215.569852684671,2086.5643280261,251
"400",2021-04-04,19061,2505,471,152,172,230,9,2,215,12,15,64,49,1,920,224,1818,0.0929599952697754,139,0,8.63573180380438,7.7592566791405,204.747120204449,2267.32828621493,230
"401",2021-04-05,19346,2650,472,184,182.4,285,8,4,269,5,17,67,50,1,925,277,2045,0.105620002746582,162,0,9.78671978326961,7.98669984398839,251.215689956362,2365.05984976303,285
"402",2021-04-06,19620,2787,473,156,180.4,274,7,6,245,10,19,70,51,1,935,252,1749,0.128640003204346,83,0,12.2811880788428,9.17873120391518,223.99744556621,2410.94793965487,274
"403",2021-04-07,19928,2928,474,219,188.4,308,3,6,290,12,23,76,53,1,947,293,3364,0.098100004196167,44,0,9.68334548462165,9.50616423645002,267.828071692753,2616.49349459516,308
"404",2021-04-08,20222,3099,475,170,192.1,294,22,5,255,10,29,83,54,1,957,277,3366,0.0858600044250488,194,0.0103100001811981,8.1742953631985,9.6759563774907,257.12284474498,2820.68121250792,294
"405",2021-04-09,20520,3253,477,262,195,298,13,2,277,14,30,88,58,2,971,290,3418,0.110299997329712,158,0,10.542656344322,9.8813339129637,258.409329760213,2876.20534382749,298
"406",2021-04-10,20806,3417,480,380,217.6,286,12,2,261,14,26,92,66,3,985,273,3187,0.0875399971008301,97,0,8.49543150914572,9.65705262388639,249.518868368982,3098.06583595901,286
"407",2021-04-11,21075,3555,480,205,225.1,269,8,4,249,13,28,100,72,0,998,257,2714,0.145909996032715,29,0,14.43673821483,10.4857678254615,220.236372335225,2991.12958619349,269
"408",2021-04-12,21389,3649,481,264,236.6,314,16,3,291,16,27,100,73,1,1014,307,2125,0.0804699993133545,107,0,7.66123425362358,10.182127035512,284.159093860098,3341.85515796579,314
"409",2021-04-13,21625,3675,483,245,249.3,236,10,0,219,12,28,104,76,2,1026,229,2670,0.0767799997329712,178,0,7.19812497496605,9.45597516352965,210.889706594258,3384.36537875064,236
"410",2021-04-14,21898,3748,485,389,273.6,273,10,11,248,12,28,101,73,2,1038,258,3971,0.171490001678467,97,0.0103100001811981,16.7646722390061,10.4675932712989,221.479019327284,3057.65645131263,273
"411",2021-04-15,22120,3751,485,313,294,222,15,3,202,19,29,107,78,0,1057,217,3902,0.130959997177124,98,0.0101999998092651,12.8001377241611,11.1284278942935,189.482777948948,3223.48801883182,222
"412",2021-04-16,22356,3790,487,348,306.3,236,1,10,219,20,24,114,90,2,1077,220,2970,0.120539999008179,244,0.00409999996423721,11.1700123536268,11.2180501813371,203.001044962102,3324.88163821075,236
"413",2021-04-17,22537,3737,490,405,309.9,181,5,7,167,16,23,123,100,3,1093,172,2935,0.101870002746582,121,0.00825999975204468,9.81635857431989,11.4067540477905,160.449762157141,3333.96372779788,181
"414",2021-04-18,22699,3679,490,294,322.6,162,5,8,146,11,22,122,100,0,1104,151,1949,0.0646500015258789,188,0.0159599995613098,6.03665572725616,10.2067422638514,148.985160876467,3434.99607195048,162
"415",2021-04-19,22926,3617,491,258,321.7,227,5,4,218,22,22,115,93,1,1126,223,2084,0.112279996871948,88,0.0340899991989136,10.9112077997534,10.6710241990128,200.26696227467,3183.39732084072,227
"416",2021-04-20,23115,3505,492,188,313.6,189,8,2,179,17,27,118,91,1,1143,187,2775,0.100539999008179,221,0,9.31236639678558,10.9730586878442,169.867475287315,3146.39305284513,189
"417",2021-04-21,23310,3406,493,207,287.6,195,3,2,185,12,25,110,85,1,1155,188,2521,0.136850004196167,236,0.0211899995803833,12.6949474239937,10.3916694285567,163.778388581334,2930.9425080214,195
"418",2021-04-22,23486,3300,496,239,277,176,7,4,161,14,22,106,84,3,1169,168,2358,0.163269996643066,213,0.00939000010490417,15.0521478843522,10.7133851657268,144.2170485734,2754.26345412035,176
"419",2021-04-23,23694,3224,499,189,254.3,208,5,8,186,21,29,112,83,3,1190,191,2507,0.0805700016021729,86,0.0116299998760223,7.82835225630487,10.2360051518237,182.572391350394,2946.70884666843,208
"420",2021-04-24,23851,3104,500,227,228.9,157,2,2,151,18,31,118,87,1,1208,153,2464,0.0852299976348877,214,0.00467000007629395,7.87924175461875,9.95927417758068,141.755167264316,2835.29437378063,157
"421",2021-04-25,24000,2974,505,139,206.7,149,2,6,137,21,30,124,94,5,1229,139,1621,0.135719995498657,93,0.0215100002288818,12.9523070434428,10.9472243656073,125.219714634942,2550.78727571451,149
"422",2021-04-26,24163,2838,510,172,194.4,163,4,7,148,11,31,122,91,5,1240,152,1304,0.115030002593994,31,0,11.2358893919527,10.9936074502072,140.236162438224,2487.65940131368,163
"423",2021-04-27,24324,2745,511,189,194.6,161,3,5,149,10,31,119,88,1,1250,152,2425,0.0610300016403198,332,0.00903999984264374,5.47693267774876,10.4456883474877,147.853570063117,2579.82269620563,161
"424",2021-04-28,24490,2642,513,187,191.7,166,2,7,155,13,27,114,87,2,1263,157,2408,0.0689400005340576,38,0,6.78689784489006,9.60168126475859,152.29310869394,2444.99613483688,166
"425",2021-04-29,24616,2546,513,159,180.3,126,2,7,113,13,29,112,83,0,1276,115,2728,0.0652500009536743,111,0.00901000022888184,6.30511139933179,8.35210462404138,114.033616198168,2369.63118991771,126
"426",2021-04-30,24769,2456,516,178,178.7,153,4,3,139,13,27,109,82,3,1289,143,2122,0.0669199991226196,179,0,6.17141408684045,8.11539917126075,136.304028141214,2289.47337842533,153
"427",2021-05-01,24893,2401,520,138,166,124,3,5,113,7,29,110,81,4,1296,116,2051,0.089709997177124,70,0.0285700011253357,8.76921755252498,8.24253857096164,109.823921203636,2169.67443801664,124
"428",2021-05-02,24990,2339,520,128,164.4,97,0,4,91,8,27,108,81,0,1304,91,1279,0.0695900011062622,21,0,6.84658549345457,7.37029263524904,88.1548014563701,2163.05583084011,97
"429",2021-05-03,25097,2222,523,102,154.4,107,4,3,100,10,22,98,76,3,1314,104,976,0.174179992675781,140,0.0071399998664856,15.3225154868164,7.95409636308671,89.4921011176614,1847.93700657157,107
"430",2021-05-04,25202,2128,524,141,147.6,105,1,2,99,9,23,95,72,1,1323,100,2386,0.0389800000190735,57,0.0175399994850159,3.84797625935961,7.72138830331683,97.7723112593264,2038.03478359846,105
"431",2021-05-05,25284,2013,525,114,137.1,82,1,2,75,8,23,89,66,1,1331,76,1904,0.0777299976348877,65,0.0307699990272522,7.61797691384447,7.84011388459603,71.6390224051548,1844.51779081022,82
"432",2021-05-06,25390,1942,527,122,131.9,106,3,6,92,12,22,88,66,2,1343,95,2133,0.0534499979019165,246,0,4.79230119902429,7.62399814169496,95.9980616738048,1839.74985021609,106
"433",2021-05-07,25503,1845,530,109,122,113,5,4,103,19,23,95,72,3,1362,108,2302,0.0469199991226196,82,0.0122000002861023,4.57257709747193,7.39559285749946,106.574304538151,1752.31103586007,113
"434",2021-05-08,25592,1769,534,136,121.7,89,1,3,85,4,21,86,65,4,1366,86,1901,0.0489200019836426,86,0.0116299998760223,4.73060411475805,6.81864808067561,84.5302248382237,1677.05776440486,89
"435",2021-05-09,25675,1707,537,69,113.3,83,0,5,78,4,22,83,61,3,1370,78,1173,0.172210006713867,123,0.00813000023365021,15.6637598691439,8.0782444200598,69.5766399057242,1413.23492716758,83
"436",2021-05-10,25768,1640,538,82,110.4,93,3,2,87,9,22,85,63,1,1379,90,715,0.104899997711182,14,0,10.2885457288745,7.35910588321096,81.826576516146,1454.61761651644,93
"437",2021-05-11,25900,1608,540,124,108,132,1,6,123,5,21,79,58,2,1384,124,1899,0.0458099985122681,86,0.0232599997520447,4.48330212360065,7.44986672095968,123.892122574828,1528.7946217768,132
"438",2021-05-12,25997,1548,541,115,108.1,97,3,3,90,8,22,80,58,1,1392,93,2118,0.0495800018310547,174,0.00574999988079071,4.62525933060347,7.02233563763954,91.274044174564,1469.33570303468,97
"439",2021-05-13,26090,1520,541,78,101.9,93,1,1,90,7,20,77,57,0,1399,91,1684,0.0795699977874756,54,0.0185199999809265,7.76731624125886,7.44733778653019,84.2342572259693,1390.28649432388,93
"440",2021-05-14,26174,1442,541,128,104.6,84,2,5,75,7,21,70,49,0,1406,77,1738,0.0471799993515015,105,0,4.44920449663101,7.4297131292672,78.2360511408044,1371.51150318234,84
"441",2021-05-15,26249,1394,542,85,97.3,75,2,8,64,7,19,64,45,1,1413,66,1779,0.0522800016403198,61,0,5.05468059337657,7.47600976906985,70.3347105692179,1316.58464444682,75
"442",2021-05-16,26318,1366,543,47,94.1,69,2,3,63,7,19,67,48,1,1420,65,805,0.0409899997711182,20,0,3.99963028069698,5.80970554214886,65.1436999614459,1305.97375611285,69
"443",2021-05-17,26392,1331,545,88,95,74,7,5,59,10,19,71,52,2,1430,66,774,0.229969997406006,19,0,22.4459997468157,7.54648468756904,54.7237815297084,1002.76292751579,74
"444",2021-05-18,26471,1299,546,97,91.1,79,1,6,71,5,16,64,48,1,1435,72,1920,0.0265599989891052,56,0,2.58072864671468,7.27468847658533,75.9585184447393,1262.16827027384,79
"445",2021-05-19,26542,1284,550,91,87.7,71,2,5,64,4,14,57,43,4,1439,66,2042,0.0665999984741211,122,0.0163900005817413,6.37693054321293,7.52492722124382,66.3759103687982,1194.04043808389,71
"446",2021-05-20,26602,1239,553,73,87,60,5,8,45,11,15,63,48,3,1450,50,1487,0.0511100006103516,65,0.0307699990272522,5.0258131987348,7.13328392945467,55.2391235754978,1170.58548220084,60
"447",2021-05-21,26683,1203,554,77,79.7,81,4,11,63,3,13,58,45,1,1453,67,1682,0.0416200017929077,190,0,3.73957494741831,7.03190827956714,75.2472443307554,1153.57365567013,81
"448",2021-05-22,26742,1171,558,77,78.6,59,0,13,46,8,15,57,42,4,1461,46,1380,0.0623199987411499,101,0.00990000009536743,5.87451034925179,7.14902681612074,56.0310688502708,1095.42133964494,59
"449",2021-05-23,26797,1147,559,39,77.4,55,0,4,51,5,12,58,46,1,1466,51,826,0.0375300002098084,14,0.0714300012588501,3.80950002272924,7.12186535069678,52.8654379791449,1098.9932816094,55
"450",2021-05-24,26848,1101,561,65,74.1,51,2,10,39,5,11,56,45,2,1471,41,733,0.0832199954986572,30,0,7.99479117962199,5.05740698395482,47.3986809132504,1004.29140696314,51
"451",2021-05-25,26908,1033,563,56,68.3,60,2,11,46,3,11,53,42,2,1474,48,1035,0.0647300004959106,19,0.0526300001144409,6.45118790469088,5.61032973509428,55.597864939239,959.783218379873,60
"452",2021-05-26,26964,991,566,76,66.1,56,1,11,44,1,8,46,38,3,1475,45,1371,0.0320900011062622,61,0.0491800022125244,3.28179969634424,5.16816818554161,54.3774607714289,955.268080544134,56
"453",2021-05-27,27009,943,566,62,64.6,45,0,8,36,3,9,41,32,0,1478,36,1368,0.0548199987411499,113,0.00884999990463257,5.13124971418748,5.18323054489199,41.970466275041,889.837491593435,45
"454",2021-05-28,27044,893,569,65,62.9,35,0,1,30,1,7,33,26,3,1479,30,1589,0.0346099996566772,197,0.0152300000190735,3.24723401221823,5.11289612557769,29.9297001530301,861.140741221864,35
"455",2021-05-29,27079,854,571,45,58.3,35,0,3,31,4,9,35,26,2,1483,31,1074,0.024210000038147,104,0.00962000012397766,2.29219185516668,4.60113634070839,33.2193016162888,832.493018719698,35
"456",2021-05-30,27106,805,573,46,59.3,27,0,3,22,5,8,35,27,2,1488,22,718,0.0905300045013428,34,0,8.6436892595697,5.29173480311417,22.9107402007043,728.552084616681,27
"457",2021-05-31,27155,774,576,40,55.7,49,1,2,42,5,6,34,28,3,1493,43,783,0.0855700016021728,27,0.037039999961853,8.39523348808288,5.34894084718001,41.033825150864,702.608852715552,49
"458",2021-06-01,27197,738,577,38,53.1,42,1,5,36,2,5,30,25,1,1495,37,1565,0.0172500002384186,27,0.037039999961853,1.75856346558386,4.67856592730758,41.285124535346,723.741132623928,42
"459",2021-06-02,27230,701,577,50,49.4,33,0,1,31,1,6,29,23,0,1496,31,1688,0.042649998664856,43,0.0232599997520447,4.21683291366925,4.81214210121116,30.5637874802402,668.523065278981,33
"460",2021-06-03,27275,690,577,48,47.4,45,2,4,39,2,5,28,23,0,1498,41,1176,0.0136099994182587,186,0,1.175136513647,4.24698307256252,44.470650144444,681.091429260155,45
"461",2021-06-04,27305,643,579,44,44.4,30,0,0,27,3,6,28,22,2,1501,27,1195,0.0476999998092651,68,0.0147099995613098,4.59238161062873,4.43914701519259,25.6377012605405,610.557107797317,30
"462",2021-06-05,27324,611,582,39,43.6,19,1,0,18,2,4,29,25,3,1503,19,999,0.0160199999809265,90,0.0222199988365173,1.65323965805621,4.34786812989109,18.6548880187372,599.901925234127,19
"463",2021-06-06,27341,562,582,21,40,17,0,1,16,2,4,27,23,0,1505,16,608,0.106909999847412,22,0,10.3176634773375,4.58700730385793,15.1862728136287,498.292832578707,17
"464",2021-06-07,27368,530,583,17,36.7,27,1,3,23,1,4,26,22,1,1506,24,843,0.00949000000953674,30,0.0666699981689453,1.14549483998944,3.55133035413029,26.6979526705295,523.329788140859,27
"465",2021-06-08,27401,502,584,28,35.3,33,1,1,30,1,3,25,22,1,1507,31,1771,0.0299300003051758,100,0,2.83303209729911,3.70482587294676,31.0350966589564,486.374791057938,33
"466",2021-06-09,27428,476,585,33,32.9,27,1,0,24,2,4,23,19,1,1509,25,1194,0.0594600009918213,26,0,5.81928206428153,3.93374718017708,23.401619994268,445.566844690863,27
"467",2021-06-10,27457,463,585,20,28.9,29,0,0,28,2,5,20,15,0,1511,28,1216,0.0304299998283386,136,0,2.73689939284466,4.1568561629196,27.1580477032789,449.077717379219,29
"468",2021-06-11,27479,453,585,36,27.7,22,0,1,20,1,4,15,11,0,1512,20,1055,0.017059999704361,96,0,1.56370979045185,3.72418876003719,20.6563971381739,445.217395179639,22
"469",2021-06-12,27497,430,585,29,26.3,18,0,0,18,2,6,16,10,0,1514,18,880,0.011360000371933,44,0,1.08190479732695,3.64256949421873,17.78604020505,424.888738231749,18
"470",2021-06-13,27518,422,586,18,25.9,21,0,1,18,2,5,15,10,1,1516,18,583,0.132080001831055,17,0,12.8337735112508,4.00201378477776,16.4619656408894,362.497194469739,21
"471",2021-06-14,27537,384,589,22,26.6,19,2,1,16,2,4,14,10,3,1518,18,655,0.0564900016784668,29,0,5.40949577476546,4.61115677546005,17.9302066044891,361.177740895768,19
"472",2021-06-15,27564,370,589,22,25.7,27,1,0,24,0,4,14,10,0,1518,25,1518,0.0144900000095367,36,0,1.41543243336401,4.40864253775504,24.6112237083608,364.246110883741,27
"473",2021-06-16,27581,348,589,24,24.4,17,0,0,17,1,4,12,8,0,1519,17,1251,0.0223799991607666,42,0,2.16530386311825,3.88664565187457,16.5955746281449,339.721174740848,17
"474",2021-06-17,27592,305,590,12,23.3,11,0,1,10,0,5,11,6,1,1519,10,1101,0.0208899998664856,123,0.0243899989128113,2.12417154569252,3.79911310228141,10.7666218416722,297.881966171003,11
"475",2021-06-18,27606,275,590,26,21.9,14,1,0,13,1,4,12,8,0,1520,14,864,0.0196800005435944,63,0,1.83425247784957,3.83776205762394,13.7178644763981,269.458052214963,14
"476",2021-06-19,27615,242,590,18,20.3,9,0,0,9,0,3,10,7,0,1520,9,926,0.0194400000572205,37,0,1.86930841671715,3.9502482889654,8.81516079486506,237.029879150816,9
"477",2021-06-20,27627,229,590,7,18.7,12,2,0,10,0,3,10,7,0,1520,12,562,0.0266899991035461,15,0,2.59961516398491,2.48822566792741,11.6572630488934,222.459436516382,12
"478",2021-06-21,27638,219,591,13,17.4,11,0,0,11,2,2,9,7,1,1522,11,520,0.0230800008773804,7,0,2.27734354008307,2.04077534868707,10.7247724805578,213.520470294741,11
"479",2021-06-22,27649,196,591,13,16.1,11,0,0,10,0,2,6,4,0,1522,10,1297,0.0115699994564056,65,0,1.10178335498958,1.99596833749072,9.87894943288121,193.627408884472,11
"480",2021-06-23,27660,183,591,18,15.3,11,1,0,10,0,1,4,3,0,1522,11,1105,0.00814000010490418,18,0,0.800952815308915,1.80106104494653,10.903201140861,181.389618979778,11
"481",2021-06-24,27666,171,591,8,14.7,6,1,0,5,1,0,4,4,0,1523,6,904,0.00995999991893768,51,0,0.942810463530855,1.63229517606629,5.93784926549538,169.228704066618,6
"482",2021-06-25,27670,150,591,7,12,4,0,0,4,2,0,6,6,0,1525,4,1024,0.00194999992847443,64,0,0.183529405032887,1.39647759423534,3.99193440762684,149.697540286006,4
"483",2021-06-26,27674,135,591,9,10.7,4,0,0,4,1,0,6,6,0,1526,4,764,0.00523999989032745,19,0,0.511284791342296,1.20247421918179,3.97753049592884,134.241654237598,4
"484",2021-06-27,27678,120,591,8,10.9,4,0,0,4,0,0,5,5,0,1526,4,398,0.0200999999046326,13,0,1.94642334842914,1.10916110267382,3.91446026149748,117.433807844924,4
"485",2021-06-28,27687,112,591,1,9.1,9,0,0,9,0,0,4,4,0,1526,9,555,0.00180000007152557,5,0,0.178392864231552,0.809311006123604,8.98236032377995,111.780484029262,9
"486",2021-06-29,27690,106,591,8,8.4,3,0,0,3,0,0,3,3,0,1526,3,929,0.00646000027656555,14,0,0.636409359165366,0.742829006720144,2.97902372181488,105.258838170792,3
"487",2021-06-30,27692,91,591,8,7,2,0,1,1,0,0,2,2,0,1526,1,1222,0.00245000004768372,51,0,0.23518460787663,0.662004977086961,1.99741607730484,90.7648630347404,2
"488",2021-07-01,27695,87,591,7,6.9,3,0,0,3,0,0,1,1,0,1526,3,885,0.00225999996066093,74,0,0.208560997412401,0.557112196212896,2.99312575555767,86.8006469111724,3
"489",2021-07-02,27699,76,591,6,6.7,4,0,0,4,2,0,2,2,0,1528,4,781,0.00896000027656555,29,0,0.863921014320703,0.654310997539727,3.96203314262981,75.2786297099663,4
"490",2021-07-03,27705,70,591,6,6.3,6,0,0,6,0,0,1,1,0,1528,6,630,0.00476000010967255,16,0,0.464210537011409,0.647586104063886,5.96939891212918,69.6429873081737,6
"491",2021-07-04,27707,65,592,2,5.4,2,0,0,2,1,0,2,2,1,1529,2,435,0.00689999997615814,34,0,0.639978675827034,0.460951150835014,1.98593738391455,64.5429649772229,2
"492",2021-07-05,27713,64,592,2,5.6,6,0,0,6,0,0,2,2,0,1529,6,505,0.00197999998927116,26,0,0.188305083725412,0.462367182191279,5.98758679531339,63.8675924833428,6
"493",2021-07-06,27718,60,592,12,6.1,5,0,2,3,0,0,2,2,0,1529,3,1174,0.00680999994277954,29,0,0.664583535563024,0.466392064533802,4.97809509096864,59.5619018193728,5
"494",2021-07-07,27724,59,592,6,5.9,6,0,0,6,0,0,2,2,0,1529,6,1217,0.0312199997901916,22,0,3.06656495114312,0.870874970714729,5.79784986326319,57.0121903220881,6
"495",2021-07-08,27726,50,593,5,5.6,2,0,0,2,1,0,3,3,1,1530,2,932,0.00215000003576279,88,0,0.196450983659894,0.869144968750085,1.9956832706039,49.8920817650976,2
"496",2021-07-09,27728,48,593,3,5.1,2,0,0,2,0,0,2,2,0,1530,2,824,0.0060699999332428,56,0,0.568372721021826,0.826923783993103,1.9875108223585,47.7002597366041,2
"497",2021-07-10,27729,44,593,0,4.3,1,0,0,1,0,0,2,2,0,1530,1,930,0,22,0,0,0.760607992991473,1,44,1
"498",2021-07-11,27733,45,593,0,4,4,0,0,4,0,0,2,2,0,1530,4,422,0.00237000003457069,8,0,0.23259070106717,0.702409710882921,3.98977830400387,44.8850059200436,4
"499",2021-07-12,27736,43,593,1,3.9,3,0,1,2,0,0,1,1,0,1530,2,460,0.00216999992728233,16,0,0.209705875325604,0.705466966825805,2.99539201331707,42.9009282863171,3
"500",2021-07-13,27738,42,593,2,2.4,2,0,0,2,0,0,1,1,0,1530,2,1188,0.000839999988675117,14,0,0.0830216294963427,0.622386694530565,1.99817571843173,41.9616900870664,2
"501",2021-07-14,27743,44,593,0,1.6,5,0,0,5,0,0,0,0,0,1530,5,1098,0,15,0,0,0.184305987224405,5,44,5
"502",2021-07-15,27754,50,593,1,1,11,0,0,11,0,0,0,0,0,1530,11,947,0.00105999998748302,31,0,0.102640080587569,0.170904429642644,10.9875954706533,49.9436157756968,11
"503",2021-07-16,27758,51,593,8,1.7,4,0,0,4,0,0,0,0,0,1530,4,867,0.00345999985933304,34,0,0.332943382690538,0.137271667023889,3.98536809070109,50.8134431564389,4
"504",2021-07-17,27760,48,593,5,2.4,2,0,0,2,0,0,0,0,0,1530,2,761,0.00263000011444092,18,0,0.256922989356809,0.173974951217719,1.99435448476751,47.8645076344202,3
"505",2021-07-18,27767,52,593,4,3,7,0,0,7,0,0,0,0,0,1530,7,213,0,17,0,0,0.140747708208123,7,52,7
"506",2021-07-19,27773,54,593,2,3.1,6,0,0,6,0,0,0,0,0,1530,6,366,0,10,0,0,0.110789726018751,6,54,6
"507",2021-07-20,27776,54,593,10,4.3,3,0,0,3,0,0,0,0,0,1530,3,1141,0.00351000010967255,22,0,0.344360285910264,0.148123819792169,2.98864976284661,53.795695731239,4
"508",2021-07-21,27778,53,593,12,6,2,0,0,2,0,0,0,0,0,1530,2,1059,0.0113300001621246,8,0,1.12450517073008,0.308767415610752,1.97529060717274,52.3452010900775,3
"509",2021-07-22,27782,55,593,5,6.6,4,0,0,4,1,0,1,1,0,1531,4,1047,0.00573000013828278,28,0,0.558075362305309,0.373829598713286,3.97547418417744,54.6627700324399,5
"510",2021-07-23,27786,55,593,3,5.9,4,0,0,4,0,0,1,1,0,1531,4,925,0.00432000011205673,38,0,0.414953281791535,0.385545298584857,3.98176399022142,54.7492548655445,5
"511",2021-07-24,27788,56,593,2,5.4,2,0,0,2,0,0,1,1,0,1531,2,712,0.0028099998831749,16,0,0.274824164398424,0.388102609305088,1.99396113204874,55.8309116973648,4
"512",2021-07-25,27790,52,593,7,5.9,2,0,0,2,0,0,1,1,0,1531,2,412,0.00727999985218048,14,0,0.704075103074732,0.488684766887192,1.98452895659833,51.5977528715565,5
"513",2021-07-26,27793,50,593,5,6.3,3,0,0,3,0,0,1,1,0,1531,3,410,0,10,0,0,0.488684766887192,3,50,4
"514",2021-07-27,27793,49,593,4,5.4,0,0,0,0,0,0,1,1,0,1531,0,1083,0.00922999978065491,4,0,0.919603474006372,0.570862365186636,0,48.504929208098,4
