"","date","observed_cumulative_cases","observed_active_cases","observed_cumulative_deaths","observed_new_cases","observed_daily_average_cases","observed_new_episodes","observed_new_cases_community_outbreak","observed_new_cases_institution_outbreak","observed_new_cases_sporadic","observed_new_ICU_p_acute_care","observed_census_ICU","observed_census_ICU_p_acute_care","observed_census_acute_care","observed_new_deaths","cumulative_hosp","observed_new_community_cases","num_non_ltch_tests","non_ltch_pct_positivity","num_ltch_tests","ltch_pct_positivity","observed_pct_positivity","pct_positivity_7_day","adjusted_new_episodes","adjusted_active_cases","adjusted_episode_cases"
"1",2020-03-01,7,7,0,0,0,2,0,0,2,0,0,1,1,0,0,2,NA,NA,NA,NA,NA,NA,NA,NA,2
"2",2020-03-02,10,10,0,0,0,3,2,0,1,0,0,1,1,0,0,3,NA,NA,NA,NA,NA,NA,NA,NA,3
"3",2020-03-03,11,11,0,0,0,1,0,0,1,0,0,1,1,0,0,1,NA,NA,NA,NA,NA,NA,NA,NA,1
"4",2020-03-04,12,12,0,0,0,1,0,0,1,0,0,1,1,0,0,1,NA,NA,NA,NA,NA,NA,NA,NA,1
"5",2020-03-05,18,18,0,0,0,6,2,0,4,0,0,1,1,0,0,6,NA,NA,NA,NA,NA,NA,NA,NA,6
"6",2020-03-06,23,23,0,0,0,5,0,1,4,0,0,1,1,0,0,4,NA,NA,NA,NA,NA,NA,NA,NA,5
"7",2020-03-07,27,27,0,0,0,4,0,0,4,0,0,1,1,0,0,4,NA,NA,NA,NA,NA,NA,NA,NA,4
"8",2020-03-08,36,36,0,0,0,9,1,0,8,0,0,1,1,0,0,9,NA,NA,NA,NA,NA,NA,NA,NA,9
"9",2020-03-09,45,45,0,1,0.1,9,0,0,9,0,0,1,1,0,0,9,NA,NA,NA,NA,NA,NA,NA,NA,9
"10",2020-03-10,52,52,0,0,0.1,7,1,0,6,0,0,1,1,0,0,7,NA,NA,NA,NA,NA,NA,NA,NA,7
"11",2020-03-11,61,61,0,0,0.1,9,0,0,9,0,0,1,1,0,0,9,NA,NA,NA,NA,NA,NA,NA,NA,9
"12",2020-03-12,75,75,0,3,0.6,14,1,0,13,0,0,1,1,0,0,14,NA,NA,NA,NA,NA,NA,NA,NA,14
"13",2020-03-13,97,97,0,1,0.7,22,2,2,18,0,0,1,1,0,0,20,NA,NA,NA,NA,NA,NA,NA,NA,22
"14",2020-03-14,115,115,0,4,1.3,18,1,1,16,1,0,2,2,0,1,17,NA,NA,NA,NA,NA,NA,NA,NA,18
"15",2020-03-15,142,142,0,4,1.9,27,1,0,26,0,0,2,2,0,1,27,NA,NA,NA,NA,NA,NA,NA,NA,27
"16",2020-03-16,157,157,0,0,1.7,15,0,0,15,0,0,2,2,0,1,15,NA,NA,NA,NA,NA,NA,NA,NA,15
"17",2020-03-17,180,179,0,5,2.4,23,1,0,22,2,0,4,4,0,3,23,127,0,4,0,0,0,23,179,23
"18",2020-03-18,196,194,0,4,3,16,0,0,16,0,0,3,3,0,3,16,210,0.01904999971,1,0,1.89597153511848,0.947985767559242,15.6683373633456,189.978590530566,16
"19",2020-03-19,221,219,0,1,2.7,25,0,0,25,4,0,7,7,0,7,25,110,0.02726999998,9,0,2.52075630067227,1.47224261193025,24.3110057087172,212.964410008362,25
"20",2020-03-20,243,241,0,2,2.9,22,1,1,20,3,1,10,9,0,10,21,137,0.00730000019,4,0,0.709290798602837,1.2815046585984,21.8371497708002,239.131099750612,22
"21",2020-03-21,263,261,0,4,2.9,20,0,2,18,3,1,10,9,0,13,18,204,0.01470999956,3,0,1.44968111605797,1.31513995009031,19.7147079036271,256.863264602593,20
"22",2020-03-22,289,287,0,7,3.3,26,0,1,25,3,5,13,8,0,16,25,159,0.03144999981,2,0,3.10593165825466,1.61360523478437,25.1510606633885,277.2541764157,26
"23",2020-03-23,310,308,0,9,4.6,21,1,0,20,4,5,17,12,0,20,21,138,0.03622999907,3,0,3.54591480259574,1.88964945875742,20.1858726498876,296.059465531684,21
"24",2020-03-24,328,324,1,8,5,18,1,3,14,3,7,20,13,1,23,15,253,0.01975999951,4,0,1.94524508794942,2.16754161417877,17.6809855612653,317.109288123331,18
"25",2020-03-25,351,347,1,8,5.6,23,0,1,22,4,8,23,15,0,27,22,153,0.05881999969,2,0,5.80610319520645,2.72613185133419,21.6034638412187,324.97281604104,23
"26",2020-03-26,365,357,1,19,8.1,14,1,3,10,2,7,25,18,0,29,11,274,0.02555000067,3,0,2.52732858612996,2.72707074925672,13.6960520992319,347.135509038707,14
"27",2020-03-27,382,365,1,27,11.7,17,3,2,12,5,9,26,17,0,34,15,577,0.02946000099,4,0,2.92571782637349,3.04370318179539,16.5201909332358,353.324646042072,17
"28",2020-03-28,407,387,2,26,14.9,25,1,1,23,3,8,25,17,1,37,24,367,0.08173999786,3,0,8.10772411205946,3.99485218122417,22.8725715762628,352.695216667237,25
"29",2020-03-29,426,399,2,11,15.4,19,5,4,10,7,8,31,23,0,44,15,184,0.0434800005,0,0,4.34800005,4.17229052290208,18.2869408568813,380.032626793042,19
"30",2020-03-30,451,408,3,48,21,25,8,3,14,4,12,32,20,1,48,22,549,0.07831999779,0,0,7.831999779,4.78458837667411,23.1161769746065,373.063645710884,25
"31",2020-03-31,468,405,3,51,27.1,17,2,3,12,6,13,34,21,0,54,14,943,0.06468999863,0,0,6.468999863,5.4308390588242,16.0098296190522,376.355785408296,17
"32",2020-04-01,495,408,3,37,31.3,27,6,4,16,3,15,33,18,0,57,22,575,0.05738999844,4,0.25,5.87206374835924,5.44026199498888,24.5875984157458,381.806370619287,27
"33",2020-04-02,512,404,6,32,33.1,17,5,4,7,6,14,34,20,3,63,12,107,0.08411000252,9,0,7.75842264624138,6.18756114643337,14.9821133136221,369.731148225278,17
"34",2020-04-03,540,410,6,26,33,28,3,4,20,5,14,37,23,0,68,23,217,0.1106000042,2,0,10.9589958499543,7.3351722926592,24.2442275635081,360.87536091471,28
"35",2020-04-04,557,417,7,18,31.9,17,3,7,6,7,14,43,29,1,75,9,315,0.02539999962,3,0,2.51603769820755,6.53635994782321,15.7524263572437,405.529087885626,17
"36",2020-04-05,584,428,8,40,36,27,4,8,13,4,13,43,30,1,79,17,422,0.06635000229,5,0.2,6.79149905535831,6.88543123430297,23.737709483277,396.219979931915,27
"37",2020-04-06,603,428,9,40,34.9,19,3,7,9,4,12,44,32,1,83,12,238,0.1176500034,4,0.25,11.9837606649587,7.47853993229707,17.4277589672806,371.92340316634,19
"38",2020-04-07,626,426,9,25,31.1,23,2,11,10,4,14,45,31,0,87,12,285,0.1087699986,6,0,10.6527318216495,8.07621592638985,21.6023868008707,376.384731430908,23
"39",2020-04-08,646,429,11,26,29.6,20,1,10,8,5,16,44,28,2,92,9,368,0.0434800005,6,0.3333300018,4.81300005208556,7.92492111263647,18.5264093394428,406.425511846773,20
"40",2020-04-09,682,437,11,25,28.6,36,1,20,13,6,16,47,31,0,98,14,295,0.09491999626,5,0,9.33379963223333,8.14997496777818,32.571332179121,392.405154448277,36
"41",2020-04-10,716,454,11,37,30.1,34,0,20,13,4,16,49,33,0,102,13,331,0.09062999725,8,0,8.84912362529498,7.8485646499697,31.7422672541926,410.076102569496,34
"42",2020-04-11,760,484,11,31,32,44,0,34,8,6,19,54,35,0,108,8,225,0.1022200012,11,0.3636399841,11.4404830911441,9.1234854203892,40.9993571326556,423.461106525665,44
"43",2020-04-12,793,499,13,35,31.3,33,0,18,14,1,18,50,32,2,109,14,227,0.1013199997,12,0.5,12.1337405572803,9.88666277780663,30.1427622871595,432.802741520898,33
"44",2020-04-13,817,506,16,16,27.9,24,0,19,5,3,20,52,32,3,112,5,165,0.0606099987,26,0.03845999956,5.75948155709948,8.99748004811246,23.6851540220265,474.137587029081,24
"45",2020-04-14,850,506,18,32,28.9,33,0,26,7,5,20,51,31,2,117,7,208,0.06730999947,18,0.1666699982,7.52236276874336,8.55028446912587,32.42429888962,464.385034021105,33
"46",2020-04-15,879,504,24,60,33.7,29,3,17,9,4,16,51,35,6,121,12,390,0.1,24,0.2083300018,10.6280000104348,9.38099874889005,27.6056315559598,445.436525350313,29
"47",2020-04-16,949,553,24,21,33.1,70,1,55,13,7,13,53,40,0,128,14,310,0.03548000097,11,0,3.42641753915888,8.53708702130798,68.4755391510456,532.2837964663,70
"48",2020-04-17,981,557,26,73,38.3,32,0,26,6,0,13,49,36,2,128,6,378,0.08465999603,66,0.5,14.6399726349865,9.36435116554963,31.0396351221399,467.846127171987,32
"49",2020-04-18,1021,579,31,31,38.3,40,1,30,9,1,11,46,35,5,129,10,421,0.06176000118,8,0,6.06082995262937,8.59582928861896,39.3373612139049,540.633214285094,40
"50",2020-04-19,1038,582,35,38,38.7,17,0,13,4,5,15,47,32,4,134,4,452,0.04425000191,47,0.1276599979,5.21062540373146,7.60681283811198,16.7721260936663,548.844346628446,17
"51",2020-04-20,1099,618,39,16,38.7,61,1,47,13,3,13,45,32,4,137,14,325,0.05230999947,43,0.02325999975,4.89155701548913,7.48282361788192,60.2512791813218,584.949323861204,61
"52",2020-04-21,1135,631,47,51,41.4,36,0,26,10,2,11,43,32,8,139,10,543,0.06998000145,25,0.36,8.2744966174912,7.59027131056019,35.0953380251522,573.915829387104,36
"53",2020-04-22,1176,647,54,35,37.9,41,1,31,9,4,9,45,36,7,143,10,656,0.02438999891,122,0.1065600014,3.72752692233419,6.60448944083153,40.5924644092876,620.632447280907,41
"54",2020-04-23,1221,662,57,50,42,45,0,35,10,5,11,48,37,3,148,10,775,0.03612999916,105,0.02857000113,3.52279539405114,6.61825770581614,44.6148479858666,636.502936664367,45
"55",2020-04-24,1262,669,65,38,37,41,0,36,5,7,10,48,38,8,155,5,517,0.04061999798,94,0.1063799953,5.07369206446154,5.25164619574115,40.7226431712412,631.889656312074,41
"56",2020-04-25,1363,741,78,53,40.1,101,0,95,6,4,9,48,39,13,159,6,557,0.0502699995,28,0.03571000099,4.95731106824274,5.09400064082877,100.6748062611,700.838573245829,101
"57",2020-04-26,1417,760,87,88,47.3,54,0,41,13,5,9,50,41,9,164,13,358,0.05027999878,81,0.01235000014,4.32815252268337,4.96793308639333,53.3848363536173,724.036586826858,54
"58",2020-04-27,1478,784,95,87,57.4,61,0,54,7,8,11,56,45,8,172,7,269,0.06320000172,80,0.1,7.16355314116905,5.29250396149046,60.4517592910072,722.597040592805,61
"59",2020-04-28,1499,780,103,65,59.4,21,0,14,7,7,13,61,48,8,179,7,503,0.06163000107,11,0.2727300072,6.61477054813424,5.05540023729661,20.4937586943702,723.590254515536,21
"60",2020-04-29,1524,769,111,29,58.6,25,0,17,8,7,13,62,49,8,186,8,668,0.03144000053,74,0.1486499977,4.31294072558491,5.13903078061814,24.6227682572534,732.73859872848,25
"61",2020-04-30,1544,759,122,30,55.7,20,0,10,10,2,11,56,45,11,188,10,603,0.04145999908,6,0.3333300018,4.43355656092611,5.26913951874314,19.5152732281589,722.209238017259,20
"62",2020-05-01,1567,742,135,42,56.3,23,0,16,7,6,11,57,46,13,194,7,516,0.03101000071,55,0.09090999603,3.67797025359194,5.06975068861891,22.7185177551214,712.162882042864,23
"63",2020-05-02,1588,743,139,22,51.9,21,0,15,6,4,12,57,45,4,198,6,508,0.05118000031,28,0.03571000099,5.03718660171642,5.08116147911515,20.6695665206399,702.081320805902,21
"64",2020-05-03,1607,724,148,23,42.6,19,0,13,6,3,12,52,40,9,201,6,826,0.02058000088,231,0.00432999998,1.702867618,4.7061207784461,18.8882938996713,710.52079722701,19
"65",2020-05-04,1625,721,152,14,32.1,18,0,11,7,6,10,52,42,4,207,7,637,0.01098999977,24,0.125,1.51295459205598,3.89889241428708,17.8842106309709,709.073694989998,18
"66",2020-05-05,1650,721,156,29,27,25,0,24,1,3,9,50,41,4,210,1,923,0.02924999952,29,0.1724099922,3.36109656835714,3.4340818457475,24.9632526738514,694.505177846861,25
"67",2020-05-06,1666,694,161,23,26.1,16,0,11,5,4,10,52,42,5,214,5,598,0.01672000051,149,0.01342000008,1.60617674925033,3.0474012776997,15.9121972551865,681.812979019887,16
"68",2020-05-07,1689,672,167,32,26.4,23,0,16,7,6,10,54,44,6,220,7,813,0.03566999912,234,0.01281999946,3.05631224051576,2.85065208906965,22.7660944566721,649.545067840517,23
"69",2020-05-08,1702,639,173,16,22.7,13,0,8,5,4,8,54,46,6,224,5,715,0.00978999972,127,0.04723999977,1.54386339318171,2.54577968043962,12.915603657193,628.21414738926,13
"70",2020-05-09,1719,623,179,12,21.3,17,0,12,5,5,6,51,45,6,229,5,1100,0.01544999957,164,0.03049000025,1.74013920632911,2.07477290967001,16.9048741063245,611.147313648031,17
"71",2020-05-10,1731,554,185,25,21.6,12,0,8,4,3,5,52,47,6,232,4,907,0.01764000058,316,0.01266000032,1.63532629821586,2.06512414970084,11.9284830202076,544.094898298746,12
"72",2020-05-11,1751,535,188,14,21.6,20,0,14,6,1,5,51,46,3,233,6,517,0.00967000008,197,0.01523000002,1.12040616880952,2.00904580352278,19.9265026813718,528.446489088981,20
"73",2020-05-12,1774,518,193,13,19.3,23,0,17,6,4,6,51,45,5,237,6,835,0.01317000031,322,0.0031099999,1.03702422010804,1.67703546805862,22.9319724385207,512.126953858953,23
"74",2020-05-13,1795,500,195,21,19,21,0,15,6,2,7,47,40,2,239,6,1249,0.01440999985,224,0.01338999987,1.42548878367481,1.65122290154783,20.9064896229141,492.207468576175,21
"75",2020-05-14,1809,472,198,25,18,14,0,10,4,2,6,45,39,3,241,4,1046,0.02677000046,127,0.02361999989,2.64289518049361,1.59216332154467,13.8844194694214,458.361497391726,14
"76",2020-05-15,1829,458,201,17,18.1,20,0,12,8,1,5,44,39,3,242,8,1163,0.01203999996,137,0.01460000038,1.23097846196462,1.54746547422794,19.8923323597434,451.836027595307,20
"77",2020-05-16,1845,438,207,19,19.1,16,0,6,10,1,4,42,38,6,243,10,967,0.01343999982,25,0.04,1.4109354663246,1.50043636851301,15.8457405055131,431.243434141472,16
"78",2020-05-17,1857,398,212,15,17.7,12,0,9,3,1,2,42,40,5,244,3,353,0.02549999952,10,0.1,2.75523411310193,1.66042319921102,11.9096299515553,386.010906906339,12
"79",2020-05-18,1872,390,213,26,19.4,15,0,8,7,2,1,43,42,1,246,7,376,0.03989000082,17,0.05881999969,4.07088557329517,2.08192025699468,14.688447178523,372.642057089136,15
"80",2020-05-19,1884,353,219,23,20.9,12,0,8,4,0,1,40,39,6,246,4,359,0.03900000095,31,0.2258099937,5.3849000373718,2.70304537374665,11.7645046205291,332.217532761694,12
"81",2020-05-20,1899,339,223,17,20.3,15,0,9,6,3,1,41,40,4,249,6,675,0.02963000059,36,0.05556000233,3.09429120705063,2.94144571994319,14.7970181590353,327.531525985493,15
"82",2020-05-21,1907,325,229,11,18.3,8,0,1,7,0,1,38,37,6,249,7,478,0.02092000008,36,0,1.94547860666148,2.84181478082432,7.85110872361416,318.087190739229,8
"83",2020-05-22,1914,309,233,7,16.9,7,0,3,4,1,1,36,35,4,250,4,514,0.00583999991,14,0,0.568515142753788,2.7471771637942,6.97513738633056,307.079363094035,7
"84",2020-05-23,1923,305,236,6,15,9,1,3,5,1,0,35,35,3,251,6,582,0.00859000027,43,0,0.7999008251424,2.65988650076817,8.94752745258538,302.332645506423,9
"85",2020-05-24,1933,302,237,8,14,10,0,3,7,1,1,36,35,1,252,7,332,0.01506000042,25,0.04,1.6806498990028,2.50637447018258,9.87137658169901,296.450818239014,10
"86",2020-05-25,1948,298,240,6,11.1,15,1,7,7,0,1,35,34,3,252,8,401,0.01746000051,8,0,1.71184846076039,2.1693691683919,14.8502730226873,292.422670095101,15
"87",2020-05-26,1954,288,243,16,10.1,6,0,2,4,1,1,35,34,3,253,4,1123,0.00800999999,41,0.07316999912,1.03051545985309,1.54731422874637,5.95493293699335,284.755171463521,6
"88",2020-05-27,1959,261,243,8,8.9,5,0,1,4,1,1,33,32,0,254,4,1150,0.00957000017,13,0.07691999912,1.0322837647515,1.25274173698935,4.95485560452104,258.054328194998,5
"89",2020-05-28,1963,236,244,4,7.9,4,0,2,2,1,1,31,30,1,255,2,1403,0.00284999996,88,0,0.268179070682763,1.01312751756382,3.99413592345463,235.308038967647,4
"90",2020-05-29,1970,226,247,7,7.9,7,0,3,4,2,1,32,31,3,257,4,1380,0.0065200001,37,0,0.634975309668313,1.02262182712304,6.97223091413634,224.431046648703,7
"91",2020-05-30,1973,208,248,15,9.1,3,1,1,1,0,1,31,30,1,257,2,1020,0.01274999976,119,0,1.14179102328358,1.07146328400035,2.9750332867427,205.40346182124,3
"92",2020-05-31,1977,193,249,10,9.4,4,0,1,3,3,1,34,33,1,260,3,1309,0.00535000026,11,0.09090999603,0.606300022475,0.917984730210664,3.98011371805302,191.720649194744,4
"93",2020-06-01,1988,184,250,5,9.3,11,0,5,6,0,1,31,30,1,260,6,763,0.00130999997,20,0,0.127653892351213,0.691671220437924,10.9916260557453,183.743199042855,11
"94",2020-06-02,1991,165,251,8,8.1,3,0,1,2,0,1,26,25,1,260,2,858,0.01049000025,9,0,1.03811075138408,0.692756262085208,2.97730038778498,163.127281992261,3
"95",2020-06-03,2001,156,251,8,8.1,10,0,7,3,0,0,22,22,0,260,3,1110,0.00449999988,141,0,0.399280564892086,0.602327233533863,9.98690383375382,155.318999355199,10
"96",2020-06-04,2008,146,254,8,8.7,7,0,2,5,0,0,20,20,3,260,5,1430,0.00559000015,21,0,0.550909732219159,0.642717328039062,6.9698841446585,145.120617024028,7
"97",2020-06-05,2012,137,256,15,9.9,4,0,1,3,1,0,21,21,2,261,3,1366,0.00952000022,29,0,0.932209340539068,0.68517933244917,3.9694240852839,135.603699894631,4
"98",2020-06-06,2015,128,257,2,8,3,0,0,3,0,0,21,21,1,261,3,1404,0.00071000002,68,0,0.0677201106032609,0.531740630637696,2.99777882044695,127.905229672403,3
"99",2020-06-07,2016,118,258,4,7.1,1,0,0,1,0,0,20,20,1,261,1,870,0.00230000004,22,0,0.224327358161435,0.477173107164329,0.997547398467507,117.710593019166,1
"100",2020-06-08,2019,110,258,0,6.4,3,0,0,3,0,0,19,19,0,261,3,701,0.00143000007,12,0,0.140593274764376,0.47902159036621,2.99538862378662,109.830916205509,3
"101",2020-06-09,2029,107,259,3,5.7,10,0,3,7,0,0,18,18,1,261,7,1338,0.00224000007,10,0,0.222338285879822,0.362482666722744,9.98298401685799,106.739898543401,10
"102",2020-06-10,2039,105,259,7,5.6,10,0,4,6,0,0,17,17,0,261,6,1281,0.00233999997,12,0,0.231828303292343,0.338560915065638,9.98479233768212,104.733865909437,10
"103",2020-06-11,2046,104,260,5,5.1,7,0,2,5,0,0,16,16,1,261,5,1529,0.00326999992,6,0,0.325721816135505,0.306391212767973,6.98219419530529,103.62963926235,7
"104",2020-06-12,2050,107,260,10,4.4,4,0,2,2,0,0,16,16,0,261,2,1596,0.00814999998,13,0,0.80841516271473,0.288706330221639,3.98232297403923,106.054279111099,4
"105",2020-06-13,2053,105,260,6,5,3,0,3,0,0,0,16,16,0,261,0,1479,0.00270000011,23,0.0434800005,0.332446083501331,0.326524326349935,3,104.618358781748,3
"106",2020-06-14,2056,102,260,1,4.6,3,0,1,2,0,0,16,16,0,261,2,768,0,13,0,0,0.294477560898301,3,102,3
"107",2020-06-15,2061,100,260,2,4.9,5,0,2,3,0,0,14,14,0,261,3,720,0.00555999994,17,0,0.543175028059701,0.35198923994049,4.98218418051436,99.4061393504787,5
"108",2020-06-16,2065,99,260,3,4.9,4,0,1,3,1,0,14,14,0,262,3,1250,0.00079999998,14,0,0.0791139220727848,0.331528616539485,3.99740511017326,98.9143686357177,4
"109",2020-06-17,2068,89,260,8,5,3,0,0,3,1,1,6,5,0,263,3,1098,0.00911000013,26,0,0.889927058962633,0.425542724492384,2.97081091909822,88.1340572665804,3
"110",2020-06-18,2070,75,260,2,4.6,2,0,0,2,0,1,6,5,0,263,2,1304,0.00230000004,122,0,0.210322584302945,0.409057119944875,1.99540102913165,74.8275385924368,2
"111",2020-06-19,2073,73,260,5,3.9,3,0,0,3,0,1,5,4,0,263,3,1875,0.00107000001,19,0,0.105926611338437,0.308701612605405,2.9965256698323,72.9154579659192,3
"112",2020-06-20,2079,73,261,1,3.1,6,0,0,6,1,1,5,4,1,264,6,1792,0.00056000002,158,0,0.0514625659405128,0.268561110096716,5.99662411658231,72.9589267517515,6
"113",2020-06-21,2085,77,261,1,3.1,6,0,0,6,0,1,4,3,0,264,6,1102,0.00363000005,86,0,0.336722226860269,0.316664285362469,5.97791142044223,76.7165298956753,6
"114",2020-06-22,2087,76,262,6,3.7,2,0,1,1,0,1,1,0,1,264,1,509,0.00393000007,10,0,0.385427752529865,0.294128960286778,1.99578606593388,75.6797410109745,2
"115",2020-06-23,2096,81,262,4,3.9,9,0,0,9,0,1,1,0,0,264,9,1255,0.00158999994,20,0,0.156505876447059,0.305184953768817,8.98460009960409,80.8614008964368,9
"116",2020-06-24,2098,75,263,3,3.1,2,0,0,2,1,1,2,1,1,265,2,1733,0.00289000005,24,0,0.285052366912351,0.21877428347592,1.99376696736715,74.7662612762683,2
"117",2020-06-25,2104,73,263,6,3.7,6,0,0,6,0,1,2,1,0,265,6,1796,0.00277999997,21,0.04762000084,0.329823883531095,0.23584589765137,5.97836394360016,72.7367613138019,6
"118",2020-06-26,2108,67,263,6,3.9,4,0,0,4,0,1,2,1,0,265,4,2028,0.00196999997,23,0,0.194790830773281,0.248540786142062,3.99148130136269,66.8573117978251,4
"119",2020-06-27,2111,69,263,3,4.1,3,0,0,3,0,1,1,0,0,265,3,1574,0.00064000003,80,0,0.0609044768573156,0.249889630558748,2.99800236920053,68.9540544916121,3
"120",2020-06-28,2113,68,263,2,4.3,2,0,0,2,0,1,1,0,0,265,2,880,0.00114,12,0,0.112466367713004,0.217853079251996,1.9975407797955,67.9163865130468,2
"121",2020-06-29,2117,69,263,1,3.6,4,0,0,4,2,1,3,2,0,267,4,854,0.00351000011,8,0,0.347742470294664,0.21246946750411,3.98479233701056,68.7376678134321,4
"122",2020-06-30,2120,68,263,10,4.4,3,0,0,3,0,1,3,2,0,267,3,1605,0.0043599999,11,0,0.433032168285891,0.251973223481086,2.9857968011357,67.6780608257424,3
"123",2020-07-01,2122,67,263,4,4.6,2,0,0,2,0,2,3,1,0,267,2,1601,0.00312000006,15,0,0.309103966340347,0.255409166256514,1.99324104854834,66.7735751263694,2
"124",2020-07-02,2128,66,263,4,4.3,6,0,1,5,0,1,3,2,0,267,5,1012,0.00197999999,12,0,0.195679686511719,0.23624570953946,5.98930303679966,65.8588000857555,6
"125",2020-07-03,2136,74,263,4,4,8,0,0,8,0,1,3,2,0,267,8,1334,0.00300000012,14,0,0.296884284872404,0.250830488696478,7.97403298971578,73.7598051548709,8
"126",2020-07-04,2139,74,263,4,4.1,3,0,0,3,0,1,3,2,0,267,3,1257,0.00317999989,40,0,0.308192741845027,0.286157383694722,2.98989146044672,73.7506560243525,3
"127",2020-07-05,2141,71,263,5,4.6,2,0,0,2,0,1,2,1,0,267,2,734,0.00272000015,47,0,0.25563125609475,0.3066095106064,1.99441029738334,70.8015655571087,2
"128",2020-07-06,2147,71,263,0,4.4,6,0,1,5,0,1,2,1,0,267,5,602,0,10,0,0,0.25693201485002,6,71,6
"129",2020-07-07,2154,72,263,6,3.9,7,0,1,6,0,1,1,0,0,267,6,1272,0.00393000007,21,0,0.386617176259861,0.250301301703444,6.97463837081429,71.6956604497715,7
"130",2020-07-08,2167,78,263,5,4,13,0,1,12,0,1,1,0,0,267,12,1684,0.00296999991,39,0,0.29027741430296,0.247611794269531,12.9619162903534,77.752455887297,13
"131",2020-07-09,2175,82,263,5,4.1,8,0,0,8,1,0,2,2,0,268,8,1504,0.00266000003,41,0,0.258941103244013,0.256649139517002,7.97735169345917,81.7678548579565,8
"132",2020-07-10,2191,95,263,12,5.3,16,0,0,16,0,0,2,2,0,268,16,1900,0.00684000015,14,0.07143000126,0.731244529918495,0.318700603095015,15.8720832647856,94.2404943846643,16
"133",2020-07-11,2198,100,263,7,5.7,7,0,0,7,1,1,2,1,0,269,7,1571,0.00381999999,25,0,0.376016289742481,0.32838968136608,6.97122273916047,99.588896273721,7
"134",2020-07-12,2221,120,263,9,6.3,23,0,2,21,1,1,3,2,0,270,21,1068,0.00842999995,13,0,0.832862159722479,0.410851239027184,22.808778298168,118.90730456096,23
"135",2020-07-13,2244,138,263,6,7.1,23,0,2,21,0,0,3,3,0,270,21,808,0.00619000018,65,0,0.572911815056128,0.492695784035203,22.8684618204875,137.135606248918,23
"136",2020-07-14,2263,148,263,4,6.9,19,0,2,17,1,0,4,4,0,271,17,1406,0.00356000006,66,0,0.340038049209239,0.486041623027971,18.9367994015249,147.44978302504,19
"137",2020-07-15,2284,168,263,15,8.3,21,0,0,21,1,0,5,5,0,272,21,1404,0.00782999992,46,0,0.758159992253793,0.552881991306661,20.8259296063732,166.607436850986,21
"138",2020-07-16,2306,186,263,7,8.6,22,0,1,21,0,0,5,5,0,272,21,1695,0.00708000004,25,0.04,0.755848841151163,0.623868811007683,21.8264602370927,184.462933528535,22
"139",2020-07-17,2336,213,263,17,9.3,30,0,0,29,0,1,5,4,0,272,29,1787,0.00726999998,21,0,0.718555860855089,0.622056143998625,28.7721739988434,211.32665730185,30
"140",2020-07-18,2362,232,263,16,10.6,26,0,0,24,2,1,6,5,0,274,24,1551,0.00708999991,81,0,0.673810653211397,0.664598195922755,23.8231952745251,230.290887653743,26
"141",2020-07-19,2380,250,263,28,13.3,18,0,0,18,0,1,6,5,0,274,18,2025,0.02122999907,22,0,2.10018310291891,0.845644044950816,17.5866914222985,244.259603087479,18
"142",2020-07-20,2410,275,263,47,19.1,30,0,0,27,2,3,8,5,0,276,27,1548,0.01485999942,35,0.02857000113,1.51631264319078,0.980415591827195,26.5523925835059,270.441035572745,30
"143",2020-07-21,2434,294,263,23,21.9,24,0,0,23,0,3,8,5,0,276,23,1428,0.01610999942,15,0,1.59425358085655,1.15958923920538,22.5991055991757,288.875523745986,24
"144",2020-07-22,2461,314,263,13,21.6,27,0,1,23,2,3,9,6,0,278,23,1771,0.00902999997,16,0,0.894914938269166,1.17912566006472,23.7749627836662,310.927752785704,27
"145",2020-07-23,2480,322,263,29,24.7,19,0,1,17,1,3,10,7,0,279,17,1667,0.01019999981,32,0,1.0007886805927,1.21411706569923,17.8139900999089,318.476753657098,19
"146",2020-07-24,2503,337,263,34,27.1,23,0,1,18,0,3,7,4,0,279,18,2036,0.01228000045,83,0,1.1798999960453,1.2800233707264,18.7677998701552,332.652697569018,23
"147",2020-07-25,2515,336,263,26,28.6,12,0,1,10,0,3,7,4,0,279,10,2126,0.00800000012,320,0,0.69533933994767,1.28309889740301,10.9239776037691,333.445647486641,12
"148",2020-07-26,2522,338,263,21,27.6,7,0,0,6,2,4,9,5,0,281,6,1816,0.01210999966,73,0,1.1642011319513,1.14938718726478,5.92362978362275,333.697811144081,7
"149",2020-07-27,2537,340,264,22,24,15,0,1,13,1,4,9,5,1,282,13,1601,0.00874000013,24,0,0.861091705115692,1.0557841961112,13.8776123737755,336.79909285259,15
"150",2020-07-28,2557,330,264,14,22.7,20,0,2,17,1,4,10,6,0,283,17,1488,0.00739000022,24,0,0.727269862920635,0.93192937926321,18.8648272136122,327.376057676001,20
"151",2020-07-29,2573,324,264,20,23.7,16,2,2,12,2,4,11,7,0,285,14,2254,0.00620999992,52,0,0.606996522969644,0.890798177077563,15.9070907418285,321.849814310888,16
"152",2020-07-30,2593,334,264,19,22.3,20,1,0,18,1,4,12,8,0,286,19,1891,0.00898999989,134,0,0.839510607011852,0.867758452280299,18.8256088096193,330.934386442781,20
"153",2020-07-31,2603,321,264,18,20,10,0,1,9,1,3,13,10,0,287,9,2129,0.00797999978,207,0,0.727286795017979,0.80309942356211,9.92843627052988,318.447560315566,10
"154",2020-08-01,2621,309,264,15,18.4,18,0,0,18,1,2,13,11,0,288,18,1629,0.00551999986,83,0.01205000043,0.583658283155958,0.78714498687758,17.8851381222239,307.02820443151,18
"155",2020-08-02,2629,294,264,2,15.7,8,0,0,8,0,2,13,11,0,288,8,1340,0.00149000004,11,0,0.147786828541821,0.641942943533369,7.98707381194573,293.524962589006,8
"156",2020-08-03,2638,280,264,10,14,9,0,1,7,0,1,12,11,0,288,7,1046,0.01146999955,47,0,1.09767790752973,0.675740972449661,7.91599256648054,276.639702659222,9
"157",2020-08-04,2650,268,264,20,14.9,12,0,1,11,1,1,11,10,0,289,11,1699,0.00588999987,12,0,0.584869069499123,0.655398001960873,11.9296610156376,266.286286562807,12
"158",2020-08-05,2659,248,264,12,13.7,9,1,0,8,1,1,12,11,0,290,9,1599,0.005,70,0,0.479029358897543,0.637116978522002,8.95286436151018,246.701151294947,9
"159",2020-08-06,2669,224,264,13,12.9,10,0,0,10,1,2,10,8,0,291,10,1639,0.00305000007,10,0,0.30315040113584,0.560494091968286,9.96685615412692,223.257577852443,10
"160",2020-08-07,2681,225,264,6,11.1,12,0,3,9,1,2,10,8,0,292,9,1689,0,39,0,0,0.456595978394289,12,225,12
"161",2020-08-08,2687,208,264,14,11,6,1,1,4,0,1,10,9,0,292,5,1518,0.00725000024,95,0,0.682300084582765,0.470687664312404,5.96270160165075,206.448386628671,6
"162",2020-08-09,2689,199,264,16,13,2,0,1,1,2,2,12,10,0,294,1,1589,0.00441000015,102,0,0.414399186182732,0.508775143975391,1.99546931730741,198.098394144175,2
"163",2020-08-10,2701,200,264,8,12.7,12,2,0,10,0,1,12,11,0,294,12,1384,0.00578000009,27,0,0.566939767863926,0.432955409737419,11.9256188444482,198.760314074136,12
"164",2020-08-11,2714,204,264,8,11,13,2,1,10,0,1,12,11,0,294,12,1460,0.00342000008,41,0,0.33265823562958,0.396925290613198,12.9563560269141,203.25805245754,13
"165",2020-08-12,2721,187,264,12,11,7,3,0,4,0,2,10,8,0,294,7,1486,0.00268999994,7,0,0.267738775006028,0.366740921485839,6.97950942877905,186.452609025955,7
"166",2020-08-13,2743,190,264,11,10.7,22,0,0,22,0,2,9,7,0,294,22,1689,0.00532999992,56,0,0.515895121196562,0.397133024351656,21.875912265651,188.928333203349,22
"167",2020-08-14,2754,185,264,6,10.7,11,4,1,6,1,2,10,8,0,295,10,1882,0.00477999985,36,0,0.469028139608968,0.464137044295794,10.9487205152588,184.051329532288,11
"168",2020-08-15,2758,177,264,2,9,4,0,0,4,1,2,11,9,0,296,4,2044,0.00734000027,21,0,0.726535619945763,0.470456406490508,3.96822674881041,175.594033634861,4
"169",2020-08-16,2762,158,264,26,10.4,4,0,1,3,0,2,11,9,0,296,3,1196,0.00501999974,22,0,0.492932650988506,0.481675472891333,3.98383210075036,157.148490639519,4
"170",2020-08-17,2785,172,265,8,10.4,23,1,4,18,1,1,9,8,1,297,19,1358,0.00662999988,32,0,0.647736678923741,0.493217888757021,22.8654459282023,170.781931560569,23
"171",2020-08-18,2811,191,265,15,11.4,26,1,1,24,0,1,7,6,0,297,25,1888,0.00583000004,77,0.05195000172,0.763724692517048,0.554798811169516,25.7912523502904,189.405167956219,26
"172",2020-08-19,2835,200,265,23,13,24,4,3,15,2,1,7,6,0,299,19,1519,0.01184999943,25,0.04,1.23057960713536,0.692347501473707,21.7443722083388,197.309181140409,24
"173",2020-08-20,2852,208,266,24,14.9,17,1,0,16,3,0,6,6,1,302,17,1607,0.00995999992,103,0,0.936007010025731,0.75236348559216,16.8260306358418,205.871433662064,17
"174",2020-08-21,2873,215,266,16,16.3,21,3,2,16,0,0,6,6,0,302,19,1804,0.00721000016,116,0.00861999989,0.72951876436875,0.789576431986414,20.8484573694951,213.285175496918,21
"175",2020-08-22,2892,225,266,16,18.3,19,1,0,18,1,0,7,7,0,303,19,1864,0.00589999974,73,0,0.567764559388745,0.766894851906841,18.8820585034414,223.603324382859,19
"176",2020-08-23,2909,235,266,13,16.4,17,0,1,15,0,0,7,7,0,303,15,694,0.01728999972,5,0,1.716632304103,0.941709088066055,15.7184773813851,230.589478975034,17
"177",2020-08-24,2928,251,266,19,18,19,2,0,17,1,1,8,7,0,304,19,1142,0.00963,58,0,0.916455,0.980097419648377,18.8096251827607,248.485048466996,19
"178",2020-08-25,2942,253,266,23,19.1,14,0,1,13,4,2,11,9,0,308,13,1647,0.01457000017,73,0,1.39516222558081,1.07030278151463,13.8017045200035,249.140864889298,14
"179",2020-08-26,2960,261,266,15,18,18,1,4,13,0,2,11,9,0,308,14,1832,0.00490999997,41,0,0.480251999201281,0.963113123238332,17.9264907535831,259.629577620371,18
"180",2020-08-27,2973,264,266,16,16.9,13,1,3,9,1,2,9,7,0,309,10,1469,0.00612999976,9,0,0.609267229190798,0.916436011690485,12.9333879847622,262.241442797721,13
"181",2020-08-28,3001,274,266,20,17.4,28,0,3,21,1,1,9,8,0,310,21,2137,0.0060799998,35,0,0.59820255859116,0.897676553722258,23.862655170536,272.207976986994,28
"182",2020-08-29,3022,288,266,12,16.9,21,0,2,18,0,1,9,8,0,310,18,1790,0.00726000011,11,0.09090999603,0.777091069029983,0.927580340813863,19.8470712367703,285.553139788324,21
"183",2020-08-30,3042,302,267,16,17.3,20,0,6,12,2,1,10,9,1,312,12,1402,0.00428000003,33,0,0.418157494220209,0.742083939402035,17.9451387265707,300.619324618695,20
"184",2020-08-31,3063,312,267,13,16.4,21,1,3,17,1,1,11,10,0,313,18,1353,0.0051700002,54,0,0.497157801748401,0.682184339651807,20.9021611098345,310.304125903799,21
"185",2020-09-01,3088,316,267,18,15.7,25,1,2,22,0,1,11,10,0,313,23,1361,0.01542999983,22,0.09090999603,1.66306939127187,0.720456791893387,24.5818010289274,310.254309788741,25
"186",2020-09-02,3124,326,267,15,15.7,36,1,9,26,0,1,9,8,0,313,27,1528,0.00261999995,51,0,0.253537677238759,0.688069031613026,35.9251570280032,325.096340412187,36
"187",2020-09-03,3146,327,267,24,16.9,22,1,4,17,1,1,8,7,0,314,18,1493,0.00938000023,133,0.00751999974,0.922785996851783,0.732857426993167,21.8183989922823,323.700915026462,22
"188",2020-09-04,3168,331,267,24,17.4,22,0,3,19,3,1,11,10,0,317,19,2705,0.00813000023,258,0.00774999976,0.809691210267634,0.763070091518377,21.8318031805435,328.069834355784,22
"189",2020-09-05,3193,338,267,17,18.1,25,1,11,13,2,1,13,12,0,319,14,2256,0.00398999989,164,0,0.371960320323967,0.705194270274661,24.943066300839,336.625457834541,25
"190",2020-09-06,3214,340,267,27,19.7,21,1,3,16,1,1,14,13,0,320,17,1310,0.00611000001,192,0.03125,0.932363516185087,0.7786522734125,19.826707827679,336.53415655358,21
"191",2020-09-07,3255,365,267,29,22,41,2,6,33,0,1,12,11,0,320,35,1290,0.0147300005,44,0,1.42441534070465,0.911117636120536,40.4549335637645,359.315735736401,41
"192",2020-09-08,3307,402,267,24,22.9,52,0,14,36,3,1,14,13,0,323,36,1097,0.01276000023,4,0,1.27136423726703,0.855159756976987,49.4996000644752,396.412200719973,52
"193",2020-09-09,3352,433,267,15,22.9,45,2,10,31,0,1,13,12,0,323,33,1587,0.01449000001,29,0,1.42299690692265,1.02222536121754,42.4865919789389,426.263464450926,45
"194",2020-09-10,3429,495,267,33,24.1,77,1,21,52,2,2,14,12,0,325,53,1959,0.01276000023,61,0,1.23746734903812,1.0671798401013,73.2829418573757,488.302947535867,77
"195",2020-09-11,3459,509,267,60,29.3,30,0,1,25,0,1,12,11,0,325,25,2314,0.01555999994,93,0.0752699995,1.78670335748484,1.20675300398948,25.5116432266004,499.057056093585,30
"196",2020-09-12,3508,534,269,47,33.6,49,0,4,42,1,0,12,12,2,326,42,1900,0.01684000015,26,0,1.66126688914849,1.39093965667869,45.2371600077351,524.301034384061,49
"197",2020-09-13,3543,547,270,31,34.1,35,1,5,29,1,1,11,10,1,327,30,1199,0.01667999983,44,0,1.60895573581416,1.48759568805428,34.4722720399713,537.377760195477,35
"198",2020-09-14,3611,596,272,59,38.4,68,0,19,49,1,1,11,10,2,328,49,2394,0.01419999957,218,0.04127999783,1.64601219362634,1.5192523813288,67.11819231046,585.274339123146,68
"199",2020-09-15,3684,645,273,41,40.9,73,0,15,55,1,1,11,10,1,329,55,2961,0.01215999961,28,0,1.20460886066276,1.50971589895677,69.2756416073982,636.50525157767,73
"200",2020-09-16,3760,684,274,41,44.6,76,0,7,66,1,0,11,11,1,330,66,1887,0.01907999992,162,0.00616999984,1.80592971318302,1.56442058556539,71.6968646302602,670.494778895423,76
"201",2020-09-17,3810,709,278,57,48,50,2,4,38,2,2,11,9,4,332,40,2512,0.01911000013,208,0.00481000006,1.80164707128824,1.64501768874398,43.2120938963006,695.034364311928,50
"202",2020-09-18,3898,777,278,47,46.1,88,1,6,78,0,2,11,9,0,332,79,2409,0.01286999941,281,0.0213499999,1.37558284574684,1.58628618706712,83.8118846794572,765.314359442256,88
"203",2020-09-19,3968,828,280,47,46.1,70,2,4,60,0,2,10,8,2,332,62,2101,0.0214199996,161,0,1.98954107690539,1.63318249960382,64.6513807539192,809.989407487824,70
"204",2020-09-20,4011,860,280,76,52.6,43,1,4,34,2,2,11,9,0,334,35,2847,0.01861999989,112,0,1.79152212527307,1.65926341238366,38.3144565687024,843.155218545258,43
"205",2020-09-21,4120,940,280,55,52,109,2,22,82,1,3,12,9,0,335,84,2949,0.01899000049,73,0,1.85312744688981,1.68885130570702,104.298118458286,920.955135128439,109
"206",2020-09-22,4229,1019,280,85,58.3,109,0,27,81,3,3,15,12,0,338,81,2507,0.01355999947,64,0.03125,1.40003573206107,1.71676943019249,106.760150725166,1003.40238998696,109
"207",2020-09-23,4335,1078,281,67,62,106,0,26,75,2,3,16,13,1,340,75,1896,0.01687999964,7,0.5714300156,1.89198578174672,1.72906315427302,99.4485996494813,1055.70120562854,106
"208",2020-09-24,4436,1131,282,38,59.3,101,2,18,75,2,3,18,15,1,342,77,2730,0.01281999946,55,0,1.25668217327828,1.65121102598588,93.9420602551729,1115.46065128053,101
"209",2020-09-25,4555,1194,284,57,60.7,119,5,16,86,3,3,20,17,2,345,91,3291,0.01337000012,59,0.03390000105,1.37315732707075,1.65086452331787,105.633824652053,1176.07457840166,119
"210",2020-09-26,4640,1241,286,75,64.7,85,3,14,66,3,4,21,17,2,348,69,3437,0.02996999979,12,0,2.98657260882082,1.79329759930579,80.7469702732835,1200.47811752384,85
"211",2020-09-27,4722,1271,287,109,69.4,82,2,12,64,2,4,22,18,1,350,66,2684,0.03315999985,13,0,3.30001629949574,2.00879676705188,75.6187512010025,1225.14292085567,82
"212",2020-09-28,4837,1341,288,86,73.9,115,3,11,97,6,4,27,23,1,356,100,3135,0.02584000111,192,0.01042000055,2.49501183004058,2.10049453607342,108.272169614932,1304.41979453624,115
"213",2020-09-29,4944,1372,291,58,70,107,5,18,74,4,3,27,24,3,360,79,2165,0.02632999897,79,0.02532000065,2.62944419881462,2.27612431703821,94.7289023727045,1332.55764627026,107
"214",2020-09-30,5027,1401,291,107,75.7,83,1,10,67,5,5,30,25,0,365,68,3170,0.03059999943,281,0.01422999978,2.92670611797392,2.42394150792781,75.824130815397,1356.17069518193,83
"215",2020-10-01,5128,1437,293,105,85.3,101,2,11,78,3,5,29,24,2,368,80,3844,0.02263000011,120,0.00833000004,2.21971040432997,2.56151696950663,89.0585283278971,1402.12631508985,101
"216",2020-10-02,5224,1487,294,115,93.6,96,0,13,79,1,5,29,24,1,369,79,3362,0.02171000004,197,0,2.05082945025232,2.65832727281828,90.2286622014814,1453.65848979244,96
"217",2020-10-03,5297,1500,295,65,92.1,73,2,6,64,5,6,31,25,1,374,66,3113,0.03019999981,485,0.01031000018,2.75188853518149,2.62480097658409,70.0142730596885,1454.86984226565,73
"218",2020-10-04,5354,1481,295,77,87.6,57,1,7,47,3,6,32,26,0,377,48,3118,0.0291899991,102,0,2.82653469545963,2.55716074743607,53.5166613543606,1435.23282220433,57
"219",2020-10-05,5432,1482,295,82,87,78,3,13,59,3,6,33,27,0,380,62,3821,0.01779999971,238,0.00839999974,1.72488294727839,2.4471423356129,73.8307804413094,1454.0518808713,78
"220",2020-10-06,5507,1454,296,139,98.6,75,5,15,52,2,7,34,27,1,382,57,2158,0.0194599998,55,0,1.89763576901943,2.34259827421359,70.8174147250638,1423.83370193408,75
"221",2020-10-07,5608,1468,296,174,108.1,101,12,22,63,3,10,36,26,0,385,75,2268,0.03131000042,76,0,3.02948297579181,2.35728068247329,94.5158687787839,1419.3772715634,101
"222",2020-10-08,5688,1427,296,85,105.3,80,5,14,55,2,9,36,27,0,387,60,2434,0.02711999893,182,0,2.52332100136162,2.40065362490638,72.3447312876233,1387.63219245731,80
"223",2020-10-09,5771,1428,296,96,102.6,83,5,19,57,2,9,37,28,0,389,62,2508,0.02072999954,247,0.00810000002,1.95976547554483,2.38764448566246,79.6715642774084,1397.40312561515,83
"224",2020-10-10,5836,1413,297,68,103,65,5,7,51,6,9,43,34,1,395,56,2628,0.03006000042,21,0,2.98216991709173,2.42054182593535,61.1741497075943,1366.92988458626,65
"225",2020-10-11,5900,1378,297,139,111.9,64,6,6,48,5,10,46,36,0,400,54,2660,0.0233100009,238,0.01680999994,2.27761843960386,2.34212521795595,58.6553183341331,1343.68571600806,64
"226",2020-10-12,5962,1350,297,62,109,62,2,14,43,3,10,46,36,0,403,45,1994,0.01504999995,237,0.01266000032,1.47961093573017,2.30708635916335,58.2720445534626,1328.16133660388,62
"227",2020-10-13,6047,1372,298,74,99.7,85,4,10,68,1,7,45,38,1,404,72,2117,0.03023000002,18,0,2.99751335092927,2.46421172800761,79.6404000622763,1327.03651229782,85
"228",2020-10-14,6114,1377,300,84,86.9,67,1,16,49,2,7,45,38,2,406,50,3004,0.02963000059,110,0.03635999918,2.98677333597174,2.45811035089046,64.3672600343861,1332.03434134699,67
"229",2020-10-15,6200,1403,300,107,90,86,3,25,52,5,8,49,41,0,411,55,2119,0.02171000004,105,0.00952000022,2.11344829621673,2.39955710729833,78.7291360202579,1370.58141520767,86
"230",2020-10-16,6275,1424,301,78,87.4,75,2,10,59,4,8,47,39,1,415,61,3126,0.02142999887,280,0.00356999993,1.99617664263124,2.40475870259639,69.6687072771185,1392.92195348552,75
"231",2020-10-17,6322,1406,302,64,86.9,47,1,10,36,6,8,49,41,1,421,37,3037,0.02140000105,149,0,2.03991849305869,2.27015135630596,46.1747998606145,1374.64239470335,47
"232",2020-10-18,6379,1374,305,74,77.6,57,1,11,40,2,6,48,42,3,423,41,1144,0.02710000038,37,0.0540500021,2.79443272755461,2.34398196887035,50.7473715560371,1332.02167117061,57
"233",2020-10-19,6443,1353,307,69,78.6,64,1,6,57,3,6,47,41,2,426,58,1334,0.03747999907,27,0,3.67364575748567,2.65741551483542,61.6704608000889,1298.65747349173,64
"234",2020-10-20,6521,1357,309,46,74.6,78,3,14,57,4,5,45,40,2,430,60,1595,0.02507999897,48,0.02082999945,2.49558358677724,2.5857112628137,72.3629267033072,1319.9748589398,78
"235",2020-10-21,6609,1381,312,69,72.4,88,1,46,40,4,4,44,40,3,434,41,2258,0.03055999994,446,0.00897000015,2.69989274894305,2.5447283218096,85.7897499125217,1340.23523485835,88
"236",2020-10-22,6674,1367,312,88,69.7,65,1,24,36,1,3,43,40,0,435,37,2238,0.02680999994,87,0.01149000049,2.62367354444516,2.6176176429851,59.9386557443617,1327.78763250115,65
"237",2020-10-23,6753,1369,313,92,71.7,79,1,13,64,2,3,36,33,1,437,65,2768,0.02457000017,65,0.01537999988,2.4359145945203,2.68043735039782,76.2689079273564,1332.54053773155,79
"238",2020-10-24,6818,1362,317,63,71.6,65,2,17,41,2,3,36,33,4,439,43,2358,0.02119999886,191,0,1.96114544181561,2.66918405736309,59.078016790797,1332.79671788525,65
"239",2020-10-25,6888,1343,319,69,70.9,70,1,24,42,3,3,38,35,2,442,43,1751,0.03084000111,77,0,2.95409419822812,2.69199283888788,65.6112069043443,1299.62443889615,70
"240",2020-10-26,6960,1302,320,77,72,72,1,16,50,4,3,39,36,1,446,51,995,0.03920000076,121,0.01652999997,3.6742052645672,2.69207276847095,64.9513001073168,1249.69789685738,72
"241",2020-10-27,7038,1272,322,61,74.1,78,0,15,60,1,3,31,28,2,447,60,1354,0.02880000114,116,0,2.65273479888163,2.71452294162872,73.2598373681143,1235.10855220402,78
"242",2020-10-28,7150,1278,325,93,77.6,112,2,69,38,2,2,29,27,3,449,40,1900,0.04052999973,166,0.01807000041,3.87253724855082,2.88204358442984,107.306440931989,1223.89078777703,112
"243",2020-10-29,7214,1262,326,65,74.3,64,0,18,42,9,2,37,35,1,458,42,2190,0.02921999931,96,0,2.79929127248031,2.907131831292,58.7145886391918,1223.37644911095,64
"244",2020-10-30,7264,1231,328,122,78.6,50,1,9,36,4,2,40,38,2,462,37,2789,0.03585999966,105,0.05714000225,3.66320799198307,3.08245945950097,44.5181369962239,1181.69801736085,50
"245",2020-10-31,7303,1161,329,83,81.4,39,0,5,32,2,2,39,37,1,464,32,2352,0.02763999939,322,0,2.43116225001047,3.14960471781452,36.1494327134794,1130.14035563592,39
"246",2020-11-01,7353,1121,332,50,78.7,50,1,6,40,1,2,37,35,3,465,41,1714,0.02566999912,104,0,2.42015283232563,3.07332737982845,45.915145730074,1091.33849666861,50
"247",2020-11-02,7417,1074,332,56,75.7,64,3,8,47,6,2,42,40,0,471,50,1030,0.01748000026,14,0.07143000126,1.82034677063602,2.80849045212399,57.0048950524977,1052.62514572765,64
"248",2020-11-03,7488,1002,333,36,72.1,71,1,36,33,1,2,43,41,1,472,34,1456,0.02197999954,13,0,2.17854862697345,2.74074957042283,69.1901754679981,978.133994674532,71
"249",2020-11-04,7553,926,337,53,66.4,65,5,1,51,1,1,40,39,4,473,56,1466,0.02729000092,295,0.00338999987,2.32863096594946,2.5201915300512,55.574282603511,902.424744479486,65
"250",2020-11-05,7600,883,337,45,63.6,47,0,6,34,5,2,43,41,0,478,34,2536,0.02404999971,41,0,2.36673648678929,2.4583979892382,39.1202210297006,860.151622624282,47
"251",2020-11-06,7674,877,341,79,57.4,74,2,11,58,4,3,46,43,4,482,60,2342,0.0234800005,116,0.02585999966,2.35923194188609,2.2721156963672,69.4523717685794,854.378834017402,74
"252",2020-11-07,7709,844,346,75,56.3,35,3,4,25,3,4,46,42,5,485,28,2499,0.02760999918,142,0,2.61254782093222,2.29802792078459,31.2002264566761,819.89254033695,35
"253",2020-11-08,7746,782,346,47,55.9,37,1,5,29,1,4,47,43,0,486,30,1176,0.02040999889,92,0.01087000012,1.97178223230915,2.2339749779251,34.3532670962195,765.141828974789,37
"254",2020-11-09,7816,751,350,31,52.3,70,3,24,41,7,4,46,42,4,493,44,711,0.02109999895,20,0.1,2.32586857092339,2.30619237796615,66.8811223463788,731.902792775693,70
"255",2020-11-10,7883,760,350,52,54.6,67,0,11,54,3,5,47,42,0,496,54,1374,0.0334800005,17,0,3.30708272372394,2.46741153464479,63.0475335864992,732.520843069248,67
"256",2020-11-11,7939,759,353,77,58,56,0,6,48,2,5,46,41,3,498,48,2375,0.02611000061,241,0.02904999971,2.63808491509404,2.51161924166545,52.6155580147934,737.108511108921,56
"257",2020-11-12,7981,749,355,59,60,42,1,8,31,3,3,43,40,2,501,32,2318,0.02157000065,214,0.00467000008,2.01416435718088,2.46125179457853,39.2953237440707,732.506171384656,42
"258",2020-11-13,8019,725,357,80,60.1,38,1,7,26,0,3,36,33,2,501,27,2719,0.02170000076,200,0,2.02131901563686,2.41297851940007,33.4033173919887,708.977967007104,38
"259",2020-11-14,8040,702,357,50,56.6,21,3,2,14,3,3,37,34,0,504,17,1710,0.01578999996,245,0.01633000016,1.5857672619335,2.26629558240025,18.7052640425696,689.829138699052,21
"260",2020-11-15,8070,658,360,29,54,30,1,1,25,0,2,35,33,3,504,26,984,0.01524000049,306,0.00653999984,1.31762794055814,2.17284496929297,26.6254490551147,648.520979933286,30
"261",2020-11-16,8114,620,363,11,51.1,44,0,3,39,3,2,33,31,3,507,39,735,0.01223999977,53,0,1.14167510545051,2.00367447422541,41.5131985179548,612.26110464441,44
"262",2020-11-17,8155,598,363,39,49.3,41,1,10,29,1,2,32,30,0,508,30,1828,0.02078999996,38,0,2.03666237550268,1.82218585305094,39.3319867931933,584.684270077653,41
"263",2020-11-18,8196,590,363,66,47.7,41,3,6,30,1,2,32,30,0,509,33,2684,0.02049000025,20,0.05,2.07082694789201,1.74114900059351,38.2528591171879,576.642026640631,41
"264",2020-11-19,8216,573,364,53,46.9,20,2,1,17,0,2,30,28,1,509,19,2476,0.01212000012,187,0.01603999972,1.23952685860909,1.63048650079754,19.7425135994992,565.234752237529,20
"265",2020-11-20,8241,530,364,28,39.4,25,1,2,20,1,2,30,28,0,510,21,2643,0.00757000029,222,0.02252000093,0.872842965896335,1.46641849369175,22.7995988706866,524.942257212565,25
"266",2020-11-21,8270,498,365,27,36.1,29,4,4,19,2,2,31,29,1,512,23,1495,0.01873000026,71,0,1.78808112316092,1.4953204738671,26.5503653125812,488.264431550671,29
"267",2020-11-22,8297,485,368,26,35.7,27,3,4,19,3,4,31,27,3,515,22,1220,0.01475000024,36,0,1.43272295324841,1.51176261853714,25.655388589824,477.40288482112,27
"268",2020-11-23,8337,468,370,20,37,40,2,10,25,1,3,27,24,2,516,27,922,0.01735000014,13,0,1.71087701915294,1.59307717763748,36.4949582159582,459.245942409943,40
"269",2020-11-24,8381,478,370,21,34.4,44,2,7,34,1,3,23,20,0,517,36,1403,0.00855000019,41,0.09755999565,1.10772923048615,1.46037244263512,42.5640056411326,472.210963790594,44
"270",2020-11-25,8436,486,371,38,30.4,55,4,10,39,2,2,23,21,1,519,43,2618,0.01222000003,72,0.01389000058,1.22646989294796,1.33975000621454,52.4234060239591,479.483147154514,55
"271",2020-11-26,8481,501,372,60,31.4,45,3,4,37,3,2,23,21,1,522,40,3059,0.01437999964,224,0.0044600001,1.37031553217058,1.35843410243761,43.4007261527535,493.494095063237,45
"272",2020-11-27,8527,512,374,56,35.4,46,2,3,40,3,1,24,23,2,525,42,3154,0.01776000023,336,0.00298000008,1.63370546568195,1.46712874526413,44.2498159850506,502.854899627284,46
"273",2020-11-28,8572,515,375,60,40.1,45,2,3,40,2,1,25,24,1,527,42,2597,0.01194000006,191,0,1.11220158378121,1.37057452535274,44.4892862470741,508.737676601027,45
"274",2020-11-29,8617,527,377,23,39.7,45,0,4,38,5,1,28,27,2,532,38,898,0.02450000048,12,0,2.41769235505934,1.51128443989716,40.9955475386454,513.069830338583,45
"275",2020-11-30,8661,534,378,45,43.3,44,1,7,35,1,1,25,24,1,533,36,1135,0.02290999889,61,0,2.17415123245401,1.57746647036874,42.1442695140774,521.306664458815,44
"276",2020-12-01,8714,555,378,34,45.1,53,2,11,39,3,1,27,26,0,536,41,1906,0.01417000055,113,0.01769999981,1.43675686116048,1.62447041760793,51.355961410843,546.281916658972,53
"277",2020-12-02,8756,569,379,50,46.9,42,1,5,34,6,1,31,30,1,542,35,2859,0.01014000058,81,0.01235000014,1.02008883229796,1.59498740894365,39.6096530495177,562.654073862159,42
"278",2020-12-03,8795,569,380,40,44,39,0,6,32,3,1,33,32,1,545,32,3327,0.01021999955,202,0,0.963500665991783,1.53687099948953,37.6629093154807,563.006106265892,39
"279",2020-12-04,8838,573,382,54,43.7,43,1,5,33,2,1,31,30,2,547,34,2994,0.01101999998,165,0.01212000012,1.10774548781007,1.46173385979355,38.5882215066784,566.060321274315,43
"280",2020-12-05,8873,562,382,45,41.6,35,4,1,29,1,1,31,30,0,548,33,2277,0.01845000029,209,0,1.68988940709292,1.54426069169522,33.3902989022064,551.616605546667,35
"281",2020-12-06,8912,556,383,33,43,39,0,7,30,1,2,31,29,1,549,30,1397,0.01575000048,20,0,1.55276998380804,1.42070035294504,36.4907006341388,546.56098508604,39
"282",2020-12-07,8965,558,384,24,40,53,1,3,44,2,1,30,29,1,551,45,1068,0.01684999943,25,0.04,1.73795053899726,1.3583859681655,47.1449437618198,547.397302646566,53
"283",2020-12-08,9012,563,384,58,43.4,47,1,1,44,0,1,27,26,0,551,45,2367,0.01942999959,69,0,1.88796424587562,1.42284416598195,45.07113834964,551.378908685496,47
"284",2020-12-09,9067,574,386,39,41.9,55,2,3,48,1,3,24,21,2,552,50,2911,0.00962000012,167,0.00598999977,0.94230507832716,1.41173220112898,52.4848825176467,568.086451302584,55
"285",2020-12-10,9111,572,386,57,44.3,44,2,0,42,1,3,23,20,0,553,44,3091,0.01391000032,252,0.00397000015,1.31607092512474,1.46209938100511,43.3668935695201,563.769616403762,44
"286",2020-12-11,9150,556,386,49,43.6,39,6,2,30,1,2,23,21,0,554,36,3047,0.01180999994,32,0,1.16872587908996,1.47081086547367,37.539997793394,548.895521475752,39
"287",2020-12-12,9180,542,387,56,45.1,30,2,5,23,0,2,20,18,1,554,25,2616,0.01567000031,24,0,1.55275457617273,1.45122017534222,29.5755880731267,532.798749425387,30
"288",2020-12-13,9221,541,388,29,44.6,41,5,2,34,0,2,19,17,1,554,39,1502,0.01197999954,47,0,1.16165005223241,1.39534589940284,40.5046813543145,534.129041350875,41
"289",2020-12-14,9263,537,388,19,43.9,42,3,4,35,2,2,20,18,0,556,38,917,0.01745000005,20,0,1.70775347340982,1.39103203289035,41.2904981578141,526.973618703847,42
"290",2020-12-15,9311,547,389,52,43,48,3,6,38,1,1,20,19,1,557,41,2079,0.01347000003,49,0,1.3159835555625,1.30932050570276,46.4100990812087,539.129858473686,48
"291",2020-12-16,9365,563,389,54,45.1,54,3,4,46,0,1,18,17,0,557,49,2312,0.01687000036,94,0,1.62109064140981,1.40628987185742,52.1315433758196,553.021610624212,54
"292",2020-12-17,9403,559,390,61,45.7,38,1,5,30,1,0,17,17,1,558,31,3207,0.01340999961,83,0.02410000086,1.36796865716261,1.41370383357712,35.5363581882023,550.639491200164,38
"293",2020-12-18,9444,547,390,23,42,41,3,4,34,0,0,16,16,0,558,37,3298,0.00727999985,170,0.00588,0.721137240637255,1.34976259951245,40.7082812114725,542.687292504742,41
"294",2020-12-19,9483,544,390,46,40.6,39,1,7,28,3,0,19,19,0,561,29,2799,0.0117900002,140,0,1.12283805919701,1.2883459542302,35.6439919024961,537.321779136478,39
"295",2020-12-20,9527,539,390,24,39.9,44,5,2,34,0,0,16,16,0,561,39,1360,0.01618000031,51,0,1.55951810216868,1.34518424707824,40.3350334786249,529.809821666123,44
"296",2020-12-21,9601,559,390,28,41.1,74,7,8,59,1,0,15,15,0,562,66,1365,0.00658999979,32,0.03125,0.715486736818182,1.20343185613658,73.4837140855919,554.62721475524,74
"297",2020-12-22,9683,601,390,67,43.3,82,5,7,68,2,0,15,15,0,564,73,3021,0.02250999928,48,0,2.21579367301662,1.33197615863002,78.231533116625,586.440430179338,82
"298",2020-12-23,9783,668,390,52,43,100,5,6,88,1,1,13,12,0,565,93,2652,0.01998000026,199,0.01508000016,1.9637979909281,1.38093435141835,97.0032462284469,653.657725597877,100
"299",2020-12-24,9856,695,390,55,42.1,73,11,5,55,2,1,13,12,0,567,66,3469,0.01557000041,144,0,1.49494413014918,1.39907370470214,69.9212677782743,683.640622816676,73
"300",2020-12-25,9919,724,390,52,46.3,63,6,2,54,0,1,10,9,0,567,60,2537,0.0295600009,161,0,2.77960423585248,1.69314041830432,60.1766125190122,701.997791062747,63
"301",2020-12-26,10012,767,390,86,52,93,5,4,83,2,2,12,10,0,569,88,951,0.01998000026,50,0,1.8981998249011,1.80390638483348,90.1737116252048,751.082236551501,93
"302",2020-12-27,10123,832,391,35,53.6,111,8,6,95,2,4,12,8,1,571,103,1480,0.02703000069,32,0.0625,2.77806885060847,1.97798506318202,105.871580508279,806.729660028037,111
"303",2020-12-28,10257,928,391,65,58.9,134,15,7,110,1,2,13,11,0,572,125,1188,0.04125,39,0.02563999891,4.07538385961614,2.45797036643887,126.430409212281,886.651357991975,134
"304",2020-12-29,10377,1005,391,112,65.3,120,5,15,100,3,4,12,8,0,575,105,1880,0.05052999973,25,0.04,5.03918107571654,2.86131142396743,114.215124496355,949.630477322253,120
"305",2020-12-30,10514,1096,391,88,70.4,137,12,10,115,3,5,13,8,0,578,127,2458,0.05736000061,62,0,5.5948762499754,3.38003688954561,129.231467991632,1028.95818046322,137
"306",2020-12-31,10640,1184,391,147,83.6,126,0,9,117,2,5,13,8,0,580,117,2652,0.03318000078,144,0,3.14711595381116,3.61606143578304,121.974281904276,1143.26110918515,126
"307",2021-01-01,10757,1239,392,88,88.7,117,0,5,111,2,6,13,7,1,582,111,2759,0.03914000034,134,0.01493000031,3.80186246040788,3.76209832500524,111.386142961699,1187.49937954545,117
"308",2021-01-02,10869,1298,392,133,95.4,112,2,8,100,2,6,15,9,0,584,102,2369,0.02954999924,431,0,2.50014100712714,3.8480899224661,107.211893052144,1262.51997236944,112
"309",2021-01-03,10992,1324,393,107,105.7,123,0,5,118,3,5,18,13,1,587,118,1516,0.06002999783,126,0.02381000042,5.72506314026797,4.26908910670317,115.614038465527,1241.12700786744,123
"310",2021-01-04,11167,1435,393,115,112.9,175,4,30,140,5,8,21,13,0,592,144,1386,0.05339000225,155,0.00644999981,4.86685873387735,4.38215694588335,166.337755852326,1358.64360866727,175
"311",2021-01-05,11309,1509,395,106,112,142,2,19,121,6,8,23,15,2,598,123,2417,0.05750999928,97,0.01031000018,5.5688837819101,4.45782876105386,134.511100205534,1417.12398544838,142
"312",2021-01-06,11493,1604,395,133,118.4,184,11,42,130,7,7,28,21,0,605,141,2627,0.05138999939,211,0.01422000051,4.86264793887033,4.35322471661028,175.503877183203,1518.72495745998,184
"313",2021-01-07,11610,1639,395,187,124.1,117,2,7,107,6,9,32,23,0,611,109,2311,0.04889999866,91,0.01098999977,4.74637747220358,4.58169064780919,110.343685805554,1553.94771592022,117
"314",2021-01-08,11740,1668,395,184,137.9,130,6,13,110,0,11,30,19,0,611,116,2661,0.03683000088,249,0,3.36785678150103,4.51968983653679,124.728736568458,1606.58217755335,130
"315",2021-01-09,11838,1677,397,154,140.9,98,6,2,90,4,11,30,19,2,615,96,3020,0.03244999886,375,0.0026699999,2.91606028040353,4.57910687557627,94.9393583500779,1623.53441617792,98
"316",2021-01-10,11931,1661,397,118,142.4,93,5,3,83,5,11,34,23,0,620,88,1824,0.05098999977,78,0,4.88989272242271,4.45979681588409,86.2953560969685,1572.19984633028,93
"317",2021-01-11,12095,1712,397,64,135.1,164,2,25,135,3,13,34,21,0,623,137,1608,0.03420000076,115,0,3.19173541625537,4.22049348479524,157.21929216516,1652.25859990331,164
"318",2021-01-12,12235,1740,398,159,142.7,140,1,22,115,4,13,35,22,1,627,116,2211,0.07056000233,74,0.01350999951,6.87124311227002,4.4065448177038,129.285588628389,1609.28382942583,140
"319",2021-01-13,12324,1728,402,172,148.3,89,0,9,76,2,11,34,23,4,629,76,2532,0.03752000093,173,0.01156000018,3.58597125271349,4.22416243396711,82.0203507128628,1660.2521846293,89
"320",2021-01-14,12416,1716,402,129,140,92,2,14,75,9,10,41,31,0,638,77,2581,0.03371000051,146,0,3.1905211337114,4.00189724275394,88.3140550683083,1656.14179866516,92
"321",2021-01-15,12509,1684,404,144,134.3,93,6,7,78,5,11,41,30,2,643,84,2923,0.03729000092,206,0.00485000014,3.51542897788431,4.02297898509441,87.7714882758285,1619.27602686304,93
"322",2021-01-16,12570,1635,405,119,129.3,61,0,0,59,2,9,39,30,1,645,59,2470,0.03239000082,289,0,2.89972098678507,4.02064480029177,57.1295203961632,1583.16552284283,61
"323",2021-01-17,12650,1574,407,72,122.7,80,2,3,72,2,9,39,30,2,647,74,2036,0.02602999926,32,0,2.56272139716441,3.6881917538263,74.9266249496319,1529.89875230704,80
"324",2021-01-18,12771,1595,408,63,122.6,121,2,45,72,7,10,43,33,1,654,74,1021,0.03917999983,48,0,3.74207482005893,3.76681166865538,115.972466621965,1529.74438191937,121
"325",2021-01-19,12845,1539,415,81,111.4,74,3,24,47,8,9,45,36,7,662,50,2337,0.04107999802,89,0,3.95729412088788,3.35053324131507,71.836718244051,1472.41418755189,74
"326",2021-01-20,12906,1498,415,166,110.6,61,1,8,50,2,7,37,30,0,664,51,3065,0.02250999928,163,0.00612999976,2.16828803451301,3.14800706728643,57.7909844051306,1462.48813017423,61
"327",2021-01-21,12977,1466,417,81,103.7,71,1,9,60,3,7,37,30,2,667,61,2636,0.02427999973,117,0,2.32481217901489,3.02433435947264,68.4495332377453,1428.73796273008,71
"328",2021-01-22,13056,1436,418,95,96.7,79,1,3,74,5,6,37,31,1,672,75,2311,0.03072000027,111,0.00901000023,2.97250332987201,2.94677355261374,75.5625912454669,1389.33174704654,79
"329",2021-01-23,13104,1370,418,84,91.7,48,1,4,40,4,9,39,30,0,676,41,2122,0.03299000025,276,0,2.9192986042744,2.94957035511222,43.6913993555553,1326.27358822221,48
"330",2021-01-24,13150,1286,419,44,87.7,46,2,9,35,2,8,37,29,1,678,37,1247,0.02244999886,36,0,2.18200690400779,2.89518257037556,45.1173213991372,1255.32095457542,46
"331",2021-01-25,13213,1227,419,29,82.9,63,1,18,43,4,7,38,31,0,682,44,825,0.02061000109,48,0,1.94768051537801,2.63884052684971,61.0630527312278,1200.87194775492,63
"332",2021-01-26,13275,1165,420,74,81.9,62,1,19,40,8,5,40,35,1,690,41,2354,0.02421000004,79,0,2.34238964628689,2.408139887621,58.9500037453574,1135.1647405693,62
"333",2021-01-27,13353,1125,422,80,69.6,78,0,27,50,1,4,30,26,2,691,50,2800,0.01963999987,175,0.0057099998,1.88205881011765,2.36724999842166,75.9711597462367,1101.85109429032,78
"334",2021-01-28,13391,1064,422,66,67.4,38,1,3,33,3,5,30,25,0,694,34,2355,0.02122999907,209,0.02871000051,2.18397183761466,2.3471299496502,36.1881595162011,1038.59416838935,38
"335",2021-01-29,13420,962,422,73,64.3,29,1,2,26,3,4,31,27,0,697,27,2847,0.01228999972,180,0.00555999994,1.18898015170268,2.09234092419744,28.6490193916431,949.494690917061,29
"336",2021-01-30,13439,865,423,42,58.3,19,1,6,12,2,5,33,28,1,699,13,2155,0.01577999949,216,0,1.43424288911641,1.8801901077463,18.7961499552423,851.436131637274,19
"337",2021-01-31,13481,806,424,25,55.6,42,3,5,34,4,6,32,26,1,703,37,922,0.01952000022,24,0,1.90247782271036,1.84025738184666,41.2303981900157,789.235160571694,42
"338",2021-02-01,13521,715,424,26,55.1,40,6,7,25,4,5,29,24,0,707,31,548,0.02920000076,29,0,2.77324097339341,1.95819459013458,37.0600731510013,693.32104203116,40
"339",2021-02-02,13563,652,425,59,53,42,4,5,31,3,5,27,22,1,710,35,2439,0.02213999987,107,0.02803999901,2.23879574143755,1.94339546087039,39.1433029528867,636.040957865203,42
"340",2021-02-03,13626,637,425,54,49.3,63,4,22,36,2,4,26,22,0,712,40,2865,0.01291000009,212,0,1.20205233207182,1.84625167829241,61.4743119312884,628.628417505767,63
"341",2021-02-04,13708,639,425,51,47.1,82,3,43,33,2,5,25,20,0,714,36,2814,0.01279000044,90,0,1.2393616128843,1.71130736047379,78.5121960701739,630.341480245587,82
"342",2021-02-05,13766,638,427,72,47,58,1,8,48,2,5,21,16,2,716,49,2435,0.01601999998,149,0,1.50962461111842,1.7571137118189,56.1912583663974,627.469853831868,58
"343",2021-02-06,13791,607,427,61,49.7,25,1,4,19,3,6,21,15,0,719,20,2369,0.01434999943,205,0.01463000059,1.43722994446853,1.75754043401206,23.6857313888739,597.461947652323,25
"344",2021-02-07,13816,562,429,33,50.9,25,1,2,19,3,4,23,19,2,722,20,1004,0.0249000001,75,0,2.31692308622799,1.81674690022886,21.4933752923829,547.76384571596,25
"345",2021-02-08,13863,559,431,24,50.6,47,1,7,38,2,5,21,16,2,724,39,852,0.01407999992,29,0,1.36165265968672,1.61509142684219,45.4194017811182,550.678092196027,47
"346",2021-02-09,13918,578,431,43,48.3,55,6,7,39,0,2,19,17,0,724,45,2244,0.01782999992,149,0,1.67198160553615,1.53411797885628,51.1773998915061,567.434158606456,55
"347",2021-02-10,13975,595,432,40,46.3,57,0,6,50,3,4,20,16,1,727,50,2791,0.01253999949,100,0,1.21062395629851,1.53534249660295,55.338204177407,587.124629711144,57
"348",2021-02-11,14035,621,433,51,46.3,60,1,11,46,1,3,16,13,1,728,47,2563,0.01521999955,58,0,1.48831968129149,1.57090793494683,57.2352159247478,610.89508700571,60
"349",2021-02-12,14086,624,435,52,43.4,51,0,8,41,3,2,16,14,2,731,41,2612,0.01570000052,173,0,1.47247401645386,1.56560070713761,48.3399508895601,613.954374514281,51
"350",2021-02-13,14118,622,435,46,41.3,32,0,3,28,6,2,21,19,0,737,28,2099,0.02191999912,46,0.02174000025,2.1916139004373,1.67336984370457,30.3290860359734,607.096125513409,32
"351",2021-02-14,14159,597,437,48,43.4,41,0,4,35,4,2,21,19,2,741,35,1175,0.01702000022,10,0,1.68763715261603,1.58347185318858,38.3542091676856,585.98465351738,41
"352",2021-02-15,14221,620,438,34,44.9,62,2,8,51,4,2,23,21,1,745,53,867,0.02653000116,26,0,2.5757571115028,1.75691534630516,59.5074615409762,602.540116139721,62
"353",2021-02-16,14272,615,438,60,47.3,51,3,13,32,3,2,24,22,0,748,35,1561,0.0333100009,23,0,3.28263329576389,1.98700844490913,46.7438683220689,592.927971944926,51
"354",2021-02-17,14329,630,439,49,48.6,57,5,6,44,2,2,25,23,1,750,49,2063,0.01842000008,222,0,1.66303983216805,2.05163928431906,54.1090702014872,618.545188304835,57
"355",2021-02-18,14401,646,439,68,51,72,3,12,53,3,3,26,23,0,753,56,2348,0.02128999949,116,0,2.02877105529708,2.12884662346272,66.7578735191083,631.671183809713,72
"356",2021-02-19,14455,650,440,58,51.9,54,2,16,33,1,3,26,23,1,754,35,2576,0.01514000058,96,0,1.45960484633533,2.12700817058864,50.4414679558909,639.627262037974,54
"357",2021-02-20,14504,629,440,66,54.7,49,0,3,45,4,3,26,23,0,758,45,2384,0.02559000015,68,0,2.48803264101142,2.16935370495637,46.7759100257708,611.889942360219,49
"358",2021-02-21,14546,618,440,53,55.4,42,0,7,33,2,4,24,20,0,760,33,1000,0.03,28,0,2.91828793774319,2.34516095997454,38.947100708572,598.282067815076,42
"359",2021-02-22,14611,633,440,32,55.1,65,0,11,54,1,6,23,17,0,761,54,863,0.01506000042,66,0,1.399007574,2.17705388318842,64.1740408303448,623.317923066819,65
"360",2021-02-23,14666,639,440,47,53.3,55,0,7,47,3,6,25,19,0,764,47,2036,0.01965000033,84,0,1.88714154112641,1.97769791824021,53.0302783625437,625.815912205648,55
"361",2021-02-24,14712,646,441,60,54.9,46,2,10,34,1,6,24,18,1,765,36,2874,0.01878999949,41,0,1.85257147630394,2.00477386740248,45.2708410224828,632.915647236775,46
"362",2021-02-25,14745,642,441,43,51.3,33,1,5,25,1,6,23,17,0,766,26,2376,0.01851999998,128,0.00781000018,1.7972523951885,1.97169977310126,30.4891102699825,629.384953589567,33
"363",2021-02-26,14810,645,441,57,51.1,65,5,12,43,1,6,21,15,0,767,48,2639,0.01819000006,181,0,1.70224858717518,2.00636316464981,59.1066760588865,632.995959541287,65
"364",2021-02-27,14856,650,442,71,51.9,46,0,4,34,3,6,23,17,1,770,34,2535,0.0209100008,47,0.02128000021,2.09167358783385,1.9497404427673,37.2224692332337,635.135441223586,46
"365",2021-02-28,14921,661,442,49,51.3,65,2,8,54,7,6,28,22,0,777,56,1552,0.02576999903,94,0,2.42983222931713,1.87996105584929,62.5123215612335,643.440081285274,65
"366",2021-03-01,14998,676,442,54,54.4,77,4,7,64,3,6,29,23,0,780,68,996,0.02911999941,45,0,2.78612098101441,2.0781201139942,72.9286492928228,655.408337087474,77
"367",2021-03-02,15061,685,443,61,56.4,63,1,6,54,3,4,29,25,1,783,55,2006,0.02592000008,41,0,2.54008403324279,2.17139761286797,59.4725903590142,665.976807198632,63
"368",2021-03-03,15120,695,443,65,57.1,59,0,5,51,6,5,32,27,0,789,51,2676,0.02092999935,109,0,2.01108360002154,2.19404220197049,54.8786400163121,679.71872179092,59
"369",2021-03-04,15177,691,443,61,59.7,57,3,3,50,1,5,31,26,0,790,53,2414,0.02029999971,225,0.00444000006,1.89477829910724,2.20797447395888,54.9020589441016,676.685334535362,57
"370",2021-03-05,15250,694,444,51,58.9,73,1,10,57,1,2,28,26,1,791,58,2440,0.0188499999,154,0,1.77309174078643,2.21809492447477,66.8756437098531,680.546495424794,73
"371",2021-03-06,15306,707,446,46,55.3,56,3,3,47,0,2,26,24,2,791,50,1957,0.02095000029,25,0,2.06857470068264,2.21479508345317,51.8691995656364,691.010481858099,56
"372",2021-03-07,15346,698,447,54,56,40,1,0,38,2,5,25,20,1,793,39,1752,0.01940999985,16,0.0625,1.97999546024887,2.15053268787199,38.1557451678763,682.890003260966,40
"373",2021-03-08,15429,740,448,38,53.7,83,1,9,65,6,4,29,25,1,799,66,1170,0.02051000118,142,0,1.82901687352134,2.01380352965869,73.6802052359304,725.202301130129,83
"374",2021-03-09,15486,747,448,70,55,57,0,8,47,1,3,27,24,0,800,47,2105,0.03183000088,57,0,3.09908195432007,2.09366037552688,53.4075138181948,721.689634514713,57
"375",2021-03-10,15566,770,448,76,56.6,80,5,8,64,0,2,24,22,0,800,69,2655,0.01807999969,173,0,1.69739742492751,2.04884806479916,75.7195064854212,755.710434692381,80
"376",2021-03-11,15627,767,451,73,58.3,61,1,7,52,1,2,20,18,3,801,53,2321,0.02801000118,86,0,2.70092283916826,2.16401157052216,58.4349334825432,744.350829832275,61
"377",2021-03-12,15709,772,451,93,64.3,82,5,4,67,2,2,17,15,0,803,72,2361,0.02286999941,133,0,2.16503883749038,2.22000401290844,74.2957121760516,753.726247220997,82
"378",2021-03-13,15777,790,451,56,65.7,68,5,3,54,5,4,22,18,0,808,59,2353,0.01870000005,99,0,1.79449837347675,2.18085025187903,60.842449800514,774.500599023832,68
"379",2021-03-14,15845,815,451,65,67.3,68,2,10,51,2,3,23,20,0,810,53,1535,0.02996999979,36,0,2.9283227038606,2.31632557239499,61.3031652183251,788.907163262923,68
"380",2021-03-15,15952,862,452,58,70.1,107,4,3,97,4,5,25,20,1,814,101,1000,0.03200000048,13,0,3.15893390720632,2.50631372006427,100.511757519274,832.229059223899,107
"381",2021-03-16,16038,880,453,85,72.3,86,7,4,72,5,6,27,21,1,819,79,1583,0.03411000013,9,0,3.39171672146922,2.54811868679986,80.0705140645085,847.367751604652,86
"382",2021-03-17,16126,907,454,77,72.4,88,3,5,76,3,5,27,22,1,822,79,2842,0.02674000025,175,0,2.51889561519722,2.66547557112411,81.8243851466183,882.021738328897,88
"383",2021-03-18,16219,945,455,63,71,93,6,3,80,2,5,24,19,1,824,86,2566,0.02845000029,161,0,2.67703339729153,2.66206279371314,86.4829201443689,917.341389958473,93
"384",2021-03-19,16344,993,457,117,74.4,125,7,6,104,2,4,24,20,2,826,111,2615,0.03823999882,97,0,3.68722702486357,2.87951824905217,112.525262016276,952.969235875338,125
"385",2021-03-20,16447,1047,458,83,78.3,103,5,6,87,4,4,27,23,1,830,92,1997,0.04356999874,151,0.00662,4.09724895175885,3.20848261737819,93.8787882096883,1000.09881799504,103
"386",2021-03-21,16532,1075,459,87,81.4,85,5,1,77,4,4,29,25,1,834,82,1306,0.04210999966,87,0,3.94800140387365,3.35415100309434,79.4605490004941,1028.59866067721,85
"387",2021-03-22,16681,1151,460,55,81,149,6,7,133,4,7,30,23,1,838,139,1150,0.05478000164,131,0,4.9177987420765,3.60541740807579,138.526392164589,1089.11422576577,149
"388",2021-03-23,16805,1190,461,108,84.3,124,2,0,120,5,9,31,22,1,843,122,1966,0.0350999999,153,0,3.25656440789995,3.58610993470875,117.6562556587,1147.63069044142,124
"389",2021-03-24,16958,1280,461,85,85.4,153,7,2,137,4,9,33,24,0,847,144,3106,0.04572000027,47,0,4.50384779063178,3.8696745311994,138.909269970059,1216.97128862275,153
"390",2021-03-25,17107,1362,462,124,94.1,149,7,4,132,8,10,40,30,1,855,139,3005,0.0379399991,282,0,3.46850311212352,3.98274163331826,137.728895305511,1310.35075831731,149
"391",2021-03-26,17256,1446,463,103,92.1,149,10,2,130,4,11,42,31,1,859,140,2390,0.06736000061,117,0,6.42163547897487,4.37337141247702,132.170793966325,1344.47834339504,149
"392",2021-03-27,17372,1499,465,138,100,116,7,3,100,5,13,44,31,2,864,107,2476,0.06260000229,117,0,5.97753974816969,4.64198438339285,103.007201664678,1401.03547005002,116
"393",2021-03-28,17509,1558,466,139,107.4,137,3,5,124,5,13,45,32,1,869,127,2480,0.08265999794,157,0,7.77386404593098,5.18853618940104,121.20592539115,1425.58135243631,137
"394",2021-03-29,17718,1706,466,111,115.4,209,7,1,189,4,12,47,35,0,873,196,1644,0.08394000053,40,0,8.19461762893824,5.65665317323843,179.43979755188,1553.15456440565,209
"395",2021-03-30,17927,1837,467,170,124.3,209,9,6,186,6,12,48,36,1,879,195,1968,0.04065000057,64,0,3.93696855914173,5.75385376627297,192.606534467618,1757.92925034366,209
"396",2021-03-31,18134,1940,468,163,135.4,207,7,5,190,8,14,54,40,1,887,197,3023,0.0793900013,224,0,7.39131425715738,6.16634897577663,186.080381821925,1783.22812555601,207
"397",2021-04-01,18371,2075,469,144,138.3,237,12,4,204,4,15,53,38,1,891,216,2634,0.07212999821,100,0.01,6.98575037619386,6.66881287064382,203.502749556552,1916.51946911965,237
"398",2021-04-02,18569,2168,470,242,158.1,198,14,7,163,6,15,57,42,1,897,177,3130,0.09392999649,99,0,9.10501359596469,7.05215260164237,166.380295585482,1952.18350751031,198
"399",2021-04-03,18820,2346,470,222,170.1,251,16,3,223,11,14,61,47,0,908,239,2885,0.1019099998,36,0,10.0654005280041,7.63613271304728,215.698911920371,2087.83116052381,251
"400",2021-04-04,19050,2505,471,152,172,230,9,2,215,12,15,64,49,1,920,224,1818,0.09295999527,139,0,8.63573180382524,7.75925667846075,204.850898671088,2268.48884451373,230
"401",2021-04-05,19335,2650,472,184,182.4,285,8,4,269,5,17,67,50,1,925,277,2045,0.1056200027,162,0,9.78671977895333,7.98669984274862,251.361127672818,2366.45122141865,285
"402",2021-04-06,19609,2787,473,156,180.4,274,7,6,245,10,19,70,51,1,935,252,1749,0.1286400032,83,0,12.2811880784279,9.17873120264665,224.163481088027,2412.78421346163,274
"403",2021-04-07,19917,2928,474,219,188.4,308,3,6,290,12,23,76,53,1,947,293,3364,0.0981000042,44,0,9.683345485,9.5061642351956,267.980285177648,2618.01459044421,308
"404",2021-04-08,20211,3099,475,170,192.1,294,22,5,255,10,29,83,54,1,957,277,3366,0.08586000443,194,0.01031000018,8.17429536366011,9.6759563762622,257.244320658978,2822.0402517046,294
"405",2021-04-09,20509,3253,477,262,195,298,13,2,277,14,30,88,58,2,971,290,3418,0.1102999973,158,0,10.5426563414821,9.88133391133612,258.573354046685,2878.04524384092,298
"406",2021-04-10,20795,3417,480,380,217.6,286,12,2,261,14,26,92,66,3,985,273,3187,0.0875399971,97,0,8.49543150906516,9.65705262291627,249.643293519867,3099.6232013091,286
"407",2021-04-11,21064,3555,480,205,225.1,269,8,4,249,13,28,100,72,0,998,257,2714,0.145909996,29,0,14.4367382115931,10.485767824026,220.435422393842,2993.88298291871,269
"408",2021-04-12,21378,3649,481,264,236.6,314,16,3,291,16,27,100,73,1,1014,307,2125,0.08046999931,107,0,7.66123425330421,10.1821270346475,284.285275801824,3343.35495570311,314
"409",2021-04-13,21614,3675,483,245,249.3,236,10,0,219,12,28,104,76,2,1026,229,2670,0.07677999973,178,0,7.1981249746875,9.45597516268461,210.978139715503,3385.78455656976,236
"410",2021-04-14,21887,3748,485,389,273.6,273,10,11,248,12,28,101,73,2,1038,258,3971,0.1714900017,97,0.01031000018,16.7646722411052,10.4675932706996,221.711065733767,3061.02742003938,273
"411",2021-04-15,22109,3751,485,313,294,222,15,3,202,19,29,107,78,0,1057,217,3902,0.1309599972,98,0.01019999981,12.8001377263945,11.1284278939474,189.631794478941,3226.06387599313,222
"412",2021-04-16,22345,3790,487,348,306.3,236,1,10,219,20,24,114,90,2,1077,220,2970,0.120539999,244,0.00409999996,11.1700123528388,11.2180501812841,203.132881693091,3327.15282553097,236
"413",2021-04-17,22526,3737,490,405,309.9,181,5,7,167,16,23,123,100,3,1093,172,2935,0.1018700027,121,0.00825999975,9.81635856983802,11.4067540471088,160.540343548355,3335.93176651281,181
"414",2021-04-18,22688,3679,490,294,322.6,162,5,8,146,11,22,122,100,0,1104,151,1949,0.06465000153,188,0.01595999956,6.0366557276205,10.2067422636841,149.034063643791,3436.1875506325,162
"415",2021-04-19,22915,3617,491,258,321.7,227,5,4,218,22,22,115,93,1,1126,223,2084,0.1122799969,88,0.0340899992,10.9112078024494,10.6710241992763,200.397500514762,3185.51461597263,227
"416",2021-04-20,23104,3505,492,188,313.6,189,8,2,179,17,27,118,91,1,1143,187,2775,0.100539999,221,0,9.31236639602804,10.9730586880392,169.960899996371,3148.14414164322,189
"417",2021-04-21,23299,3406,493,207,287.6,195,3,2,185,12,25,110,85,1,1155,188,2521,0.1368500042,236,0.02118999958,12.6949474243409,10.3916694285015,163.906429516877,2933.2622283749,195
"418",2021-04-22,23475,3299,496,239,277,176,7,4,161,14,22,106,84,3,1169,168,2358,0.1632699966,213,0.0093900001,15.0521478803617,10.7133851647825,144.352713588338,2756.0928698091,176
"419",2021-04-23,23683,3223,499,189,254.3,208,5,8,186,21,29,112,83,3,1190,191,2507,0.0805700016,86,0.01162999988,7.82835225610798,10.2360051509638,182.652607869858,2947.14845635891,208
"420",2021-04-24,23840,3103,500,227,228.9,157,2,2,151,18,31,118,87,1,1208,153,2464,0.08522999763,214,0.00467000008,7.87924175419866,9.95927417730103,141.819842191245,2835.69261646688,157
"421",2021-04-25,23989,2973,505,139,206.7,149,2,6,137,21,30,124,94,5,1229,139,1621,0.1357199955,93,0.02151000023,12.9523070435758,10.9472243652946,125.316302377466,2551.99544581442,149
"422",2021-04-26,24152,2837,510,172,194.4,163,4,7,148,11,31,122,91,5,1240,152,1304,0.1150300026,31,0,11.2358893925393,10.9936074495932,140.327786834042,2488.492968738,163
"423",2021-04-27,24312,2743,511,189,194.6,160,3,5,148,10,31,119,88,1,1250,151,2425,0.06103000164,332,0.00903999984,5.47693267768879,10.4456883469733,146.958112412582,2578.74902217028,160
"424",2021-04-28,24478,2640,513,187,191.7,166,2,7,155,13,27,114,87,2,1263,157,2408,0.06894000053,38,0,6.7868978444906,9.60168126413756,152.350273805478,2444.10651494562,166
"425",2021-04-29,24604,2544,513,159,180.3,126,2,7,113,13,29,112,83,0,1276,115,2728,0.06525000095,111,0.00901000023,6.30511139898309,8.35210462394061,114.072516296098,2368.63027354151,126
"426",2021-04-30,24757,2454,516,178,178.7,153,4,3,139,13,27,109,82,3,1289,143,2122,0.06691999912,179,0,6.17141408659887,8.1153991711536,136.351373870841,2288.42147887444,153
"427",2021-05-01,24881,2399,520,138,166,124,3,5,113,7,29,110,81,4,1296,116,2051,0.08970999718,70,0.02857000113,8.76921755281848,8.24253857095643,109.878494340281,2168.99575795116,124
"428",2021-05-02,24978,2338,520,128,164.4,97,0,4,91,8,27,108,81,0,1304,91,1279,0.06959000111,21,0,6.84658549382231,7.37029263527735,88.1882267713441,2162.98982627915,97
"429",2021-05-03,25085,2221,523,102,154.4,107,4,3,100,10,22,98,76,3,1314,104,976,0.1741799927,140,0.00713999987,15.3225154889785,7.95409636334009,89.5775927247379,1848.93109078503,107
"430",2021-05-04,25190,2127,524,141,147.6,105,1,2,99,9,23,95,72,1,1323,100,2386,0.03898000002,57,0.01753999949,3.84797625946173,7.72138830359337,97.7929551935601,2037.51615696702,105
"431",2021-05-05,25272,2012,525,114,137.1,82,1,2,75,8,23,89,66,1,1331,76,1904,0.07772999763,65,0.03076999903,7.6179769133809,7.84011388486341,71.6700832550716,1844.42378301584,82
"432",2021-05-06,25378,1941,527,122,131.9,106,3,6,92,12,22,88,66,2,1343,95,2133,0.0534499979,246,0,4.79230119885246,7.62399814198761,96.0224862929038,1839.30153573186,106
"433",2021-05-07,25491,1844,530,109,122,113,5,4,103,19,23,95,72,3,1362,108,2302,0.04691999912,82,0.01220000029,4.57257709723238,7.39559285779239,106.6007983765,1751.8136315395,113
"434",2021-05-08,25580,1768,534,136,121.7,89,1,3,85,4,21,86,65,4,1366,86,1901,0.04892000198,86,0.01162999988,4.73060411442677,6.81864808087929,84.5520508883318,1676.55844151826,89
"435",2021-05-09,25663,1706,537,69,113.3,83,0,5,78,4,22,83,61,3,1370,78,1173,0.1722100067,123,0.00813000023,15.6637598678542,8.0782444200267,69.6421865876416,1413.84064510919,83
"436",2021-05-10,25756,1639,538,82,110.4,93,3,2,87,9,22,85,63,1,1379,90,715,0.1048999977,14,0,10.2885457277778,7.35910588271231,81.8762536574668,1454.63533049542,93
"437",2021-05-11,25888,1608,540,124,108,132,1,6,123,5,21,79,58,2,1384,124,1899,0.04580999851,86,0.02325999975,4.48330212337481,7.44986672041418,123.921947528741,1529.18138408238,132
"438",2021-05-12,25985,1548,541,115,108.1,97,3,3,90,8,22,80,58,1,1392,93,2118,0.04958000183,174,0.00574999988,4.6252593305,7.02233563714548,91.2971211625376,1469.71982322159,97
"439",2021-05-13,26078,1520,541,78,101.9,93,1,1,90,7,20,77,57,0,1399,91,1684,0.07956999779,54,0.01851999998,7.76731624150057,7.44733778609521,84.2721775869011,1390.91988936362,93
"440",2021-05-14,26162,1442,541,128,104.6,84,2,5,75,7,21,70,49,0,1406,77,1738,0.04717999935,105,0,4.44920449648942,7.42971312884622,78.2544306191432,1371.85570068577,84
"441",2021-05-15,26236,1393,542,85,97.3,74,2,8,63,7,19,64,45,1,1413,65,1779,0.05228000164,61,0,5.05468059334565,7.47600976869177,69.407871801183,1316.01792952381,74
"442",2021-05-16,26305,1365,543,47,94.1,69,2,3,63,7,19,67,48,1,1420,65,805,0.04098999977,20,0,3.99963028058788,5.80970554193945,65.1576473625938,1305.31059461447,69
"443",2021-05-17,26379,1330,545,87,94.9,74,7,5,59,10,19,71,52,2,1430,66,774,0.2299699974,19,0,22.4459997462295,7.54648468743255,54.8032588062751,1003.61112442948,74
"444",2021-05-18,26458,1298,546,97,91,79,1,6,71,5,16,64,48,1,1435,72,1920,0.02655999899,56,0,2.58072864680162,7.27468847649352,75.9684870619886,1261.37633620085,79
"445",2021-05-19,26529,1283,550,91,87.6,71,2,5,64,4,14,57,43,4,1439,66,2042,0.06659999847,122,0.01639000058,6.37693054281423,7.52492722110984,66.39848994119,1193.54943325071,71
"446",2021-05-20,26589,1238,553,73,86.9,60,5,8,45,11,15,63,48,3,1450,50,1487,0.05111000061,65,0.03076999903,5.02581319871263,7.13328392928299,55.2526050201335,1169.97450029851,60
"447",2021-05-21,26670,1202,554,77,79.6,81,4,11,63,3,13,58,45,1,1453,67,1682,0.04162000179,190,0,3.73957494715705,7.03190827937837,75.2606861216723,1152.85589131717,81
"448",2021-05-22,26729,1170,558,77,78.4,59,0,13,46,8,15,57,42,4,1461,46,1380,0.06231999874,101,0.0099000001,5.87451034917623,7.14902681592559,56.0455662325643,1094.85461939348,59
"449",2021-05-23,26784,1146,559,39,77.3,55,0,4,51,5,12,58,46,1,1466,51,826,0.03753000021,14,0.07143000126,3.80950002275,7.12186535052018,52.8758611112317,1098.26934967591,55
"450",2021-05-24,26835,1100,561,65,74.1,51,2,11,38,5,11,56,45,2,1471,40,733,0.0832199955,30,0,7.99479117975098,5.05740698388039,47.5036744050965,1003.85104614015,51
"451",2021-05-25,26895,1032,563,56,68.3,60,2,11,46,3,11,53,42,2,1474,48,1035,0.0647300005,19,0.05263000011,6.45118790508444,5.61032973506365,55.6144776693295,959.211269890584,60
"452",2021-05-26,26951,990,566,76,66.1,56,1,11,44,1,8,46,38,3,1475,45,1371,0.03209000111,61,0.04918000221,3.28179969669134,5.16816818561753,54.38538368029,954.47844096638,56
"453",2021-05-27,26997,943,566,62,64.6,46,0,8,37,3,9,41,32,0,1478,37,1368,0.05481999874,113,0.0088499999,5.13124971404592,5.18323054495085,42.9242758994241,890.097085760999,46
"454",2021-05-28,27032,893,569,65,62.9,35,0,1,30,1,7,33,26,3,1479,30,1589,0.03460999966,197,0.01523000002,3.24723401252408,5.11289612571757,29.9349264600508,861.296310960846,35
"455",2021-05-29,27067,855,571,45,58.3,35,0,3,31,4,9,35,26,2,1483,31,1074,0.02421000004,104,0.00962000012,2.29219185530051,4.60113634087818,33.2231137904988,833.572977125048,35
"456",2021-05-30,27094,806,573,46,59.3,27,0,3,22,5,8,35,27,2,1488,22,718,0.0905300045,34,0,8.64368925944149,5.29173480326268,22.9209421206902,729.830879512559,27
"457",2021-05-31,27142,774,576,40,55.7,48,1,2,41,5,6,34,28,3,1493,42,783,0.0855700016,27,0.03703999996,8.39523348786667,5.34894084727921,40.1449783350414,702.957457888619,48
"458",2021-06-01,27184,738,577,38,53.1,42,1,5,36,2,5,30,25,1,1495,37,1565,0.01725000024,27,0.03703999996,1.75856346573618,4.67856592737231,41.2886152941985,723.81075911131,42
"459",2021-06-02,27216,700,577,48,49.1,32,0,1,30,1,6,29,23,0,1496,30,1688,0.04264999866,43,0.02325999975,4.21683291319064,4.81214210115793,29.6169037584282,667.727754363324,32
"460",2021-06-03,27261,689,577,48,47.1,45,2,4,39,2,5,28,23,0,1498,41,1176,0.01360999942,186,0,1.17513651379736,4.24698307255099,44.4732349760267,680.147778011766,45
"461",2021-06-04,27291,642,579,44,44.1,30,0,0,27,3,6,28,22,2,1501,27,1195,0.04769999981,68,0.01470999956,4.59238161069121,4.43914701514629,25.6443534072295,609.765736571901,30
"462",2021-06-05,27310,610,582,39,43.3,19,1,0,18,2,4,29,25,3,1503,19,999,0.01601999998,90,0.02221999884,1.653239658,4.34786812981765,18.6565732111838,598.974192569585,19
"463",2021-06-06,27327,561,582,21,39.7,17,0,1,16,2,4,27,23,0,1505,16,608,0.1069099998,22,0,10.3176634727619,4.58700730314914,15.195129300148,497.716721086441,17
"464",2021-06-07,27354,529,583,17,36.4,27,1,3,23,1,4,26,22,1,1506,24,843,0.00949000001,30,0.06666999817,1.1454948400378,3.5513303534593,26.6994275769305,522.37488284151,27
"465",2021-06-08,27387,501,584,28,35,33,1,1,30,1,3,25,22,1,1507,31,1771,0.02993000031,100,0,2.83303209775575,3.70482587231924,31.0398083115376,485.482063357431,33
"466",2021-06-09,27414,475,585,33,32.9,27,1,0,24,2,4,23,19,1,1509,25,1194,0.05946000099,26,0,5.81928206410328,3.93374717959247,23.4094249331193,444.779073729267,27
"467",2021-06-10,27443,462,585,20,28.9,29,0,0,28,2,5,20,15,0,1511,28,1216,0.03042999983,136,0,2.73689939299408,4.15685616233486,27.1621589822326,448.175623206837,29
"468",2021-06-11,27465,452,585,36,27.7,22,0,1,20,1,4,15,11,0,1512,20,1055,0.0170599997,96,0,1.56370979005213,3.72418875938642,20.6580749616195,444.272494132601,22
"469",2021-06-12,27483,429,585,29,26.3,18,0,0,18,2,6,16,10,0,1514,18,880,0.01136000037,44,0,1.08190479714286,3.64256949354969,17.7870849773555,423.925525293639,18
"470",2021-06-13,27504,421,586,18,25.9,21,0,1,18,2,5,15,10,1,1516,18,583,0.1320800018,17,0,12.8337735082333,4.00201378433132,16.4743589414373,361.928061908062,21
"471",2021-06-14,27523,384,589,22,26.6,19,2,1,16,2,4,14,10,3,1518,18,655,0.05649000168,29,0,5.40949577491228,4.61115677502767,17.9354304385631,361.289182689347,19
"472",2021-06-15,27550,370,589,22,25.7,27,1,0,24,0,4,14,10,0,1518,25,1518,0.01449000001,36,0,1.41543243340927,4.40864253726389,24.613122114956,364.274207301348,27
"473",2021-06-16,27567,349,589,24,24.4,17,0,0,17,1,4,12,8,0,1519,17,1251,0.02237999916,42,0,2.16530386304408,3.88664565139829,16.5975494497069,340.7379269381,17
"474",2021-06-17,27578,306,590,12,23.3,11,0,1,10,0,5,11,6,1,1519,10,1101,0.02088999987,123,0.02438999891,2.12417154598039,3.79911310182491,10.7677614343766,298.893499891923,11
"475",2021-06-18,27592,276,590,26,21.9,14,1,0,13,1,4,12,8,0,1520,14,864,0.01968000054,63,0,1.83425247751456,3.83776205717668,13.7192421529017,270.465059585777,14
"476",2021-06-19,27601,243,590,18,20.3,9,0,0,9,0,3,10,7,0,1520,9,926,0.01944000006,37,0,1.86930841698442,3.95024828858262,8.816063370371,238.033711000017,9
"477",2021-06-20,27613,230,590,7,18.7,12,2,0,10,0,3,10,7,0,1520,12,562,0.0266899991,15,0,2.59961516363951,2.48822566792636,11.6589366440282,223.462952343874,12
"478",2021-06-21,27624,220,591,13,17.4,11,0,0,11,2,2,9,7,1,1522,11,520,0.02308000088,7,0,2.27734354034156,2.04077534870197,10.7261164249819,214.522328499638,11
"479",2021-06-22,27635,197,591,13,16.1,11,0,0,10,0,2,6,4,0,1522,10,1297,0.01156999946,65,0,1.10178335533186,1.99596833754806,9.87954052649173,194.626948371887,11
"480",2021-06-23,27646,184,591,18,15.3,11,1,0,10,0,1,4,3,0,1522,11,1105,0.0081400001,18,0,0.800952814826358,1.80106104494552,10.9036738127298,182.388725594754,11
"481",2021-06-24,27652,172,591,8,14.7,6,1,0,5,1,0,4,4,0,1523,6,904,0.00995999992,51,0,0.942810463631414,1.63229517603853,5.93815274943979,170.227045483941,6
"482",2021-06-25,27656,151,591,7,12,4,0,0,4,2,0,6,6,0,1525,4,1024,0.00194999993,64,0,0.183529405176471,1.39647759427594,3.99197379215656,150.69701065391,4
"483",2021-06-26,27660,136,591,9,10.7,4,0,0,4,1,0,6,6,0,1526,4,764,0.00523999989,19,0,0.511284791310345,1.20247421917965,3.97764021521074,135.239767317165,4
"484",2021-06-27,27665,122,591,8,10.9,5,0,0,5,0,0,5,5,0,1526,5,398,0.0200999999,13,0,1.94642334798053,1.10916110265693,4.89359744336884,119.4037776182,5
"485",2021-06-28,27674,114,591,1,9.1,9,0,0,9,0,0,4,4,0,1526,9,555,0.00180000007,5,0,0.178392864080357,0.809311006048192,8.98244645887716,113.777655145777,9
"486",2021-06-29,27677,108,591,8,8.4,3,0,0,3,0,0,3,3,0,1526,3,929,0.00646000028,14,0,0.636409359503712,0.74282900664417,2.97912614961628,107.248541386186,3
"487",2021-06-30,27679,93,591,8,7,2,0,1,1,0,0,2,2,0,1526,1,1221,0.00082000002,51,0,0.0787122660707547,0.63965178539337,1.99913942808415,92.9199668118257,2
"488",2021-07-01,27682,89,591,7,6.9,3,0,0,3,0,0,1,1,0,1526,3,884,0.00225999996,74,0,0.208542793803758,0.534756403989419,2.99315991977262,88.797077619921,3
"489",2021-07-02,27686,78,591,6,6.7,4,0,0,4,2,0,2,2,0,1528,4,785,0.01401000023,29,0,1.35108724576781,0.701550381216753,3.9409135171624,76.8478135846668,4
"490",2021-07-03,27692,72,591,6,6.3,6,0,0,6,0,0,1,1,0,1528,6,627,0.00158999994,16,0,0.155043540027994,0.650658773890703,5.98982932727441,71.877951927293,6
"491",2021-07-04,27694,67,592,2,5.4,2,0,0,2,1,0,2,2,1,1529,2,437,0.0068599999,34,0,0.636479820870488,0.463523984303554,1.98608255901677,66.5337657270617,2
"492",2021-07-05,27700,66,592,2,5.6,6,0,0,6,0,0,2,2,0,1529,6,505,0.00197999999,27,0,0.187951126870301,0.464889450416403,5.98767062852501,65.8643769137751,6
"493",2021-07-06,27705,62,592,12,6.1,5,0,2,3,0,0,2,2,0,1529,3,1174,0.00596000016,28,0,0.582116488173045,0.457133325940593,4.98090692366703,61.6054097557854,5
"494",2021-07-07,27711,61,592,6,5.9,6,0,0,6,0,0,2,2,0,1529,6,1218,0.03201999903,23,0,3.14265582744077,0.894839548993453,5.79384549717915,58.904095887988,6
"495",2021-07-08,27713,52,593,5,5.6,2,0,0,2,1,0,3,3,1,1530,2,933,0.00321999997,87,0,0.294535291373529,0.90712419150342,1.99355961116008,51.832549890162,2
"496",2021-07-09,27715,50,593,3,5.1,2,0,0,2,0,0,2,2,0,1530,2,823,0.00486000001,56,0,0.455037543598407,0.779117091193505,1.99005002523171,49.7512506307928,2
"497",2021-07-10,27716,46,593,0,4.3,1,0,0,1,0,0,2,2,0,1530,1,930,0,22,0,0,0.756968014046649,1,46,1
"498",2021-07-11,27721,47,593,0,4,5,0,0,5,0,0,2,2,0,1530,5,422,0.00237000003,8,0,0.232590700618605,0.69926956829638,4.98728527109987,46.8804815483388,5
"499",2021-07-12,27724,45,593,1,3.9,3,0,1,2,0,0,1,1,0,1530,2,460,0.00216999993,16,0,0.209705875588235,0.702377389541799,2.99541451425224,44.8968265706755,3
"500",2021-07-13,27726,44,593,2,2.4,2,0,0,2,0,0,1,1,0,1530,2,1188,0.00083999999,14,0,0.0830216296272879,0.631078124035263,1.99818462645196,43.9600617819431,2
"501",2021-07-14,27731,46,593,0,1.6,5,0,0,5,0,0,0,0,0,1530,5,1097,0,15,0,0,0.182127291543724,5,46,5
"502",2021-07-15,27742,52,593,1,1,11,0,0,11,0,0,0,0,0,1530,11,949,0.00210999995,31,0,0.204325505362245,0.169240179256397,10.9754268959054,51.8838362351891,11
"503",2021-07-16,27745,52,593,8,1.7,3,0,0,3,0,0,0,0,0,1530,3,867,0.00345999986,34,0,0.332943382754717,0.151798156278727,2.98907965407157,51.8107140039072,3
"504",2021-07-17,27747,49,593,5,2.4,2,0,0,2,0,0,0,0,0,1530,2,760,0.00131999999,18,0,0.128946014447301,0.170219015485484,1.99718043135501,48.9309205681978,2
"505",2021-07-18,27755,54,593,4,3,8,0,0,8,0,0,0,0,0,1530,8,213,0,17,0,0,0.136991772539969,8,54,8
"506",2021-07-19,27763,58,593,2,3.1,8,0,0,8,0,0,0,0,0,1530,8,367,0,10,0,0,0.107033790313079,8,58,8
"507",2021-07-20,27767,59,593,10,4.3,4,0,0,4,0,0,0,0,0,1530,4,1141,0.00437999994,22,0,0.42971452549785,0.156561346866016,3.98120749047448,58.7228104844986,4
"508",2021-07-21,27772,62,593,12,6,5,0,0,5,0,0,0,0,0,1530,5,1058,0.01039999962,8,0,1.0321950842364,0.304017787471216,4.94357435343199,61.3003219825567,5
"509",2021-07-22,27777,64,593,5,6.6,5,0,0,5,1,0,1,1,0,1531,5,1047,0.00573000014,28,0,0.558075362472558,0.354553481344118,4.96949243060532,63.6095031117481,5
"510",2021-07-23,27788,71,593,3,5.9,11,0,0,11,0,0,1,1,0,1531,11,926,0.00540000021,38,0,0.518713713118257,0.381092099967481,10.9376171562862,70.5973470996656,11
"511",2021-07-24,27791,73,593,2,5.4,3,0,0,3,0,0,1,1,0,1531,3,714,0.00280000001,16,0,0.273863014676712,0.401794528571682,2.99101745518254,72.7814247427751,4
"512",2021-07-25,27797,74,593,7,5.9,6,0,0,6,0,0,1,1,0,1531,6,411,0.00486999989,14,0,0.470957636421177,0.469074190917565,5.96910573644803,73.6189707495257,6
"513",2021-07-26,27805,77,593,5,6.3,8,0,0,8,1,0,2,2,0,1532,8,410,0,10,0,0,0.469074190917565,8,77,8
"514",2021-07-27,27812,83,593,7,5.9,7,0,0,7,0,0,2,2,0,1532,7,1122,0.00890999973,5,0,0.887047000626442,0.53440740165022,6.93211256105039,82.1950489381689,7
"515",2021-07-28,27818,83,593,8,5.3,6,0,0,6,0,0,1,1,0,1532,6,1074,0.00465999991,11,0,0.461275567128111,0.452847470634751,5.96974086873454,82.5814153508278,7
"516",2021-07-29,27821,78,593,9,5.9,3,0,0,3,0,0,1,1,0,1532,3,1234,0.00324000001,15,0,0.320108888097678,0.418852260009768,2.98950061790125,77.7270160654326,4
"517",2021-07-30,27825,74,593,4,6,4,0,0,4,0,0,1,1,0,1532,4,937,0.00533999979,21,0,0.522294342717119,0.419363778523891,3.97715873951605,73.5774366810468,5
"518",2021-07-31,27830,73,593,8,6.9,5,0,0,5,0,0,0,0,0,1532,5,937,0.00961000025,8,0,0.95286457505291,0.516364001434777,4.94791100969165,72.2395007414982,6
"519",2021-08-01,27839,75,593,1,6,9,0,0,7,0,0,0,0,0,1532,7,502,0.00199000001,13,0,0.193976700003883,0.476795296232306,6.98515458440211,74.8409419757369,9
"520",2021-08-02,27843,71,593,4,5.9,4,0,0,4,1,0,1,1,0,1533,4,462,0.00432999998,4,0,0.429283259819742,0.538121476206555,3.98122635081986,70.6667677270525,7
"521",2021-08-03,27850,73,593,10,6.3,7,0,0,7,0,0,1,1,0,1533,7,550,0.01090999961,3,0,1.08508133553345,0.566412095478985,6.91695660673069,72.13397604162,10
"522",2021-08-04,27857,77,593,16,7.4,7,0,0,7,3,1,3,2,0,1536,7,1287,0.0077700001,22,0,0.763941186302521,0.60965004107533,6.9415340893892,76.3568749832812,8
"523",2021-08-05,27861,74,593,10,7.6,4,0,0,3,0,2,3,1,0,1536,3,1285,0.00623000026,19,0,0.613922571633436,0.651623424437581,2.97986370295142,73.5033046728017,7
"524",2021-08-06,27862,64,593,10,8.4,1,0,0,1,0,2,3,1,0,1536,1,NA,NA,NA,NA,NA,NA,NA,NA,7
