"","date","observed_cumulative_cases","observed_active_cases","observed_cumulative_deaths","observed_new_cases","observed_daily_average_cases","observed_new_episodes","observed_new_cases_community_outbreak","observed_new_cases_institution_outbreak","observed_new_cases_sporadic","observed_new_ICU_p_acute_care","observed_census_ICU","observed_census_ICU_p_acute_care","observed_census_acute_care","observed_new_deaths","cumulative_hosp","observed_new_community_cases","num_non_ltch_tests","non_ltch_pct_positivity","num_ltch_tests","ltch_pct_positivity","observed_pct_positivity","pct_positivity_7_day","adjusted_new_episodes","adjusted_active_cases","adjusted_episode_cases"
"1",2020-03-01,7,7,0,0,0,2,0,0,2,0,0,1,1,0,0,2,NA,NA,NA,NA,NA,NA,NA,NA,2
"2",2020-03-02,10,10,0,0,0,3,2,0,1,0,0,1,1,0,0,3,NA,NA,NA,NA,NA,NA,NA,NA,3
"3",2020-03-03,11,11,0,0,0,1,0,0,1,0,0,1,1,0,0,1,NA,NA,NA,NA,NA,NA,NA,NA,1
"4",2020-03-04,12,12,0,0,0,1,0,0,1,0,0,1,1,0,0,1,NA,NA,NA,NA,NA,NA,NA,NA,1
"5",2020-03-05,18,18,0,0,0,6,2,0,4,0,0,1,1,0,0,6,NA,NA,NA,NA,NA,NA,NA,NA,6
"6",2020-03-06,23,23,0,0,0,5,0,1,4,0,0,1,1,0,0,4,NA,NA,NA,NA,NA,NA,NA,NA,5
"7",2020-03-07,27,27,0,0,0,4,0,0,4,0,0,1,1,0,0,4,NA,NA,NA,NA,NA,NA,NA,NA,4
"8",2020-03-08,36,36,0,0,0,9,1,0,8,0,0,1,1,0,0,9,NA,NA,NA,NA,NA,NA,NA,NA,9
"9",2020-03-09,45,45,0,1,0.1,9,0,0,9,0,0,1,1,0,0,9,NA,NA,NA,NA,NA,NA,NA,NA,9
"10",2020-03-10,52,52,0,0,0.1,7,1,0,6,0,0,1,1,0,0,7,NA,NA,NA,NA,NA,NA,NA,NA,7
"11",2020-03-11,61,61,0,0,0.1,9,0,0,9,0,0,1,1,0,0,9,NA,NA,NA,NA,NA,NA,NA,NA,9
"12",2020-03-12,75,75,0,3,0.6,14,1,0,13,0,0,1,1,0,0,14,NA,NA,NA,NA,NA,NA,NA,NA,14
"13",2020-03-13,97,97,0,1,0.7,22,2,2,18,0,0,1,1,0,0,20,NA,NA,NA,NA,NA,NA,NA,NA,22
"14",2020-03-14,115,115,0,4,1.3,18,1,1,16,1,0,2,2,0,1,17,NA,NA,NA,NA,NA,NA,NA,NA,18
"15",2020-03-15,142,142,0,4,1.9,27,1,0,26,0,0,2,2,0,1,27,NA,NA,NA,NA,NA,NA,NA,NA,27
"16",2020-03-16,156,156,0,0,1.7,14,0,0,14,0,0,2,2,0,1,14,NA,NA,NA,NA,NA,NA,NA,NA,14
"17",2020-03-17,179,178,0,5,2.4,23,1,0,22,2,0,4,4,0,3,23,127,0,4,0,0,0,23,178,23
"18",2020-03-18,195,193,0,4,3,16,0,0,16,0,0,3,3,0,3,16,210,0.0190499997138977,1,0,1.89597153550641,0.947985767753203,16.4428308015705,198.341646543944,16
"19",2020-03-19,220,218,0,1,2.7,25,0,0,25,4,0,7,7,0,7,25,110,0.0272699999809265,9,0,2.52075630075791,1.47224261208811,25.91993447713,226.021828640574,25
"20",2020-03-20,242,240,0,2,2.9,22,1,1,20,3,1,10,9,0,10,21,137,0.00730000019073486,4,0,0.709290798674238,1.28150465873464,22.2174350968576,242.484972535515,22
"21",2020-03-21,262,260,0,4,2.9,20,0,2,18,3,1,10,9,0,13,18,204,0.0147099995613098,3,0,1.44968111618705,1.31513995022512,20.3809175763009,265.50214276879,20
"22",2020-03-22,288,286,0,6,3.1,26,0,1,25,3,5,13,8,0,16,25,159,0.0314499998092651,2,0,3.10593165818208,1.61360523488461,27.1334906175231,298.967132664464,26
"23",2020-03-23,309,307,0,9,4.4,21,1,0,20,4,5,17,12,0,20,21,138,0.0362299990653992,3,0,3.54591480214545,1.88964945877902,22.0870101936954,322.891053784024,21
"24",2020-03-24,327,323,1,8,4.9,18,1,3,14,3,7,20,13,1,23,15,253,0.0197599995136261,4,0,1.94524508830638,2.16754161425136,18.4259431241321,332.171975272978,18
"25",2020-03-25,351,347,1,8,5.4,24,0,2,22,4,8,23,15,0,27,22,153,0.0588199996948242,2,0,5.80610319568265,2.7261318514194,25.8646333900552,376.410353924962,23
"26",2020-03-26,365,357,1,19,8,14,1,3,10,2,7,25,18,0,29,11,274,0.025550000667572,3,0,2.52732858588979,2.72707074929538,14.4058265165176,370.17091512698,14
"27",2020-03-27,382,365,1,27,11.6,17,3,2,12,5,9,26,17,0,34,15,577,0.0294600009918213,4,0,2.92571782655437,3.04370318184968,17.6406336141718,380.58875127818,17
"28",2020-03-28,407,387,2,26,14.7,25,1,1,23,3,8,25,17,1,37,24,367,0.0817399978637695,3,0,8.10772411243335,3.99485218131344,27.840509390872,432.80321392781,25
"29",2020-03-29,426,399,2,11,15.4,19,5,4,10,7,8,31,23,0,44,15,184,0.0434800004959106,0,0,4.34800004959106,4.17229052294329,19.9520654934345,424.324942125357,19
"30",2020-03-30,451,408,3,48,21,25,8,3,14,4,12,32,20,1,48,22,549,0.0783199977874756,0,0,7.83199977874756,4.78458837674359,27.5152512461744,454.646477656325,25
"31",2020-03-31,468,405,3,51,27.1,17,2,3,12,6,13,34,21,0,54,14,943,0.064689998626709,0,0,6.4689998626709,5.43083905879567,18.3220601144511,443.245310453765,17
"32",2020-04-01,495,408,3,37,31.3,27,6,4,16,3,15,33,18,0,57,22,575,0.0573899984359741,4,0.25,5.87206374795943,5.44026199483521,27.8858166594627,442.973327139127,27
"33",2020-04-02,512,404,6,32,33.1,17,5,4,7,6,14,34,20,3,63,12,107,0.0841100025177002,9,0,7.75842264602924,6.1875611462837,17.3590664950355,449.755238666196,17
"34",2020-04-03,539,410,6,26,33,27,3,4,19,5,14,37,23,0,68,22,217,0.110600004196167,2,0,10.9589958495745,7.33517229242944,29.5194878378649,475.590455160209,27
"35",2020-04-04,556,417,7,18,31.9,17,3,7,6,7,14,43,29,1,75,9,315,0.0253999996185303,3,0,2.51603769806196,6.53635994751924,16.3305564827761,432.315783701959,17
"36",2020-04-05,583,428,8,40,36,27,4,8,13,4,13,43,30,1,79,17,422,0.0663500022888184,5,0.2,6.79149905524154,6.88543123404074,26.6853906935372,470.432189225525,27
"37",2020-04-06,602,428,9,40,34.9,19,3,7,9,4,12,44,32,1,83,12,238,0.117650003433228,4,0.25,11.9837606682266,7.47853993253774,21.0992318093223,502.872601199163,19
"38",2020-04-07,625,426,9,25,31.1,23,2,11,10,4,14,45,31,0,87,12,285,0.108769998550415,6,0,10.6527318167932,8.07621592598378,24.866071436597,492.245535999194,23
"39",2020-04-08,645,428,11,26,29.6,20,1,11,7,5,16,44,28,2,92,8,368,0.0434800004959106,6,0.333330001831055,4.813000051733,7.92492111223715,19.5620719063956,458.070846992164,20
"40",2020-04-09,681,436,11,25,28.6,36,1,20,13,6,16,47,31,0,98,14,295,0.0949199962615967,5,0,9.33379963239034,8.14997496743159,35.9075350861373,495.406092682561,36
"41",2020-04-10,715,452,11,37,30.1,34,0,20,13,4,16,48,32,0,102,13,331,0.090629997253418,8,0,8.84912362562872,7.84856464972505,34.6793052286888,510.388151028256,34
"42",2020-04-11,758,481,11,31,32,43,0,34,7,5,19,52,33,0,107,7,225,0.102220001220703,11,0.363639984130859,11.4404830932617,9.12348542046787,42.1690374639619,561.329574309385,43
"43",2020-04-12,791,496,13,35,31.3,33,0,18,14,1,18,48,30,2,108,14,227,0.101319999694824,12,0.5,12.1337405567887,9.88666277783175,34.479754949725,583.854175361686,33
"44",2020-04-13,815,503,16,16,27.9,24,0,19,5,3,20,50,30,3,111,5,165,0.0606099987030029,26,0.0384599995613098,5.75948155737672,8.99748004771035,24.4203774600053,545.289972476538,24
"45",2020-04-14,848,505,17,32,28.9,33,0,26,7,5,20,50,30,1,116,7,208,0.0673099994659424,18,0.166669998168945,7.52236276812258,8.55028446932883,33.7686671814259,560.453846660009,33
"46",2020-04-15,877,503,23,60,33.7,29,2,18,9,4,16,50,34,6,120,11,390,0.1,24,0.208330001831055,10.6280000106148,9.38099874916909,30.7065941666379,581.037896892626,29
"47",2020-04-16,947,552,23,21,33.1,70,1,55,13,7,13,52,39,0,127,14,310,0.0354800009727478,11,0,3.42641753942424,8.5370870216025,69.7002519802896,579.609935222848,70
"48",2020-04-17,979,556,25,73,38.3,32,0,26,6,0,13,49,36,2,127,6,378,0.0846599960327148,66,0.5,14.6399726352176,9.36435116582948,33.2822642697188,674.823155660611,32
"49",2020-04-18,1019,578,30,31,38.3,40,0,31,9,1,11,46,35,5,128,9,421,0.0617600011825562,8,0,6.06082995288022,8.59582928863213,40.7962705143374,629.138261920778,40
"50",2020-04-19,1036,581,34,37,38.6,17,0,13,4,5,15,47,32,4,133,4,452,0.0442500019073486,47,0.127659997940063,5.21062540386864,7.60681283821498,17.3042537006842,625.192850024376,17
"51",2020-04-20,1097,618,38,16,38.6,61,1,47,13,3,13,45,32,4,136,14,325,0.0523099994659424,43,0.0232599997520447,4.89155701515467,7.48282361789754,61.9996804088089,662.128749474565,61
"52",2020-04-21,1133,629,46,51,41.3,36,0,26,10,2,11,43,32,8,138,10,543,0.069980001449585,25,0.36,8.27449661745152,7.59027131065882,37.2078906187006,704.976319916265,36
"53",2020-04-22,1174,646,53,35,37.7,41,1,31,9,4,9,45,36,7,142,10,656,0.0243899989128113,122,0.106560001373291,3.72752692215241,6.60448944087848,41.5441351913451,681.151133360896,41
"54",2020-04-23,1219,662,56,50,41.9,45,0,35,10,5,11,48,37,3,147,10,775,0.0361299991607666,105,0.0285700011253357,3.522795394063,6.61825770582687,45.5142489875597,696.043282976449,45
"55",2020-04-24,1260,669,64,38,36.9,41,0,36,5,7,10,48,38,8,154,5,517,0.0406199979782104,94,0.106379995346069,5.07369206501886,5.25164619579848,41.3703225302302,718.549154544801,41
"56",2020-04-25,1361,743,77,53,40,101,0,95,6,5,9,49,40,13,159,6,557,0.0502699995040894,28,0.0357100009918213,4.95731106864082,5.09400064090713,101.4341936297,796.7676444779,101
"57",2020-04-26,1415,760,86,87,47.1,54,0,41,13,5,9,50,41,9,164,13,358,0.0502799987792969,81,0.0123500001430511,4.32815252268233,4.96793308645194,54.8213569466758,808.017790728738,54
"58",2020-04-27,1476,783,94,87,57.3,61,0,54,7,8,11,55,44,8,172,7,269,0.0632000017166138,80,0.1,7.16355314090806,5.29250396155957,61.7320024800121,864.879705978493,61
"59",2020-04-28,1495,777,102,65,59.3,19,0,12,7,7,13,60,47,8,179,7,503,0.0616300010681152,11,0.272730007171631,6.61477054788908,5.05540023733636,19.6759255289271,852.027733710908,19
"60",2020-04-29,1520,766,110,27,58.1,25,0,17,8,7,13,61,48,8,186,8,668,0.0314400005340576,74,0.148649997711182,4.31294072606172,5.13903078075198,25.503673964266,814.226782078467,25
"61",2020-04-30,1540,756,121,30,55.3,20,0,10,10,2,11,55,44,11,188,10,603,0.0414599990844727,6,0.333330001831055,4.43355656139957,5.26913951894292,20.6471996576442,804.928294117903,20
"62",2020-05-01,1563,739,134,43,56,23,0,16,7,6,11,57,46,13,194,7,516,0.031010000705719,55,0.0909099960327148,3.67797025323123,5.06975068868754,23.3758307216849,778.67698618931,23
"63",2020-05-02,1584,740,138,22,51.6,21,0,15,6,4,12,57,45,4,198,6,508,0.0511800003051758,28,0.0357100009918213,5.03718660126871,5.08116147906296,21.4411896497112,794.413390131048,21
"64",2020-05-03,1603,721,147,23,42.4,19,0,13,6,3,12,52,40,9,201,6,826,0.0205800008773804,231,0.0043299999833107,1.70286761786764,4.70612077837514,19.1491482502638,738.922648073369,19
"65",2020-05-04,1621,718,151,14,32,18,0,11,7,6,10,52,42,4,207,7,637,0.0109899997711182,24,0.125,1.51295459216374,3.89889241426881,18.154600167239,733.857560011081,18
"66",2020-05-05,1646,717,155,29,26.9,25,0,24,1,3,9,50,41,4,210,1,923,0.0292499995231628,29,0.172409992218018,3.36109656871868,3.4340818458159,25.0490644591641,752.179217220639,25
"67",2020-05-06,1662,692,159,23,26.3,16,0,11,5,4,10,53,43,4,214,5,598,0.0167200005054474,149,0.0134200000762939,1.60617674881196,3.04740127763736,16.1172328611975,708.225027989727,16
"68",2020-05-07,1685,669,165,32,26.6,23,0,16,7,6,10,55,45,6,220,7,813,0.0356699991226196,234,0.0128199994564056,3.05631224063884,2.85065208895726,23.3123070487274,698.847630799804,23
"69",2020-05-08,1698,636,171,16,22.7,13,0,8,5,4,8,55,47,6,224,5,715,0.00978999972343445,127,0.0472399997711182,1.54386339349022,2.54577968042283,13.112684686197,650.333492084264,13
"70",2020-05-09,1715,619,177,12,21.3,17,0,12,5,5,6,52,46,6,229,5,1100,0.0154499995708466,164,0.0304900002479553,1.74013920637626,2.0747729097239,17.1270106158592,634.72391424337,17
"71",2020-05-10,1727,550,183,25,21.6,12,0,8,4,3,5,53,48,6,232,4,907,0.0176400005817413,316,0.0126600003242493,1.63532629845479,2.06512414980778,12.095488360718,563.129649598726,12
"72",2020-05-11,1747,530,186,14,21.6,20,0,14,6,1,5,51,46,3,233,6,517,0.00967000007629395,197,0.0152300000190735,1.12040616851561,2.00904580357234,20.0981324783357,538.66836891965,20
"73",2020-05-12,1770,513,191,13,19.3,23,0,17,6,4,6,50,44,5,237,6,835,0.0131700003147125,322,0.00310999989509583,1.03702422031165,1.67703546808562,23.0908293435836,520.765908876398,23
"74",2020-05-13,1791,496,193,21,19,21,0,15,6,2,7,47,40,2,239,6,1249,0.0144099998474121,224,0.0133899998664856,1.42548878340193,1.65122290159847,21.1248536031717,506.321231195523,21
"75",2020-05-14,1805,467,197,25,18,14,0,10,4,2,6,45,39,4,241,4,1046,0.0267700004577637,127,0.0236199998855591,2.64289518024611,1.59216332154237,14.1543213293577,485.017015202517,14
"76",2020-05-15,1825,452,200,17,18.1,20,0,12,8,1,5,43,38,3,242,8,1163,0.012039999961853,137,0.0146000003814697,1.23097846214588,1.54746547420746,20.1437561611289,460.122223103782,20
"77",2020-05-16,1841,433,206,19,19.1,16,0,6,10,1,4,41,37,6,243,10,967,0.0134399998188019,25,0.04,1.41093546620781,1.50043636846911,16.2059648812509,441.918279358164,16
"78",2020-05-17,1852,392,211,15,17.7,11,0,8,3,1,2,41,39,5,244,3,353,0.0254999995231628,10,0.1,2.7552341134095,1.66042319917693,11.120660685179,407.766329530061,11
"79",2020-05-18,1867,384,212,25,19.3,15,0,8,7,2,1,42,41,1,246,7,376,0.0398900008201599,17,0.0588199996948242,4.07088557333133,2.08192025700774,15.41598048858,406.819501087819,15
"80",2020-05-19,1879,347,218,23,20.7,12,0,8,4,0,1,39,38,6,246,4,359,0.0390000009536743,31,0.225809993743896,5.38490003805894,2.70304537382878,12.3144297732816,374.276782832179,12
"81",2020-05-20,1894,333,222,17,20.1,15,0,9,6,3,1,40,39,4,249,6,675,0.0296300005912781,36,0.0555600023269653,3.09429120715661,2.94144572007945,15.2710182015981,348.041510188694,15
"82",2020-05-21,1902,319,228,11,18.1,8,0,1,7,0,1,37,36,6,249,7,478,0.0209200000762939,36,0,1.94547860631683,2.8418147809467,8.19879731979678,328.059477859311,8
"83",2020-05-22,1909,303,232,7,16.7,7,0,3,4,1,1,35,34,4,250,4,514,0.00583999991416931,14,0,0.568515143159664,2.74717716394867,7.03319617565924,305.514610306187,7
"84",2020-05-23,1918,299,235,6,14.9,9,1,3,5,1,0,34,34,3,251,6,582,0.00859000027179718,43,0,0.799900825309753,2.65988650096323,9.07006053038282,302.491349764077,9
"85",2020-05-24,1928,296,236,8,13.9,10,0,3,7,1,1,35,34,1,252,7,332,0.0150600004196167,25,0.04,1.68064989896716,2.50637447032861,10.1717359904892,303.261979026401,10
"86",2020-05-25,1943,292,239,6,11.1,15,1,7,7,0,1,34,33,3,252,8,401,0.0174600005149841,8,0,1.71184846124905,2.16936916860257,15.1999131347876,299.296829419746,15
"87",2020-05-26,1949,283,242,16,10.1,6,0,2,4,1,1,34,33,3,253,4,1123,0.00800999999046326,41,0.0731699991226196,1.03051545990701,1.54731422886658,6.06017284260277,287.257228614146,6
"88",2020-05-27,1954,257,242,8,8.9,5,0,1,4,1,1,32,31,0,254,4,1150,0.00957000017166138,13,0.0769199991226196,1.03228376491871,1.25274173711831,5.06027609572538,260.872739150356,5
"89",2020-05-28,1958,233,243,4,7.9,4,0,2,2,1,1,30,29,1,255,2,1403,0.00284999996423721,88,0,0.268179071081476,1.01312751779898,4.0078296239413,233.912151189162,4
"90",2020-05-29,1965,224,246,7,7.9,7,0,3,4,2,1,31,30,3,257,4,1380,0.0065200001001358,37,0,0.634975309681539,1.0226218273021,7.03707685217023,226.076303721533,7
"91",2020-05-30,1968,207,247,15,9.1,3,1,1,1,0,1,31,30,1,257,2,1020,0.0127499997615814,119,0,1.1417910234252,1.07146328417574,3.03333516779264,210.450189866538,3
"92",2020-05-31,1972,192,248,10,9.4,4,0,1,3,3,1,34,33,1,260,3,1309,0.00535000026226044,11,0.0909099960327148,0.606300022701423,0.917984730423488,4.02655185481596,193.699318708221,4
"93",2020-06-01,1983,183,249,5,9.3,11,0,5,6,2,1,33,32,1,262,6,763,0.00130999997258186,20,0,0.127653892602805,0.691671220616881,11.011180760337,183.34101319028,11
"94",2020-06-02,1986,165,250,8,8.1,3,0,1,2,0,1,28,27,1,262,2,858,0.0104900002479553,9,0,1.03811075118174,0.692756262227556,3.0303081696808,167.500423998666,3
"95",2020-06-03,1996,155,250,8,8.1,10,0,7,3,0,1,23,22,0,262,3,1110,0.00449999988079071,141,0,0.399280564962245,0.602327233662346,10.0174857977812,155.903432885363,10
"96",2020-06-04,2003,144,253,8,8.7,7,0,2,5,0,0,20,20,3,262,5,1430,0.00559000015258789,21,0,0.550909732474203,0.642717328147021,7.04021022234772,145.158054403614,7
"97",2020-06-05,2007,135,255,15,9.9,4,0,1,3,1,0,21,21,2,263,3,1366,0.00952000021934509,29,0,0.932209340474939,0.685179332546079,4.04082448645818,136.837101890618,4
"98",2020-06-06,2010,127,255,2,8,3,0,0,3,0,0,21,21,0,263,3,1404,0.000710000023245811,68,0,0.0677201109128477,0.5317406307586,3.00296568445613,127.125547308643,3
"99",2020-06-07,2011,117,256,4,7.1,1,0,0,1,0,0,20,20,1,263,1,870,0.00230000004172325,22,0,0.22432735832951,0.477173107276898,1.00327467547781,117.383137030904,1
"100",2020-06-08,2014,109,256,0,6.4,3,0,0,3,0,0,19,19,0,263,3,701,0.0014300000667572,12,0,0.140593274445554,0.47902159039729,3.00615703788785,109.223705709925,3
"101",2020-06-09,2024,106,257,3,5.7,10,0,3,7,0,0,18,18,1,263,7,1338,0.00224000006914139,10,0,0.222338285794598,0.362482666770557,10.0227194764109,106.344037785651,10
"102",2020-06-10,2034,104,257,7,5.6,10,0,4,6,0,0,17,17,0,263,6,1281,0.00233999997377396,12,0,0.231828303666237,0.338560915156841,10.0203050345726,104.351953932593,10
"103",2020-06-11,2041,103,258,5,5.1,7,0,2,5,0,0,16,16,1,263,5,1529,0.00326999992132187,6,0,0.325721816267175,0.306391212841551,7.02377403389986,103.489745098337,7
"104",2020-06-12,2045,106,258,10,4.4,4,0,2,2,0,0,16,16,0,263,2,1596,0.00814999997615814,13,0,0.808415162333648,0.288706330249938,4.02360209051361,107.250910797221,4
"105",2020-06-13,2048,104,258,6,5,3,0,3,0,0,0,16,16,0,263,0,1479,0.00270000010728836,23,0.0434800004959106,0.332446083228058,0.326524326294968,3,104.504708461032,3
"106",2020-06-14,2051,101,258,1,4.6,3,0,1,2,0,0,16,16,0,263,2,768,0,13,0,0,0.294477560819324,3,101,3
"107",2020-06-15,2056,99,258,2,4.9,5,0,2,3,0,0,14,14,0,263,3,720,0.00555999994277954,17,0,0.543175028331244,0.351989239945851,5.02378740549546,99.7849843813501,5
"108",2020-06-16,2060,98,258,3,4.9,4,0,1,3,1,0,14,14,0,264,3,1250,0.000799999982118607,14,0,0.0791139222822989,0.331528616586952,4.00346465660516,98.1131787824352,4
"109",2020-06-17,2063,88,258,8,5,3,0,0,3,1,1,6,5,0,265,3,1098,0.0091100001335144,26,0,0.889927059305944,0.425542724535481,3.03897280750576,89.1432023535024,3
"110",2020-06-18,2065,74,258,2,4.6,2,0,0,2,0,1,6,5,0,265,2,1304,0.00230000004172325,122,0,0.210322584460527,0.409057119991674,2.0061404744824,74.2271975558487,2
"111",2020-06-19,2068,72,258,5,3.9,3,0,0,3,0,1,5,4,0,265,3,1875,0.0010700000077486,19,0,0.105926611115556,0.308701612674804,3.00463887167108,72.111332920106,3
"112",2020-06-20,2074,73,258,1,3.1,6,0,0,6,1,1,5,4,0,266,6,1792,0.000560000017285347,158,0,0.0514625656910432,0.268561110169516,6.00450742708733,73.0548403628958,6
"113",2020-06-21,2080,77,258,1,3.1,6,0,0,6,0,1,4,3,0,266,6,1102,0.00363000005483627,86,0,0.336722227308886,0.316664285499357,6.02949232841185,77.3784848812854,6
"114",2020-06-22,2082,76,259,6,3.7,2,0,1,1,0,1,1,0,1,266,1,509,0.0039300000667572,10,0,0.385427752211833,0.294128960339441,2.00562637931474,76.4276048279206,2
"115",2020-06-23,2091,81,259,4,3.9,9,0,0,9,0,1,1,0,0,266,9,1255,0.00158999994397163,20,0,0.156505876837992,0.305184953847397,9.02056170788745,81.185055370987,9
"116",2020-06-24,2093,75,260,3,3.1,2,0,0,2,1,1,2,1,1,267,2,1733,0.00289000004529953,24,0,0.285052366448724,0.218774283439223,2.00832224835395,75.3120843132732,2
"117",2020-06-25,2099,73,260,6,3.7,6,0,0,6,0,1,2,1,0,267,6,1796,0.00277999997138977,21,0.0476200008392334,0.32982388366758,0.235845897611659,6.02888812649209,73.3514722056537,6
"118",2020-06-26,2103,67,260,6,3.9,4,0,0,4,0,1,2,1,0,267,4,2028,0.00196999996900558,23,0,0.194790830674954,0.248540786120145,4.01137403411272,67.190515071388,4
"119",2020-06-27,2106,69,260,3,4.1,3,0,0,3,0,1,1,0,0,267,3,1574,0.000640000030398369,80,0,0.0609044768952257,0.249889630577885,3.00266720562034,69.0613457292679,3
"120",2020-06-28,2108,68,260,2,4.3,2,0,0,2,0,1,1,0,0,267,2,880,0.00114000000059605,12,0,0.112466367771808,0.217853079215445,2.00328351262515,68.1116394292552,2
"121",2020-06-29,2112,69,260,1,3.6,4,0,0,4,2,1,3,2,0,269,4,854,0.00351000010967255,8,0,0.347742470262222,0.212469467508358,4.02030503543467,69.350261861248,4
"122",2020-06-30,2115,68,260,10,4.4,3,0,0,3,0,1,3,2,0,269,3,1605,0.00435999989509583,11,0,0.433032167798812,0.251973223359904,3.01896389051546,68.4298481850172,3
"123",2020-07-01,2117,67,260,4,4.6,2,0,0,2,0,2,3,1,0,269,2,1601,0.00312000006437302,15,0,0.309103966773589,0.255409166263456,2.00902444701909,67.3023189751393,2
"124",2020-07-02,2123,66,260,4,4.3,6,0,1,5,0,1,3,2,0,269,5,1012,0.00197999998927116,12,0,0.195679686439689,0.236245709516614,6.0142824191276,66.1885279324844,6
"125",2020-07-03,2131,74,260,4,4,8,0,0,8,0,1,3,2,0,269,8,1334,0.00300000011920929,14,0,0.296884284794154,0.2508304886765,8.03467074883431,74.3207044267173,8
"126",2020-07-04,2135,75,260,4,4.1,4,0,0,4,0,1,3,2,0,269,4,1257,0.00317999988794327,40,0,0.308192741645697,0.286157383640853,4.01799568667901,75.3374191252314,4
"127",2020-07-05,2137,72,260,5,4.6,2,0,0,2,0,1,2,1,0,269,2,734,0.00272000014781952,47,0,0.255631255889824,0.306609510514855,2.00746328411531,72.2686782281511,2
"128",2020-07-06,2143,72,260,0,4.4,6,0,1,5,0,1,2,1,0,269,5,602,0,10,0,0,0.256932014763109,6,72,6
"129",2020-07-07,2150,73,260,6,3.9,7,0,1,6,0,1,1,0,0,269,6,1272,0.0039300000667572,21,0,0.386617175940847,0.250301301640543,7.03386245337481,73.4119931827268,7
"130",2020-07-08,2163,79,260,5,4,13,0,1,12,0,1,1,0,0,269,12,1684,0.00296999990940094,39,0,0.29027741424441,0.247611794136374,13.05084877764,79.3347544527967,13
"131",2020-07-09,2171,83,260,5,4.1,8,0,0,8,1,0,2,2,0,270,8,1504,0.00266000002622604,41,0,0.258941102876632,0.256649139341652,8.03023966710444,83.3137365462085,8
"132",2020-07-10,2187,96,260,12,5.3,16,0,0,16,0,0,2,2,0,270,16,1900,0.00684000015258789,14,0.0714300012588501,0.73124453017455,0.318700602967423,16.1707924382708,97.024754629625,16
"133",2020-07-11,2194,101,260,7,5.7,7,0,0,7,1,1,2,1,0,271,7,1571,0.00381999999284744,25,0,0.376016290022765,0.328389681307004,7.03842295176814,101.554388304083,7
"134",2020-07-12,2217,121,260,9,6.3,23,0,2,21,1,1,3,2,0,272,21,1068,0.00842999994754791,13,0,0.832862159480219,0.410851238962775,23.2553162463888,122.471107895859,23
"135",2020-07-13,2240,139,260,6,7.1,23,0,2,21,0,0,3,3,0,272,21,808,0.00619000017642975,65,0,0.572911814725686,0.492695783923587,23.1756277342926,140.162488336508,23
"136",2020-07-14,2259,149,260,4,6.9,19,0,2,17,1,0,4,4,0,273,17,1406,0.00356000006198883,66,0,0.340038049399205,0.486041622989067,19.0843844575762,149.739604951697,19
"137",2020-07-15,2280,168,260,15,8.3,21,0,0,21,1,0,5,5,0,274,21,1404,0.00782999992370605,46,0,0.758159992612641,0.552881991327385,21.2324160862307,169.859328689845,21
"138",2020-07-16,2302,186,260,7,8.6,22,0,1,21,0,0,5,5,0,274,21,1695,0.00708000004291534,25,0.04,0.755848841438459,0.623868811121932,22.2317075963132,188.052267281631,22
"139",2020-07-17,2332,213,260,17,9.3,30,0,0,29,0,1,5,4,0,274,29,1787,0.00726999998092651,21,0,0.718555860946663,0.622056144089377,29.3041897384665,215.23422118253,30
"140",2020-07-18,2358,232,260,16,10.6,26,0,0,24,2,1,6,5,0,276,24,1551,0.00708999991416931,81,0,0.673810653607635,0.664598196030073,24.2360669236768,234.281980262209,26
"141",2020-07-19,2376,250,260,28,13.3,18,0,0,18,0,1,6,5,0,276,18,2025,0.0212299990653992,22,0,2.10018310246377,0.845644045027723,18.5518431938209,257.664488803069,18
"142",2020-07-20,2406,275,260,47,19.1,30,0,0,27,2,3,8,5,0,278,27,1548,0.0148599994182587,35,0.0285700011253357,1.51631264301018,0.980415591925508,27.5976384707373,281.08705849825,30
"143",2020-07-21,2430,294,260,23,21.9,24,0,0,23,0,3,8,5,0,278,23,1428,0.0161099994182587,15,0,1.59425358068423,1.15958923925194,23.535267977718,300.842121106483,24
"144",2020-07-22,2457,314,260,13,21.6,27,0,1,23,2,3,9,6,0,280,23,1771,0.00902999997138977,16,0,0.894914938406899,1.17912566007969,24.3004661962905,318.102016766749,27
"145",2020-07-23,2476,322,260,29,24.7,19,0,1,17,1,3,10,7,0,281,17,1667,0.0101999998092651,32,0,1.0007886805206,1.21411706566285,18.248357529704,326.704183797923,19
"146",2020-07-24,2499,337,260,34,27.1,23,0,1,18,0,3,7,4,0,281,18,2036,0.0122800004482269,83,0,1.17989999587494,1.28002337065261,19.3100300070737,342.804450687991,23
"147",2020-07-25,2511,336,260,26,28.6,12,0,1,10,0,3,7,4,0,281,10,2126,0.00800000011920929,320,0,0.695339339878943,1.28309889726279,11.10150392275,339.410531804401,12
"148",2020-07-26,2518,338,260,21,27.6,7,0,0,6,2,4,9,5,0,283,6,1816,0.0121099996566772,73,0,1.16420113163186,1.14938718714395,6.10196832678954,343.744215742477,7
"149",2020-07-27,2533,340,261,22,24,15,0,1,13,1,4,9,5,1,284,13,1601,0.00874000012874603,24,0,0.861091704992147,1.05578419599852,14.1634100577356,344.273801510009,15
"150",2020-07-28,2553,330,261,14,22.7,20,0,1,18,1,4,10,6,0,285,18,1488,0.00739000022411346,24,0,0.727269863325452,0.931929379232976,19.1910971113311,333.50344704107,20
"151",2020-07-29,2569,324,261,20,23.7,16,2,2,12,2,4,11,7,0,287,14,2254,0.00620999991893768,52,0,0.606996522865808,0.89079817701282,16.1240509985357,326.87089453754,16
"152",2020-07-30,2589,334,261,19,22.3,20,1,0,18,1,4,12,8,0,288,19,1891,0.00898999989032745,134,0,0.83951060704243,0.867758452230225,19.2328444089728,338.093159610363,20
"153",2020-07-31,2599,321,261,18,20,10,0,1,9,1,3,13,10,0,289,9,2129,0.00797999978065491,207,0,0.727286795077667,0.803099423544901,10.0955507801555,324.407977825545,10
"154",2020-08-01,2617,309,261,15,18.4,18,0,0,18,1,2,13,11,0,290,18,1629,0.00551999986171722,83,0.0120500004291534,0.58365828331525,0.787144986892945,18.1533617953534,311.632710820234,18
"155",2020-08-02,2625,294,261,2,15.7,8,0,0,8,0,2,13,11,0,290,8,1340,0.00149000003933907,11,0,0.147786828476266,0.641942943585003,8.01725884552856,294.634262573175,8
"156",2020-08-03,2634,280,261,10,14,9,0,1,7,0,1,12,11,0,290,7,1046,0.0114699995517731,47,0,1.09767790769942,0.675740972543185,8.11216542055115,284.486616822046,9
"157",2020-08-04,2646,268,261,20,14.9,12,0,1,11,1,1,11,10,0,291,11,1699,0.0058899998664856,12,0,0.584869069150148,0.655398001946713,12.093915519445,270.288123564661,12
"158",2020-08-05,2655,248,261,12,13.7,9,1,0,8,1,1,12,11,0,292,9,1599,0.005,70,0,0.479029358897543,0.637116978522675,9.06293477245815,249.734202618847,9
"159",2020-08-06,2665,224,261,13,12.9,10,0,0,10,1,2,10,8,0,293,10,1639,0.00305000007152557,10,0,0.303150401287472,0.560494091986252,10.0442531482819,224.991270521515,10
"160",2020-08-07,2677,225,261,6,11.1,12,0,3,9,1,2,10,8,0,294,9,1689,0,39,0,0,0.456595978403729,12,225,12
"161",2020-08-08,2683,208,261,14,11,6,1,1,4,0,1,10,9,0,294,5,1518,0.00725000023841858,95,0,0.682300084433937,0.470687664277827,6.04980024219166,210.071690075173,6
"162",2020-08-09,2685,199,261,16,13,2,0,1,1,2,2,12,10,0,296,1,1589,0.00441000014543533,102,0,0.414399185753799,0.508775143888903,2.00604929715982,200.203810134805,2
"163",2020-08-10,2697,200,261,8,12.7,12,2,0,10,0,1,12,11,0,296,12,1384,0.00578000009059906,27,0,0.566939767922686,0.432955409635084,12.0993125637054,201.655209395089,12
"164",2020-08-11,2710,204,261,8,11,13,2,1,10,0,1,12,11,0,296,12,1460,0.00342000007629395,41,0,0.332658235269098,0.396925290509219,13.0582727549759,204.990636834591,13
"165",2020-08-12,2717,187,261,12,11,7,3,0,4,0,2,10,8,0,296,7,1486,0.00268999993801117,7,0,0.267738774808078,0.366740921353581,7.02735869243933,187.730867926594,7
"166",2020-08-13,2739,190,261,11,10.7,22,0,0,22,0,2,9,7,0,296,22,1689,0.00532999992370605,56,0,0.515895121555273,0.397133024248982,22.1656800158381,191.430872864057,22
"167",2020-08-14,2750,185,261,6,10.7,11,4,1,6,1,2,10,8,0,297,10,1882,0.00477999985218048,36,0,0.469028139822923,0.464137044223685,11.0684675716471,186.266650075471,11
"168",2020-08-15,2754,177,261,2,9,4,0,0,4,1,2,11,9,0,298,4,2044,0.00734000027179718,21,0,0.726535620123653,0.470456406465073,4.0424231515352,178.877224455433,4
"169",2020-08-16,2758,158,261,26,10.4,4,0,1,3,0,2,11,9,0,298,3,1196,0.00501999974250793,22,0,0.492932651234769,0.481675472962354,4.02158712798874,159.136922074074,4
"170",2020-08-17,2782,173,262,8,10.4,24,1,4,19,1,1,9,8,1,299,20,1358,0.00662999987602234,32,0,0.647736678535132,0.493217888764132,24.1891100071854,174.635801562154,24
"171",2020-08-18,2808,192,262,15,11.4,26,1,1,24,0,1,7,6,0,299,25,1888,0.00583000004291534,77,0.0519500017166138,0.763724692783889,0.554798811266245,26.2787166199748,194.140543641407,26
"172",2020-08-19,2832,201,262,23,13,24,4,3,15,2,1,7,6,0,301,19,1519,0.0118499994277954,25,0.04,1.23057960691847,0.69234750156773,22.3413102572656,204.610703247915,24
"173",2020-08-20,2849,209,263,24,14.9,17,1,0,16,3,0,6,6,1,304,17,1607,0.00995999991893768,103,0,0.936007009925898,0.752363485620677,17.2322811931185,211.855692315398,17
"174",2020-08-21,2870,216,263,16,16.3,21,3,2,16,0,0,6,6,0,304,19,1804,0.00721000015735626,116,0.00861999988555908,0.729518764093518,0.789576431945047,21.2023373665978,218.300256378165,21
"175",2020-08-22,2889,226,263,16,18.3,19,1,0,18,1,0,7,7,0,305,19,1864,0.00589999973773956,73,0,0.56776455917122,0.766894851808986,19.1574736544207,227.873107678899,19
"176",2020-08-23,2906,236,263,13,16.4,17,1,1,15,0,0,7,7,0,305,16,694,0.0172899997234344,5,0,1.71663230444399,0.941709087981731,17.4009436033942,241.913918150064,17
"177",2020-08-24,2925,252,263,19,18,19,2,0,17,1,1,8,7,0,306,19,1142,0.00962999999523163,58,0,0.91645499954621,0.980097419554742,19.2541854991818,255.3713024102,19
"178",2020-08-25,2939,254,263,23,19.1,14,0,1,13,4,2,11,9,0,310,13,1647,0.0145700001716614,73,0,1.3951622257399,1.0703027814056,14.2647610452371,259.173023499249,14
"179",2020-08-26,2957,262,263,15,18,18,1,4,13,0,2,11,9,0,310,14,1832,0.0049099999666214,41,0,0.480251998870817,0.963113123113079,18.098148404092,263.836777276579,18
"180",2020-08-27,2970,265,263,16,16.9,13,1,3,9,1,2,9,7,0,311,10,1469,0.00612999975681305,9,0,0.609267228874044,0.916436011534243,13.0889393281625,267.356892196305,13
"181",2020-08-28,2998,275,263,20,17.4,28,0,3,21,1,1,9,8,0,312,21,2137,0.00607999980449677,35,0,0.598202559033591,0.897676553668539,24.1833806833629,277.401413710705,28
"182",2020-08-29,3019,289,263,12,16.9,21,0,2,18,0,1,9,8,0,312,18,1790,0.00726000010967255,11,0.0909099960327148,0.777091068999096,0.927580340786807,20.2041881095525,292.278353536704,21
"183",2020-08-30,3039,303,264,16,17.3,20,0,6,12,2,1,10,9,1,314,12,1402,0.00428000003099442,33,0,0.418157494317364,0.742083939340146,18.0732499202613,304.849560486597,20
"184",2020-08-31,3060,313,264,13,16.4,21,1,3,17,1,1,11,10,0,315,18,1353,0.00517000019550323,54,0,0.497157801315982,0.682184339592971,21.1306329665206,315.271562140052,21
"185",2020-09-01,3085,317,264,18,15.7,25,1,2,22,0,1,11,10,0,315,23,1361,0.0154299998283386,22,0.0909099960327148,1.66306939111269,0.720456791789084,25.5583727711645,324.695833411268,25
"186",2020-09-02,3121,327,264,15,15.7,36,1,9,26,0,1,9,8,0,315,27,1528,0.00261999994516373,51,0,0.253537676770752,0.688069031489075,36.0999291736556,328.210253325385,36
"187",2020-09-03,3143,328,264,24,16.9,22,1,4,17,1,1,8,7,0,316,18,1493,0.00938000023365021,133,0.00751999974250793,0.922785997207461,0.732857426965277,22.2424708451919,332.418357623497,22
"188",2020-09-04,3165,332,264,24,17.4,22,0,3,19,3,1,11,10,0,319,19,2705,0.00813000023365021,258,0.00774999976158142,0.809691210614641,0.763070091476856,22.2245737812059,335.924131334757,22
"189",2020-09-05,3190,339,264,17,18.1,25,1,11,13,2,1,13,12,0,321,14,2256,0.00398999989032745,164,0,0.371960320354493,0.705194270241913,25.076016990901,340.840697136817,25
"190",2020-09-06,3211,341,264,27,19.7,21,1,3,16,1,1,14,13,0,322,17,1310,0.00611000001430511,192,0.03125,0.932363516560565,0.778652273419513,20.2313770172127,345.641150757032,21
"191",2020-09-07,3252,366,264,29,22,41,2,6,33,0,1,12,11,0,322,35,1290,0.0147300004959106,44,0,1.4244153403092,0.911117636132829,41.7277642401501,373.61033462557,41
"192",2020-09-08,3304,403,264,24,22.9,52,0,14,36,3,1,14,13,0,325,36,1097,0.0127600002288818,4,0,1.27136423715562,0.855159756996104,50.6681262222505,410.479301876859,52
"193",2020-09-09,3349,434,264,15,22.9,45,2,10,31,0,1,13,12,0,325,33,1587,0.0144900000095367,29,0,1.42299690687715,1.02222536129702,43.6854944160693,443.015290199215,45
"194",2020-09-10,3426,496,264,33,24.1,77,1,21,52,2,2,14,12,0,327,53,1959,0.0127600002288818,61,0,1.23746734892968,1.06717984011448,74.9574048954724,504.959864682157,77
"195",2020-09-11,3456,510,264,60,29.3,30,0,1,25,0,1,12,11,0,327,25,2314,0.0155599999427795,93,0.0752699995040894,1.78670335776785,1.20675300399351,26.6520463793824,523.301746139402,30
"196",2020-09-12,3505,535,266,47,33.6,49,0,4,42,1,0,12,12,2,328,42,1900,0.0168400001525879,26,0,1.66126688940379,1.39093965671483,47.0185321103248,547.974159024376,49
"197",2020-09-13,3540,548,267,31,34.1,35,1,5,29,1,1,11,10,1,329,30,1199,0.0166799998283386,44,0,1.6089557356539,1.48759568801388,35.7046141761308,560.870952283989,35
"198",2020-09-14,3608,598,269,59,38.4,68,0,19,49,1,1,11,10,2,330,49,2394,0.0141999995708466,218,0.0412799978256226,1.6460121936674,1.51925238135077,69.1773759319378,612.36879198569,68
"199",2020-09-15,3680,646,270,41,40.9,72,0,14,55,1,1,11,10,1,331,55,2961,0.0121599996089935,28,0,1.20460886056306,1.5097158989804,69.9671520758675,657.359640745644,72
"200",2020-09-16,3756,684,271,41,44.6,76,0,7,66,1,0,11,11,1,332,66,1887,0.0190799999237061,162,0.00616999983787537,1.80592971350753,1.56442058564189,74.7399261072743,702.031961475388,76
"201",2020-09-17,3806,709,275,57,48,50,2,4,38,2,2,11,9,4,334,40,2512,0.0191100001335144,208,0.00481000006198883,1.80164707162801,1.6450176888845,45.0519999930577,727.646699876948,50
"202",2020-09-18,3894,777,275,46,46,88,1,6,78,0,2,11,9,0,334,79,2409,0.0128699994087219,281,0.0213499999046326,1.37558284568077,1.58628618715778,86.5863531235492,792.602485784781,88
"203",2020-09-19,3964,828,277,46,45.9,70,2,4,60,0,2,10,8,2,334,62,2101,0.0214199995994568,161,0,1.98954107685494,1.6331824996508,67.8006554722062,852.047463403011,70
"204",2020-09-20,4007,860,277,76,52.3,43,1,4,34,2,2,11,9,0,336,35,2847,0.0186199998855591,112,0,1.79152212484578,1.6592634123925,39.9153269422228,882.490890580332,43
"205",2020-09-21,4116,940,277,56,51.9,109,2,22,82,1,3,12,9,0,337,84,2949,0.0189900004863739,73,0,1.85312744653596,1.68885130565944,108.272325802507,965.428407789956,109
"206",2020-09-22,4226,1020,277,85,58.1,110,0,27,82,3,3,15,12,0,340,82,2507,0.0135599994659424,64,0.03125,1.40003573166541,1.71676943010263,110.675864871945,1040.84612401688,110
"207",2020-09-23,4333,1080,278,67,61.9,107,0,26,76,2,3,16,13,1,342,76,1896,0.0168799996376038,7,0.571430015563965,1.89198578149472,1.7290631541008,104.099024395315,1109.82824140711,107
"208",2020-09-24,4434,1133,279,38,59.1,101,2,18,75,2,3,18,15,1,344,77,2730,0.0128199994564056,55,0,1.25668217292593,1.65121102571479,96.4125447162626,1153.78458653929,101
"209",2020-09-25,4553,1196,281,57,60.7,119,5,16,86,3,3,20,17,2,347,91,3291,0.0133700001239777,59,0.0339000010490417,1.37315732745982,1.6508645231118,108.824096107321,1219.97383455336,119
"210",2020-09-26,4638,1243,283,76,65,85,3,14,66,3,4,21,17,2,350,69,3437,0.0299699997901917,12,0,2.98657260883992,1.79329759910965,86.0082102998114,1297.19138264733,85
"211",2020-09-27,4720,1273,284,109,69.7,82,2,12,64,2,4,22,18,1,352,66,2684,0.0331599998474121,13,0,3.30001629923819,2.00879676687999,81.1794064135107,1334.3240055212,82
"212",2020-09-28,4835,1343,285,86,74,115,3,11,97,6,4,27,23,1,358,100,3135,0.0258400011062622,192,0.0104200005531311,2.49501182970644,2.10049453590435,114.642156764308,1391.91416534465,115
"213",2020-09-29,4942,1374,288,58,70.1,107,5,18,74,4,3,27,24,3,362,79,2165,0.0263299989700317,79,0.0253200006484985,2.62944419881239,2.27612431692535,100.032334280034,1426.73958608565,107
"214",2020-09-30,5025,1404,288,108,76,83,1,10,67,5,5,30,25,0,367,68,3170,0.0305999994277954,281,0.0142299997806549,2.92670611777674,2.42394150782278,80.9051867421302,1463.9835615581,83
"215",2020-10-01,5126,1440,290,105,85.6,101,2,11,78,3,5,29,24,2,370,80,3844,0.0226300001144409,120,0.00833000004291534,2.21971040476944,2.56151696951471,93.5922228245264,1486.66001084148,101
"216",2020-10-02,5222,1490,291,115,93.9,96,0,13,79,1,5,29,24,1,371,79,3362,0.021710000038147,197,0,2.05082945007727,2.65832727274577,94.365062718114,1534.6068791138,96
"217",2020-10-03,5294,1502,292,65,92.3,72,2,6,63,5,6,31,25,1,376,65,3113,0.0301999998092651,485,0.0103100001811981,2.75188853513406,2.62480097650208,73.6111403802944,1562.33742848003,72
"218",2020-10-04,5351,1482,292,77,87.7,57,1,7,47,3,6,32,26,0,379,48,3118,0.0291899991035461,102,0,2.826534695803,2.55716074743991,56.9805307224851,1543.14888605673,57
"219",2020-10-05,5428,1482,292,82,87.1,77,3,13,58,3,6,33,27,0,382,61,3821,0.0177999997138977,238,0.00839999973773956,1.72488294763206,2.44714233571499,75.535944380119,1519.31589461207,78
"220",2020-10-06,5503,1453,293,139,98.7,75,5,15,52,2,7,34,27,1,384,57,2158,0.0194599997997284,55,0,1.89763576899295,2.34259827431222,73.5789694925954,1493.2498714516,75
"221",2020-10-07,5604,1467,293,173,108,101,12,22,63,3,10,36,26,0,387,75,2268,0.0313100004196167,76,0,3.02948297575472,2.35728068259479,100.31677342602,1531.87608821295,101
"222",2020-10-08,5684,1426,293,85,105.1,80,5,14,55,2,9,36,27,0,389,60,2434,0.0271199989318848,182,0,2.52332100153699,2.40065362499015,76.2100890772969,1478.52645040376,80
"223",2020-10-09,5767,1427,293,96,102.4,83,5,19,57,2,9,37,28,0,391,62,2508,0.0207299995422363,247,0.00810000002384186,1.95976547578285,2.38764448580523,82.7737067453704,1467.82386331683,83
"224",2020-10-10,5832,1412,294,68,102.9,65,5,8,50,6,9,43,34,1,397,55,2628,0.0300600004196167,21,0,2.98216991705371,2.42054182607947,65.3943139721886,1473.46856961328,65
"225",2020-10-11,5896,1377,294,138,111.6,64,6,6,48,5,10,46,36,0,402,54,2660,0.0233100008964539,238,0.0168099999427795,2.2776184393012,2.34212521800778,61.7953980760653,1422.78265093966,64
"226",2020-10-12,5957,1348,294,62,108.7,61,2,13,43,3,10,46,36,0,405,45,1994,0.0150499999523163,237,0.0126600003242493,1.47961093598233,2.30708635920068,58.971954806663,1377.11544620848,61
"227",2020-10-13,6042,1369,295,74,99.4,85,5,9,68,1,7,45,38,1,406,73,2117,0.0302300000190735,18,0,2.9975133508374,2.4642117280356,85.1942581512899,1428.90327957693,85
"228",2020-10-14,6109,1374,297,84,86.7,67,2,15,49,2,7,45,38,2,408,51,3004,0.0296300005912781,110,0.0363599991798401,2.98677333609447,2.45811035094128,68.2236092253331,1433.90664854133,67
"229",2020-10-15,6195,1399,297,107,89.9,86,4,24,52,5,8,49,41,0,413,56,2119,0.021710000038147,105,0.00952000021934509,2.11344829603708,2.39955710729844,81.7276894453306,1442.16138453603,86
"230",2020-10-16,6270,1419,298,77,87.1,75,2,10,59,4,8,47,39,1,417,61,3126,0.0214299988746643,280,0.0035699999332428,1.99617664308598,2.40475870262745,72.7775213679756,1460.34922657635,75
"231",2020-10-17,6317,1401,299,64,86.6,47,3,8,36,6,8,50,42,1,423,39,3037,0.0214000010490417,149,0,2.03991849296735,2.2701513563294,48.1613508646498,1442.7192964455,47
"232",2020-10-18,6374,1368,302,74,77.4,57,1,11,40,2,6,49,43,3,425,41,1144,0.0271000003814697,37,0.0540500020980835,2.79443272769098,2.34398196895651,53.6724900441581,1423.80405805874,57
"233",2020-10-19,6438,1348,303,69,78.4,64,1,6,57,3,6,48,42,1,428,58,1334,0.0374799990653992,27,0,3.67364575703472,2.65741551482114,67.1103645597676,1420.28916252701,64
"234",2020-10-20,6516,1352,305,46,74.4,78,3,14,57,4,5,46,41,2,432,60,1595,0.0250799989700317,48,0.0208299994468689,2.49558358677117,2.58571126281168,76.1857948407059,1401.25324374391,78
"235",2020-10-21,6604,1376,308,69,72.3,88,1,46,40,4,4,45,41,3,436,41,2258,0.0305599999427795,446,0.00897000014781952,2.69989274913919,2.54472832181807,88.6159071207848,1430.23141946829,88
"236",2020-10-22,6669,1361,308,88,69.6,65,1,24,36,1,3,44,41,0,437,37,2238,0.0268099999427795,87,0.0114900004863739,2.62367354469914,2.6176176430555,62.4170903667562,1413.12594565284,65
"237",2020-10-23,6748,1363,309,92,71.7,79,1,13,64,2,3,37,34,1,439,65,2768,0.0245700001716614,65,0.0153799998760223,2.4359145946735,2.68043735042515,80.3113272503207,1411.46675449519,79
"238",2020-10-24,6813,1354,312,63,71.6,65,2,17,41,2,3,36,33,3,441,43,2358,0.0211999988555908,191,0,1.96114544140773,2.6691840573452,61.231017661549,1392.76274217994,65
"239",2020-10-25,6883,1335,314,69,70.9,70,1,24,42,3,3,38,35,2,444,43,1751,0.0308400011062622,77,0,2.95409419787008,2.69199283879936,68.8542949720481,1392.56939041126,70
"240",2020-10-26,6956,1295,315,77,72,73,1,16,51,4,3,39,36,1,448,52,995,0.0392000007629395,121,0.0165299999713898,3.67420526484435,2.69207276848645,70.7890274217253,1364.45750982951,73
"241",2020-10-27,7034,1265,317,61,74.1,78,0,15,60,2,3,32,29,2,450,60,1354,0.0288000011444092,116,0,2.65273479928776,2.71452294170311,77.3234381203581,1313.98582037088,78
"242",2020-10-28,7146,1271,320,93,77.6,112,2,69,38,2,2,30,28,3,452,40,1900,0.0405299997329712,166,0.01807000041008,3.87253724882471,2.88204358451533,111.261213765467,1342.85006739773,112
"243",2020-10-29,7210,1255,321,65,74.3,64,0,18,42,9,2,38,36,1,461,42,2190,0.0292199993133545,96,0,2.79929127280168,2.90713183138712,61.716261285701,1306.2835217513,64
"244",2020-10-30,7260,1224,323,122,78.6,50,1,9,36,4,2,41,39,2,465,37,2789,0.0358599996566772,105,0.0571400022506714,3.66320799166528,3.0824594595288,47.9785604679749,1289.4529192649,50
"245",2020-10-31,7299,1154,324,83,81.4,39,0,5,32,2,2,40,38,1,467,32,2352,0.0276399993896484,322,0,2.43116224997955,3.1496047178962,38.1356642309704,1194.95489132937,39
"246",2020-11-01,7349,1113,327,50,78.7,50,1,6,40,1,2,38,36,3,468,41,1714,0.0256699991226196,104,0,2.42015283257261,3.07332737999656,48.4484805727148,1152.32094823004,50
"247",2020-11-02,7413,1066,327,56,75.7,64,3,8,47,6,2,43,41,0,474,50,1030,0.0174800002574921,14,0.0714300012588501,1.82034677038705,2.80849045221695,59.3286486709627,1094.32678966492,64
"248",2020-11-03,7484,996,328,36,72.1,71,1,36,33,2,2,44,42,1,476,34,1456,0.0219799995422363,13,0,2.1785486271951,2.74074957048942,71.0812651380284,1027.67470816107,71
"249",2020-11-04,7549,919,332,53,66.4,65,5,1,51,1,1,41,40,4,477,56,1466,0.0272900009155273,295,0.0033899998664856,2.32863096551824,2.52019153001707,58.9035957249295,950.239365557326,65
"250",2020-11-05,7596,876,332,45,63.6,47,0,6,34,5,2,44,42,0,482,34,2536,0.0240499997138977,41,0,2.36673648717286,2.45839798921295,41.1746672176764,906.264955373073,47
"251",2020-11-06,7670,870,336,79,57.4,74,1,12,58,5,3,47,44,4,487,59,2342,0.0234800004959106,116,0.0258599996566772,2.35923194148076,2.27211569632945,73.0319296920509,899.962353086174,74
"252",2020-11-07,7705,835,341,75,56.3,35,3,4,25,3,4,47,43,5,490,28,2499,0.0276099991798401,142,0,2.61254782091709,2.2980279207491,33.0678452139291,866.84466977253,35
"253",2020-11-08,7742,774,341,47,55.9,37,1,5,29,1,4,48,44,0,491,30,1176,0.0204099988937378,92,0.0108700001239777,1.97178223268467,2.23397497790797,35.8635077290226,796.278499408783,37
"254",2020-11-09,7813,744,345,31,52.3,71,3,24,42,7,4,47,43,4,498,45,711,0.0210999989509583,20,0.1,2.3258685710166,2.3061923779979,70.5278605221752,769.260627299963,71
"255",2020-11-10,7880,753,345,52,54.6,67,0,11,54,3,5,48,43,0,501,54,1374,0.0334800004959106,17,0,3.30708272332,2.46741153458718,67.6069028316521,789.351811708038,67
"256",2020-11-11,7936,751,348,77,58,56,0,6,48,2,5,47,42,3,503,48,2375,0.0261100006103516,241,0.0290499997138977,2.63808491516187,2.51161924167912,55.8484854372249,779.921095069914,56
"257",2020-11-12,7978,741,350,60,60.1,42,1,8,31,3,3,44,41,2,506,32,2318,0.0215700006484985,214,0.00467000007629395,2.0141643570121,2.4612517945133,40.9408727926626,762.787085605094,42
"258",2020-11-13,8017,717,352,79,60.1,39,1,7,27,0,3,36,33,2,506,28,2719,0.0217000007629395,200,0,2.02131901591067,2.41297851943186,35.826188068093,738.156315886526,39
"259",2020-11-14,8038,693,352,50,56.6,21,3,2,14,3,3,37,34,0,509,17,1710,0.015789999961853,245,0.0163300001621246,1.58576726212221,2.26629558246116,19.3935268729271,709.042007231677,21
"260",2020-11-15,8068,650,354,30,54.1,30,1,1,25,0,2,35,33,2,509,26,984,0.0152400004863739,306,0.00653999984264374,1.31762794034426,2.17284496926967,27.5000946044596,662.502365111491,30
"261",2020-11-16,8112,612,357,11,51.3,44,0,3,39,3,2,33,31,3,512,39,735,0.0122399997711182,53,0,1.14167510555481,2.0036744742037,42.6499697784771,622.199525754563,44
"262",2020-11-17,8153,589,357,40,49.6,41,1,10,29,1,2,32,30,0,513,30,1828,0.020789999961853,38,0,2.03666237568421,1.82218585311287,40.8919208590384,606.511379532455,41
"263",2020-11-18,8195,582,357,66,48,42,3,6,31,1,2,32,30,0,514,34,2684,0.0204900002479553,20,0.05,2.07082694768905,1.74114900061676,41.0278003242502,599.59352319746,42
"264",2020-11-19,8215,563,358,53,47,20,2,1,17,0,2,30,28,1,514,19,2476,0.0121200001239777,187,0.0160399997234344,1.23952685900304,1.63048650090118,20.343791843092,573.187095140043,20
"265",2020-11-20,8240,520,358,28,39.7,25,1,2,20,1,2,30,28,0,515,21,2643,0.00757000029087067,222,0.0225200009346008,0.872842966012306,1.46641849377284,23.2675724755081,526.625604155438,25
"266",2020-11-21,8269,488,359,27,36.4,29,4,4,19,2,2,31,29,1,517,23,1495,0.0187300002574921,71,0,1.7880811229215,1.49532047388702,27.6003452513817,500.737760116272,29
"267",2020-11-22,8296,475,362,26,35.9,27,3,4,19,3,4,31,27,3,520,22,1220,0.0147500002384186,36,0,1.4327229530948,1.51176261856567,26.460119802732,484.934404831714,27
"268",2020-11-23,8336,457,364,20,37.1,40,2,9,26,1,3,27,24,2,521,28,922,0.0173500001430511,13,0,1.71087701945381,1.5930771776941,37.6992989074565,468.413557168129,40
"269",2020-11-24,8379,466,364,21,34.4,43,2,7,33,1,3,23,20,0,522,35,1403,0.00855000019073486,41,0.0975599956512451,1.10772923056108,1.46037244267651,42.5659625384239,473.535386940158,43
"270",2020-11-25,8434,474,365,38,30.4,55,4,10,39,2,2,23,21,1,524,43,2618,0.0122200000286102,72,0.0138900005817413,1.22646989281736,1.33975000626627,53.7698593217709,482.486356244637,55
"271",2020-11-26,8479,490,365,60,31.4,45,3,4,37,3,2,23,21,0,527,40,3059,0.0143799996376038,224,0.00446000009775162,1.37031553193196,1.35843410239897,44.8001411335111,499.801728885511,45
"272",2020-11-27,8527,503,366,56,35.4,48,2,3,42,3,1,24,23,1,530,44,3154,0.0177600002288818,336,0.00298000007867813,1.63370546556817,1.46712874519267,48.0493309050653,514.995760119269,48
"273",2020-11-28,8571,505,367,60,40.1,44,2,3,39,2,1,25,24,1,532,41,2597,0.0119400000572205,191,0,1.1122015835223,1.3705745252785,44.6656614264159,513.199000496098,44
"274",2020-11-29,8616,517,369,22,39.6,45,0,4,38,5,1,28,27,2,537,38,898,0.0245000004768372,12,0,2.41769235474723,1.51128443980027,43.3411293262925,535.24641741298,45
"275",2020-11-30,8659,523,370,47,43.4,43,1,7,34,1,1,25,24,1,538,35,1135,0.0229099988937378,61,0,2.17415123280873,1.57746647027955,43.1108203310791,539.598829518697,43
"276",2020-12-01,8713,544,370,34,45.3,54,2,12,39,3,1,27,26,0,541,41,1906,0.0141700005531311,113,0.0176999998092651,1.43675686145195,1.62447041754967,53.8599103219922,555.409541833262,54
"277",2020-12-02,8755,558,371,49,46.9,42,1,5,34,6,1,31,30,1,547,35,2859,0.0101400005817413,81,0.0123500001430511,1.0200888324757,1.59498740892943,40.5211851859803,566.309180965058,42
"278",2020-12-03,8793,557,372,38,43.7,38,0,5,32,3,1,33,32,1,550,32,3327,0.0102199995517731,202,0,0.963500666158943,1.53687099953329,37.4500782467654,564.834174482759,38
"279",2020-12-04,8836,561,374,55,43.6,43,1,5,33,2,1,31,30,2,552,34,2994,0.0110199999809265,165,0.0121200001239777,1.10774548791865,1.46173385986907,39.5498002490938,570.071704110047,43
"280",2020-12-05,8871,550,374,46,41.6,35,3,2,29,1,1,31,30,0,553,32,2277,0.0184500002861023,209,0,1.68988940673592,1.54426069175673,34.7893948474817,563.567723941091,35
"281",2020-12-06,8910,544,375,33,43.1,39,0,7,30,1,2,31,29,1,554,30,1397,0.0157500004768372,20,0,1.55276998349623,1.42070035300659,37.6800086033424,556.330822673943,39
"282",2020-12-07,8964,547,376,23,39.7,54,0,4,45,2,1,30,29,1,556,45,1068,0.0168499994277954,25,0.04,1.73795053878184,1.3583859681456,50.1416578093823,560.87748492738,54
"283",2020-12-08,9011,551,376,57,43,47,1,1,44,0,1,27,26,0,556,45,2367,0.01942999958992,69,0,1.88796424586784,1.4228441659193,47.2402016496052,566.1855801985,47
"284",2020-12-09,9064,562,376,36,41.1,53,2,3,46,1,3,24,21,0,557,48,2911,0.00962000012397766,167,0.00598999977111816,0.942305078709412,1.41173220109555,51.6602657880368,569.730611934931,53
"285",2020-12-10,9109,561,376,60,44.3,45,2,0,43,1,3,23,20,0,558,45,3091,0.0139100003242493,252,0.00397000014781952,1.3160709255012,1.46209938100158,45.8645255525238,571.77775188813,45
"286",2020-12-11,9148,544,376,48,43.3,39,6,2,30,1,2,23,21,0,559,36,3047,0.0118099999427795,32,0,1.16872587936503,1.47081086549392,38.6141878022096,553.281060122278,39
"287",2020-12-12,9181,533,377,59,45.1,33,2,5,26,0,2,20,18,1,559,28,2616,0.0156700003147125,24,0,1.55275457663969,1.45122017548018,33.6346683990991,545.081366311422,33
"288",2020-12-13,9220,530,378,30,44.7,39,5,2,32,0,2,19,17,1,559,37,1502,0.0119799995422363,47,0,1.16165005244925,1.39534589961632,39.6274268009424,538.987464986472,39
"289",2020-12-14,9263,526,378,16,43.7,43,4,4,35,2,2,20,18,0,561,39,917,0.0174500000476837,20,0,1.70775347318313,1.39103203310222,43.9722452046625,539.112845580833,43
"290",2020-12-15,9309,534,379,54,43.3,46,1,7,37,1,1,20,19,1,562,38,2079,0.0134700000286102,49,0,1.31598355542672,1.30932050589635,45.7299953344502,544.258355489379,46
"291",2020-12-16,9364,552,379,53,45.7,55,3,4,47,0,1,18,17,0,562,50,2312,0.0168700003623962,94,0,1.62109064164007,1.4062898720293,55.1832140785281,565.06268342695,55
"292",2020-12-17,9401,547,380,61,45.9,37,1,5,29,1,0,17,17,1,563,30,3207,0.0134099996089935,83,0.0241000008583069,1.36796865706023,1.41370383368059,35.5990780771079,557.9231902726,37
"293",2020-12-18,9442,534,380,25,42.6,41,3,4,34,0,0,16,16,0,563,37,3298,0.00727999985218048,170,0.00587999999523163,0.72113724082124,1.34976259960291,41.3894983959196,539.62140928165,41
"294",2020-12-19,9481,531,380,46,40.7,39,1,6,29,3,0,19,19,0,566,30,2799,0.0117900002002716,140,0,1.12283805922287,1.28834595425765,36.49172739591,539.703574907607,39
"295",2020-12-20,9525,525,380,24,39.9,44,5,2,34,0,0,16,16,0,566,39,1360,0.0161800003051758,51,0,1.55951810170369,1.34518424700828,41.8878529716234,536.9518669257,44
"296",2020-12-21,9600,547,380,22,40.7,75,7,8,60,1,0,15,15,0,567,67,1365,0.00658999979496002,32,0.03125,0.715486737302822,1.20343185616823,75.6997814340753,552.713140961779,75
"297",2020-12-22,9684,591,380,73,43.4,84,5,7,70,2,0,15,15,0,569,75,3021,0.0225099992752075,48,0,2.21579367254486,1.33197615861368,84.4259207361311,610.116255400713,84
"298",2020-12-23,9784,658,380,52,43.3,100,5,6,88,1,1,13,12,0,570,93,2652,0.0199800002574921,199,0.0150800001621246,1.96379799070964,1.38093435133791,101.666034624328,676.862911643095,100
"299",2020-12-24,9859,685,380,49,41.6,75,11,6,56,2,1,13,12,0,572,67,3469,0.01557000041008,144,0,1.49494413015686,1.39907370463743,74.46212933479,699.948635736285,75
"300",2020-12-25,9924,716,380,47,44.7,65,6,2,56,0,1,10,9,0,572,62,2537,0.0295600008964539,161,0,2.77960423551903,1.69314041816568,66.5157106005405,745.0523998385,66
"301",2020-12-26,10016,758,380,95,51.7,92,5,4,82,2,2,12,10,0,574,87,951,0.0199800002574921,50,0,1.89819982466284,1.80390638465711,93.4107224209149,779.003765460385,93
"302",2020-12-27,10126,822,381,37,53.6,110,8,6,94,2,4,12,8,1,576,102,1480,0.0270300006866455,32,0.0625,2.77806885028012,1.97798506302517,112.13646355379,855.335029815838,110
"303",2020-12-28,10257,915,381,65,59.7,131,15,6,108,1,2,13,11,0,577,123,1188,0.04125,39,0.0256399989128113,4.07538385962507,2.45797036621406,136.317448221748,969.434675795931,132
"304",2020-12-29,10378,993,381,112,65.3,121,5,15,101,3,4,12,8,0,580,106,1880,0.0505299997329712,25,0.04,5.03918107600976,2.8613114238519,128.797436652396,1066.04579807386,121
"305",2020-12-30,10515,1084,381,88,70.4,137,12,10,115,3,5,13,8,0,583,127,2458,0.0573600006103516,62,0,5.59487625000969,3.3800368894662,147.372423286238,1172.53312474238,137
"306",2020-12-31,10640,1171,381,147,84.4,125,0,9,116,2,5,13,8,0,585,116,2652,0.0331800007820129,144,0,3.14711595400208,3.6160614357298,130.329135456277,1224.79670361466,125
"307",2021-01-01,10757,1226,382,87,90.1,117,0,5,111,2,6,13,7,1,587,111,2759,0.0391400003433228,134,0.0149300003051758,3.80186246070242,3.76209832504171,122.160350261196,1294.04134612816,117
"308",2021-01-02,10870,1287,382,134,95.7,113,2,8,101,2,6,15,9,0,589,103,2369,0.0295499992370605,431,0,2.50014100687844,3.84808992250108,114.759133537025,1333.97092099176,113
"309",2021-01-03,10993,1314,383,106,105.6,123,0,5,118,4,5,19,14,1,593,118,1516,0.0600299978256226,126,0.0238100004196167,5.72506313986088,4.26908910672691,132.861621130348,1423.81500140066,123
"310",2021-01-04,11168,1426,383,117,113,175,4,30,140,5,8,21,13,0,598,144,1386,0.0533900022506714,155,0.00644999980926514,4.86685873393035,4.38215694591337,184.230509385422,1527.3104609973,175
"311",2021-01-05,11309,1499,385,105,112,141,2,19,120,6,8,23,15,2,604,122,2417,0.0575099992752075,97,0.0103100001811981,5.56888378145397,4.45782876097683,150.917769503609,1620.85849578614,141
"312",2021-01-06,11492,1593,385,132,118.3,183,11,42,129,7,7,28,21,0,611,140,2627,0.0513899993896484,211,0.0142200005054474,4.86264793880394,4.35322471651887,191.937723028265,1706.07709131447,183
"313",2021-01-07,11610,1630,385,186,123.9,118,2,7,108,6,9,32,23,0,617,110,2311,0.048899998664856,91,0.0109899997711182,4.74637747267502,4.58169064775786,124.621509314489,1742.93691075106,118
"314",2021-01-08,11740,1660,385,185,137.9,130,6,13,110,0,11,30,19,0,617,116,2661,0.0368300008773804,249,0,3.36785678126149,4.51968983640915,134.702924597316,1741.61081751331,130
"315",2021-01-09,11838,1669,387,155,140.9,98,6,2,90,4,11,30,19,2,621,96,3020,0.0324499988555908,375,0.00266999989748001,2.91606027998348,4.57910687542416,102.086521196221,1740.04587371346,98
"316",2021-01-10,11930,1653,387,114,142,92,5,3,82,5,11,34,23,0,626,87,1824,0.0509899997711182,78,0,4.88989272252995,4.45979681580546,96.2101860241007,1770.99353445791,92
"317",2021-01-11,12094,1706,387,66,134.7,164,2,25,135,3,13,34,21,0,629,137,1608,0.0342000007629395,115,0,3.1917354165297,4.22049348474822,168.383126853483,1785.48623658425,164
"318",2021-01-12,12234,1734,388,161,142.7,140,1,22,115,4,13,35,22,1,633,116,2211,0.0705600023269653,74,0.0135099995136261,6.87124311198812,4.40654481768167,149.63534672125,1907.92837254007,140
"319",2021-01-13,12322,1722,392,172,148.4,88,0,9,75,3,11,35,24,4,636,75,2532,0.0375200009346008,173,0.0115600001811981,3.58597125315181,4.22416243401708,87.9260343280067,1812.14174817103,88
"320",2021-01-14,12414,1710,392,128,140.1,92,2,14,75,9,10,41,31,0,645,77,2581,0.0337100005149841,146,0,3.19052113418313,4.00189724280395,94.5862319584924,1789.64229414314,92
"321",2021-01-15,12508,1680,394,145,134.4,94,6,7,79,5,11,41,30,2,650,85,2923,0.0372900009155273,206,0.00485000014305115,3.51542897748657,4.02297898512182,96.361976077928,1766.21317424611,94
"322",2021-01-16,12570,1634,395,119,129.3,62,0,0,60,2,9,39,30,1,652,60,2470,0.0323900008201599,289,0,2.89972098679938,4.02064480038124,62.5397647291923,1703.16625945834,62
"323",2021-01-17,12650,1575,397,72,123.3,80,2,3,72,2,9,39,30,2,654,74,2036,0.026029999256134,32,0,2.56272139678379,3.68819175384607,79.7683381656987,1633.92071095913,80
"324",2021-01-18,12771,1596,398,63,122.9,121,2,45,72,7,10,43,33,1,661,74,1021,0.0391799998283386,48,0,3.74207481990025,3.7668116686133,123.042315546212,1683.18291367236,121
"325",2021-01-19,12845,1540,405,81,111.4,74,3,24,47,8,9,45,36,7,669,50,2337,0.0410799980163574,89,0,3.95729412053698,3.35053324126313,76.8883802028236,1628.96211024697,74
"326",2021-01-20,12906,1499,405,166,110.6,61,1,9,49,2,7,37,30,0,671,50,3065,0.0225099992752075,163,0.00612999975681305,2.16828803404187,3.14800706710457,60.582606710743,1546.44654918808,61
"327",2021-01-21,12977,1466,407,81,103.9,71,1,9,60,3,7,37,30,2,674,61,2636,0.0242799997329712,117,0,2.32481217929939,3.02433435926403,72.0701591412502,1515.75169346021,71
"328",2021-01-22,13058,1438,408,95,96.7,81,1,4,75,5,6,37,31,1,679,76,2311,0.0307200002670288,111,0.00901000022888184,2.97250332958338,2.94677355242072,83.2977821847173,1500.39751028452,81
"329",2021-01-23,13106,1371,408,84,91.7,48,1,4,40,4,9,39,30,0,683,41,2122,0.0329900002479553,276,0,2.91929860409346,2.9495703548913,46.7472232567593,1429.42544109798,48
"330",2021-01-24,13152,1290,409,44,87.7,46,2,9,35,3,8,38,30,1,686,37,1247,0.0224499988555908,36,0,2.18200690357925,2.8951825701478,47.1785387589492,1331.08959456877,46
"331",2021-01-25,13215,1231,409,29,82.9,63,1,18,43,4,7,39,32,0,690,44,825,0.0206100010871887,48,0,1.94768051511233,2.63884052660667,63.2509974415677,1265.99949660386,63
"332",2021-01-26,13278,1170,410,74,81.9,63,1,19,41,8,5,40,35,1,698,42,2354,0.024210000038147,79,0,2.34238964610761,2.40813988740247,62.4361323184556,1210.00654315698,63
"333",2021-01-27,13356,1131,412,80,69.6,78,1,26,50,1,4,30,26,2,699,51,2800,0.0196399998664856,175,0.00570999979972839,1.88205880978528,2.36724999822296,78.4011653584434,1162.07290236077,78
"334",2021-01-28,13394,1070,412,66,67.4,38,1,3,33,3,5,30,25,0,702,34,2355,0.0212299990653992,209,0.0287100005149841,2.18397183723271,2.34712994935629,38.0839568052589,1104.11275828315,38
"335",2021-01-29,13424,969,412,73,64.3,30,1,2,27,3,4,31,27,0,705,28,2847,0.0122899997234344,180,0.00555999994277954,1.18898015204222,2.09234092399327,30.4859802965709,985.818389549187,30
"336",2021-01-30,13443,872,413,42,58.3,19,1,6,12,2,5,33,28,1,707,13,2155,0.0157799994945526,216,0,1.43424288953019,1.88019010762709,19.2721774138879,890.256823454633,19
"337",2021-01-31,13486,814,414,25,55.6,43,3,5,35,4,6,32,26,1,711,38,922,0.0195200002193451,24,0,1.90247782264653,1.84025738177955,44.0553322864104,836.606328451002,43
"338",2021-02-01,13526,723,414,26,55.1,40,6,7,25,4,5,29,24,0,715,31,548,0.0292000007629395,29,0,2.77324097367259,1.95819459014531,39.2549757311078,752.269272696481,40
"339",2021-02-02,13568,659,415,59,53,42,4,5,31,3,5,27,22,1,718,35,2439,0.0221399998664856,107,0.0280399990081787,2.23879574109322,1.94339546085754,41.1438485919524,680.537034917046,42
"340",2021-02-03,13631,644,415,54,49.3,63,5,21,36,2,4,26,22,0,720,41,2865,0.0129100000858307,212,0,1.20205233168362,1.84625167827158,62.7194378083881,655.300437770779,63
"341",2021-02-04,13713,646,415,51,47.1,82,3,43,33,2,5,25,20,0,722,36,2814,0.0127900004386902,90,0,1.23936161275738,1.71130736048939,79.6513082310592,657.687364368452,82
"342",2021-02-05,13771,646,416,72,47,58,1,8,48,2,5,21,16,1,724,49,2435,0.0160199999809265,149,0,1.50962461120573,1.75711371179847,58.0798192688564,660.235984646555,58
"343",2021-02-06,13796,615,416,61,49.7,25,2,3,19,3,6,21,15,0,727,21,2369,0.0143499994277954,205,0.0146300005912781,1.43722994427581,1.75754043390498,24.4405868971152,627.902901986945,25
"344",2021-02-07,13821,570,418,33,50.9,25,1,2,19,3,4,23,19,2,730,20,1004,0.0249000000953674,75,0,2.31692308579693,1.81674690006933,22.6764374412052,589.278467074347,25
"345",2021-02-08,13868,567,420,24,50.6,47,1,7,38,2,5,21,16,2,732,39,852,0.0140799999237061,29,0,1.36165266004513,1.61509142669397,46.775205724909,578.270298615985,47
"346",2021-02-09,13923,585,420,43,48.3,55,5,8,39,0,2,19,17,0,732,44,2244,0.0178299999237061,149,0,1.67198160588368,1.5341179788069,53.0739157141427,599.278197563034,55
"347",2021-02-10,13980,601,421,40,46.3,57,0,6,50,3,4,20,16,1,735,50,2791,0.0125399994850159,100,0,1.21062395581734,1.53534249654029,56.8836195037664,611.621106435273,57
"348",2021-02-11,14040,627,422,51,46.3,60,1,11,46,1,3,16,13,1,736,47,2563,0.0152199995517731,58,0,1.48831968146488,1.57090793492707,59.0211278196988,640.622279637259,60
"349",2021-02-12,14091,629,424,52,43.4,51,1,7,41,3,2,16,14,2,739,42,2612,0.0157000005245209,173,0,1.47247401687787,1.56560070716595,49.9027821341502,642.520237199536,51
"350",2021-02-13,14123,627,424,46,41.3,32,0,3,28,6,2,21,19,0,745,28,2099,0.0219199991226196,46,0.0217400002479553,2.19161390068925,1.67336984379644,31.8957939050509,647.059384945248,32
"351",2021-02-14,14164,602,426,48,43.4,41,0,4,35,4,2,21,19,2,749,35,1175,0.0170200002193451,10,0,1.6876371525511,1.58347185333275,39.8622498896346,616.830698101715,41
"352",2021-02-15,14226,625,427,34,44.9,62,2,8,51,4,2,23,21,1,753,53,867,0.0265300011634827,26,0,2.57575711184093,1.75691534644644,62.9928141704566,648.500167104441,62
"353",2021-02-16,14277,620,427,60,47.3,51,3,13,32,3,2,24,22,0,756,35,1561,0.0333100008964539,23,0,3.28263329541443,1.98700844495083,49.6771675074843,649.709824418293,51
"354",2021-02-17,14334,636,427,49,48.6,57,5,6,44,2,2,25,23,0,758,49,2063,0.0184200000762939,222,0,1.66303983183345,2.0516392843817,56.189555629896,651.43994654314,57
"355",2021-02-18,14406,651,427,68,51,72,3,12,53,3,3,26,23,0,761,56,2348,0.0212899994850159,116,0,2.02877105482213,2.12884662343274,69.6584679856994,670.279690333755,72
"356",2021-02-19,14460,655,428,58,51.9,54,3,15,33,1,3,26,23,1,762,36,2576,0.0151400005817413,96,0,1.4596048465032,2.12700817052207,51.7670502626804,668.956053390434,54
"357",2021-02-20,14509,634,428,66,54.7,49,0,3,45,4,3,26,23,0,766,45,2384,0.0255900001525879,68,0,2.48803264126303,2.16935370488975,49.6343859226781,657.026681666177,49
"358",2021-02-21,14551,624,428,53,55.4,42,0,7,33,2,4,24,20,0,768,33,1000,0.03,28,0,2.91828793774319,2.34516095991719,41.4058147815624,650.582679505906,42
"359",2021-02-22,14616,639,428,32,55.1,65,0,11,54,1,6,23,17,0,769,54,863,0.0150600004196167,66,0,1.39900757396439,2.17705388307769,66.1028078555015,652.049892956768,65
"360",2021-02-23,14671,645,428,47,53.3,55,0,7,47,4,6,26,20,0,773,47,2036,0.019650000333786,84,0,1.88714154149001,1.97769791823134,55.294757270043,662.768477429314,55
"361",2021-02-24,14717,652,429,60,54.9,46,2,10,34,1,6,24,18,1,774,36,2874,0.0187899994850159,41,0,1.85257147581255,2.00477386737122,46.9735617421116,669.63228488491,46
"362",2021-02-25,14750,648,429,43,51.3,33,1,5,25,1,6,23,17,0,775,26,2376,0.0185199999809265,128,0.00781000018119812,1.79725239528254,1.97169977315127,31.6821320330367,665.000829131067,33
"363",2021-02-26,14815,651,429,57,51.1,65,5,12,43,1,6,21,15,0,776,48,2639,0.0181900000572205,181,0,1.70224858691507,2.00636316463868,61.1927522519706,667.176702417352,65
"364",2021-02-27,14861,656,430,71,51.9,46,0,4,34,3,6,23,17,1,779,34,2535,0.0209100008010864,47,0.0212800002098083,2.09167358794016,1.94974044273542,39.0381470041761,676.030130433516,46
"365",2021-02-28,14926,667,430,49,51.3,65,2,8,54,7,6,28,22,0,786,56,1552,0.0257699990272522,94,0,2.42983222905804,1.87996105578039,65.9863251464156,690.658551297486,65
"366",2021-03-01,15003,681,430,54,54.4,77,4,7,64,3,6,29,23,0,789,68,996,0.0291199994087219,45,0,2.78612098089212,2.07812011391293,77.7656352943996,708.697024051266,77
"367",2021-03-02,15066,690,431,61,56.4,63,1,6,54,3,4,29,25,1,792,55,2006,0.0259200000762939,41,0,2.54008403287961,2.17139761268287,63.0393736304822,715.584869182413,63
"368",2021-03-03,15125,700,431,65,57.1,59,0,5,51,6,5,32,27,0,798,51,2676,0.0209299993515015,109,0,2.01108360016582,2.19404220187619,57.4972224347269,720.550111849193,59
"369",2021-03-04,15182,696,431,61,59.7,57,3,3,50,1,5,31,26,0,799,53,2414,0.0202999997138977,225,0.00444000005722046,1.89477829944008,2.2079744738987,57.4659538462069,715.251016546414,57
"370",2021-03-05,15255,701,431,51,58.9,73,1,11,56,1,2,28,26,0,800,57,2440,0.0188499999046326,154,0,1.77309174122219,2.218094924514,69.4753399006852,719.144092462813,73
"371",2021-03-06,15311,714,433,46,55.3,56,3,3,47,1,2,27,25,2,801,50,1957,0.0209500002861023,25,0,2.06857470029779,2.21479508342224,54.5098271774631,735.560332094174,56
"372",2021-03-07,15351,705,434,54,56,40,1,0,38,2,5,26,21,1,803,39,1752,0.0194099998474121,16,0.0625,1.97999545999242,2.15053268784143,40.1272359397654,725.376957372682,40
"373",2021-03-08,15434,746,435,38,53.7,83,1,9,65,6,4,29,25,1,809,66,1170,0.0205100011825562,142,0,1.8290168737493,2.01380352967817,76.7621694717569,765.917854938343,83
"374",2021-03-09,15491,752,435,70,55,57,0,8,47,1,3,27,24,0,810,47,2105,0.0318300008773804,57,0,3.09908195406502,2.0936603755618,57.1262628172112,786.020205075379,57
"375",2021-03-10,15571,775,435,76,56.6,80,5,8,64,0,2,24,22,0,810,69,2655,0.0180799996852875,173,0,1.69739742448509,2.04884806475027,78.7096950531508,794.203096611477,80
"376",2021-03-11,15632,772,438,73,58.3,61,1,7,52,1,2,20,18,3,811,53,2321,0.0280100011825562,86,0,2.70092283941475,2.16401157046094,62.0896525075878,802.437957280336,61
"377",2021-03-12,15714,778,438,93,64.3,82,5,4,67,2,2,17,15,0,813,72,2361,0.0228699994087219,133,0,2.16503883736938,2.22000401276768,78.2755386334814,802.588459122896,82
"378",2021-03-13,15782,796,438,56,65.7,68,5,3,54,5,4,22,18,0,818,59,2353,0.0187000000476837,99,0,1.79449837325448,2.18085025176149,63.5455430484992,816.851733332294,68
"379",2021-03-14,15850,820,438,65,67.3,68,2,10,51,2,3,23,20,0,820,53,1535,0.0299699997901917,36,0,2.92832270387933,2.31632557231676,65.2655874473311,855.052485034179,68
"380",2021-03-15,15957,867,439,58,70.1,107,4,3,97,4,5,25,20,1,824,101,1000,0.0320000004768372,13,0,3.1589339068941,2.50631371990888,108.657447184662,906.980264446557,107
"381",2021-03-16,16044,886,440,85,72.3,87,7,4,73,5,6,27,21,1,829,80,1583,0.0341100001335144,9,0,3.39171672181867,2.54811868673083,87.9609155688665,929.867139925196,87
"382",2021-03-17,16132,914,441,78,72.6,88,3,5,76,3,5,27,22,1,832,79,2842,0.0267400002479553,175,0,2.51889561500461,2.66547557109076,86.904847163007,947.607978569474,88
"383",2021-03-18,16225,952,442,63,71.1,93,6,3,80,2,5,24,19,1,834,86,2566,0.0284500002861023,161,0,2.67703339692477,2.66206279359219,92.3607659305526,989.202897277746,93
"384",2021-03-19,16350,999,444,117,74.6,125,8,5,104,2,4,24,20,2,836,112,2615,0.0382399988174438,97,0,3.68722702461709,2.87951824891329,123.02842589044,1052.77140593348,125
"385",2021-03-20,16453,1053,445,83,78.4,103,6,5,87,4,4,27,23,1,840,93,1997,0.0435699987411499,151,0.00662000000476837,4.09724895189927,3.20848261729112,103.562388607144,1115.98059358411,103
"386",2021-03-21,16539,1082,446,87,81.6,86,5,1,78,4,4,29,25,1,844,83,1306,0.0421099996566772,87,0,3.94800140356213,3.35415100296009,88.7834519549806,1144.35777126854,85
"387",2021-03-22,16688,1158,447,56,81.3,149,6,7,133,4,7,30,23,1,848,139,1150,0.0547800016403198,131,0,4.91779874210521,3.60541740799025,155.978645110904,1241.13144631962,149
"388",2021-03-23,16812,1197,448,108,84.6,124,2,0,120,5,9,31,22,1,853,122,1966,0.0350999999046326,153,0,3.25656440832976,3.58610993463469,127.79969998351,1253.90361377264,124
"389",2021-03-24,16965,1287,448,84,85.4,153,7,2,137,4,9,33,24,0,857,144,3106,0.0457200002670288,47,0,4.50384779033909,3.86967453111105,155.46743261076,1371.61517895867,153
"390",2021-03-25,17114,1369,449,123,94,149,7,4,132,8,10,40,30,1,865,139,3005,0.0379399991035461,282,0,3.4685031124477,3.98274163332861,150.037897124347,1438.31569182181,149
"391",2021-03-26,17263,1453,450,103,92,149,10,2,130,4,11,42,31,1,869,140,2390,0.0673600006103516,117,0,6.42163547900839,4.37337141252737,155.123803240948,1589.2063293507,149
"392",2021-03-27,17379,1507,451,138,99.9,116,7,3,100,5,13,44,31,1,874,107,2476,0.0626000022888184,117,0,5.97753974805686,4.64198438340702,119.3366757335,1638.49878813443,116
"393",2021-03-28,17516,1566,452,139,107.3,137,2,6,124,5,13,45,32,1,879,126,2480,0.0826599979400635,157,0,7.77386404593695,5.18853618946057,146.298599826295,1743.71116926967,137
"394",2021-03-29,17725,1714,452,111,115.1,209,7,1,189,4,12,47,35,0,883,196,1644,0.0839400005340576,40,0,8.19461762933437,5.65665317335045,220.446109586138,1919.03383587062,209
"395",2021-03-30,17934,1844,453,170,124,209,9,6,186,6,12,48,36,1,889,195,1968,0.0406500005722046,64,0,3.93696855935525,5.75385376635409,212.206824822337,1949.97633319174,209
"396",2021-03-31,18142,1948,454,163,135.3,208,7,5,191,8,14,54,40,1,897,198,3023,0.0793900012969971,224,0,7.3913142568778,6.16634897585962,224.363523529882,2158.18254462733,208
"397",2021-04-01,18379,2083,455,144,138.3,237,12,4,203,3,15,52,37,1,900,215,2634,0.0721299982070923,100,0.01,6.98575037591372,6.66881287064048,240.924896314037,2295.41655359135,237
"398",2021-04-02,18577,2177,456,242,158.1,198,15,7,162,6,15,56,41,1,906,177,3130,0.0939299964904785,99,0,9.10501359601108,7.05215260164086,207.525555686547,2466.35104367013,198
"399",2021-04-03,18828,2356,456,223,170.3,251,15,4,223,12,14,61,47,0,918,238,2885,0.101909999847412,36,0,10.0654005326869,7.63613271373086,276.969872107972,2702.17234742177,251
"400",2021-04-04,19058,2514,457,152,172.1,230,8,3,215,12,16,64,48,1,930,223,1818,0.0929599952697754,139,0,8.63573180380438,7.7592566791405,254.111889348082,2830.9205821573,230
"401",2021-04-05,19343,2659,458,184,182.6,285,8,4,269,5,18,67,49,1,935,277,2045,0.105620002746582,162,0,9.7867197832696,7.98669984398839,320.57336203376,3038.87570269952,285
"402",2021-04-06,19617,2796,459,156,180.6,274,7,6,245,10,20,70,50,1,945,252,1749,0.128640003204346,83,0,12.2811880788429,9.17873120391519,303.1779945451,3297.26060614325,274
"403",2021-04-07,19925,2937,460,219,188.6,308,4,6,289,12,24,76,52,1,957,293,3364,0.098100004196167,44,0,9.68334548462165,9.50616423645002,340.417041468671,3352.15990031907,308
"404",2021-04-08,20220,3107,461,170,192.3,295,21,7,255,11,30,83,53,1,968,276,3366,0.0858600044250488,194,0.0103100001811981,8.1742953631985,9.67595637749071,315.934072230476,3477.74696529018,295
"405",2021-04-09,20517,3260,463,261,195,297,12,3,276,14,32,89,57,2,982,288,3418,0.110299997329712,158,0,10.542656344322,9.8813339129637,335.322940349969,3761.7110609059,297
"406",2021-04-10,20804,3425,466,381,217.6,287,12,2,262,14,28,93,65,3,996,274,3187,0.0875399971008301,97,0,8.49543150914572,9.65705262388639,309.979894898,3849.748686225,287
"407",2021-04-11,21073,3563,466,205,225.1,269,7,5,249,13,29,101,72,0,1009,256,2714,0.145909996032715,29,0,14.4367382148301,10.4857678254615,314.950450086511,4313.8806783525,269
"408",2021-04-12,21388,3657,467,265,236.7,315,16,4,291,16,26,101,75,1,1025,307,2125,0.0804699993133545,107,0,7.66123425362358,10.1821270355121,345.333900380989,4065.98721072729,315
"409",2021-04-13,21624,3683,469,245,249.4,236,10,0,219,12,28,105,77,2,1037,229,2670,0.0767799997329712,178,0,7.19812497496605,9.45597516352965,253.062507959158,4069.99657997196,236
"410",2021-04-14,21897,3754,471,389,273.7,273,10,11,248,12,28,101,73,2,1049,258,3971,0.171490001678467,97,0.0103100001811981,16.7646722390061,10.4675932712989,332.139450590108,4672.70347874134,273
"411",2021-04-15,22119,3757,471,312,294,222,15,3,202,19,29,107,78,0,1068,217,3902,0.130959997177124,98,0.0101999998092651,12.8001377241611,11.1284278942935,260.547156362579,4459.00767951249,222
"412",2021-04-16,22355,3796,473,348,306.4,236,1,10,219,20,24,114,90,2,1088,220,2970,0.120539999008179,244,0.00409999996423721,11.1700123536268,11.2180501813371,265.872559098484,4414.96470153566,236
"413",2021-04-17,22536,3743,476,405,309.9,181,5,7,167,16,23,123,100,3,1104,172,2935,0.101870002746582,121,0.00825999975204468,9.81635857431988,11.4067540477905,203.647046612538,4279.35985738796,181
"414",2021-04-18,22698,3684,476,294,322.6,162,5,8,146,11,22,122,100,0,1115,151,1949,0.0646500015258789,188,0.0159599995613098,6.03665572725616,10.2067422638514,172.306363443195,4008.64001936906,162
"415",2021-04-19,22925,3624,477,258,321.6,227,5,4,218,22,22,116,94,1,1137,223,2084,0.112279996871948,88,0.0340899991989136,10.9112077997534,10.6710241990128,262.519244146219,4201.22753715649,227
"416",2021-04-20,23114,3511,478,188,313.4,189,8,2,179,17,26,118,92,1,1154,187,2775,0.100539999008179,221,0,9.3123663967856,10.9730586878442,214.420710634748,3988.28403763958,189
"417",2021-04-21,23309,3413,479,207,287.4,195,3,2,185,12,25,111,86,1,1166,188,2521,0.136850004196167,236,0.0211899995803833,12.6949474239937,10.3916694285567,224.839730054486,4045.48935465937,195
"418",2021-04-22,23485,3304,482,239,277,176,7,4,161,14,22,107,85,3,1180,168,2358,0.163269996643066,213,0.00939000010490417,15.0521478843522,10.7133851657268,208.914227442582,4029.97980637078,176
"419",2021-04-23,23693,3228,485,189,254.3,208,5,8,186,21,29,113,84,3,1201,191,2507,0.0805700016021729,86,0.0116299998760223,7.82835225630488,10.2360051518237,220.826784084886,3596.88407867022,208
"420",2021-04-24,23849,3107,486,227,228.9,156,2,2,150,17,31,119,88,1,1218,152,2464,0.0852299976348877,214,0.00467000007629395,7.87924175461875,9.95927417758067,171.482922780177,3464.36474393428,156
"421",2021-04-25,23998,2977,491,139,206.7,149,1,7,137,20,30,125,95,5,1238,138,1621,0.135719995498657,93,0.0215100002288818,12.9523070434428,10.9472243656073,171.092292776728,3539.87504055304,149
"422",2021-04-26,24161,2841,496,173,194.6,163,4,7,148,12,31,124,93,5,1250,152,1304,0.115030002593994,31,0,11.2358893919527,10.9936074502072,183.930849023762,3306.97725050334,163
"423",2021-04-27,24321,2748,497,189,194.7,160,3,5,148,10,31,121,90,1,1260,151,2425,0.0610300016403198,332,0.00903999984264374,5.47693267774876,10.4456883474877,168.072587879243,2967.70510921959,160
"424",2021-04-28,24487,2645,499,186,191.7,166,2,7,155,12,27,116,89,2,1272,157,2408,0.0689400005340576,38,0,6.78689784489005,9.60168126475858,179.554533486451,2907.04930618893,166
"425",2021-04-29,24613,2549,499,159,180.3,126,2,7,113,13,29,113,84,0,1285,115,2728,0.0652500009536743,111,0.00901000022888184,6.30511139933178,8.35210462404138,132.584653121992,2783.6111374605,126
"426",2021-04-30,24766,2458,502,178,178.7,153,4,3,139,13,27,109,82,3,1298,143,2122,0.0669199991226196,179,0,6.17141408684045,8.11539917126075,158.882695757421,2679.43822497721,153
"427",2021-05-01,24890,2403,506,138,166,124,3,5,113,7,28,109,81,4,1305,116,2051,0.089709997177124,70,0.0285700011253357,8.76921755252498,8.24253857096164,135.849261630649,2710.61013533145,124
"428",2021-05-02,24987,2342,506,128,164.4,97,0,4,91,9,27,108,81,0,1314,91,1279,0.0695900011062622,21,0,6.84658549345456,7.37029263524904,104.094973822229,2576.0706449633,97
"429",2021-05-03,25094,2225,509,102,154.3,107,4,3,100,10,22,98,76,3,1324,104,976,0.174179992675781,140,0.0071399998664856,15.3225154868163,7.9540963630867,130.26212760699,2722.67532620723,107
"430",2021-05-04,25199,2130,510,141,147.4,105,1,2,99,8,23,94,71,1,1332,100,2386,0.0389800000190735,57,0.0175399994850159,3.84797625935961,7.72138830331683,107.617180886702,2249.64595288675,105
"431",2021-05-05,25281,2015,511,114,137.1,82,1,2,75,8,23,88,65,1,1340,76,1904,0.0777299976348877,65,0.0307699990272522,7.61797691384447,7.84011388459603,86.4516065297681,2239.07877838793,82
"432",2021-05-06,25387,1945,513,122,131.9,106,3,6,92,12,22,88,66,2,1352,95,2133,0.0534499979019165,246,0,4.79230119902429,7.62399814169496,107.645898997259,2081.06603736494,106
"433",2021-05-07,25499,1847,516,108,121.9,112,4,4,103,19,23,95,72,3,1371,107,2302,0.0469199991226196,82,0.0122000002861023,4.57257709747193,7.39559285749945,118.142180800956,1970.28605550809,112
"434",2021-05-08,25588,1772,520,136,121.6,89,1,3,85,4,21,86,65,4,1375,86,1901,0.0489200019836426,86,0.0116299998760223,4.73060411475805,6.81864808067561,94.938832574175,1894.36757350509,89
"435",2021-05-09,25671,1710,523,69,113.1,83,0,5,78,4,22,83,61,3,1379,78,1173,0.172210006713867,123,0.00813000023365021,15.6637598691439,8.0782444200598,100.835145012324,2101.00125603942,83
"436",2021-05-10,25764,1644,523,82,110.3,93,3,2,87,9,22,85,63,0,1388,90,715,0.104899997711182,14,0,10.2885457288745,7.35910588321097,105.517068888266,1890.91179169232,93
"437",2021-05-11,25896,1613,525,124,107.9,132,1,6,123,5,21,79,58,2,1393,124,1899,0.0458099985122681,86,0.0232599997520447,4.48330212360065,7.44986672095969,138.115321263109,1718.56462255964,132
"438",2021-05-12,25993,1553,526,115,108,97,3,3,90,8,22,80,58,1,1401,93,2118,0.0495800018310547,174,0.00574999988079071,4.62525933060347,7.02233563763954,102.279210784521,1657.85606826195,97
"439",2021-05-13,26086,1525,526,78,101.7,93,1,1,90,8,20,77,57,0,1409,91,1684,0.0795699977874756,54,0.0185199999809265,7.76731624125886,7.44733778653019,102.318068466502,1697.91268583973,93
"440",2021-05-14,26169,1446,526,128,104.6,83,2,4,75,7,21,70,49,0,1416,77,1738,0.0471799993515015,105,0,4.44920449663102,7.42971312926721,86.0010260658472,1539.91537261318,83
"441",2021-05-15,26243,1398,527,85,97.3,74,2,8,63,7,19,64,45,1,1423,65,1779,0.0522800016403198,61,0,5.05468059337657,7.47600976906985,77.7961537825198,1501.15419981481,74
"442",2021-05-16,26312,1370,528,46,94,69,2,3,63,7,19,67,48,1,1430,65,805,0.0409899997711182,20,0,3.99963028069699,5.80970554214887,71.7950650976012,1449.98829513406,69
"443",2021-05-17,26386,1335,530,87,94.7,74,7,5,59,10,19,71,52,2,1440,66,774,0.229969997406006,19,0,22.4459997468157,7.54648468756904,92.6256372943247,1772.42766345339,74
"444",2021-05-18,26465,1303,531,97,90.9,79,1,6,71,5,16,64,48,1,1445,72,1920,0.0265599989891052,56,0,2.58072864671468,7.27468847658533,80.7124445237513,1352.08771131178,79
"445",2021-05-19,26536,1289,535,91,87.4,71,2,5,64,4,14,57,43,4,1449,66,2042,0.0665999984741211,122,0.0163900005817413,6.37693054321293,7.52492722124382,77.1438647658449,1408.99154065415,71
"446",2021-05-20,26596,1244,538,73,86.7,60,5,8,45,11,15,63,48,3,1460,50,1487,0.0511100006103516,65,0.0307699990272522,5.02581319873481,7.13328392945467,61.6682791079338,1335.26678420539,60
"447",2021-05-21,26677,1208,539,77,79.4,81,4,11,63,4,13,59,46,1,1464,67,1682,0.0416200017929077,190,0,3.73957494741831,7.03190827956714,81.6574893469044,1273.94398703075,81
"448",2021-05-22,26736,1176,543,77,78.3,59,0,13,46,8,15,58,43,4,1472,46,1380,0.0623199987411499,101,0.00990000009536743,5.87451034925179,7.14902681612074,62.9447140816558,1276.84747304407,59
"449",2021-05-23,26791,1152,544,39,77.3,55,0,4,51,5,12,59,47,1,1477,51,826,0.0375300002098083,14,0.0714300012588501,3.80950002272923,7.12186535069678,57.8361172547241,1216.06288387141,55
"450",2021-05-24,26842,1106,546,65,74.1,51,2,11,38,5,11,57,46,2,1482,40,733,0.0832199954986572,30,0,7.99479117962198,5.05740698395482,55.6682396335595,1235.07682586792,51
"451",2021-05-25,26902,1040,547,56,68.3,60,1,12,46,3,11,54,43,1,1485,47,1035,0.0647300004959106,19,0.0526300001144409,6.45118790469088,5.61032973509427,63.4261239850706,1137.93976477603,60
"452",2021-05-26,26958,999,550,76,66.1,56,1,11,44,1,8,47,39,3,1486,45,1371,0.0320900011062622,61,0.0491800022125244,3.28179969634424,5.1681681855416,58.1558106335902,1046.8589960657,56
"453",2021-05-27,27005,953,550,62,64.6,47,0,8,38,3,9,42,33,0,1489,38,1368,0.0548199987411499,113,0.00884999990463257,5.13124971418748,5.18323054489199,48.8463792999611,1024.38419665429,47
"454",2021-05-28,27040,903,553,65,62.9,35,0,1,30,1,7,34,27,3,1490,30,1589,0.0346099996566772,197,0.0152300000190735,3.24723401221823,5.11289612557769,32.4220696489783,945.804296434246,35
"455",2021-05-29,27075,864,555,45,58.3,35,0,3,31,5,9,36,27,2,1495,31,1074,0.024210000038147,104,0.00962000012397766,2.29219185516668,4.60113634070839,35.0372864012129,892.910175827354,35
"456",2021-05-30,27102,815,557,46,59.3,27,0,3,22,5,8,36,28,2,1500,22,718,0.0905300045013428,34,0,8.6436892595697,5.29173480311417,27.7759257910952,917.835432715571,27
"457",2021-05-31,27150,783,560,40,55.7,48,1,2,41,5,6,35,29,3,1505,42,783,0.0855700016021729,27,0.037039999961853,8.39523348808289,5.34894084718001,49.1471650556736,878.957862823629,48
"458",2021-06-01,27191,746,561,38,53.1,41,1,5,35,2,5,31,26,1,1507,36,1565,0.0172500002384186,27,0.037039999961853,1.75856346558387,4.67856592730758,41.9241587347752,765.15062267062,42
"459",2021-06-02,27222,707,561,47,49,31,0,0,30,1,6,30,24,0,1508,30,1688,0.042649998664856,43,0.0232599997520447,4.21683291366926,4.81214210121116,31.8466886213862,750.520295177335,31
"460",2021-06-03,27267,694,561,48,47,45,2,4,39,2,5,29,24,0,1510,41,1176,0.0136099994182587,186,0,1.17513651364701,4.24698307256252,45.7033284788449,705.905121080936,45
"461",2021-06-04,27297,646,563,43,43.9,30,0,0,27,3,6,29,23,2,1513,27,1195,0.0476999998092651,68,0.0147099995613098,4.59238161062873,4.43914701519259,28.8100382763871,689.306841723928,30
"462",2021-06-05,27316,614,566,39,43,19,1,0,18,2,4,30,26,3,1515,19,999,0.0160199999809265,90,0.0222199988365173,1.65323965805621,4.34786812989109,19.4585381147555,628.818021182097,19
"463",2021-06-06,27333,565,566,21,39.4,17,0,1,16,3,4,29,25,0,1518,16,608,0.106909999847412,22,0,10.3176634773375,4.58700730385793,19.4098353284527,650.097310035984,17
"464",2021-06-07,27360,532,567,17,36.1,27,1,3,23,1,4,27,23,1,1519,24,843,0.00949000000953674,30,0.0666699981689453,1.14549483998944,3.55133035413029,27.4013196311398,540.895918490267,27
"465",2021-06-08,27393,504,568,28,34.7,33,0,2,30,1,3,26,23,1,1520,30,1771,0.0299300003051758,100,0,2.83303209729911,3.70482587294676,33.2406771255141,524.843375708636,33
"466",2021-06-09,27420,478,569,33,32.7,27,1,0,24,2,4,24,20,1,1522,25,1194,0.0594600009918213,26,0,5.81928206428153,3.93374718017708,27.1237111264851,518.605356738395,27
"467",2021-06-10,27449,465,569,20,28.7,29,0,0,28,2,5,21,16,0,1524,28,1216,0.0304299998283386,136,0,2.73689939284465,4.1568561629196,29.1186723145335,483.577950937788,29
"468",2021-06-11,27471,456,569,36,27.7,22,0,1,20,1,4,16,12,0,1525,20,1055,0.017059999704361,96,0,1.56370979045186,3.72418876003719,21.4565330009981,466.408952422757,22
"469",2021-06-12,27489,433,569,29,26.3,18,0,0,18,2,6,17,11,0,1527,18,880,0.011360000371933,44,0,1.08190479732695,3.64256949421873,18.2842808315459,439.838533336633,18
"470",2021-06-13,27510,426,570,18,25.9,21,1,1,18,2,5,16,11,1,1529,19,583,0.132080001831055,17,0,12.8337735112508,4.00201378477777,23.5595409790535,505.808655635621,21
"471",2021-06-14,27529,389,573,22,26.6,19,2,1,16,2,4,15,11,3,1531,18,655,0.0564900016784668,29,0,5.40949577476546,4.61115677546006,20.4213967447912,419.717962984654,19
"472",2021-06-15,27556,376,573,22,25.7,27,3,0,24,0,4,15,11,0,1531,27,1518,0.0144900000095367,36,0,1.41543243336401,4.40864253775504,27.5578776110633,383.7689622874,27
"473",2021-06-16,27573,355,573,24,24.4,17,0,0,17,1,4,13,9,0,1532,17,1251,0.0223799991607666,42,0,2.16530386311825,3.88664565187458,17.5373457243969,366.221043068288,17
"474",2021-06-17,27584,313,573,12,23.3,11,0,0,11,0,5,12,7,0,1532,11,1101,0.0208899998664856,123,0.0243899989128113,2.12417154569252,3.79911310228141,11.3410894585243,322.705545501647,11
"475",2021-06-18,27598,283,573,26,21.9,14,1,0,13,1,4,13,9,0,1533,14,864,0.0196800005435944,63,0,1.83425247784958,3.83776205762395,14.3748635171244,290.577598239015,14
"476",2021-06-19,27607,250,573,18,20.3,9,0,0,9,0,3,11,8,0,1533,9,926,0.0194400000572205,37,0,1.86930841671715,3.9502482889654,9.24558933116531,256.821925865703,9
"477",2021-06-20,27619,237,573,7,18.7,12,0,0,10,0,3,11,8,0,1533,10,562,0.0266899991035461,15,0,2.59961516398491,2.48822566792741,10.3794854133104,245.993804295456,12
"478",2021-06-21,27630,227,574,13,17.4,11,0,0,11,2,2,10,8,1,1535,11,520,0.0230800008773804,7,0,2.27734354008308,2.04077534868707,11.3656850956958,234.546410611176,11
"479",2021-06-22,27641,204,574,13,16.1,11,0,0,10,0,2,7,5,0,1535,10,1297,0.0115699994564056,65,0,1.10178335498958,1.99596833749072,10.1608356181481,207.281046610222,11
"480",2021-06-23,27652,191,574,18,15.3,11,0,0,10,0,1,5,4,0,1535,10,1105,0.00814000010490417,18,0,0.800952815308914,1.80106104494653,10.1169211175448,193.233193345106,11
"481",2021-06-24,27658,179,574,8,14.7,6,1,0,5,1,0,5,5,0,1536,6,904,0.00995999991893768,51,0,0.942810463530855,1.63229517606629,6.08257748840285,181.463561737352,6
"482",2021-06-25,27662,158,574,7,12,4,0,0,4,2,0,7,7,0,1538,4,1024,0.00194999992847443,64,0,0.183529405032888,1.39647759423534,4.01071646805087,158.423300488009,4
"483",2021-06-26,27666,143,574,9,10.7,4,0,0,4,1,0,7,7,0,1539,4,764,0.00523999989032745,19,0,0.511284791342295,1.20247421918179,4.02985443738748,144.067296136603,4
"484",2021-06-27,27671,129,574,8,10.9,5,0,0,5,0,0,6,6,0,1539,5,398,0.0200999999046326,13,0,1.94642334842914,1.10916110267382,5.14206704113146,132.665329661192,5
"485",2021-06-28,27680,121,574,1,9.1,9,0,0,9,0,0,5,5,0,1539,9,555,0.00180000007152557,5,0,0.178392864231552,0.809311006123604,9.02343721550681,121.315100341814,9
"486",2021-06-29,27683,115,574,8,8.4,3,0,0,3,0,0,4,4,0,1539,3,929,0.00646000027656555,14,0,0.636409359165365,0.742829006720145,3.02787044083024,116.068366898493,3
"487",2021-06-30,27685,100,574,8,7,2,0,1,1,0,0,3,3,0,1539,1,1221,0.000820000022649765,51,0,0.0787122663251072,0.639651785436743,2.0011490222604,100.11490222604,2
"488",2021-07-01,27688,96,574,7,6.9,3,0,0,3,0,0,2,2,0,1539,3,884,0.00225999996066093,74,0,0.208542793864746,0.534756404055871,3.00913276889046,96.2922486044946,3
"489",2021-07-02,27692,85,574,6,6.7,4,0,0,4,2,0,3,3,0,1541,4,785,0.0140100002288818,29,0,1.35108724565998,0.701550381288312,4.07889135421902,86.6764412771542,4
"490",2021-07-03,27698,79,574,6,6.3,6,0,0,6,0,0,2,2,0,1541,6,627,0.00158999994397163,16,0,0.155043540415274,0.650658774013023,6.01357972429859,79.1787997032648,6
"491",2021-07-04,27700,74,575,2,5.4,2,0,0,2,1,0,3,3,1,1542,2,437,0.00685999989509583,34,0,0.636479820415473,0.463523984296785,2.01858235103875,74.6875469884337,2
"492",2021-07-05,27706,73,575,2,5.6,6,0,0,6,0,0,3,3,0,1542,6,505,0.00197999998927116,27,0,0.187951126801116,0.464889450378151,6.01646198530253,73.2002874878475,6
"493",2021-07-06,27711,69,575,12,6.1,5,0,2,3,0,0,3,3,0,1542,3,1174,0.00596000015735626,28,0,0.582116487914829,0.457133325913789,5.02549277897801,69.5863339164942,5
"494",2021-07-07,27717,68,575,6,5.9,6,0,0,6,0,0,3,3,0,1542,6,1218,0.0320199990272522,23,0,3.14265582717109,0.894839548891786,6.27525429040156,71.1195486245511,6
"495",2021-07-08,27719,59,576,5,5.6,2,0,0,2,1,0,4,4,1,1543,2,933,0.00321999996900558,87,0,0.294535291282569,0.907124191380046,2.00859910715212,59.2536736609874,2
"496",2021-07-09,27721,57,576,3,5.1,2,0,0,2,0,0,3,3,0,1543,2,823,0.00486000001430511,56,0,0.455037544001491,0.77911709114312,2.01328505179147,57.3786239760569,2
"497",2021-07-10,27722,53,576,0,4.3,1,0,0,1,0,0,3,3,0,1543,1,930,0,22,0,0,0.756968013940938,1,53,1
"498",2021-07-11,27727,55,576,0,4,5,0,0,5,0,0,3,3,0,1543,5,422,0.00237000003457069,8,0,0.23259070106717,0.699269568319752,5.01697650859047,55.1867415944952,5
"499",2021-07-12,27730,53,576,1,3.9,3,0,1,2,0,0,2,2,0,1543,2,460,0.00216999992728233,16,0,0.209705875325603,0.702377389537536,3.00612246934655,53.1622454376834,3
"500",2021-07-13,27732,52,576,2,2.4,2,0,0,2,0,0,2,2,0,1543,2,1188,0.000839999988675117,14,0,0.0830216294963427,0.63107812404918,2.00242385856334,52.0630203226469,2
"501",2021-07-14,27737,54,576,0,1.6,5,0,0,5,0,0,1,1,0,1543,5,1098,0,15,0,0,0.182127291596168,5,54,5
"502",2021-07-15,27748,60,576,1,1,11,0,0,11,0,0,1,1,0,1543,11,947,0.00105999998748302,31,0,0.102640080587569,0.154713690068311,11.01648146054,60.0898988756727,11
"503",2021-07-16,27751,60,576,8,1.7,3,0,0,3,0,0,1,1,0,1543,3,867,0.00460999995470047,34,0,0.443603769225894,0.153080293671797,3.01942685541032,60.3885371082065,3
"504",2021-07-17,27753,57,576,5,2.4,2,0,0,2,0,0,1,1,0,1543,2,761,0.00263000011444092,18,0,0.256922989356809,0.189783577865627,2.00750099692876,57.2137784124696,2
"505",2021-07-18,27761,62,576,4,3,8,0,0,8,0,0,1,1,0,1543,8,214,0.00467000007629395,17,0,0.432632041699959,0.21836091224174,8.05052364717066,62.3915582655726,8
"506",2021-07-19,27770,67,576,2,3.1,9,0,0,9,0,0,1,1,0,1543,9,367,0,10,0,0,0.188402930052368,9,67,9
"507",2021-07-20,27774,68,576,10,4.3,4,0,0,4,0,0,1,1,0,1543,4,1142,0.00437999993562698,22,0,0.429721643168901,0.237931503434162,4.02509188246408,68.4265620018894,4
"508",2021-07-21,27779,71,576,12,6,5,0,0,5,0,0,1,1,0,1543,5,1058,0.0103999996185303,8,0,1.03219508409053,0.385387944018523,5.07533864695239,72.0698087867239,5
"509",2021-07-22,27784,73,576,5,6.6,5,0,0,5,1,0,2,2,0,1544,5,1046,0.00477999985218048,28,0,0.46553816064998,0.437230526884582,5.03397905654528,73.4960942255611,5
"510",2021-07-23,27796,81,576,3,5.9,12,0,0,12,0,0,2,2,0,1544,12,928,0.00647000014781952,38,0,0.621548668444774,0.462651226772993,12.1088785709231,81.7349303537311,12
"511",2021-07-24,27799,83,576,2,5.4,3,0,0,3,0,0,2,2,0,1544,3,713,0.0028099998831749,16,0,0.274832636036173,0.465209747727188,3.01203581721506,83.3329909429499,3
"512",2021-07-25,27806,85,576,7,5.9,7,0,0,7,0,0,2,2,0,1544,7,410,0.00244000002741814,14,0,0.235943398877698,0.437111370181151,7.0241097050198,85.2927607038119,7
"513",2021-07-26,27815,89,576,5,6.3,9,0,0,9,1,0,3,3,0,1545,9,410,0,10,0,0,0.437111370181151,9,89,9
"514",2021-07-27,27823,96,576,7,5.9,8,0,0,8,0,0,3,3,0,1545,8,1125,0.0106700003147125,5,0,1.06227879239394,0.5274766772133,8.12405507158669,97.4886608590403,8
"515",2021-07-28,27829,96,576,8,5.3,6,0,0,6,0,0,2,2,0,1545,6,1074,0.00372000008821487,11,0,0.368228580160624,0.432624319509027,6.03225186024552,96.5160297639283,6
"516",2021-07-29,27833,92,576,9,5.9,4,0,0,4,0,0,2,2,0,1545,4,1234,0.00243000000715256,15,0,0.240081666038932,0.400416248850306,4.0140186119126,92.3224280739898,4
"517",2021-07-30,27836,87,576,4,6,3,0,0,3,0,0,2,2,0,1545,3,940,0.00745000004768372,21,0,0.72872008791079,0.415726451631166,3.03191302861819,87.9254778299274,3
"518",2021-07-31,27843,88,576,8,6.9,7,0,0,7,0,0,1,1,0,1545,7,936,0.00962000012397766,8,0,0.953847469919819,0.512728570757401,7.09746821162634,89.2253146604454,7
"519",2021-08-01,27852,90,576,1,6,9,0,0,7,0,0,1,1,0,1545,7,563,0.00178000003099442,13,0,0.173982641918378,0.503877034048927,7.01777829002706,90.2285780146336,9
"520",2021-08-02,27863,92,576,3,5.7,11,0,0,11,1,0,2,2,0,1546,11,462,0.0043299999833107,4,0,0.429283260147971,0.565203214070065,11.0689322832962,92.5765245512047,11
"521",2021-08-03,27880,104,576,10,6.1,17,0,0,16,0,0,2,2,0,1546,16,550,0.0109099996089935,3,0,1.08508133543335,0.568460720218552,16.2534359976089,105.647333984458,17
"522",2021-08-04,27892,113,576,15,7.1,12,0,0,10,2,0,4,4,0,1548,10,1289,0.00776000022888184,22,0,0.762977901985408,0.624853480479235,10.1113776333101,114.258567256404,12
"523",2021-08-05,27912,126,576,9,7.1,20,0,0,20,0,1,4,3,0,1548,20,1482,0.00472000002861023,19,0,0.466025319280504,0.657131145228031,20.1360584546131,126.857168264062,20
"524",2021-08-06,27926,128,576,15,8.7,14,0,0,12,1,1,5,4,0,1549,12,1109,0.00541000008583069,44,0,0.520354735055181,0.627364666248658,12.0911521217922,128.972289299117,14
"525",2021-08-07,27939,138,576,13,9.4,13,0,0,13,0,1,5,4,0,1549,13,846,0.01182000041008,14,0,1.16275817987531,0.657209053385157,13.2206575446082,140.342364704302,13
"526",2021-08-08,27959,150,576,5,10,20,0,0,19,1,1,4,3,0,1550,19,612,0.00653999984264374,4,0,0.6497532311198,0.725176280413932,19.1802138124392,151.42274062452,20
"527",2021-08-09,27973,158,576,13,11.4,14,0,0,14,1,1,4,3,0,1551,14,556,0.0143900001049042,9,0,1.41607788642951,0.866146941311295,14.2894017827095,161.266105833436,14
"528",2021-08-10,27993,173,576,18,12.6,20,3,0,17,1,1,5,4,0,1552,20,1264,0.0102799999713898,16,0,1.01514999717474,0.856156750131494,20.2963781882695,175.563671328531,20
"529",2021-08-11,28008,179,576,20,13.3,15,2,0,13,0,1,5,4,0,1552,15,1296,0.0108000004291534,8,0,1.07337427578089,0.900499089245134,15.235032796195,181.80472470126,15
"530",2021-08-12,28027,193,576,18,14.6,19,3,0,16,0,1,4,3,0,1552,19,1053,0.0133000004291534,38,0,1.28367556845999,1.01730626769935,19.356036810665,196.616584445176,19
"531",2021-08-13,28044,207,576,26,16.1,17,3,0,14,0,1,4,3,0,1552,17,1077,0.0213599991798401,14,0,2.10859020317945,1.24419704885996,17.5232715599334,213.371600759189,17
"532",2021-08-14,28061,215,576,16,16.6,17,2,0,15,1,1,5,4,0,1553,17,1005,0.0119400000572205,12,0,1.17991151007931,1.24664752460339,17.2928089751776,218.703172333129,17
"533",2021-08-15,28078,211,576,8,17,17,0,0,17,0,1,5,4,0,1553,17,543,0.0221000003814697,2,0,2.20188994626386,1.46838134105254,17.5464249929862,217.782098442358,18
"534",2021-08-16,28097,214,576,21,18.1,19,0,0,19,0,1,4,3,0,1553,19,611,0.0114600002765656,8,0,1.1311890418387,1.42768293468242,19.3137435568698,217.533743219481,19
"535",2021-08-17,28118,210,576,18,18.1,21,0,0,21,0,1,4,3,0,1553,21,1323,0.0158700001239777,10,0,1.57509453593567,1.50767501164827,21.4828496769184,214.828496769184,21
"536",2021-08-18,28149,223,576,24,18.7,31,0,0,31,0,1,3,2,0,1553,31,1295,0.015440000295639,12,0,1.52982405377601,1.57288212279043,31.6922918269923,227.980034755461,31
"537",2021-08-19,28171,230,576,19,18.9,22,0,0,22,3,1,6,5,0,1556,22,1279,0.0172000002861023,17,0,1.69743829983988,1.63199108441613,22.5451332890179,235.699120748824,22
"538",2021-08-20,28190,230,576,16,17.4,19,0,0,19,0,2,6,4,0,1556,19,1142,0.014889999628067,50,0,1.42654191067555,1.53455561405843,19.3956618359312,234.789590645483,19
"539",2021-08-21,28213,239,576,27,19,23,1,0,22,1,2,7,5,0,1557,23,879,0.0182000005245209,12,0,1.79548826723388,1.62249515079479,23.6028321877165,245.264212733228,23
"540",2021-08-22,28244,256,576,17,20.3,31,0,0,31,1,1,6,5,0,1558,31,520,0.0173099994659424,6,0,1.71125470005514,1.55240440133641,31.774394702336,262.39500141284,31
"541",2021-08-23,28285,275,576,16,19.6,41,1,0,40,0,1,4,3,0,1558,41,575,0.0139100003242493,11,0.0909099960327148,1.53553927351591,1.61016872014743,41.9190323753083,281.164241541702,41
"542",2021-08-24,28317,289,576,26,20.7,32,1,0,31,0,1,4,3,0,1558,32,1233,0.0154100000858307,23,0,1.51278105938131,1.60126679492538,32.7066625596228,295.382046241594,32
"543",2021-08-25,28344,307,576,27,21.1,27,0,0,26,2,1,6,5,0,1560,26,1318,0.0197300004959106,68,0,1.8762006243586,1.65074916215147,26.712096169485,315.408212462765,27
"544",2021-08-26,28372,315,576,44,24.7,28,2,0,24,3,1,9,8,0,1563,26,1198,0.0125199997425079,22,0,1.22942292553479,1.58388982296503,26.4666171328291,320.653246032352,28
"545",2021-08-27,28405,332,576,24,25.9,33,0,0,33,2,1,10,9,0,1565,33,896,0.0278999996185303,9,0,2.7622541058788,1.7747058508512,34.330649248915,345.387137898175,33
"546",2021-08-28,28437,336,576,38,27.4,32,0,0,29,2,1,12,11,0,1567,29,1115,0.0242199993133545,16,0,2.38773644866404,1.85931273391266,30.0108120541792,347.711477593249,32
"547",2021-08-29,28476,357,576,28,29,39,0,0,35,1,0,11,11,0,1568,35,537,0.0260700011253357,2,0,2.59732664272825,1.98589444000881,36.3270296921658,370.535702860091,39
"548",2021-08-30,28513,379,576,20,29.6,37,0,0,36,1,1,10,9,0,1569,36,627,0.0111600005626678,9,0,1.10020760264036,1.92370420131231,36.5781801373365,385.086952001404,37
"549",2021-08-31,28543,387,576,22,29,30,1,0,24,0,1,8,7,0,1569,25,553,0.0361700010299683,16,0,3.51529183999516,2.20977716997143,26.2828840930847,406.859045760952,30
"550",2021-09-01,28582,398,576,55,33,39,0,0,37,2,1,10,9,0,1571,37,807,0.0309800004959106,5,0,3.07892369460589,2.38159475143533,38.6629786569364,415.888256904343,39
"551",2021-09-02,28627,426,576,34,31.6,45,0,1,39,1,1,11,10,0,1572,39,1298,0.0169500005245209,8,0,1.68461720373875,2.44662250546447,40.9590734399001,436.476032958908,45
"552",2021-09-03,28679,458,576,50,35.3,52,0,1,49,1,2,6,4,0,1573,49,1050,0.035239999294281,45,0.0222199988365173,3.47049307823181,2.5477995015149,52.4824087196844,481.202922318683,52
"553",2021-09-04,28734,489,576,38,35.3,55,0,0,52,0,2,6,4,0,1573,52,911,0.0318300008773804,8,0,3.1552917083018,2.65745025289172,54.3951288683293,511.523423396404,55
"554",2021-09-05,28760,483,576,23,34.6,26,0,0,25,2,1,8,7,0,1575,25,412,0.0388299989700317,6,0,3.82726305637633,2.83315545484145,26.3967360658974,509.984940793138,26
"555",2021-09-06,28820,500,576,29,35.9,60,0,1,53,1,1,9,8,0,1576,53,519,0.0346799993515015,2,0,3.45468707551426,3.169509665252,56.6728255264945,525.215335155608,60
"556",2021-09-07,28885,525,576,50,39.9,65,1,2,56,1,1,9,8,0,1577,57,825,0.0460599994659424,11,0.0909099960327148,4.66501309997157,3.33375555953435,62.8816265417057,560.751823410447,65
"557",2021-09-08,28937,537,577,66,41.4,52,0,1,50,2,1,8,7,1,1579,50,1376,0.03125,17,0,3.08686288585786,3.3348897297132,53.2530631731595,561.197898479733,52
"558",2021-09-09,29007,582,577,58,44.9,70,0,3,63,3,2,11,9,0,1582,63,1485,0.0343400001525879,13,0,3.40419894703558,3.58054426446989,69.1307003946254,610.921708407492,70
"559",2021-09-10,29073,612,577,62,46.6,66,0,0,58,0,1,8,7,0,1582,58,1263,0.0332500004768372,35,0,3.23534288152892,3.54695137922662,60.7392667946096,640.903987556916,66
"560",2021-09-11,29127,634,577,44,47.4,54,0,0,49,1,1,8,7,0,1583,49,1162,0.0309800004959106,15,0,3.05851831573901,3.5331266088605,51.1877273243759,662.306512727639,54
"561",2021-09-12,29182,646,577,53,51.7,55,0,1,50,2,1,9,8,0,1585,50,585,0.0598299980163574,3,0,5.95247429244372,3.83672821401299,55.3446376186407,702.132718032838,55
"562",2021-09-13,29244,675,577,36,52.7,62,0,0,55,5,4,14,10,0,1590,55,530,0.0301900005340576,20,0,2.90921823328191,3.75880409369408,57.3357427838902,703.665934165925,62
"563",2021-09-14,29306,695,577,63,54.6,62,0,2,55,2,5,11,6,0,1592,55,1224,0.0334999990463257,29,0,3.27246598824443,3.55986879201878,59.6273858489279,728.200603000089,62
"564",2021-09-15,29353,707,577,58,53.4,47,0,1,42,2,6,12,6,0,1594,42,1537,0.0305800008773804,13,0,3.03235234506669,3.55208157190575,44.8591523450983,738.295731142488,47
"565",2021-09-16,29413,735,577,63,54.1,60,1,1,50,1,7,12,5,0,1595,51,1708,0.0316199994087219,39,0,3.09141150487104,3.50739765159653,54.3015108171954,768.168832365463,60
"566",2021-09-17,29473,732,578,90,58.1,60,1,2,46,0,7,10,3,1,1595,47,1417,0.0310500001907349,4,0,3.09625969530411,3.48752862499299,51.1243264812405,765.085254984426,60
"567",2021-09-18,29535,748,578,44,58.1,62,0,5,50,0,7,9,2,0,1595,50,1575,0.0298399996757507,28,0,2.93187769739909,3.46943710808728,57.1399413943784,780.013523259901,62
"568",2021-09-19,29578,739,578,60,59.1,43,2,1,39,3,7,10,3,0,1598,41,1058,0.0321399998664856,3,0,3.20491233352891,3.07692825681374,43.9181653281937,773.573760427687,43
"569",2021-09-20,29629,718,578,60,62.6,51,2,0,40,2,8,12,4,0,1600,42,1220,0.0385199999809265,66,0.0606099987030029,3.965370131503,3.22780709941675,44.4311908182967,759.561785893738,51
"570",2021-09-21,29689,717,578,36,58.7,60,0,0,51,1,7,13,6,0,1601,51,1196,0.0200699996948242,23,0,1.96913204552992,3.04161653617182,52.4659901136204,737.610096303251,60
"571",2021-09-22,29740,704,578,63,59.4,51,0,0,42,5,9,17,8,0,1606,42,2383,0.0180400002002716,29,0,1.7823101358726,2.86303907771552,43.0927444082119,722.316477699553,51
"572",2021-09-23,29776,676,578,44,56.7,36,0,0,29,3,9,18,9,0,1609,29,1528,0.0274900007247925,48,0,2.66527418194689,2.80216231729779,30.1283034491985,702.301142470971,36
"573",2021-09-24,29820,670,578,56,51.9,44,1,0,34,2,8,17,9,0,1611,35,2089,0.0181900000572205,48,0,1.77814272903761,2.61385989354543,35.9084911229583,687.391115782344,44
"574",2021-09-25,29864,665,578,62,54.4,44,0,1,35,2,10,17,7,0,1613,35,1935,0.0273900008201599,32,0,2.6944408534321,2.57994034440729,37.3766474179517,691.156300941082,44
"575",2021-09-26,29912,643,578,38,51.3,48,1,0,38,3,11,18,7,0,1616,39,1060,0.0339599990844727,4,0,3.38323299149822,2.60541472411719,40.9261164470708,674.756227576064,48
"576",2021-09-27,29953,624,578,31,47.1,41,0,0,29,0,11,18,7,0,1616,29,852,0.0164300000667572,15,0.0666699981689453,1.72992041861722,2.28606476513351,29.7323356029881,639.757841940157,41
"577",2021-09-28,29998,600,579,44,48.3,45,1,1,32,3,11,19,8,1,1619,33,1723,0.0203099989891052,35,0,1.99056474733949,2.28912657967773,34.9589065250466,617.434664091757,45
"578",2021-09-29,30043,588,579,65,48.6,45,1,0,37,0,11,19,8,0,1619,38,2041,0.0215599989891052,8,0,2.14758213454191,2.34130829377335,39.191295234731,606.433726263733,45
"579",2021-09-30,30091,590,579,61,51,48,2,0,38,3,11,20,9,0,1622,40,1837,0.017960000038147,29,0,1.76808789228703,2.21313882382194,41.0324044479648,605.22796560748,48
"580",2021-10-01,30134,573,579,48,49.9,43,0,0,24,1,10,19,9,0,1623,24,1834,0.0196300005912781,13,0,1.94918359958874,2.23757323390067,24.6828888406149,589.303971069682,43
"581",2021-10-02,30170,555,579,60,49.6,36,0,0,28,0,8,14,6,0,1623,28,1477,0.0189600002765656,13,0,1.87945774553607,2.12114707562981,28.7682041041638,570.226902778962,36
"582",2021-10-03,30197,541,580,37,49.4,27,5,0,18,2,6,13,7,1,1625,23,1029,0.0213800001144409,12,0,2.11335447817096,1.9397358594402,23.7095552372832,557.689973190008,27
"583",2021-10-04,30241,539,581,25,48.6,44,1,0,40,0,4,10,6,1,1625,41,1256,0.0199000000953674,8,0,1.97740507276752,1.9750908100331,42.1834925438352,554.558597100663,44
"584",2021-10-05,30291,536,581,33,47,50,1,0,42,0,4,9,5,0,1625,43,1637,0.0116100001335144,13,0,1.15185274051897,1.85527480905874,43.7230218815717,545.012551826104,50
"585",2021-10-06,30332,527,581,28,41.7,41,1,0,33,0,4,8,4,0,1625,34,1958,0.0127699995040894,36,0,1.25394478580778,1.72761233066815,34.6223624136644,536.646617411799,41
"586",2021-10-07,30369,516,581,53,40.6,37,1,0,31,2,3,8,5,0,1627,32,1681,0.0184399998188019,9,0,1.83417986363349,1.7370540408605,32.8567969761427,529.815851240301,37
"587",2021-10-08,30397,497,583,58,42,28,0,0,19,0,2,6,4,2,1627,19,2154,0.0246099996566772,13,0,2.44623623721655,1.80806156052162,19.6784815177847,514.747648123104,28
"588",2021-10-09,30426,477,583,37,38.7,29,1,0,26,3,3,7,4,0,1630,27,1520,0.0184200000762939,12,0,1.82757180913621,1.80064928389307,27.7203179543543,489.725617193593,29
"589",2021-10-10,30447,439,584,20,36.3,21,0,0,19,2,3,7,4,1,1632,19,1009,0.0178400003910065,24,0,1.7425518290925,1.74767747688186,19.4833094988268,450.166993157104,21
"590",2021-10-11,30466,417,584,18,35.3,19,0,0,17,1,4,8,4,0,1633,17,635,0.0220499992370605,7,0,2.18095786846315,1.77675644769552,17.5412304506864,430.276064584484,19
"591",2021-10-12,30500,418,584,31,35,34,0,0,27,2,5,8,3,0,1635,27,1118,0.0143099999427795,12,0,1.41580353416172,1.8144637039302,27.5580238764883,426.639036310079,34
"592",2021-10-13,30522,413,584,24,34.4,22,0,0,20,0,5,8,3,0,1635,20,1674,0.0203099989891052,9,0,2.02013893688426,1.92392001122684,20.5897898042977,425.179159458747,22
"593",2021-10-14,30542,399,584,39,32.4,20,0,0,17,0,5,7,2,0,1635,17,1288,0.0116499996185303,33,0,1.13589701049713,1.82416531792165,17.281886257325,405.616036274864,20
"594",2021-10-15,30578,384,584,33,28.9,36,1,0,20,2,5,9,4,0,1637,21,1605,0.0155799996852875,15,0,1.54357404289422,1.6952135758756,21.4731869807855,392.652561934363,36
"595",2021-10-16,30608,378,585,22,26.7,30,0,0,24,1,4,9,5,1,1638,24,1409,0.0156099998950958,8,0,1.55218700438885,1.65587288948312,24.5438026382268,386.564891552071,30
"596",2021-10-17,30633,369,585,34,28.7,25,1,0,20,0,4,9,5,0,1638,21,815,0.0368099999427795,8,0,3.64521870636273,1.92768244337887,22.1174520858956,388.635229509309,25
"597",2021-10-18,30669,375,585,23,29.4,36,3,0,23,1,3,10,7,0,1639,26,812,0.0135500001907349,20,0,1.32242790323038,1.80503530548847,26.5019163900088,382.23917870205,36
"598",2021-10-19,30691,359,585,23,28.3,22,0,0,19,3,2,12,10,0,1642,19,1138,0.0105400002002716,9,0,1.04572974959975,1.75216762197962,19.2900407969217,364.48024453131,22
"599",2021-10-20,30717,354,585,35,29.9,26,1,0,20,1,3,12,9,0,1643,21,1788,0.0134200000762939,19,0,1.32788932686295,1.653274820548,21.4070682221485,360.86200717336,26
"600",2021-10-21,30735,343,585,44,30.6,18,0,0,15,0,3,12,9,0,1643,15,1305,0.0214599990844727,7,0,2.13455021381379,1.79593956387895,15.4673945674785,353.687755776343,18
"601",2021-10-22,30761,329,585,34,30.7,26,0,0,12,0,2,9,7,0,1643,12,1417,0.0218799996376038,19,0,2.15905010351564,1.8838647153963,12.3782073741874,339.369185508972,26
"602",2021-10-23,30785,330,585,22,30.7,24,0,1,20,0,1,7,6,0,1643,20,1331,0.0120200002193451,9,0,1.19392688745883,1.83268469869201,21.3485730077487,335.751454627854,24
"603",2021-10-24,30805,323,586,14,27.9,20,0,0,12,1,1,7,6,1,1644,12,822,0.00243000000715256,8,0,0.240657832033663,1.34631885950214,12.0421567644877,324.134719577461,20
"604",2021-10-25,30831,315,586,15,26.7,26,0,2,19,3,1,7,6,0,1647,19,815,0.0135000002384186,5,0,1.34176831637941,1.34908177566629,21.3721492593243,321.169842983535,26
"605",2021-10-26,30853,302,586,30,27.7,22,0,6,14,3,2,9,7,0,1650,14,1386,0.0180400002002716,10,0,1.79107738378055,1.45556000912069,20.366039885803,309.896003250894,22
"606",2021-10-27,30879,311,586,35,27.7,26,1,5,19,2,2,10,8,0,1652,20,1365,0.014650000333786,9,0,1.45540396329097,1.47377638575326,25.424912565671,317.607390396184,26
"607",2021-10-28,30904,303,586,26,25.1,25,1,6,17,4,3,14,11,0,1656,18,1856,0.0113100004196167,41,0,1.10655565518232,1.32692002023448,24.2907580801788,307.894427683011,25
"608",2021-10-29,30925,298,586,12,22,21,0,1,17,1,3,15,12,0,1657,17,1548,0.0148599994182587,18,0,1.46891948272442,1.22832993155002,18.3645297165769,304.389991502347,21
"609",2021-10-30,30948,289,586,28,22.9,23,0,2,20,1,2,16,14,0,1658,20,1178,0.0118799996376038,7,0,1.18098224245547,1.22648069654954,22.3447937530134,293.982269731044,23
"610",2021-10-31,30969,275,587,32,25.4,21,0,2,16,0,1,15,14,1,1658,16,936,0.0181599998474121,7,0,1.80251960309414,1.44960380670104,18.4210037892112,282.236002627067,21
"611",2021-11-01,31020,301,587,13,25.1,51,0,10,37,1,1,14,13,0,1659,37,773,0.0116400003433228,14,0,1.14329355341659,1.42125026913492,47.6175121459735,306.023544755082,51
"612",2021-11-02,31070,329,587,31,25.3,50,1,6,37,3,0,16,16,0,1662,38,1531,0.0267799997329712,17,0,2.64859041286685,1.54375213043296,45.4692118577693,341.720281610687,50
"613",2021-11-03,31113,351,587,44,26.6,43,0,19,22,2,0,17,17,0,1664,22,1657,0.0169000005722046,11,0,1.67885497291025,1.57567370323572,41.5391652428563,359.602136374661,43
"614",2021-11-04,31146,370,587,33,27.6,33,2,5,23,4,0,20,20,0,1668,25,1511,0.0258100008964539,35,0,2.52256865165212,1.77796127415998,30.9205958834198,383.624819074613,33
"615",2021-11-05,31185,387,589,45,32.3,39,0,7,23,2,1,20,19,2,1670,23,1264,0.0213599991798401,15,0.0666699981689453,2.18913908802596,1.88084978920306,30.734999793501,399.367170438474,39
"616",2021-11-06,31218,393,590,40,34,33,3,4,21,3,1,21,20,1,1673,24,1414,0.0212199997901917,10,0.1,2.17732301287437,2.02318418497718,28.7628165906073,405.491121671195,33
"617",2021-11-07,31256,412,591,39,35,38,3,3,27,6,3,25,22,1,1679,30,1016,0.0255900001525879,10,0,2.53405849464223,2.12768974091263,34.1097468369718,427.240523227746,38
"618",2021-11-08,31320,448,592,36,38.3,64,6,7,45,1,2,24,22,1,1680,51,849,0.0270900011062622,13,0.0769199991226196,2.7841497596068,2.36209777036837,60.0727589252775,466.207764676947,64
"619",2021-11-09,31362,464,592,39,39.4,42,0,9,29,3,2,26,24,0,1683,29,1627,0.0215100002288818,21,0.0476200008392334,2.18427126153001,2.29576646303454,38.9246781494612,478.794850391379,42
"620",2021-11-10,31403,482,592,34,38,41,1,5,28,5,2,30,28,0,1688,29,1507,0.00995000004768372,72,0.0555600023269653,1.20297468267263,2.22778356442916,34.5092611082761,490.464270834106,41
"621",2021-11-11,31450,487,593,48,40.1,47,1,5,35,3,5,33,28,1,1691,36,1632,0.0208299994468689,24,0,2.05281153969143,2.16067540557763,42.0787917253947,501.593654729644,47
"622",2021-11-12,31509,508,593,50,40.9,59,1,2,36,1,5,34,29,0,1692,37,1517,0.0184599995613098,29,0.0344799995422363,1.87605040887657,2.11594845141344,40.0132864918882,521.912149672411,59
"623",2021-11-13,31545,525,594,43,41.3,36,1,5,28,1,3,32,29,1,1693,29,1627,0.0196700000762939,20,0,1.94311415447056,2.08249004307004,34.8225879414305,539.891678250034,36
"624",2021-11-14,31578,534,594,43,41.9,33,1,2,27,0,3,28,25,0,1693,28,912,0.037279999256134,8,0,3.69558253495589,2.24842204882913,31.5105216796558,562.80780631915,33
"625",2021-11-15,31618,532,596,41,42.6,40,1,3,34,1,2,24,22,2,1694,35,921,0.0217199993133545,18,0,2.1303641499041,2.15502410458589,39.0884485746001,548.544418333921,40
"626",2021-11-16,31668,548,597,42,43,50,1,3,37,1,1,24,23,1,1695,38,1729,0.0208200001716614,24,0,2.0534957385512,2.13634188701748,42.1391041341468,564.42708067138,50
"627",2021-11-17,31690,516,597,44,44.4,22,0,1,12,1,2,23,21,0,1696,12,1886,0.0148500001430511,19,0.0526300001144409,1.52268085417159,2.18201419723162,13.2667326370259,527.469503392113,22
"628",2021-11-18,31727,505,597,39,43.1,37,2,1,21,1,3,21,18,0,1697,23,1686,0.0183899998664856,42,0.0238100004196167,1.85217359910409,2.15335163429057,24.6218641932419,518.653974677702,37
"629",2021-11-19,31763,504,598,25,39.6,36,0,2,24,2,2,19,17,1,1699,24,1564,0.0140699994564056,40,0,1.37191266520065,2.08133195662258,26.4806442294925,514.093528819343,36
"630",2021-11-20,31804,487,599,50,40.6,41,1,0,36,1,2,16,14,1,1700,37,1680,0.0166700005531311,76,0.0131599998474121,1.65180870829519,2.03971689288324,37.8921697644047,498.742883115273,41
"631",2021-11-21,31847,490,599,25,38,43,2,2,31,1,1,16,15,0,1701,33,924,0.0238100004196167,5,0,2.36818518705337,1.85008870032574,36.1408160580656,506.939389953096,42
"632",2021-11-22,31906,488,599,31,36.6,59,2,2,46,2,0,18,18,0,1703,48,1048,0.0152699995040894,18,0,1.50121571109622,1.76021035192462,51.0518900904766,498.694215919845,54
"633",2021-11-23,31954,498,600,27,34.4,48,3,1,31,2,0,17,17,1,1705,34,1457,0.0102999997138977,9,0,1.0236766427796,1.61309333824296,35.5080748956596,505.441802883485,47
"634",2021-11-24,32003,508,600,46,34.7,49,1,1,36,1,0,15,15,0,1706,37,1743,0.0183599996566772,16,0,1.81929956802663,1.65546744022225,38.9826344048417,521.49130480161,49
"635",2021-11-25,32047,514,601,60,37.7,44,2,0,37,0,0,13,13,1,1706,39,1548,0.0219600009918213,6,0,2.18752133432042,1.70337425953887,40.2453829904534,530.413509156232,44
"636",2021-11-26,32087,506,601,51,41.4,40,8,1,27,3,1,15,14,0,1709,35,1853,0.0221300005912781,40,0,2.16623830404851,1.81684935080285,37.1067774466594,522.000839657419,40
"637",2021-11-27,32116,505,601,43,40.4,29,6,0,18,2,1,16,15,0,1711,24,1818,0.0203500008583069,2,0,2.03276382200011,1.87127150990355,24.7121708442153,519.985261513696,29
"638",2021-11-28,32181,539,601,22,40,65,13,1,39,1,2,15,13,0,1712,52,1272,0.0117900002002716,46,0,1.13785130916127,1.69550952734754,53.8637237917711,547.952829303166,65
"639",2021-11-29,32233,547,601,26,39.3,52,7,0,37,1,2,16,14,0,1713,44,989,0.0161800003051758,16,0,1.59224082605163,1.70851311519831,45.0226981192731,559.71399707369,50
"640",2021-11-30,32304,581,601,61,44.1,71,6,1,52,2,2,17,15,0,1715,58,1907,0.0272699999809265,25,0,2.69171273103659,1.94680398494931,61.2789916168861,603.829209127773,68
"641",2021-12-01,32382,619,601,62,46.4,78,4,0,54,0,2,17,15,0,1715,58,1958,0.0194099998474121,72,0.0138900005817413,1.92142166222257,1.96139285554873,59.6268095069054,636.361984220249,78
"642",2021-12-02,32452,644,601,64,47,70,6,0,49,0,2,15,13,0,1715,55,2077,0.0245499992370605,19,0,2.43274563050452,1.99642489786074,56.9531941559025,666.870127934568,71
"643",2021-12-03,32544,705,601,59,48.1,92,7,0,69,1,2,12,10,0,1716,76,1911,0.0245900011062622,12,0,2.44365533614493,2.03605590244594,78.7110627439592,730.148674138043,91
"644",2021-12-04,32598,726,601,70,52,54,2,0,45,0,2,12,10,0,1716,47,1446,0.0242000007629395,6,0.166669998168945,2.4788719760485,2.09978563873857,48.7007402157872,752.271008439606,54
"645",2021-12-05,32676,761,601,35,53.9,78,5,1,58,0,2,11,9,0,1716,63,1461,0.0246399998664856,10,0,2.44724947688208,2.28684251984155,66.2506337092,788.186226233353,78
"646",2021-12-06,32787,819,601,69,60,111,4,3,84,0,2,10,8,0,1716,88,1178,0.0348000001907349,14,0,3.439127535628,2.55068347835246,95.4179111665523,860.116695970527,109
"647",2021-12-07,32892,871,601,70,61.3,105,4,2,79,2,1,11,10,0,1718,83,1905,0.0278200006484985,22,0.0454500007629395,2.80212772455497,2.56645704885508,88.3950958908054,906.628054468572,98
"648",2021-12-08,33002,926,601,44,58.7,110,5,4,88,2,1,12,11,0,1720,93,2324,0.0249600005149841,13,0,2.48211558394622,2.64655618052989,100.369697962668,959.552046380969,109
"649",2021-12-09,33127,1014,601,151,71.1,125,5,3,95,1,1,13,12,0,1721,100,1969,0.0304699993133545,15,0,3.02396313749975,2.73101582438635,107.414306844212,1058.76107140031,124
"650",2021-12-10,33298,1152,602,87,75.1,171,6,6,130,3,0,14,14,1,1724,136,2152,0.0399600005149841,23,0,3.95374349922969,2.94674270482703,149.849345122817,1218.4885704521,169
"651",2021-12-11,33428,1239,602,150,86.6,130,3,4,106,0,0,13,13,0,1724,109,1669,0.0437400007247925,12,0,4.34277580069475,3.21301467977649,119.91002999519,1317.54612077102,128
"652",2021-12-12,33611,1360,603,106,96.7,183,4,4,155,1,0,14,14,1,1725,159,1977,0.0364199995994568,14,0.0714300012588501,3.66661774112255,3.38721014609656,171.510376726012,1432.79315941746,185
"653",2021-12-13,33911,1596,603,103,101.6,300,5,9,264,1,0,15,15,0,1726,269,2090,0.0377999997138977,79,0.0126600003242493,3.68843427513425,3.42282539459745,292.483727809416,1681.93319547891,297
"654",2021-12-14,34217,1829,603,199,120,306,4,3,266,2,0,16,16,0,1728,270,2041,0.0494899988174438,12,0,4.9200724591526,3.7253889281114,292.391941325288,1960.3624469776,307
"655",2021-12-15,34548,2083,603,255,150.1,331,1,4,310,0,0,13,13,0,1728,311,2780,0.0460400009155273,20,0.05,4.60682866232735,4.02891936788013,335.914547595088,2223.08039434266,326
"656",2021-12-16,34961,2437,604,309,172.7,413,7,2,389,3,0,16,16,1,1731,396,2938,0.0871300029754639,58,0.0172399997711182,8.57769922325226,4.82231023727335,447.585194951679,2742.14929317485,411
"657",2021-12-17,35437,2842,604,356,211.1,476,7,9,434,2,0,18,18,0,1733,441,3115,0.102089996337891,10,0.1,10.208330834961,5.71582271380639,515.717245406343,3265.5111370631,472
"658",2021-12-18,35944,3302,604,308,233.7,507,23,15,440,1,0,18,18,0,1734,463,2673,0.0912800025939941,3,0,9.1177670752521,6.39796432445744,539.62479817184,3741.49262108729,502
"659",2021-12-19,36492,3785,604,403,276.1,548,21,8,499,1,0,19,19,0,1735,520,2673,0.0939000034332275,46,0.0217400002479553,9.26792016139842,7.19815038449685,598.351223215059,4297.07573051731,546
"660",2021-12-20,37410,4574,604,389,317,918,8,21,862,1,0,18,18,0,1736,870,2474,0.100240001678467,11,0,9.9796283361178,8.09689239320879,1017.74173429844,5240.3410260702,912
"661",2021-12-21,38275,5326,604,489,358.4,865,6,18,818,3,0,19,19,0,1739,824,2743,0.117749996185303,96,0.0208299994468689,11.4472673294535,9.02934880325178,979.694014560135,6215.99796304281,861
"662",2021-12-22,39110,6036,604,670,417.7,835,6,29,776,2,0,21,21,0,1741,782,4020,0.182089996337891,124,0.0161300003528595,17.7124011902045,10.9015734500914,1013.1949102303,7596.67580326099,830
"663",2021-12-23,39978,6786,604,750,480.7,868,2,45,806,3,1,22,21,0,1744,808,3597,0.217959995269775,96,0.0104200005531311,21.2564966974948,12.712830232126,1103.72005586055,8891.67611270998,865
"664",2021-12-24,40762,7419,604,861,552.9,784,0,33,734,3,1,24,23,0,1747,734,3803,0.26636999130249,68,0.0735300016403198,26.2982463713488,15.0113895944671,1048.77916321475,10267.1193622482,771
"665",2021-12-25,41304,7834,605,506,581.1,542,0,34,500,3,1,24,23,1,1750,500,2656,0.250380001068115,57,0.035090000629425,24.5856768475043,17.2210909905032,713.4478249944,10645.5885220123,540
"666",2021-12-26,42116,8468,605,430,585,812,1,53,747,7,1,27,26,0,1757,748,2040,0.21863000869751,54,0.0185199999809265,21.34695786733,18.9466678056362,1034.0899862638,11106.7780797886,810
"667",2021-12-27,43275,9319,605,550,608,1159,1,57,1094,5,2,31,29,0,1762,1095,1898,0.272390003204346,183,0.0546400022506714,25.3241396681269,21.1387408530661,1556.79472528481,12764.0064337252,1151
"668",2021-12-28,44553,10296,605,874,663,1278,0,76,1196,7,1,37,36,0,1769,1196,2597,0.388139991760254,90,0.1,37.848885694134,24.910400619449,1932.80040903883,15984.6296082474,1262
"669",2021-12-29,45998,11390,605,1245,745.1,1445,1,82,1356,5,4,41,37,0,1774,1357,3486,0.304360008239746,144,0.0347199988365173,29.3663545056808,26.5752510930885,2020.72256496684,16272.6971370466,1422
"670",2021-12-30,47455,12442,606,1355,831.6,1457,0,76,1378,11,5,47,42,1,1785,1378,3324,0.314680004119873,129,0.0542600011825562,30.4951020517523,27.8950518579824,2067.43045572542,17980.6805008241,1443
"671",2021-12-31,48378,12881,609,1346,900.9,923,0,66,856,13,5,55,50,3,1798,856,3305,0.357639999389648,182,0.0164800000190735,33.9833541148912,28.9929243927742,1346.6450159507,19271.014544931,911
"672",2022-01-01,48815,12773,609,1181,997.3,437,0,60,376,17,6,71,65,0,1815,376,2500,0.400400009155273,169,0.118339996337891,38.2540083278114,30.9455431756752,645.966891414465,19905.7316596728,433
"673",2022-01-02,49439,12742,610,505,1008,624,0,75,549,9,5,76,71,1,1824,549,2226,0.312220001220703,64,0.0468800020217896,30.4804385522567,32.2503261306648,868.275314600062,18411.5010175483,616
"674",2022-01-03,50193,12517,610,569,1010.7,754,0,111,643,8,4,73,69,0,1832,643,1773,0.250990009307861,105,0.1428600025177,24.4944401899465,32.1317976337819,983.913523240909,16992.626081503,742
"675",2022-01-04,50982,12360,612,813,1002,789,0,108,681,12,4,80,76,2,1844,681,2135,0.333019981384277,300,0.146669998168945,31.006105121401,31.1542575519629,1097.23386535374,17954.3767632485,770
"676",2022-01-05,51652,12101,613,707,925.1,670,0,125,544,18,7,95,88,1,1862,544,2678,0.314409999847412,314,0.0541400003433228,28.7095568081274,31.0604293094552,896.987697992075,17172.4689952244,654
"677",2022-01-06,52285,11810,617,854,853.6,633,0,125,508,12,7,94,87,4,1874,508,2294,0.282040004730225,121,0.0743800020217896,27.1635507700113,30.5844934120637,834.435623562386,16492.9817210074,620
"678",2022-01-07,52871,11649,618,666,756.4,586,2,146,438,19,8,101,93,1,1893,440,2309,0.298400001525879,444,0.0427899980545044,25.7175576701582,29.4036653485304,751.184169575581,16022.2508895135,574
"679",2022-01-08,53312,11558,619,711,689.3,441,0,96,345,20,10,112,102,1,1913,345,2371,0.309150009155273,280,0.0964299964904785,28.6682410684454,28.0342700257638,585.379711051242,16394.9295661747,436
"680",2022-01-09,53716,11248,619,513,690.4,404,0,87,317,18,13,122,109,0,1931,317,1324,0.273409996032715,172,0.0581400012969971,24.865970252032,27.2322031257317,519.066975372054,15330.8811955358,392
"681",2022-01-10,54364,10801,620,423,669.6,648,0,143,505,14,14,124,110,1,1945,505,1342,0.175109996795654,126,0.0714300012588501,16.6211032601078,26.1074407071833,770.528537896642,13421.6549263795,645
"682",2022-01-11,54874,10081,623,614,641.1,510,1,114,394,15,9,127,118,3,1960,395,2155,0.292339992523193,415,0.101199998855591,26.1474974090487,25.413353891133,659.769415008628,13928.8644878531,502
"683",2022-01-12,55389,9145,626,489,610,515,1,156,358,18,9,127,118,3,1978,359,1537,0.297329998016357,163,0.208589992523193,28.882139748966,25.438008596967,666.359553911878,13000.663288368,509
"684",2022-01-13,55819,8145,629,402,545.4,430,0,110,320,16,11,127,116,3,1994,320,2030,0.139409999847412,163,0.134969997406006,13.9079985986058,23.5443582867663,494.968171223276,9798.64298316744,417
"685",2022-01-14,56243,7623,631,440,513.1,424,0,102,322,20,15,138,123,2,2014,322,1747,0.215230007171631,275,0.167269992828369,20.8707255468171,22.8519536977175,522.102357549804,9945.46668199428,422
"686",2022-01-15,56569,7523,635,381,466,326,0,79,247,15,11,141,130,4,2029,247,1535,0.18371000289917,208,0.144230003356934,17.8998677652592,21.3136146544052,390.540570710937,9488.74377918372,320
"687",2022-01-16,56850,7196,641,396,449.3,281,0,63,218,12,14,143,129,6,2041,218,1342,0.225779991149902,85,0.188239994049072,22.3543901623924,20.9548174987424,352.13860518501,9544.22661885932,279
"688",2022-01-17,57161,6777,646,298,431.4,311,1,101,209,14,15,137,122,5,2055,210,892,0.177129993438721,183,0.0819699954986572,16.0930663556831,20.8793836552532,360.333749265099,8369.07056556939,309
"689",2022-01-18,57597,6408,647,218,374.9,436,2,117,317,17,16,135,119,1,2072,319,991,0.16548999786377,18,0.166669998168945,16.5511048414308,19.5084704313078,513.073254556083,7956.23014167831,432
"690",2022-01-19,57960,6107,651,506,377.3,363,0,105,258,23,21,142,121,4,2095,258,1685,0.216620006561279,290,0.1,19.9496056230762,18.2323941276092,438.134611674641,7885.47702905827,359
"691",2022-01-20,58264,5789,654,490,389.9,304,0,90,214,18,19,139,120,3,2113,214,1748,0.206520004272461,159,0.226420001983643,20.8179207018176,19.2195258566395,369.033503157138,7548.24742886295,303
"692",2022-01-21,58557,5502,657,362,378.7,293,1,92,200,13,20,137,117,3,2126,201,1221,0.239969997406006,87,0.241380004882812,24.0063782306986,19.6674762400511,363.438277508373,7430.11643209488,290
"693",2022-01-22,58800,5287,660,388,379.7,243,0,47,196,12,22,133,111,3,2138,196,1273,0.18068000793457,94,0.223400001525879,18.361759344853,19.7334607514217,295.535925563215,6704.12978802408,243
"694",2022-01-23,59016,5076,667,248,358.6,216,0,66,150,21,20,137,117,7,2159,150,955,0.221989994049072,120,0.0666699981689453,20.4651947997337,19.4635756996133,260.81188031972,6592.43403001933,214
"695",2022-01-24,59337,4760,673,241,350.4,321,0,104,217,11,19,128,109,6,2170,217,923,0.17443000793457,71,0.323940010070801,18.5109293801444,19.8089847031078,379.637302517193,6046.23760360295,322
"696",2022-01-25,59612,4535,678,272,358.1,275,1,104,170,11,22,122,100,5,2181,171,1417,0.175020008087158,62,0.338709983825684,18.1881927286474,20.0428544012815,320.401654911713,5739.07312879894,275
"697",2022-01-26,59816,4265,682,388,341.3,204,0,72,132,10,23,121,98,4,2191,132,1320,0.201520004272461,272,0.10293999671936,18.467718891163,19.8311562967225,239.585511440674,5414.78944162481,206
"698",2022-01-27,60007,4031,683,295,313.4,191,0,48,143,6,21,105,84,1,2197,143,1248,0.158649997711182,121,0.148760004043579,15.77758638662,19.1111085374086,223.935376292229,4959.4091037341,190
"699",2022-01-28,60189,3782,685,228,294.3,182,0,46,136,3,20,95,75,2,2200,136,1042,0.182339992523193,126,0.0793699979782104,17.1231928043169,18.1277963336398,215.994580061103,4727.34927787567,179
"700",2022-01-29,60339,3580,688,198,267.1,150,0,35,115,8,18,95,77,3,2208,115,905,0.140329999923706,82,0.0609800004959106,13.3737598755439,17.4152249808813,172.451087737236,4278.91212260266,150
"701",2022-01-30,60514,3484,688,193,259.3,175,0,40,135,3,17,90,73,0,2211,135,694,0.167150001525879,110,0.0363599991798401,14.9255846976048,16.6238521091486,204.413800823516,4243.09394125281,176
"702",2022-01-31,60731,3378,691,224,256.9,217,0,28,189,5,18,84,66,3,2216,189,822,0.10706000328064,56,0.178570003509521,11.1621005573143,15.5740194201729,247.795960955863,3928.41669898891,217
"703",2022-02-01,60933,3180,695,276,257.4,202,0,48,154,4,15,73,58,4,2220,154,1315,0.112550001144409,101,0,10.452207027182,14.4688786056778,225.497126206786,3665.20039829596,201
"704",2022-02-02,61073,2980,698,277,241.6,140,0,27,113,9,16,73,57,3,2229,113,1054,0.144209995269775,204,0.0833300018310547,13.4337563901334,13.7497411055308,162.159601056771,3564.38593937324,139
"705",2022-02-03,61214,2838,700,209,229.3,141,0,17,124,6,15,69,54,2,2235,124,972,0.148149995803833,129,0.0542600011825562,13.7149260739215,13.4550753465738,165.825681634027,3406.18777804329,140
"706",2022-02-04,61355,2712,706,188,223.6,141,0,18,123,6,15,67,52,6,2241,123,925,0.108109998703003,84,0.0714300012588501,10.5056361651161,12.5097101124023,159.863118499427,3127.90875910932,139
"707",2022-02-05,61467,2588,712,146,216.1,112,0,9,103,4,15,60,45,6,2245,103,836,0.123210000991821,117,0.0940200042724609,11.9626339274964,12.3081206912526,129.986640859169,3039.93618003427,110
"708",2022-02-06,61565,2467,715,139,208.4,98,0,6,92,3,12,54,42,3,2248,92,649,0.151000003814697,115,0.017389999628067,13.0888550304929,12.0457307388081,115.578244885759,2938.36445796922,98
"709",2022-02-07,61707,2281,716,169,200.6,142,0,7,135,4,10,51,41,1,2252,135,694,0.0936600017547607,29,0.103450002670288,9.40526850556601,11.7947547314155,160.534931804635,2594.17169960276,142
"710",2022-02-08,61811,2117,717,216,192,104,0,6,98,2,9,48,39,1,2254,98,923,0.13326000213623,116,0.0172399997711182,12.0306854615197,12.0202516506066,121.210856106172,2488.78961608946,105
"711",2022-02-09,61902,1974,720,174,177.3,91,0,7,84,5,9,41,32,3,2259,84,753,0.095620002746582,85,0.0470599985122681,9.06944653242471,11.396778813791,102.121057760278,2235.34485736654,90
"712",2022-02-10,61993,1866,724,183,173.6,91,0,7,84,0,7,33,26,4,2259,84,855,0.100579996109009,41,0.121949996948242,10.1557864450983,10.8883302953877,103.45314002935,2142.63761065199,88
"713",2022-02-11,62078,1761,724,117,163.4,85,0,8,77,3,5,29,24,0,2262,77,693,0.0923499965667725,59,0.0169500005245209,8.64343053879256,10.6223009201987,94.7154494596893,1983.19359088978,85
"714",2022-02-12,62152,1695,727,138,162.3,74,0,5,69,4,5,30,25,3,2266,69,638,0.112849998474121,48,0,10.4953788668352,10.4126930543899,84.5714177898055,1954.68917614087,69
"715",2022-02-13,62246,1635,728,143,162.9,94,0,7,87,0,4,27,23,1,2266,87,463,0.099350004196167,32,0.0625,9.69677817026774,9.92811064578631,106.314952431236,1866.43617500081,94
"716",2022-02-14,62342,1531,728,174,163.6,96,0,3,93,2,2,25,23,0,2268,93,581,0.0705700016021729,36,0.0277800011634827,6.80733403123952,9.55697714945396,105.241575922019,1683.13820146893,97
"717",2022-02-15,62419,1427,731,176,157.9,77,0,4,73,1,2,21,19,3,2269,73,651,0.124420003890991,71,0.0140799999237061,11.3569394082574,9.46072771327362,89.1023635368953,1663.57633927602,77
"718",2022-02-16,62531,1399,731,200,161.6,112,0,15,97,5,3,21,18,0,2274,97,892,0.0829599952697754,53,0.0565999984741211,8.14816039150985,9.32911540742864,123.537649168337,1565.40382666499,111
"719",2022-02-17,62628,1365,732,181,161.3,97,0,11,86,2,4,22,18,1,2276,86,595,0.124370002746582,16,0.125,12.4386500219667,9.6552387755527,112.615565821448,1612.8517133288,96
"720",2022-02-18,62729,1333,735,126,162.6,101,0,15,86,2,3,21,18,3,2278,86,627,0.105260000228882,22,0.0454500007629395,10.3232542619867,9.89521359315186,113.959883599499,1533.87819579224,100
"721",2022-02-19,62829,1325,736,119,159.9,100,0,4,96,2,3,22,19,1,2280,96,644,0.124219999313354,24,0,11.9757005326048,10.1066881168332,116.782559126781,1556.63427961442,97
"722",2022-02-20,62898,1286,738,119,156.4,69,0,4,65,3,5,22,17,2,2283,65,564,0.0939700031280518,27,0.037039999961853,9.13691400392407,10.0267075216413,77.6695971883765,1457.52464591157,68
"723",2022-02-21,62977,1235,740,76,142.4,79,0,3,76,4,3,25,22,2,2287,76,429,0.0792500019073486,11,0,7.72687518596649,10.1580705437451,87.572421459789,1374.30184872157,78
"724",2022-02-22,63094,1250,740,117,134,117,0,5,112,2,3,26,23,0,2289,112,577,0.124779996871948,36,0.0277800011634827,11.9083422898857,10.2368423839778,136.469525064036,1467.29380651826,114
"725",2022-02-23,63203,1269,741,158,128,109,0,7,102,1,4,24,20,1,2290,102,780,0.107690000534058,40,0.075,10.6095366361665,10.5884675617858,124.797290846006,1465.53688317236,107
"726",2022-02-24,63302,1279,741,142,122.4,99,0,5,94,5,4,28,24,0,2295,94,773,0.0853800010681152,34,0.117650003433228,8.67395798542538,10.0506544137085,110.902308242136,1440.94736427332,94
"727",2022-02-25,63384,1274,742,141,124.6,82,0,4,78,1,3,27,24,1,2296,78,739,0.112309999465942,16,0,10.9929920007061,10.1463312335256,94.5168930122669,1478.44258586703,83
"728",2022-02-26,63460,1272,742,124,125.3,76,0,5,71,3,2,27,25,0,2299,71,675,0.0933300018310547,12,0,9.16997834584599,9.74551377827432,85.5041369210719,1442.27129807892,75
"729",2022-02-27,63553,1270,743,68,118,93,1,2,90,1,1,24,23,1,2300,91,562,0.0622800016403198,36,0.0555600023269653,6.1875453186673,9.32417539466621,101.219507775217,1384.71181180797,84
"730",2022-02-28,63661,1278,743,77,118.1,108,0,6,102,4,1,24,23,0,2304,102,466,0.0858399963378906,34,0,8.0002876586914,9.3632343193412,119.912195162721,1427.25279821527,101
"731",2022-03-01,63771,1307,744,120,118.6,110,0,7,103,2,0,20,20,1,2306,103,917,0.173390007019043,53,0.0754699993133545,16.8039738556773,10.0626102573114,135.265927602634,1627.60745025867,102
"732",2022-03-02,63849,1264,748,155,118.1,78,0,14,64,0,0,13,13,4,2306,64,770,0.150649995803833,55,0.01817999958992,14.1818662722905,10.572943062472,91.249496823161,1525.67756225743,72
"733",2022-03-03,63930,1259,749,147,118.9,81,0,13,68,2,0,14,14,1,2308,68,712,0.0940999984741211,65,0.107690000534058,9.52368712333179,10.6943329393158,90.4536617116574,1434.0317661026,81
"734",2022-03-04,63997,1236,749,120,115.9,67,0,7,60,4,0,18,18,0,2312,60,467,0.115629997253418,29,0.0344799995422363,11.0885340129176,10.7079817982031,76.7120611647337,1436.06845999351,69
"735",2022-03-05,64071,1214,750,63,107.1,74,0,0,74,1,0,17,17,1,2313,74,527,0.0910799980163574,45,0.0666699981689453,8.91596308954946,10.6716939044465,83.6313243163057,1372.00577999993,69
"736",2022-03-06,64159,1235,751,74,108,88,0,11,77,1,0,15,15,1,2314,77,309,0.187700004577637,15,0,17.9010189550895,12.3450472810782,108.121228967429,1557.72360746461,67
"737",2022-03-07,64253,1246,751,136,116.4,94,0,7,87,1,1,13,12,0,2315,87,324,0.141979999542236,24,0,13.2188275435875,13.0905529789205,110.787971173264,1486.43462163088,66
"738",2022-03-08,64338,1206,752,162,122.4,85,0,9,76,4,2,15,13,1,2319,76,594,0.173400001525879,77,0.0909099960327148,16.3933935321745,13.0318986469915,103.187310540386,1494.60390146982,NA
"739",2022-03-09,64432,1181,752,82,112,94,0,7,87,0,2,11,9,0,2319,87,537,0.087519998550415,33,0.0909099960327148,8.77162615625481,12.2590072018436,105.140005160691,1332.22236890547,NA
"740",2022-03-10,64520,1171,752,137,110.6,88,0,7,81,2,1,13,12,0,2321,81,526,0.108369998931885,21,0,10.42095419345,12.3871882118605,100.321924155627,1349.13547143505,NA
"741",2022-03-11,64589,1154,754,88,106,69,0,10,59,3,2,14,12,2,2324,59,495,0.133330001831055,29,0.0689699983596802,12.976809324199,12.6569418277578,80.1765035519879,1372.60483218634,NA
"742",2022-03-12,64647,1134,754,69,106.9,58,0,4,54,4,2,18,16,0,2328,54,349,0.151859998703003,24,0,14.2088845971442,13.4130734716999,69.2005609142212,1369.21177919864,NA
"743",2022-03-13,64699,1107,754,49,103.3,52,0,1,51,1,2,19,17,0,2329,51,258,0.112399997711182,10,0,10.8205967945839,12.4015845916277,60.0557766353669,1281.85773990885,NA
"744",2022-03-14,64821,1119,755,68,93.6,122,0,13,109,2,2,20,18,1,2331,109,229,0.109169998168945,13,0.230769996643066,11.5702229491935,12.1660696495714,140.410019604783,1307.99827465828,NA
"745",2022-03-15,64922,1101,755,113,86.6,101,0,5,96,2,2,21,19,0,2333,96,509,0.135559997558594,63,0.0476200008392334,12.5874298619224,11.6223605538211,118.639827026133,1303.30676620596,NA
"746",2022-03-16,65011,1116,756,138,94.6,89,0,5,84,2,2,22,20,1,2335,84,742,0.130729999542236,38,0.0526300001144409,12.6925127775241,12.1824872140025,104.56370250569,1322.77490471845,NA
"747",2022-03-17,65090,1122,756,92,88.1,79,0,3,76,1,2,20,18,0,2336,76,483,0.186340007781982,34,0.0588199996948242,17.7953779010293,13.2359763150852,98.7427130285342,1413.46478971073,NA
"748",2022-03-18,65161,1126,756,89,88.3,71,0,4,67,3,1,21,20,0,2339,67,561,0.345810012817383,33,0.0302999997138977,32.8281678756078,16.0718846795722,103.107572644403,1665.59890742684,NA
"749",2022-03-19,65238,1127,758,63,87.4,77,0,6,71,0,0,19,19,2,2339,71,442,0.122170000076294,67,0.0298499989509583,11.0017858474334,15.6137277153278,88.4026963997888,1307.99773017693,NA
"750",2022-03-20,65339,1153,760,39,86,101,0,11,90,0,1,17,16,2,2339,90,416,0.0648999977111816,27,0,6.09444673766401,14.9385634214821,109.006870801738,1255.57691149337,NA
"751",2022-03-21,65467,1193,760,40,82,128,0,3,125,2,1,14,13,0,2341,125,205,0.131709995269775,29,0,11.5386961667965,14.9340595954254,149.054880278932,1393.94777738213,NA
"752",2022-03-22,65593,1230,760,141,86,126,0,2,124,3,1,16,15,0,2344,124,706,0.1869700050354,34,0,17.837949129053,15.684133776444,158.288854033554,1550.28460049412,NA
"753",2022-03-23,65708,1256,760,126,84.3,115,0,14,101,1,1,17,16,0,2345,101,677,0.140319995880127,17,0,13.6882762551651,15.8263857018213,135.181626329176,1506.97151157866,NA
"754",2022-03-24,65826,1291,760,166,94.9,118,0,4,114,2,1,17,16,0,2347,114,709,0.163610000610352,64,0,15.0064023845717,15.4279606280417,142.972812956013,1573.80615373871,NA
"755",2022-03-25,65944,1332,761,123,99.7,118,0,8,110,1,1,18,17,1,2348,110,598,0.195650005340576,24,0.0416699981689453,18.9708654581542,13.4483459969769,148.462521918163,1700.87344722721,NA
"756",2022-03-26,66057,1378,761,100,105,113,0,13,100,3,2,18,16,0,2351,100,538,0.139409999847412,62,0,12.5004299863179,13.6624380168175,131.247819545121,1629.45495333176,NA
"757",2022-03-27,66208,1472,761,86,111.7,151,0,9,142,4,1,21,20,0,2355,142,357,0.17367000579834,18,0.111110000610352,17.0667125549317,15.2299045621415,186.37726411058,1838.72769556883,NA
"758",2022-03-28,66407,1556,761,70,116,199,0,7,192,3,1,19,18,0,2358,192,268,0.141789999008179,29,0.103450002670288,13.8046363002122,15.5536102954866,237.691202122373,1869.5599505334,NA
"759",2022-03-29,66621,1656,763,191,123.1,214,0,20,194,3,0,20,20,2,2361,194,686,0.2230299949646,32,0,21.3089939478713,16.049473841032,274.346307506892,2171.12105789388,NA
"760",2022-03-30,66794,1737,764,215,135.9,173,0,11,162,3,0,22,22,1,2364,162,953,0.152150001525879,39,0.0769199991226196,14.9192370383009,16.22532538148,208.281549814567,2115.29661745619,NA
"761",2022-03-31,66956,1816,764,193,139.7,162,0,11,151,5,0,23,23,0,2369,151,874,0.184209995269775,56,0,17.3117780500842,16.5546647622675,200.15967333407,2274.92693228259,NA
"762",2022-04-01,67127,1912,764,224,154.1,171,0,20,151,0,0,21,21,0,2369,151,677,0.205319995880127,79,0.0379699993133545,18.7832363963758,16.5278606105849,212.403151251632,2436.25712048424,NA
"763",2022-04-02,67273,1976,764,179,165.4,146,0,11,135,5,1,24,23,0,2374,135,723,0.206089992523193,49,0.0612200021743774,19.6894876555457,17.554868849046,184.802008762192,2543.94643936364,NA
"764",2022-04-03,67425,2020,764,73,163.6,152,0,12,140,7,1,28,27,0,2381,140,436,0.15826000213623,29,0.0344799995422363,15.0540389071228,17.2673440422161,182.765720857947,2463.90540095037,NA
"765",2022-04-04,67654,2121,764,87,166,229,0,25,204,6,1,31,30,0,2387,204,316,0.183540000915527,20,0.05,17.5591191337222,17.8036987327176,281.290033291274,2664.66255201369,NA
"766",2022-04-05,67858,2195,764,270,177.3,204,0,29,175,5,1,34,33,0,2392,175,846,0.199759998321533,100,0.07,18.6043296596212,17.4173181201104,251.526748186022,2791.12121296182,NA
"767",2022-04-06,68065,2284,765,202,175.4,207,0,36,171,0,0,27,27,1,2392,171,852,0.211270008087158,44,0.0909099960327148,20.5359471780913,18.2197052829376,258.262156772528,2968.69453841201,NA
"768",2022-04-07,68233,2306,765,219,179.1,168,0,22,146,8,1,31,30,0,2400,146,854,0.200230007171631,154,0.0779199981689453,18.1543755796221,18.3400763585859,206.691912521814,2917.1202073651,NA
"769",2022-04-08,68418,2348,766,215,177.9,185,0,25,160,6,1,30,29,1,2406,160,964,0.196060009002686,72,0.0416699981689453,18.5330201299955,18.3043311776744,228.286473483347,2983.22899836812,NA
"770",2022-04-09,68545,2349,766,185,178.7,127,0,11,116,2,1,29,28,0,2408,116,743,0.201879997253418,37,0.0540500020980835,19.486754876528,18.2753693521004,159.997689903424,3017.20322054434,NA
"771",2022-04-10,68693,2349,768,72,178.6,148,0,12,136,0,1,28,27,2,2408,136,427,0.131149997711182,15,0.133330001831055,13.1223979751449,17.9994206475322,174.051824192931,2798.96863992054,NA
"772",2022-04-11,68902,2349,768,132,185,209,0,34,175,4,1,28,27,0,2412,175,574,0.141110000610352,172,0.0465100002288818,11.929874046878,17.195242777983,239.47613808669,2758.07684780363,NA
"773",2022-04-12,69139,2380,769,239,180.6,237,0,41,196,6,2,32,30,1,2418,196,718,0.193589992523193,59,0.135590000152588,18.9185874698398,17.2401367508714,291.129099745297,3037.2819254786,NA
"774",2022-04-13,69331,2395,769,247,187,192,0,35,157,3,2,30,28,0,2421,157,1139,0.18613000869751,171,0.0584800004959106,16.9467297703255,16.7273914069048,230.839316831153,2987.48511981282,NA
"775",2022-04-14,69479,2384,770,229,188.4,148,0,31,117,4,3,28,25,1,2425,117,817,0.186049995422363,128,0.15625,18.2013593926001,16.7341033801874,179.086778037366,3017.42631488103,NA
"776",2022-04-15,69612,2356,770,263,195.3,133,0,27,106,4,4,27,23,0,2429,106,893,0.235160007476807,32,0.15625,23.243014775869,17.4069597581693,168.965354805042,3155.38090491206,NA
"777",2022-04-16,69712,2319,770,96,182.6,100,0,17,83,4,5,29,24,0,2433,83,442,0.217189998626709,67,0.0447800016403198,19.4495558944807,17.4016456178769,123.565345261279,2977.4100682037,NA
"778",2022-04-17,69837,2294,770,96,186,125,0,15,110,3,5,30,25,0,2436,110,408,0.159309997558594,26,0.0384599995613098,15.207013592742,17.6994478489622,149.418705930972,2803.24101277864,NA
"779",2022-04-18,70002,2254,772,55,175,165,0,42,123,7,5,36,31,2,2443,123,374,0.152410001754761,98,0.0408199977874756,12.9240890761553,17.8414785674304,188.205507968206,2679.24565008403,NA
"780",2022-04-19,70206,2272,773,144,161.4,204,0,76,128,4,6,36,30,1,2447,128,620,0.224190006256104,208,0.100959997177124,19.3233675472979,17.8993042927815,240.105952773075,2912.88066172208,NA
"781",2022-04-20,70314,2151,773,360,177.6,108,0,33,75,6,7,37,30,0,2453,75,1122,0.212119998931885,105,0.123809995651245,20.4562908186598,18.4006701568293,130.396191800801,2793.32278084697,NA
"782",2022-04-21,70483,2140,773,165,168.4,169,0,34,135,2,5,33,28,0,2455,135,904,0.20132999420166,189,0.0899499988555908,18.2070324375121,18.4014805918167,204.88053912489,2708.77299057234,NA
"783",2022-04-22,70634,2110,773,286,171.7,151,0,27,124,0,4,31,27,0,2455,124,832,0.201919994354248,248,0.0685500001907349,17.1294291990775,17.5281112237036,182.006346922824,2637.60800005774,NA
"784",2022-04-23,70669,2029,773,141,178.1,35,0,1,34,0,4,31,27,0,2455,34,705,0.192910003662109,108,0.138889999389648,18.5733914533664,17.402944874973,44.218412856516,2579.12234370209,NA
"785",2022-04-24,70669,1894,773,23,167.7,0,0,0,0,0,4,31,27,0,2455,0,224,0.1875,32,0.1875,18.75,17.9090857902956,0,2412.40272079071,NA
