"","date","observed_cumulative_cases","observed_active_cases","observed_cumulative_deaths","observed_new_cases","observed_daily_average_cases","observed_new_episodes","observed_new_cases_community_outbreak","observed_new_cases_institution_outbreak","observed_new_cases_sporadic","observed_new_ICU_p_acute_care","observed_census_ICU","observed_census_ICU_p_acute_care","observed_census_acute_care","observed_new_deaths","cumulative_hosp","observed_new_community_cases","num_non_ltch_tests","non_ltch_pct_positivity","num_ltch_tests","ltch_pct_positivity","observed_pct_positivity","pct_positivity_7_day","adjusted_new_episodes","adjusted_active_cases","adjusted_episode_cases"
"1",2020-03-01,7,7,0,0,0,2,0,0,2,0,0,1,1,0,0,2,NA,NA,NA,NA,NA,NA,NA,NA,2
"2",2020-03-02,10,10,0,0,0,3,2,0,1,0,0,1,1,0,0,3,NA,NA,NA,NA,NA,NA,NA,NA,3
"3",2020-03-03,11,11,0,0,0,1,0,0,1,0,0,1,1,0,0,1,NA,NA,NA,NA,NA,NA,NA,NA,1
"4",2020-03-04,12,12,0,0,0,1,0,0,1,0,0,1,1,0,0,1,NA,NA,NA,NA,NA,NA,NA,NA,1
"5",2020-03-05,18,18,0,0,0,6,2,0,4,0,0,1,1,0,0,6,NA,NA,NA,NA,NA,NA,NA,NA,6
"6",2020-03-06,23,23,0,0,0,5,0,1,4,0,0,1,1,0,0,4,NA,NA,NA,NA,NA,NA,NA,NA,5
"7",2020-03-07,27,27,0,0,0,4,0,0,4,0,0,1,1,0,0,4,NA,NA,NA,NA,NA,NA,NA,NA,4
"8",2020-03-08,36,36,0,0,0,9,1,0,8,0,0,1,1,0,0,9,NA,NA,NA,NA,NA,NA,NA,NA,9
"9",2020-03-09,45,45,0,1,0.1,9,0,0,9,0,0,1,1,0,0,9,NA,NA,NA,NA,NA,NA,NA,NA,9
"10",2020-03-10,52,52,0,0,0.1,7,1,0,6,0,0,1,1,0,0,7,NA,NA,NA,NA,NA,NA,NA,NA,7
"11",2020-03-11,61,61,0,0,0.1,9,0,0,9,0,0,1,1,0,0,9,NA,NA,NA,NA,NA,NA,NA,NA,9
"12",2020-03-12,75,75,0,3,0.6,14,1,0,13,0,0,1,1,0,0,14,NA,NA,NA,NA,NA,NA,NA,NA,14
"13",2020-03-13,97,97,0,1,0.7,22,2,2,18,0,0,1,1,0,0,20,NA,NA,NA,NA,NA,NA,NA,NA,22
"14",2020-03-14,115,115,0,4,1.3,18,1,1,16,1,0,2,2,0,1,17,NA,NA,NA,NA,NA,NA,NA,NA,18
"15",2020-03-15,142,142,0,4,1.9,27,1,0,26,0,0,2,2,0,1,27,NA,NA,NA,NA,NA,NA,NA,NA,27
"16",2020-03-16,156,156,0,0,1.7,14,0,0,14,0,0,2,2,0,1,14,NA,NA,NA,NA,NA,NA,NA,NA,14
"17",2020-03-17,179,178,0,5,2.4,23,1,0,22,2,0,4,4,0,3,23,127,0,4,0,0,0,23,178,23
"18",2020-03-18,195,193,0,4,3,16,0,0,16,0,0,3,3,0,3,16,210,0.0190499997138977,1,0,1.89597153550641,0.947985767753203,16.9111380832594,203.990603129316,16
"19",2020-03-19,220,218,0,1,2.7,25,0,0,25,4,0,7,7,0,7,25,110,0.0272699999809265,9,0,2.52075630075791,1.47224261208811,26.892793665761,234.505160765436,25
"20",2020-03-20,242,240,0,2,2.9,22,1,1,20,3,1,10,9,0,10,21,137,0.00730000019073486,4,0,0.709290798674238,1.28150465873464,22.4473794430775,245.112907920885,22
"21",2020-03-21,262,260,0,4,2.9,20,0,2,18,3,1,10,9,0,13,18,204,0.0147099995613098,3,0,1.44968111618705,1.31513995022512,20.7837497055754,271.320829080534,20
"22",2020-03-22,288,286,0,6,3.1,26,0,1,25,3,5,13,8,0,16,25,159,0.0314499998092651,2,0,3.10593165818208,1.61360523488461,28.3321920358291,312.680276889885,26
"23",2020-03-23,309,307,0,9,4.4,21,1,0,20,4,5,17,12,0,20,21,138,0.0362299990653992,3,0,3.54591480214545,1.88964945877902,23.2365571248761,339.696335111284,21
"24",2020-03-24,327,323,1,8,4.9,18,1,3,14,3,7,20,13,1,23,15,253,0.0197599995136261,4,0,1.94524508830638,2.16754161425136,18.8763911641261,341.871623067515,18
"25",2020-03-25,350,346,1,8,5.4,23,0,1,22,4,8,23,15,0,27,22,153,0.0588199996948242,2,0,5.80610319568265,2.7261318514194,26.8365409248209,406.338325454001,23
"26",2020-03-26,364,356,1,19,8,14,1,3,10,2,7,25,18,0,29,11,274,0.025550000667572,3,0,2.52732858588979,2.72707074929538,14.8350006211951,383.023656467769,14
"27",2020-03-27,381,364,1,27,11.6,17,3,2,12,5,9,26,17,0,34,15,577,0.0294600009918213,4,0,2.92571782655437,3.04370318184968,18.3181234937089,395.986463447336,17
"28",2020-03-28,406,386,2,26,14.7,25,1,1,23,3,8,25,17,1,37,24,367,0.0817399978637695,3,0,8.10772411243335,3.99485218131344,30.8444360073888,479.998012452169,25
"29",2020-03-29,425,398,2,11,15.4,19,5,4,10,7,8,31,23,0,44,15,184,0.0434800004959106,0,0,4.34800004959106,4.17229052294329,20.9589042265101,449.976258810069,19
"30",2020-03-30,450,407,3,48,21,25,8,3,14,4,12,32,20,1,48,22,549,0.0783199977874756,0,0,7.83199977874756,4.78458837674359,30.1752073054258,502.741335150377,25
"31",2020-03-31,467,404,3,51,27.1,17,2,3,12,6,13,34,21,0,54,14,943,0.064689998626709,0,0,6.4689998626709,5.43083905879567,19.7201796134386,482.496611702085,17
"32",2020-04-01,494,407,3,37,31.3,27,6,4,16,3,15,33,18,0,57,22,575,0.0573899984359741,4,0.25,5.87206374795943,5.44026199483521,29.8801261574123,478.782333912127,27
"33",2020-04-02,511,403,6,32,33.1,17,5,4,7,6,14,34,20,3,63,12,107,0.0841100025177002,9,0,7.75842264602924,6.1875611462837,18.7963213871238,496.909793250908,17
"34",2020-04-03,538,409,6,26,33,27,3,4,19,5,14,37,23,0,68,22,217,0.110600004196167,2,0,10.9589958495745,7.33517229242944,33.2414551816954,543.625234968793,27
"35",2020-04-04,555,416,7,18,31.9,17,3,7,6,7,14,43,29,1,75,9,315,0.0253999996185303,3,0,2.51603769806196,6.53635994751924,16.680130196584,447.437129086548,17
"36",2020-04-05,582,427,8,40,36,27,4,8,13,4,13,43,30,1,79,17,422,0.0663500022888184,5,0.2,6.79149905524154,6.88543123404074,28.4677435277913,514.101558021583,27
"37",2020-04-06,601,427,9,40,34.9,19,3,7,9,4,12,44,32,1,83,12,238,0.117650003433228,4,0.25,11.9837606682266,7.47853993253774,23.319234435093,580.692758648727,19
"38",2020-04-07,624,425,9,25,31.1,23,2,11,10,4,14,45,31,0,87,12,285,0.108769998550415,6,0,10.6527318167932,8.07621592598378,26.8394997500992,560.982282816013,23
"39",2020-04-08,644,428,11,26,29.6,20,1,11,7,5,16,44,28,2,92,8,368,0.0434800004959106,6,0.333330001831055,4.813000051733,7.92492111223715,20.1564803478688,489.871698610978,20
"40",2020-04-09,680,436,11,25,28.6,36,1,20,13,6,16,47,31,0,98,14,295,0.0949199962615967,5,0,9.33379963239034,8.14997496743159,37.924812492648,558.229874771037,36
"41",2020-04-10,714,452,11,37,30.1,34,0,20,13,4,16,48,32,0,102,13,331,0.090629997253418,8,0,8.84912362562872,7.84856464972505,36.4552224954736,572.13542830416,34
"42",2020-04-11,757,481,11,31,32,43,0,34,7,5,19,52,33,0,107,7,225,0.102220001220703,11,0.363639984130859,11.4404830932617,9.12348542046787,43.405330772826,646.280585961331,43
"43",2020-04-12,790,496,13,35,31.3,33,0,18,14,1,18,48,30,2,108,14,227,0.101319999694824,12,0.5,12.1337405567887,9.88666277783175,37.1021725765971,676.762685570867,33
"44",2020-04-13,814,503,16,16,27.9,24,0,19,5,3,20,50,30,3,111,5,165,0.0606099987030029,26,0.0384599995613098,5.75948155737672,8.99748004771035,24.8649396378851,590.012927571236,24
"45",2020-04-14,847,504,18,32,28.9,33,0,26,7,5,20,50,30,2,116,7,208,0.0673099994659424,18,0.166669998168945,7.52236276812258,8.55028446932883,34.5815565219604,617.87206958115,33
"46",2020-04-15,876,502,24,60,33.7,29,2,18,9,4,16,50,34,6,120,11,390,0.1,24,0.208330001831055,10.6280000106148,9.38099874916909,32.5113703301071,662.246173246706,29
"47",2020-04-16,946,551,24,21,33.1,70,1,55,13,7,13,52,39,0,127,14,310,0.0354800009727478,11,0,3.42641753942424,8.5370870216025,70.4407901276445,607.705382880868,70
"48",2020-04-17,978,555,26,73,38.3,32,0,26,6,0,13,49,36,2,127,6,378,0.0846599960327148,66,0.5,14.6399726352176,9.36435116582948,34.6382984309136,799.042604859505,32
"49",2020-04-18,1018,577,31,31,38.3,40,0,31,9,1,11,46,35,5,128,9,421,0.0617600011825562,8,0,6.06082995288022,8.59582928863213,41.6383512339619,682.036517999555,40
"50",2020-04-19,1035,580,35,37,38.6,17,0,13,4,4,15,47,32,4,132,4,452,0.0442500019073486,47,0.127659997940063,5.21062540386864,7.60681283821498,17.6260114081559,670.771654182608,17
"51",2020-04-20,1096,617,39,16,38.6,61,1,47,13,3,13,45,32,4,135,14,325,0.0523099994659424,43,0.0232599997520447,4.89155701515467,7.48282361789754,63.0568733889418,707.649348641223,61
"52",2020-04-21,1132,628,47,51,41.3,36,0,26,10,2,11,43,32,8,137,10,543,0.069980001449585,25,0.36,8.27449661745152,7.59027131065882,38.4852723415055,784.075103046543,36
"53",2020-04-22,1173,645,54,35,37.7,41,1,31,9,4,9,45,36,7,141,10,656,0.0243899989128113,122,0.106560001373291,3.72752692215241,6.60448944087848,42.1195750013728,717.212587588545,41
"54",2020-04-23,1218,661,57,50,41.9,45,0,35,10,5,11,48,37,3,146,10,775,0.0361299991607666,105,0.0285700011253357,3.522795394063,6.61825770582687,46.0580832118757,730.939300304983,45
"55",2020-04-24,1259,668,65,38,36.9,41,0,36,5,7,10,48,38,8,153,5,517,0.0406199979782104,94,0.106379995346069,5.07369206501886,5.25164619579848,41.7619500702866,769.796529390292,41
"56",2020-04-25,1360,742,78,53,40,101,0,95,6,5,9,49,40,13,158,6,557,0.0502699995040894,28,0.0357100009918213,4.95731106864082,5.09400064090713,101.89336683475,852.479698564037,101
"57",2020-04-26,1414,759,87,87,47.1,54,0,41,13,5,9,50,41,9,163,13,358,0.0502799987792969,81,0.0123500001430511,4.32815252268233,4.96793308645194,55.6899673451167,857.668093457196,54
"58",2020-04-27,1475,782,95,87,57.3,61,0,54,7,8,11,54,43,8,171,7,269,0.0632000017166138,80,0.1,7.16355314090806,5.29250396155957,62.5061177637463,950.254870178515,61
"59",2020-04-28,1495,777,103,65,59.3,20,0,13,7,7,13,60,47,8,178,7,503,0.0616300010681152,11,0.272730007171631,6.61477054788908,5.05540023733636,21.3907377008749,931.371884797113,20
"60",2020-04-29,1520,766,111,28,58.3,25,0,17,8,7,13,61,48,8,185,8,668,0.0314400005340576,74,0.148649997711182,4.31294072606172,5.13903078075198,26.0363247740704,865.228097117243,25
"61",2020-04-30,1540,756,122,30,55.4,20,0,10,10,2,11,55,44,11,187,10,603,0.0414599990844727,6,0.333330001831055,4.43355656139957,5.26913951894292,21.3316333314231,856.671479855589,20
"62",2020-05-01,1563,739,135,43,56.1,23,0,16,7,6,11,57,46,13,193,7,516,0.031010000705719,55,0.0909099960327148,3.67797025323123,5.06975068868754,23.7732833447257,820.63662739319,23
"63",2020-05-02,1584,740,139,22,51.7,21,0,15,6,4,12,57,45,4,197,6,508,0.0511800003051758,28,0.0357100009918213,5.03718660126871,5.08116147906296,21.9077613625026,851.957234708655,21
"64",2020-05-03,1603,721,148,23,42.6,19,0,13,6,3,12,52,40,9,200,6,826,0.0205800008773804,231,0.0043299999833107,1.70286761786764,4.70612077837514,19.3068771422063,757.876403255121,19
"65",2020-05-04,1621,718,152,14,32.1,18,0,11,7,6,10,51,41,4,206,7,637,0.0109899997711182,24,0.125,1.51295459216374,3.89889241426881,18.3180946301615,750.627420636564,18
"66",2020-05-05,1646,718,156,29,27,25,0,24,1,3,9,49,40,4,209,1,923,0.0292499995231628,29,0.172409992218018,3.36109656871868,3.4340818458159,25.1009516436534,790.483280143169,25
"67",2020-05-06,1662,692,161,23,26.3,16,0,11,5,4,10,52,42,5,213,5,598,0.0167200005054474,149,0.0134200000762939,1.60617674881196,3.04740127763736,16.2412102411748,725.383497378596,16
"68",2020-05-07,1685,670,167,32,26.6,23,0,16,7,6,10,54,44,6,219,7,813,0.0356699991226196,234,0.0128199994564056,3.05631224063884,2.85065208895726,23.6425814210681,731.504221730802,23
"69",2020-05-08,1698,637,173,16,22.7,13,0,8,5,4,8,54,46,6,223,5,715,0.00978999972343445,127,0.0472399997711182,1.54386339349022,2.54577968042283,13.2318522303104,666.537974141545,13
"70",2020-05-09,1715,620,179,12,21.3,17,0,12,5,5,6,51,45,6,228,5,1100,0.0154499995708466,164,0.0304900002479553,1.74013920637626,2.0747729097239,17.2613282740883,652.404705986949,17
"71",2020-05-10,1727,552,185,25,21.6,12,0,8,4,3,5,52,47,6,231,4,907,0.0176400005817413,316,0.0126600003242493,1.63532629845479,2.06512414980778,12.1964702582784,579.11289564242,12
"72",2020-05-11,1747,532,188,14,21.6,20,0,14,6,1,5,51,46,3,232,6,517,0.00967000007629395,197,0.0152300000190735,1.12040616851561,2.00904580357234,20.2019106121326,549.90274094242,20
"73",2020-05-12,1770,515,193,13,19.3,23,0,17,6,4,6,50,44,5,236,6,835,0.0131700003147125,322,0.00310999989509583,1.03702422031165,1.67703546808562,23.1868841862918,531.040892656717,23
"74",2020-05-13,1791,498,195,21,19,21,0,15,6,2,7,47,40,2,238,6,1249,0.0144099998474121,224,0.0133899998664856,1.42548878340193,1.65122290159847,21.2568901537075,519.32188275772,21
"75",2020-05-14,1805,470,198,25,18,14,0,10,4,2,6,45,39,3,240,4,1046,0.0267700004577637,127,0.0236199998855591,2.64289518024611,1.59216332154237,14.3175209125887,507.308707229175,14
"76",2020-05-15,1825,455,201,17,18.1,20,0,12,8,1,5,43,38,3,241,8,1163,0.012039999961853,137,0.0146000003814697,1.23097846214588,1.54746547420746,20.2957827518844,471.822644013426,20
"77",2020-05-16,1841,436,207,19,19.1,16,0,6,10,1,4,41,37,6,242,10,967,0.0134399998188019,25,0.04,1.41093546620781,1.50043636846911,16.423779119375,454.476769604752,16
"78",2020-05-17,1853,397,212,15,17.7,12,0,9,3,1,2,41,39,5,243,3,353,0.0254999995231628,10,0.1,2.7552341134095,1.66042319917693,12.2482630951345,429.853482922802,12
"79",2020-05-18,1868,389,213,26,19.4,15,0,8,7,2,1,42,41,1,245,7,376,0.0398900008201599,17,0.0588199996948242,4.07088557333133,2.08192025700774,15.8558927330573,436.563181879897,15
"80",2020-05-19,1880,352,219,23,20.9,12,0,8,4,0,1,39,38,6,245,4,359,0.0390000009536743,31,0.225809993743896,5.38490003805894,2.70304537382878,12.646948992553,408.931511344668,12
"81",2020-05-20,1895,338,223,17,20.3,15,0,9,6,3,1,40,39,4,248,6,675,0.0296300005912781,36,0.0555600023269653,3.09429120715661,2.94144572007945,15.5576283398913,369.413063147212,15
"82",2020-05-21,1903,324,229,11,18.3,8,0,1,7,0,1,37,36,6,248,7,478,0.0209200000762939,36,0,1.94547860631683,2.8418147809467,8.40903163979192,342.932321613226,8
"83",2020-05-22,1910,308,233,7,16.9,7,0,3,4,1,1,35,34,4,249,4,514,0.00583999991416931,14,0,0.568515143159664,2.74717716394867,7.06830215909651,313.259266250431,7
"84",2020-05-23,1919,304,236,6,15,9,1,3,5,1,0,34,34,3,250,6,582,0.00859000027179718,43,0,0.799900825309753,2.65988650096323,9.14415171017632,311.303686648934,9
"85",2020-05-24,1929,301,237,8,14,10,0,3,7,1,1,35,34,1,251,7,332,0.0150600004196167,25,0.04,1.68064989896716,2.50637447032861,10.3533521169848,316.194141030346,10
"86",2020-05-25,1944,297,240,6,11.1,15,1,7,7,0,1,34,33,3,251,8,401,0.0174600005149841,8,0,1.71184846124905,2.16936916860257,15.4113274636785,312.270532089065,15
"87",2020-05-26,1950,287,243,16,10.1,6,0,2,4,1,1,34,33,3,252,4,1123,0.00800999999046326,41,0.0731699991226196,1.03051545990701,1.54731422886658,6.12380748646868,295.883187154128,6
"88",2020-05-27,1955,261,243,8,8.9,5,0,1,4,1,1,32,31,0,253,4,1150,0.00957000017166138,13,0.0769199991226196,1.03228376491871,1.25274173711831,5.12401993296495,269.092300625963,5
"89",2020-05-28,1959,236,244,4,7.9,4,0,2,2,1,1,30,29,1,254,2,1403,0.00284999996423721,88,0,0.268179071081476,1.01312751779898,4.01610969364647,237.900943850283,4
"90",2020-05-29,1966,227,247,7,7.9,7,0,3,4,2,1,31,30,3,256,4,1380,0.0065200001001358,37,0,0.634975309681539,1.0226218273021,7.07628677115474,231.329274263031,7
"91",2020-05-30,1969,210,248,15,9.1,3,1,1,1,0,1,31,30,1,256,2,1020,0.0127499997615814,119,0,1.1417910234252,1.07146328417574,3.06858813971385,217.201754669955,3
"92",2020-05-31,1973,195,249,10,9.4,4,0,1,3,3,1,34,33,1,259,3,1309,0.00535000026226044,11,0.0909099960327148,0.606300022701423,0.917984730423488,4.05463126326849,198.551032112452,4
"93",2020-06-01,1984,186,250,5,9.3,11,0,5,6,2,1,33,32,1,261,6,763,0.00130999997258186,20,0,0.127653892602805,0.691671220616881,11.0230047605242,186.71314757625,11
"94",2020-06-02,1987,167,251,8,8.1,3,0,1,2,0,1,28,27,1,261,2,858,0.0104900002479553,9,0,1.03811075118174,0.692756262227556,3.06235999738981,172.207059782049,3
"95",2020-06-03,1997,157,251,8,8.1,10,0,7,3,0,1,23,22,0,261,3,1110,0.00449999988079071,141,0,0.399280564962245,0.602327233662346,10.0359775702552,158.882826176686,10
"96",2020-06-04,2004,146,254,8,8.7,7,0,2,5,0,0,20,20,3,261,5,1430,0.00559000015258789,21,0,0.550909732474203,0.642717328147021,7.0827337772969,148.415826297069,7
"97",2020-06-05,2008,137,256,15,9.9,4,0,1,3,1,0,21,21,2,262,3,1366,0.00952000021934509,29,0,0.932209340474939,0.685179332546079,4.08399764472037,140.83589244223,4
"98",2020-06-06,2011,128,257,2,8,3,0,0,3,0,0,21,21,1,262,3,1404,0.000710000023245811,68,0,0.0677201109128477,0.5317406307586,3.0061019875793,128.26035147005,3
"99",2020-06-07,2012,118,258,4,7.1,1,0,0,1,0,0,20,20,1,262,1,870,0.00230000004172325,22,0,0.22432735832951,0.477173107276898,1.00673774617206,118.795054048303,1
"100",2020-06-08,2015,110,258,0,6.4,3,0,0,3,0,0,19,19,0,262,3,701,0.0014300000667572,12,0,0.140593274445554,0.47902159039729,3.01266829606206,110.464504188942,3
"101",2020-06-09,2025,107,259,3,5.7,10,0,3,7,0,0,18,18,1,262,7,1338,0.00224000006914139,10,0,0.222338285794598,0.362482666770557,10.0467460260585,107.714546398322,10
"102",2020-06-10,2035,105,259,7,5.6,10,0,4,6,0,0,17,17,0,262,6,1281,0.00233999997377396,12,0,0.231828303666237,0.338560915156841,10.0417782372306,105.731119151536,10
"103",2020-06-11,2042,104,260,5,5.1,7,0,2,5,0,0,16,16,1,262,5,1529,0.00326999992132187,6,0,0.325721816267175,0.306391212841551,7.04891581073865,105.017448863364,7
"104",2020-06-12,2046,107,260,10,4.4,4,0,2,2,0,0,16,16,0,262,2,1596,0.00814999997615814,13,0,0.808415162333648,0.288706330249938,4.04856203189845,109.598068706567,4
"105",2020-06-13,2049,105,260,6,5,3,0,3,0,0,0,16,16,0,262,0,1479,0.00270000010728836,23,0.0434800004959106,0.332446083228058,0.326524326294968,3,106.048438410916,3
"106",2020-06-14,2052,102,260,1,4.6,3,0,1,2,0,0,16,16,0,262,2,768,0,13,0,0,0.294477560819324,3,102,3
"107",2020-06-15,2057,100,260,2,4.9,5,0,2,3,0,0,14,14,0,262,3,720,0.00555999994277954,17,0,0.543175028331244,0.351989239945851,5.04894332321054,101.631444107018,5
"108",2020-06-16,2061,99,260,3,4.9,4,0,1,3,1,0,14,14,0,263,3,1250,0.000799999982118607,14,0,0.0791139222822989,0.331528616586952,4.00712863822295,99.2352450613575,4
"109",2020-06-17,2064,89,260,8,5,3,0,0,3,1,1,6,5,0,264,3,1098,0.0091100001335144,26,0,0.889927059305944,0.425542724535481,3.08018775795203,91.3789034859103,3
"110",2020-06-18,2066,75,260,2,4.6,2,0,0,2,0,1,6,5,0,264,2,1304,0.00230000004172325,122,0,0.210322584460527,0.409057119991674,2.01263421634257,75.4737831128463,2
"111",2020-06-19,2069,73,260,5,3.9,3,0,0,3,0,1,5,4,0,264,3,1875,0.0010700000077486,19,0,0.105926611115556,0.308701612674804,3.0095446220721,73.2322524704212,3
"112",2020-06-20,2075,73,261,1,3.1,6,0,0,6,1,1,5,4,1,265,6,1792,0.000560000017285347,158,0,0.0514625656910432,0.268561110169516,6.0092741707718,73.1128357443902,6
"113",2020-06-21,2081,77,261,1,3.1,6,0,0,6,0,1,4,3,0,265,6,1102,0.00363000005483627,86,0,0.336722227308886,0.316664285499357,6.06068137872237,77.7787443602704,6
"114",2020-06-22,2083,76,262,6,3.7,2,0,1,1,0,1,1,0,1,265,1,509,0.0039300000667572,10,0,0.385427752211833,0.294128960339441,2.01157644961991,76.8798101711134,2
"115",2020-06-23,2092,81,262,4,3.9,9,0,0,9,0,1,1,0,0,265,9,1255,0.00158999994397163,20,0,0.156505876837992,0.305184953847397,9.04230635052184,81.3807571546965,9
"116",2020-06-24,2094,75,263,3,3.1,2,0,0,2,1,1,2,1,1,266,2,1733,0.00289000004529953,24,0,0.285052366448724,0.218774283439223,2.01712328362602,75.6421231359756,2
"117",2020-06-25,2100,73,263,6,3.7,6,0,0,6,0,1,2,1,0,266,6,1796,0.00277999997138977,21,0.0476200008392334,0.32982388366758,0.235845897611659,6.05943821456775,73.7231649439076,6
"118",2020-06-26,2104,67,263,6,3.9,4,0,0,4,0,1,2,1,0,266,4,2028,0.00196999996900558,23,0,0.194790830674954,0.248540786120145,4.02340242730098,67.3919906572915,4
"119",2020-06-27,2107,69,263,3,4.1,3,0,0,3,0,1,1,0,0,266,3,1574,0.000640000030398369,80,0,0.0609044768952257,0.249889630577885,3.00548785813444,69.1262207370921,3
"120",2020-06-28,2109,68,263,2,4.3,2,0,0,2,0,1,1,0,0,266,2,880,0.00114000000059605,12,0,0.112466367771808,0.217853079215445,2.00675592887629,68.2297015817937,2
"121",2020-06-29,2113,69,263,1,3.6,4,0,0,4,2,1,3,2,0,268,4,854,0.00351000010967255,8,0,0.347742470262222,0.212469467508358,4.04177823900426,69.7206746228234,4
"122",2020-06-30,2116,68,263,10,4.4,3,0,0,3,0,1,3,2,0,268,3,1605,0.00435999989509583,11,0,0.433032167798812,0.251973223359904,3.03901879181421,68.8844259477889,3
"123",2020-07-01,2118,67,263,4,4.6,2,0,0,2,0,2,3,1,0,268,2,1601,0.00312000006437302,15,0,0.309103966773589,0.255409166263456,2.01856807911799,67.6220306504528,2
"124",2020-07-02,2124,66,263,4,4.3,6,0,1,5,0,1,3,2,0,268,5,1012,0.00197999998927116,12,0,0.195679686439689,0.236245709516614,6.02938651950605,66.3879020574799,6
"125",2020-07-03,2132,74,263,4,4,8,0,0,8,0,1,3,2,0,268,8,1334,0.00300000011920929,14,0,0.296884284794154,0.2508304886765,8.07133613905362,74.659859286246,8
"126",2020-07-04,2136,75,263,4,4.1,4,0,0,4,0,1,3,2,0,268,4,1257,0.00317999988794327,40,0,0.308192741645697,0.286157383640853,4.03702668244733,75.6942502958875,4
"127",2020-07-05,2138,72,263,5,4.6,2,0,0,2,0,1,2,1,0,268,2,734,0.00272000014781952,47,0,0.255631255889824,0.306609510514855,2.01535593811344,72.5528137720839,2
"128",2020-07-06,2144,72,263,0,4.4,6,0,1,5,0,1,2,1,0,268,5,602,0,10,0,0,0.256932014763109,6,72,6
"129",2020-07-07,2151,73,263,6,3.9,7,0,1,6,0,1,1,0,0,268,6,1272,0.0039300000667572,21,0,0.386617175940847,0.250301301640543,7.06967304612273,73.8476887278265,7
"130",2020-07-08,2164,79,263,5,4,13,0,1,12,0,1,1,0,0,268,12,1684,0.00296999990940094,39,0,0.29027741424441,0.247611794136374,13.1046229341561,79.6887676498609,13
"131",2020-07-09,2172,83,263,5,4.1,8,0,0,8,1,0,2,2,0,269,8,1504,0.00266000002622604,41,0,0.258941102876632,0.256649139341652,8.06221905121826,83.6455226563895,8
"132",2020-07-10,2188,96,263,12,5.3,16,0,0,16,0,0,2,2,0,269,16,1900,0.00684000015258789,14,0.0714300012588501,0.73124453017455,0.318700602967423,16.3514107290852,98.1084643745114,16
"133",2020-07-11,2195,101,263,7,5.7,7,0,0,7,1,1,2,1,0,270,7,1571,0.00381999999284744,25,0,0.376016290022765,0.328389681307004,7.07905641274959,102.140671098244,7
"134",2020-07-12,2218,121,263,9,6.3,23,0,2,21,1,1,3,2,0,271,21,1068,0.00842999994754791,13,0,0.832862159480219,0.410851238962775,23.5253210809516,124.026850037864,23
"135",2020-07-13,2241,139,263,6,7.1,23,0,2,21,0,0,3,3,0,271,21,808,0.00619000017642975,65,0,0.572911814725686,0.492695783923587,23.3613595003397,141.391855740344,23
"136",2020-07-14,2260,149,263,4,6.9,19,0,2,17,1,0,4,4,0,272,17,1406,0.00356000006198883,66,0,0.340038049399205,0.486041622989067,19.1736236338127,150.521760084594,19
"137",2020-07-15,2281,168,263,15,8.3,21,0,0,21,1,0,5,5,0,273,21,1404,0.00782999992370605,46,0,0.758159992612641,0.552881991327385,21.4782032924897,171.825626339917,21
"138",2020-07-16,2303,186,263,7,8.6,22,0,1,21,0,0,5,5,0,273,21,1695,0.00708000004291534,25,0.04,0.755848841438459,0.623868811121932,22.4767455525513,190.222603465454,22
"139",2020-07-17,2333,213,263,17,9.3,30,0,0,29,0,1,5,4,0,273,29,1787,0.00726999998092651,21,0,0.718555860946663,0.622056144089377,29.6258798039129,217.596979249429,30
"140",2020-07-18,2359,232,263,16,10.6,26,0,0,24,2,1,6,5,0,275,24,1551,0.00708999991416931,81,0,0.673810653607635,0.664598196030073,24.4857150035566,236.695245034381,26
"141",2020-07-19,2377,250,263,28,13.3,18,0,0,18,0,1,6,5,0,275,18,2025,0.0212299990653992,22,0,2.10018310246377,0.845644045027723,19.1354344550889,265.769922987345,18
"142",2020-07-20,2407,275,263,47,19.1,30,0,0,27,2,3,8,5,0,277,27,1548,0.0148599994182587,35,0.0285700011253357,1.51631264301018,0.980415591925508,28.2296596550612,287.524311301549,30
"143",2020-07-21,2431,294,263,23,21.9,24,0,0,23,0,3,8,5,0,277,23,1428,0.0161099994182587,15,0,1.59425358068423,1.15958923925194,24.1013304348264,308.077875992998,24
"144",2020-07-22,2458,314,263,13,21.6,27,0,1,23,2,3,9,6,0,279,23,1771,0.00902999997138977,16,0,0.894914938406899,1.17912566007969,24.6182185006135,322.440026486636,27
"145",2020-07-23,2477,322,263,29,24.7,19,0,1,17,1,3,10,7,0,280,17,1667,0.0101999998092651,32,0,1.0007886805206,1.21411706566285,18.5110033059467,331.67900379499,19
"146",2020-07-24,2500,337,263,34,27.1,23,0,1,18,0,3,7,4,0,280,18,2036,0.0122800004482269,83,0,1.17989999587494,1.28002337065261,19.6378963373736,348.942836983051,23
"147",2020-07-25,2512,336,263,26,28.6,12,0,1,10,0,3,7,4,0,280,10,2126,0.00800000011920929,320,0,0.695339339878943,1.28309889726279,11.2088474633873,343.017274769814,12
"148",2020-07-26,2519,338,263,21,27.6,7,0,0,6,2,4,9,5,0,282,6,1816,0.0121099996566772,73,0,1.16420113163186,1.14938718714395,6.2098029890755,349.81890171792,7
"149",2020-07-27,2534,340,264,22,24,15,0,1,13,1,4,9,5,1,283,13,1601,0.00874000012874603,24,0,0.861091704992147,1.05578419599852,14.3362212525925,348.793478913957,15
"150",2020-07-28,2554,330,264,14,22.7,20,0,1,18,1,4,10,6,0,284,18,1488,0.00739000022411346,24,0,0.727269863325452,0.931929379232976,19.393188222493,337.208450745704,20
"151",2020-07-29,2570,324,264,20,23.7,16,2,2,12,2,4,11,7,0,286,14,2254,0.00620999991893768,52,0,0.606996522865808,0.89079817701282,16.2552387698221,329.906954387312,16
"152",2020-07-30,2590,334,264,19,22.3,20,1,0,18,1,4,12,8,0,287,19,1891,0.00898999989032745,134,0,0.83951060704243,0.867758452230225,19.4790845797915,342.421802613176,20
"153",2020-07-31,2600,321,264,18,20,10,0,1,9,1,3,13,10,0,288,9,2129,0.00797999978065491,207,0,0.727286795077667,0.803099423544901,10.1965986882033,328.012019879252,10
"154",2020-08-01,2618,309,264,15,18.4,18,0,0,18,1,2,13,11,0,289,18,1629,0.00551999986171722,83,0.0120500004291534,0.58365828331525,0.787144986892945,18.3155466416698,314.416884015332,18
"155",2020-08-02,2626,294,264,2,15.7,8,0,0,8,0,2,13,11,0,289,8,1340,0.00149000003933907,11,0,0.147786828476266,0.641942943585003,8.03551060896937,295.305014879624,8
"156",2020-08-03,2635,280,264,10,14,9,0,1,7,0,1,12,11,0,289,7,1046,0.0114699995517731,47,0,1.09767790769942,0.675740972543185,8.23078382516869,289.231353006748,9
"157",2020-08-04,2647,268,264,20,14.9,12,0,1,11,1,1,11,10,0,290,11,1699,0.0058899998664856,12,0,0.584869069150148,0.655398001946713,12.1932340886677,272.707885069358,12
"158",2020-08-05,2656,248,264,12,13.7,9,1,0,8,1,1,12,11,0,291,9,1599,0.005,70,0,0.479029358897543,0.637116978522675,9.12949024264916,251.568175575221,9
"159",2020-08-06,2666,224,264,13,12.9,10,0,0,10,1,2,10,8,0,292,10,1639,0.00305000007152557,10,0,0.303150401287472,0.560494091986252,10.0910522225663,226.039569785484,10
"160",2020-08-07,2678,225,264,6,11.1,12,0,3,9,1,2,10,8,0,293,9,1689,0,39,0,0,0.456595978403729,12,225,12
"161",2020-08-08,2684,208,264,14,11,6,1,1,4,0,1,10,9,0,293,5,1518,0.00725000023841858,95,0,0.682300084433937,0.470687664277827,6.10246554001087,212.262566464452,6
"162",2020-08-09,2686,199,264,16,13,2,0,1,1,2,2,12,10,0,295,1,1589,0.00441000014543533,102,0,0.414399185753799,0.508775143888903,2.01244661617873,201.476876619568,2
"163",2020-08-10,2698,200,264,8,12.7,12,2,0,10,0,1,12,11,0,295,12,1384,0.00578000009059906,27,0,0.566939767922686,0.432955409635084,12.2043386743135,203.405644571891,12
"164",2020-08-11,2711,204,264,8,11,13,2,1,10,0,1,12,11,0,295,12,1460,0.00342000007629395,41,0,0.332658235269098,0.396925290509219,13.1198979973541,206.03826595502,13
"165",2020-08-12,2718,187,264,12,11,7,3,0,4,0,2,10,8,0,295,7,1486,0.00268999993801117,7,0,0.267738774808078,0.366740921353581,7.05629135665643,188.503783384965,7
"166",2020-08-13,2740,190,264,11,10.7,22,0,0,22,0,2,9,7,0,295,22,1689,0.00532999992370605,56,0,0.515895121555273,0.397133024248982,22.3408917616611,192.944065214346,22
"167",2020-08-14,2751,185,264,6,10.7,11,4,1,6,1,2,10,8,0,296,10,1882,0.00477999985218048,36,0,0.469028139822923,0.464137044223685,11.1408741482631,187.606171742868,11
"168",2020-08-15,2755,177,264,2,9,4,0,0,4,1,2,11,9,0,297,4,2044,0.00734000027179718,21,0,0.726535620123653,0.470456406465073,4.08728694760736,180.862447431625,4
"169",2020-08-16,2759,158,264,26,10.4,4,0,1,3,0,2,11,9,0,297,3,1196,0.00501999974250793,22,0,0.492932651234769,0.481675472962354,4.0444161841249,160.339252363912,4
"170",2020-08-17,2783,173,265,8,10.4,24,1,4,19,1,1,9,8,1,298,20,1358,0.00662999987602234,32,0,0.647736678535132,0.493217888764132,24.3890996941969,176.365712354804,24
"171",2020-08-18,2809,192,265,15,11.4,26,1,1,24,0,1,7,6,0,298,25,1888,0.00583000004291534,77,0.0519500017166138,0.763724692783889,0.554798811266245,26.5734680740268,196.404234808526,26
"172",2020-08-19,2833,201,265,23,13,24,4,3,15,2,1,7,6,0,300,19,1519,0.0118499994277954,25,0.04,1.23057960691847,0.69234750156773,22.7022564205085,208.429133711695,24
"173",2020-08-20,2850,209,266,24,14.9,17,1,0,16,3,0,6,6,1,303,17,1607,0.00995999991893768,103,0,0.936007009925898,0.752363485620677,17.4779257457354,214.87567534463,17
"174",2020-08-21,2871,216,266,16,16.3,21,3,2,16,0,0,6,6,0,303,19,1804,0.00721000015735626,116,0.00861999988555908,0.729518764093518,0.789576431945047,21.4163153956768,220.732848708747,21
"175",2020-08-22,2890,226,266,16,18.3,19,1,0,18,1,0,7,7,0,304,19,1864,0.00589999973773956,73,0,0.56776455917122,0.766894851808986,19.3240069189945,229.853977036461,19
"176",2020-08-23,2907,236,266,13,16.4,17,1,1,15,0,0,7,7,0,304,16,694,0.0172899997234344,5,0,1.71663230444399,0.941709087981731,17.8249538762798,248.168069675128,17
"177",2020-08-24,2926,252,266,19,18,19,2,0,17,1,1,8,7,0,305,19,1142,0.00962999999523163,58,0,0.91645499954621,0.980097419554742,19.5229945335678,258.936559076794,19
"178",2020-08-25,2940,254,266,23,19.1,14,0,1,13,4,2,11,9,0,309,13,1647,0.0145700001716614,73,0,1.3951622257399,1.0703027814056,14.5447540469714,264.643655994672,14
"179",2020-08-26,2958,262,266,15,18,18,1,4,13,0,2,11,9,0,309,14,1832,0.0049099999666214,41,0,0.480251998870817,0.963113123113079,18.2019433798693,265.779226108982,18
"180",2020-08-27,2971,265,266,16,16.9,13,1,3,9,1,2,9,7,0,310,10,1469,0.00612999975681305,9,0,0.609267228874044,0.916436011534243,13.1829954210523,269.849378657886,13
"181",2020-08-28,2999,275,266,20,17.4,28,0,3,21,1,1,9,8,0,311,21,2137,0.00607999980449677,35,0,0.598202559033591,0.897676553668539,24.3773114330655,279.940983052048,28
"182",2020-08-29,3020,289,266,12,16.9,21,0,2,18,0,1,9,8,0,311,18,1790,0.00726000010967255,11,0.0909099960327148,0.777091068999096,0.927580340786807,20.4201233566008,295.745313892091,21
"183",2020-08-30,3040,303,267,16,17.3,20,0,6,12,2,1,10,9,1,313,12,1402,0.00428000003099442,33,0,0.418157494317364,0.742083939340146,18.1507139785874,306.805527959332,20
"184",2020-08-31,3061,313,267,13,16.4,21,1,3,17,1,1,11,10,0,314,18,1353,0.00517000019550323,54,0,0.497157801315982,0.682184339592971,21.2687813727137,317.673809425522,21
"185",2020-09-01,3086,317,267,18,15.7,25,1,2,22,0,1,11,10,0,314,23,1361,0.0154299998283386,22,0.0909099960327148,1.66306939111269,0.720456791789084,26.1488692626141,332.834415489073,25
"186",2020-09-02,3122,327,267,15,15.7,36,1,9,26,0,1,9,8,0,314,27,1528,0.00261999994516373,51,0,0.253537676770752,0.688069031489075,36.2056073683749,329.490133683652,36
"187",2020-09-03,3144,328,267,24,16.9,22,1,4,17,1,1,8,7,0,315,18,1493,0.00938000023365021,133,0.00751999974250793,0.922785997207461,0.732857426965277,22.4988912703248,337.090907592586,22
"188",2020-09-04,3166,332,267,24,17.4,22,0,3,19,3,1,11,10,0,318,19,2705,0.00813000023365021,258,0.00774999976158142,0.809691210614641,0.763070091476856,22.4620675071215,340.074021703386,22
"189",2020-09-05,3191,339,267,17,18.1,25,1,11,13,2,1,13,12,0,320,14,2256,0.00398999989032745,164,0,0.371960320354493,0.705194270241913,25.1564073120908,342.787291342771,25
"190",2020-09-06,3212,341,267,27,19.7,21,1,3,16,1,1,14,13,0,321,17,1310,0.00611000001430511,192,0.03125,0.932363516560565,0.778652273419513,20.4760653758181,350.549311361998,21
"191",2020-09-07,3253,366,267,29,22,41,2,6,33,0,1,12,11,0,321,35,1290,0.0147300004959106,44,0,1.4244153403092,0.911117636132829,42.4973974540241,381.658499090652,41
"192",2020-09-08,3305,403,267,24,22.9,52,0,14,36,3,1,14,13,0,324,36,1097,0.0127600002288818,4,0,1.27136423715562,0.855159756996104,51.374690385939,418.388895153706,52
"193",2020-09-09,3350,434,267,15,22.9,45,2,10,31,0,1,13,12,0,324,33,1587,0.0144900000095367,29,0,1.42299690687715,1.02222536129702,44.4104259824009,452.549238677636,45
"194",2020-09-10,3427,496,267,33,24.1,77,1,21,52,2,2,14,12,0,326,53,1959,0.0127600002288818,61,0,1.23746734892968,1.06717984011448,75.9698902114989,514.435198960442,77
"195",2020-09-11,3457,510,267,60,29.3,30,0,1,25,0,1,12,11,0,326,25,2314,0.0155599999427795,93,0.0752699995040894,1.78670335776785,1.20675300399351,27.3416056114429,537.368754473436,30
"196",2020-09-12,3506,535,269,47,33.6,49,0,4,42,1,0,12,12,2,327,42,1900,0.0168400001525879,26,0,1.66126688940379,1.39093965671483,48.0956613484164,561.694733842923,49
"197",2020-09-13,3541,548,270,31,34.1,35,1,5,29,1,1,11,10,1,328,30,1199,0.0166799998283386,44,0,1.6089557356539,1.48759568801388,36.4497654806313,574.482382779532,35
"198",2020-09-14,3609,598,272,59,38.4,68,0,19,49,1,1,11,10,2,329,49,2394,0.0141999995708466,218,0.0412799978256226,1.6460121936674,1.51925238135077,70.4224874288262,627.564234335471,68
"199",2020-09-15,3681,646,273,41,40.9,72,0,14,55,1,1,11,10,1,330,55,2961,0.0121599996089935,28,0,1.20460886056306,1.5097158989804,70.9899453369122,669.372812502642,72
"200",2020-09-16,3757,684,274,41,44.6,76,0,7,66,1,0,11,11,1,331,66,1887,0.0190799999237061,162,0.00616999983787537,1.80592971350753,1.56442058564189,76.579951829847,721.101318963869,76
"201",2020-09-17,3807,709,278,57,48,50,2,4,38,2,2,11,9,4,333,40,2512,0.0191100001335144,208,0.00481000006198883,1.80164707162801,1.6450176888845,46.1645225532284,747.366162255973,50
"202",2020-09-18,3895,777,278,46,46,88,1,6,78,0,2,11,9,0,333,79,2409,0.0128699994087219,281,0.0213499999046326,1.37558284568077,1.58628618715778,88.2639706615645,809.102597519438,88
"203",2020-09-19,3965,828,280,46,45.9,70,2,4,60,0,2,10,8,2,333,62,2101,0.0214199995994568,161,0,1.98954107685494,1.6331824996508,69.7049043782364,877.478400406126,70
"204",2020-09-20,4008,860,280,76,52.3,43,1,4,34,2,2,11,9,0,335,35,2847,0.0186199998855591,112,0,1.79152212484578,1.6592634123925,40.8833135200507,906.275703635531,43
"205",2020-09-21,4117,940,280,56,51.9,109,2,22,82,1,3,12,9,0,336,84,2949,0.0189900004863739,73,0,1.85312744653596,1.68885130565944,110.675380684664,992.319736233141,109
"206",2020-09-22,4227,1020,280,85,58.1,110,0,27,82,3,3,15,12,0,339,82,2507,0.0135599994659424,64,0.03125,1.40003573166541,1.71676943010263,112.448143854969,1062.89154551303,110
"207",2020-09-23,4334,1080,281,67,61.9,107,0,26,76,2,3,16,13,1,341,76,1896,0.0168799996376038,7,0.571430015563965,1.89198578149472,1.7290631541008,106.318807674353,1141.37253010922,107
"208",2020-09-24,4435,1133,282,38,59.1,101,2,18,75,2,3,18,15,1,343,77,2730,0.0128199994564056,55,0,1.25668217292593,1.65121102571479,97.9063544828619,1175.76493024783,101
"209",2020-09-25,4554,1196,284,57,60.7,119,5,16,86,3,3,20,17,2,346,91,3291,0.0133700001239777,59,0.0339000010490417,1.37315732745982,1.6508645231118,110.753134210653,1245.32690676858,119
"210",2020-09-26,4639,1243,286,76,65,85,3,14,66,3,4,21,17,2,349,69,3437,0.0299699997901917,12,0,2.98657260883992,1.79329759910965,89.1894858191679,1354.50044743805,85
"211",2020-09-27,4721,1273,287,109,69.7,82,2,12,64,2,4,22,18,1,351,66,2684,0.0331599998474121,13,0,3.30001629923819,2.00879676687999,84.5417271229441,1399.17603981072,82
"212",2020-09-28,4836,1343,288,86,74,115,3,11,97,6,4,27,23,1,357,100,3135,0.0258400011062622,192,0.0104200005531311,2.49501182970644,2.10049453590435,118.493850295401,1443.64240946724,115
"213",2020-09-29,4943,1374,291,58,70.1,107,5,18,74,4,3,27,24,3,361,79,2165,0.0263299989700317,79,0.0253200006484985,2.62944419881239,2.27612431692535,103.239121655299,1482.51333106811,107
"214",2020-09-30,5026,1404,291,108,76,83,1,10,67,5,5,30,25,0,366,68,3170,0.0305999994277954,281,0.0142299997806549,2.92670611777674,2.42394150782278,83.9775116598653,1527.41803485957,83
"215",2020-10-01,5127,1440,293,105,85.6,101,2,11,78,3,5,29,24,2,369,80,3844,0.0226300001144409,120,0.00833000004291534,2.21971040476944,2.56151696951471,96.3335787107489,1536.00441679348,101
"216",2020-10-02,5223,1490,294,115,93.9,96,0,13,79,1,5,29,24,1,370,79,3362,0.021710000038147,197,0,2.05082945007727,2.65832727274577,96.8661897594484,1581.78003470352,96
"217",2020-10-03,5295,1502,295,65,92.3,72,2,6,63,5,6,31,25,1,375,65,3113,0.0301999998092651,485,0.0103100001811981,2.75188853513406,2.62480097650208,76.3725021673859,1626.14612700636,72
"218",2020-10-04,5352,1482,295,77,87.7,57,1,7,47,3,6,32,26,0,378,48,3118,0.0291899991035461,102,0,2.826534695803,2.55716074743991,59.0750032742115,1607.81572609128,57
"219",2020-10-05,5430,1483,295,82,87.1,78,3,13,59,3,6,33,27,0,381,62,3821,0.0177999997138977,238,0.00839999973773956,1.72488294763206,2.44714233571499,78.2120605394735,1559.83041580708,78
"220",2020-10-06,5505,1454,296,139,98.7,75,5,15,52,2,7,34,27,1,383,57,2158,0.0194599997997284,55,0,1.89763576899295,2.34259827431222,75.2487786122968,1536.87235267157,75
"221",2020-10-07,5606,1468,296,174,108.1,101,12,22,63,3,10,36,26,0,386,75,2268,0.0313100004196167,76,0,3.02948297575472,2.35728068259479,103.82436400375,1601.5755514334,101
"222",2020-10-08,5686,1427,296,85,105.3,80,5,14,55,2,9,36,27,0,388,60,2434,0.0271199989318848,182,0,2.52332100153699,2.40065362499015,78.547326695838,1535.15058658268,80
"223",2020-10-09,5769,1428,296,96,102.6,83,5,19,57,2,9,37,28,0,390,62,2508,0.0207299995422363,247,0.00810000002384186,1.95976547578285,2.38764448580523,84.649456538501,1512.05522478999,83
"224",2020-10-10,5834,1413,297,68,103,65,5,7,51,6,9,43,34,1,396,56,2628,0.0300600004196167,21,0,2.98216991705371,2.42054182607947,68.0159455769906,1539.56305536228,65
"225",2020-10-11,5898,1378,297,138,111.7,64,6,6,48,5,10,46,36,0,401,54,2660,0.0233100008964539,238,0.0168099999427795,2.2776184393012,2.34212521800778,63.6940871229197,1472.26763065525,64
"226",2020-10-12,5959,1349,297,62,108.9,61,2,13,43,3,10,46,36,0,404,45,1994,0.0150499999523163,237,0.0126600003242493,1.47961093598233,2.30708635920068,59.9998271042055,1408.95037252385,61
"227",2020-10-13,6044,1370,298,74,99.6,85,4,10,68,1,7,45,38,1,405,72,2117,0.0302300000190735,18,0,2.9975133508374,2.4642117280356,88.482253731376,1493.34288349979,85
"228",2020-10-14,6111,1375,300,84,86.7,67,1,16,49,2,7,45,38,2,407,50,3004,0.0296300005912781,110,0.0363599991798401,2.98677333609447,2.45811035094128,70.4854360970346,1498.34949266845,67
"229",2020-10-15,6197,1400,300,107,89.9,86,3,25,52,5,8,49,41,0,412,55,2119,0.021710000038147,105,0.00952000021934509,2.11344829603708,2.39955710729844,83.4912964026666,1488.86936297697,86
"230",2020-10-16,6272,1420,301,77,87.1,75,2,10,59,4,8,47,39,1,416,61,3126,0.0214299988746643,280,0.0035699999332428,1.99617664308598,2.40475870262745,74.6573052426031,1505.13726958191,75
"231",2020-10-17,6319,1402,302,64,86.6,47,1,10,36,6,8,50,42,1,422,37,3037,0.0214000010490417,149,0,2.03991849296735,2.2701513563294,49.266976107716,1487.90001359508,47
"232",2020-10-18,6376,1369,305,74,77.4,57,1,11,40,2,6,49,43,3,424,41,1144,0.0271000003814697,37,0.0540500020980835,2.79443272769098,2.34398196895651,55.4412000423193,1483.90250873012,57
"233",2020-10-19,6440,1348,307,69,78.4,64,1,6,57,3,6,48,42,2,427,58,1334,0.0374799990653992,27,0,3.67364575703472,2.65741551482114,70.3996713714899,1496.73718980635,64
"234",2020-10-20,6518,1352,309,46,74.4,78,3,14,57,4,5,46,41,2,431,60,1595,0.0250799989700317,48,0.0208299994468689,2.49558358677117,2.58571126281168,78.497340551958,1453.34007377079,78
"235",2020-10-21,6606,1376,312,69,72.3,88,1,46,40,4,4,45,41,3,435,41,2258,0.0305599999427795,446,0.00897000014781952,2.69989274913919,2.54472832181807,90.3247789258009,1487.58282443664,88
"236",2020-10-22,6671,1361,312,88,69.6,65,1,24,36,1,3,44,41,0,436,37,2238,0.0268099999427795,87,0.0114900004863739,2.62367354469914,2.6176176430555,63.9157072994753,1468.2507468807,65
"237",2020-10-23,6750,1363,313,92,71.7,79,1,13,64,2,3,37,34,1,438,65,2768,0.0245700001716614,65,0.0153799998760223,2.4359145946735,2.68043735042515,82.7556273709366,1462.72184779364,79
"238",2020-10-24,6815,1353,317,63,71.6,65,2,17,41,2,3,36,33,4,440,43,2358,0.0211999988555908,191,0,1.96114544140773,2.6691840573452,62.5328569481264,1432.69663839105,65
"239",2020-10-25,6885,1334,319,69,70.9,70,1,24,42,3,3,38,35,2,443,43,1751,0.0308400011062622,77,0,2.95409419787008,2.69199283879936,70.8152693097175,1452.36207579449,70
"240",2020-10-26,6958,1294,320,77,72,73,1,16,51,4,3,39,36,1,447,52,995,0.0392000007629395,121,0.0165299999713898,3.67420526484435,2.69207276848645,73.7385102621056,1436.80062075317,73
"241",2020-10-27,7036,1264,322,61,74.1,78,0,15,60,2,3,32,29,2,449,60,1354,0.0288000011444092,116,0,2.65273479928776,2.71452294170311,79.7805458609634,1364.71016613763,78
"242",2020-10-28,7148,1270,325,93,77.6,112,2,69,38,2,2,30,28,3,451,40,1900,0.0405299997329712,166,0.01807000041008,3.87253724882471,2.88204358451533,113.652517324452,1417.71742505136,112
"243",2020-10-29,7212,1254,326,65,74.3,64,0,18,42,9,2,38,36,1,460,42,2190,0.0292199993133545,96,0,2.79929127280168,2.90713183138712,63.5312607268511,1359.43335598741,64
"244",2020-10-30,7262,1223,328,122,78.6,50,1,9,36,4,2,41,39,2,464,37,2789,0.0358599996566772,105,0.0571400022506714,3.66320799166528,3.0824594595288,50.070949414562,1357.56138200025,50
"245",2020-10-31,7301,1153,329,83,81.4,39,0,5,32,2,2,40,38,1,466,32,2352,0.0276399993896484,322,0,2.43116224997955,3.1496047178962,39.3366643127871,1237.19293602011,39
"246",2020-11-01,7351,1112,332,50,78.7,50,1,6,40,1,2,38,36,3,467,41,1714,0.0256699991226196,104,0,2.42015283257261,3.07332737999656,49.9802936200041,1192.83137818157,50
"247",2020-11-02,7415,1065,332,56,75.7,64,3,8,47,6,2,43,41,0,473,50,1030,0.0174800002574921,14,0.0714300012588501,1.82034677038705,2.80849045221695,60.7337357724276,1123.22857195271,64
"248",2020-11-03,7486,995,333,36,72.1,71,1,36,33,2,2,44,42,1,475,34,1456,0.0219799995422363,13,0,2.1785486271951,2.74074957048942,72.2247364949875,1060.10625919155,71
"249",2020-11-04,7551,918,337,53,66.4,65,5,1,51,1,1,41,40,4,476,56,1466,0.0272900009155273,295,0.0033899998664856,2.32863096551824,2.52019153001707,60.9167071350094,982.206020534619,65
"250",2020-11-05,7598,875,337,45,63.6,47,0,6,34,5,2,44,42,0,481,34,2536,0.0240499997138977,41,0,2.36673648717286,2.45839798921295,42.4169141653777,937.199996903103,47
"251",2020-11-06,7672,869,341,79,57.4,74,1,12,58,5,3,47,44,4,486,59,2342,0.0234800004959106,116,0.0258599996566772,2.35923194148076,2.27211569632945,75.1807582452876,930.577608731439,74
"252",2020-11-07,7707,836,346,75,56.3,35,3,4,25,3,4,47,43,5,489,28,2499,0.0276099991798401,142,0,2.61254782091709,2.2980279207491,34.1971245857031,901.599862630278,35
"253",2020-11-08,7744,774,346,47,55.9,37,1,5,29,1,4,48,44,0,490,30,1176,0.0204099988937378,92,0.0108700001239777,1.97178223268467,2.23397497790797,36.776693884687,819.838702224924,37
"254",2020-11-09,7815,744,350,31,52.3,71,3,24,42,7,4,47,43,4,497,45,711,0.0210999989509583,20,0.1,2.3258685710166,2.3061923779979,72.1436203234404,795.974522680882,71
"255",2020-11-10,7882,753,350,52,54.6,67,0,11,54,3,5,48,43,0,500,54,1374,0.0334800004959106,17,0,3.30708272332,2.46741153458718,70.3637832798696,827.794977958182,67
"256",2020-11-11,7938,751,353,77,58,56,0,6,48,2,5,47,42,3,502,48,2375,0.0261100006103516,241,0.0290499997138977,2.63808491516187,2.51161924167912,57.8033160119687,810.50604843726,56
"257",2020-11-12,7980,741,355,60,60.1,42,1,8,31,3,3,44,41,2,505,32,2318,0.0215700006484985,214,0.00467000007629395,2.0141643570121,2.4612517945133,41.9358748981716,785.827603110787,42
"258",2020-11-13,8019,717,357,79,60.1,39,1,7,27,0,3,36,33,2,505,28,2719,0.0217000007629395,200,0,2.02131901591067,2.41297851943186,36.6999075269931,760.529774887646,39
"259",2020-11-14,8040,694,357,50,56.6,21,3,2,14,3,3,37,34,0,508,17,1710,0.015789999961853,245,0.0163300001621246,1.58576726212221,2.26629558246116,19.8096937237389,727.054555545576,21
"260",2020-11-15,8070,650,360,30,54.1,30,1,1,25,0,2,35,33,3,508,26,984,0.0152400004863739,306,0.00653999984264374,1.31762794034426,2.17284496926967,28.0289601304601,675.724003261501,30
"261",2020-11-16,8114,612,363,11,51.3,44,0,3,39,3,2,33,31,3,511,39,735,0.0122399997711182,53,0,1.14167510555481,2.0036744742037,43.3373329407933,632.985839993987,44
"262",2020-11-17,8155,589,363,40,49.6,41,1,10,29,1,2,32,30,0,512,30,1828,0.020789999961853,38,0,2.03666237568421,1.82218585311287,41.8351547793001,625.030205500258,41
"263",2020-11-18,8197,582,363,66,48,42,3,6,31,1,2,32,30,0,513,34,2684,0.0204900002479553,20,0.05,2.07082694768905,1.74114900061676,42.1147309854906,618.199218633986,42
"264",2020-11-19,8217,563,364,53,47,20,2,1,17,0,2,30,28,1,513,19,2476,0.0121200001239777,187,0.0160399997234344,1.23952685900304,1.63048650090118,20.7073623601705,583.96026361979,20
"265",2020-11-20,8242,520,364,28,39.7,25,1,2,20,1,2,30,28,0,514,21,2643,0.00757000029087067,222,0.0225200009346008,0.872842966012306,1.46641849377284,23.5505386517893,533.632385663354,25
"266",2020-11-21,8271,488,365,27,36.4,29,4,4,19,2,2,31,29,1,516,23,1495,0.0187300002574921,71,0,1.7880811229215,1.49532047388702,28.2352289400327,514.208335771129,29
"267",2020-11-22,8298,475,368,26,35.9,27,3,4,19,3,4,31,27,3,519,22,1220,0.0147500002384186,36,0,1.4327229530948,1.51176261856567,26.9467107383771,495.440345487688,27
"268",2020-11-23,8338,458,370,20,37.1,40,2,9,26,1,3,27,24,2,520,28,922,0.0173500001430511,13,0,1.71087701945381,1.5930771776941,38.4388291507854,481.535133966418,40
"269",2020-11-24,8381,467,370,21,34.4,43,2,7,33,1,3,23,20,0,521,35,1403,0.00855000019073486,41,0.0975599956512451,1.10772923056108,1.46037244267651,43.1644854437121,482.537562920387,43
"270",2020-11-25,8436,475,371,38,30.4,55,4,10,39,2,2,23,21,1,523,43,2618,0.0122200000286102,72,0.0138900005817413,1.22646989281736,1.33975000626627,54.5840093876263,492.497778119127,55
"271",2020-11-26,8481,490,372,60,31.4,45,3,4,37,3,2,23,21,1,526,40,3059,0.0143799996376038,224,0.00446000009775162,1.37031553193196,1.35843410239897,45.6463151527372,510.167360621031,45
"272",2020-11-27,8529,502,374,56,35.4,48,2,3,42,3,1,24,23,2,529,44,3154,0.0177600002288818,336,0.00298000007867813,1.63370546556817,1.46712874519267,49.1590308220551,526.632578924356,48
"273",2020-11-28,8573,504,375,60,40.1,44,2,3,39,2,1,25,24,1,531,41,2597,0.0119400000572205,191,0,1.1122015835223,1.3705745252785,45.3696189922049,520.836292001738,44
"274",2020-11-29,8618,516,377,22,39.6,45,0,4,38,5,1,28,27,2,536,38,898,0.0245000004768372,12,0,2.41769235474723,1.51128443980027,44.7594151071413,553.469952507498,45
"275",2020-11-30,8661,522,378,47,43.4,43,1,7,34,1,1,25,24,1,537,35,1135,0.0229099988937378,61,0,2.17415123280873,1.57746647027955,44.2855472196505,556.087304247358,43
"276",2020-12-01,8715,544,378,34,45.3,54,2,12,39,3,1,27,26,0,540,41,1906,0.0141700005531311,113,0.0176999998092651,1.43675686145195,1.62447041754967,54.7692921083544,567.475485535239,54
"277",2020-12-02,8757,558,379,49,46.9,42,1,5,34,6,1,31,30,1,546,35,2859,0.0101400005817413,81,0.0123500001430511,1.0200888324757,1.59498740892943,41.0723546548551,575.096397068832,42
"278",2020-12-03,8795,557,380,38,43.7,38,0,5,32,3,1,33,32,1,549,32,3327,0.0102199995517731,202,0,0.963500666158943,1.53687099953329,37.9260499261121,573.119056526389,38
"279",2020-12-04,8838,561,382,55,43.6,43,1,5,33,2,1,31,30,2,551,34,2994,0.0110199999809265,165,0.0121200001239777,1.10774548791865,1.46173385986907,40.1312310330678,579.665312045619,43
"280",2020-12-05,8873,550,382,46,41.6,35,3,2,29,1,1,31,30,0,552,32,2277,0.0184500002861023,209,0,1.68988940673592,1.54426069175673,35.6242043365514,577.916012034477,35
"281",2020-12-06,8912,544,383,33,43.1,39,0,7,30,1,2,31,29,1,553,30,1397,0.0157500004768372,20,0,1.55276998349623,1.42070035300659,38.3991387528871,569.371049385685,39
"282",2020-12-07,8966,547,384,23,39.7,54,0,4,45,2,1,30,29,1,555,45,1068,0.0168499994277954,25,0.04,1.73795053878184,1.3583859681456,51.3489962859169,575.553354853257,54
"283",2020-12-08,9013,551,384,57,43,47,1,1,44,0,1,27,26,0,555,45,2367,0.01942999958992,69,0,1.88796424586784,1.4228441659193,48.5517532878674,582.244801369221,47
"284",2020-12-09,9066,560,386,36,41.1,53,2,3,46,1,3,24,21,2,556,48,2911,0.00962000012397766,167,0.00598999977111816,0.942305078709412,1.41173220109555,52.3585172992034,575.849368490706,53
"285",2020-12-10,9111,559,386,60,44.3,45,2,0,43,1,3,23,20,0,557,45,3091,0.0139100003242493,252,0.00397000014781952,1.3160709255012,1.46209938100158,46.7787880880502,581.096500916001,45
"286",2020-12-11,9150,543,386,48,43.3,39,6,2,30,1,2,23,21,0,558,36,3047,0.0118099999427795,32,0,1.16872587936503,1.47081086549392,39.2637104168949,562.060965454832,39
"287",2020-12-12,9183,532,387,59,45.1,33,2,5,26,0,2,20,18,1,558,28,2616,0.0156700003147125,24,0,1.55275457663969,1.45122017548018,34.3058498790275,556.811147701522,33
"288",2020-12-13,9222,529,388,30,44.7,39,5,2,32,0,2,19,17,1,558,37,1502,0.0119799995422363,47,0,1.16165005244925,1.39534589961632,40.2909500666367,547.45709689867,39
"289",2020-12-14,9265,526,388,16,43.7,43,4,4,35,2,2,20,18,0,560,39,917,0.0174500000476837,20,0,1.70775347318313,1.39103203310222,45.0004246070796,552.980085726252,43
"290",2020-12-15,9311,534,389,54,43.3,46,1,7,37,1,1,20,19,1,561,38,2079,0.0134700000286102,49,0,1.31598355542672,1.30932050589635,46.5019879996161,555.106883994606,46
"291",2020-12-16,9366,552,389,53,45.7,55,3,4,47,0,1,18,17,0,561,50,2312,0.0168700003623962,94,0,1.62109064164007,1.4062898720293,56.4344995961714,578.876875541732,55
"292",2020-12-17,9403,547,390,61,45.9,37,1,5,29,1,0,17,17,1,562,30,3207,0.0134099996089935,83,0.0241000008583069,1.36796865706023,1.41370383368059,36.2326216897356,569.474802142846,37
"293",2020-12-18,9444,534,390,25,42.6,41,3,4,34,0,0,16,16,0,562,37,3298,0.00727999985218048,170,0.00587999999523163,0.72113724082124,1.34976259960291,41.8014050075834,545.56622362296,41
"294",2020-12-19,9483,531,390,46,40.7,39,1,6,29,3,0,19,19,0,565,30,2799,0.0117900002002716,140,0,1.12283805922287,1.28834595425765,37.0117443398396,548.907874815162,39
"295",2020-12-20,9527,525,390,24,39.9,44,5,2,34,0,0,16,16,0,565,39,1360,0.0161800003051758,51,0,1.55951810170369,1.34518424700828,42.8267849750112,549.591336202073,44
"296",2020-12-21,9602,547,390,22,40.7,75,7,8,60,1,0,15,15,0,566,67,1365,0.00658999979496002,32,0.03125,0.715486737302822,1.20343185616823,76.4398219642415,558.754964394629,75
"297",2020-12-22,9686,591,390,73,43.4,84,5,7,70,2,0,15,15,0,568,75,3021,0.0225099992752075,48,0,2.21579367254486,1.33197615861368,86.9914070155436,630.332287282484,84
"298",2020-12-23,9786,658,390,52,43.3,100,5,6,88,1,1,13,12,0,569,93,2652,0.0199800002574921,199,0.0150800001621246,1.96379799070964,1.38093435133791,104.485448773885,696.811024658241,100
"299",2020-12-24,9861,685,390,49,41.6,75,11,6,56,2,1,13,12,0,571,67,3469,0.01557000041008,144,0,1.49494413015686,1.39907370463743,76.0083763705082,715.757280802957,75
"300",2020-12-25,9926,716,390,47,44.7,65,6,2,56,0,1,10,9,0,571,62,2537,0.0295600008964539,161,0,2.77960423551903,1.69314041816568,69.1761524412546,775.776212063521,65
"301",2020-12-26,10018,758,390,95,51.7,92,5,4,82,2,2,12,10,0,573,87,951,0.0199800002574921,50,0,1.89819982466284,1.80390638465711,95.9601360114811,801.21589766325,92
"302",2020-12-27,10128,822,391,37,53.6,110,8,6,94,2,4,12,8,1,575,102,1480,0.0270300006866455,32,0.0625,2.77806885028012,1.97798506302517,116.510901817368,890.587855822316,110
"303",2020-12-28,10259,915,391,65,59.7,131,15,6,108,1,2,13,11,0,576,123,1188,0.04125,39,0.0256399989128113,4.07538385962507,2.45797036621406,144.055876247696,1027.00103062311,131
"304",2020-12-29,10380,993,391,112,65.3,121,5,15,101,3,4,12,8,0,579,106,1880,0.0505299997329712,25,0.04,5.03918107600976,2.8613114238519,137.043467303098,1143.2939908677,121
"305",2020-12-30,10517,1084,391,88,70.4,137,12,10,115,3,5,13,8,0,582,127,2458,0.0573600006103516,62,0,5.59487625000969,3.3800368894662,158.34158201792,1266.15964494036,137
"306",2020-12-31,10642,1171,391,147,84.4,125,0,9,116,2,5,13,8,0,584,116,2652,0.0331800007820129,144,0,3.14711595400208,3.6160614357298,135.964861179126,1281.68838310997,125
"307",2021-01-01,10759,1226,392,87,90.1,117,0,5,111,2,6,13,7,1,586,111,2759,0.0391400003433228,134,0.0149300003051758,3.80186246070242,3.76209832504171,128.675111372756,1365.99717606305,117
"308",2021-01-02,10872,1287,392,134,95.7,113,2,8,101,2,6,15,9,0,588,103,2369,0.0295499992370605,431,0,2.50014100687844,3.84808992250108,118.7345336266,1383.64412405275,113
"309",2021-01-03,10995,1314,393,106,105.6,123,0,5,118,4,5,19,14,1,592,118,1516,0.0600299978256226,126,0.0238100004196167,5.72506313986088,4.26908910672691,143.290590768911,1539.94776500296,123
"310",2021-01-04,11170,1426,393,117,113,175,4,30,140,5,8,21,13,0,597,144,1386,0.0533900022506714,155,0.00644999980926514,4.86685873393035,4.38215694591337,195.049589773661,1634.44940984195,175
"311",2021-01-05,11311,1499,395,105,112,141,2,19,120,6,8,23,15,2,603,122,2417,0.0575099992752075,97,0.0103100001811981,5.56888378145397,4.45782876097683,161.40611778512,1749.72762754012,141
"312",2021-01-06,11494,1593,395,132,118.3,183,11,42,129,7,7,28,21,0,610,140,2627,0.0513899993896484,211,0.0142200005054474,4.86264793880394,4.35322471651887,202.447172779816,1825.65961598747,183
"313",2021-01-07,11612,1630,395,186,123.9,118,2,7,108,6,9,32,23,0,616,110,2311,0.048899998664856,91,0.0109899997711182,4.74637747267502,4.58169064775786,132.681491359046,1862.37119013859,118
"314",2021-01-08,11742,1660,395,185,137.9,130,6,13,110,0,11,30,19,0,616,116,2661,0.0368300008773804,249,0,3.36785678126149,4.51968983640915,140.73394390847,1827.91678351776,130
"315",2021-01-09,11840,1669,397,155,140.9,98,6,2,90,4,11,30,19,2,620,96,3020,0.0324499988555908,375,0.00266999989748001,2.91606027998348,4.57910687542416,106.408143870567,1815.17908458309,98
"316",2021-01-10,11932,1653,397,114,142,92,5,3,82,5,11,34,23,0,625,87,1824,0.0509899997711182,78,0,4.88989272252995,4.45979681580546,102.777649997733,1895.77534995693,92
"317",2021-01-11,12096,1706,397,66,134.7,164,2,25,135,3,13,34,21,0,628,137,1608,0.0342000007629395,115,0,3.1917354165297,4.22049348474822,175.133481108039,1869.54539248405,164
"318",2021-01-12,12236,1734,398,161,142.7,140,1,22,115,4,13,35,22,1,632,116,2211,0.0705600023269653,74,0.0135099995136261,6.87124311198812,4.40654481768167,161.940086082678,2091.86301092554,140
"319",2021-01-13,12324,1722,402,172,148.4,88,0,9,75,3,11,35,24,4,635,75,2532,0.0375200009346008,173,0.0115600001811981,3.58597125315181,4.22416243401708,92.077937170911,1907.46943744412,88
"320",2021-01-14,12416,1710,402,128,140.1,92,2,14,75,9,10,41,31,0,644,77,2581,0.0337100005149841,146,0,3.19052113418313,4.00189724280395,98.3787832761317,1873.86648574267,92
"321",2021-01-15,12510,1680,404,145,134.4,94,6,7,79,5,11,41,30,2,649,85,2923,0.0372900009155273,206,0.00485000014305115,3.51542897748657,4.02297898512182,100.974900817133,1857.38627497393,94
"322",2021-01-16,12571,1633,405,119,129.3,61,0,0,59,2,9,39,30,1,651,59,2470,0.0323900008201599,289,0,2.89972098679938,4.02064480038124,64.1385504796896,1775.2246259887,61
"323",2021-01-17,12651,1574,407,72,123.3,80,2,3,72,2,9,39,30,2,653,74,2036,0.026029999256134,32,0,2.56272139678379,3.68819175384607,82.6959414773388,1695.15421466664,80
"324",2021-01-18,12772,1595,408,63,122.9,121,2,45,72,7,10,43,33,1,660,74,1021,0.0391799998283386,48,0,3.74207481990025,3.7668116686133,127.317189377169,1774.26914941331,121
"325",2021-01-19,12846,1539,415,81,111.4,74,3,24,47,8,9,45,36,7,668,50,2337,0.0410799980163574,89,0,3.95729412053698,3.35053324126313,79.9429316849499,1721.92343726276,74
"326",2021-01-20,12907,1498,415,166,110.6,61,1,8,50,2,7,37,30,0,670,51,3065,0.0225099992752075,163,0.00612999975681305,2.16828803404187,3.14800706710457,62.3213875472602,1595.55761854501,61
"327",2021-01-21,12977,1464,417,81,103.9,70,1,9,59,3,7,37,30,2,673,60,2636,0.0242799997329712,117,0,2.32481217929939,3.02433435926403,73.189590020175,1566.22599649227,70
"328",2021-01-22,13056,1434,418,95,96.7,79,1,3,74,5,6,37,31,1,678,75,2311,0.0307200002670288,111,0.00901000022888184,2.97250332958338,2.94677355242072,84.6960088192547,1562.02768862415,79
"329",2021-01-23,13104,1367,418,84,91.7,48,1,4,40,4,9,39,30,0,682,41,2122,0.0329900002479553,276,0,2.91929860409346,2.9495703548913,48.5949659408154,1486.86142539255,48
"330",2021-01-24,13150,1286,419,44,87.7,46,2,9,35,3,8,38,30,1,685,37,1247,0.0224499988555908,36,0,2.18200690357925,2.8951825701478,48.4248799814007,1370.28096367787,46
"331",2021-01-25,13213,1227,419,29,82.9,63,1,18,43,4,7,39,32,0,689,44,825,0.0206100010871887,48,0,1.94768051511233,2.63884052660667,64.5739659640431,1298.77855086093,63
"332",2021-01-26,13276,1166,420,74,81.9,63,1,19,41,8,5,40,35,1,697,42,2354,0.024210000038147,79,0,2.34238964610761,2.40813988740247,63.9548867045921,1248.03328327511,63
"333",2021-01-27,13354,1127,422,80,69.6,78,1,26,50,1,4,30,26,2,698,51,2800,0.0196399998664856,175,0.00570999979972839,1.88205880978528,2.36724999822296,79.88294110187,1190.70734552564,78
"334",2021-01-28,13392,1066,422,66,67.4,38,1,3,33,3,5,30,25,0,701,34,2355,0.0212299990653992,209,0.0287100005149841,2.18397183723271,2.34712994935629,39.2302746836421,1135.9256709636,38
"335",2021-01-29,13421,964,422,73,64.3,29,1,2,26,3,4,31,27,0,704,27,2847,0.0122899997234344,180,0.00555999994277954,1.18898015204222,2.09234092399327,29.9642080941384,998.425800101831,29
"336",2021-01-30,13440,867,423,42,58.3,19,1,6,12,2,5,33,28,1,706,13,2155,0.0157799994945526,216,0,1.43424288953019,1.88019010762709,19.5600134550641,904.348589656968,19
"337",2021-01-31,13482,808,424,25,55.6,42,3,5,34,4,6,32,26,1,710,37,922,0.0195200002193451,24,0,1.90247782264653,1.84025738177955,44.1142373012785,854.170371336027,42
"338",2021-02-01,13522,717,424,26,55.1,40,6,7,25,4,5,29,24,0,714,31,548,0.0292000007629395,29,0,2.77324097367259,1.95819459014531,40.5821514179306,776.722663440524,40
"339",2021-02-02,13564,653,425,59,53,42,4,5,31,3,5,27,22,1,717,35,2439,0.0221399998664856,107,0.0280399990081787,2.23879574109322,1.94339546085754,42.3535038888765,696.90965826961,42
"340",2021-02-03,13627,638,425,54,49.3,63,5,21,36,2,4,26,22,0,719,41,2865,0.0129100000858307,212,0,1.20205233168362,1.84625167827158,63.4802655629064,661.034376320349,63
"341",2021-02-04,13709,640,425,51,47.1,82,3,43,33,2,5,25,20,0,721,36,2814,0.0127900004386902,90,0,1.23936161275738,1.71130736048939,80.3400868484166,663.823766194073,82
"342",2021-02-05,13767,639,427,72,47,58,1,8,48,2,5,21,16,2,723,49,2435,0.0160199999809265,149,0,1.50962461120573,1.75711371179847,59.2217615744051,667.973584613161,58
"343",2021-02-06,13792,608,427,61,49.7,25,2,3,19,3,6,21,15,0,726,21,2369,0.0143499994277954,205,0.0146300005912781,1.43722994427581,1.75754043390498,24.9065211803765,634.245946555662,25
"344",2021-02-07,13817,563,429,33,50.9,25,1,2,19,3,4,23,19,2,729,20,1004,0.0249000000953674,75,0,2.31692308579693,1.81674690006933,23.3917909762347,602.178915981006,25
"345",2021-02-08,13864,560,431,24,50.6,47,1,7,38,2,5,21,16,2,731,39,852,0.0140799999237061,29,0,1.36165266004513,1.61509142669397,47.5950097775954,582.902704498806,47
"346",2021-02-09,13919,578,431,43,48.3,55,5,8,39,0,2,19,17,0,731,44,2244,0.0178299999237061,149,0,1.67198160588368,1.5341179788069,54.2096148278213,607.026303874561,55
"347",2021-02-10,13976,595,432,40,46.3,57,0,6,50,3,4,20,16,1,734,50,2791,0.0125399994850159,100,0,1.21062395581734,1.53534249654029,57.818074483837,616.63508635766,57
"348",2021-02-11,14036,621,433,51,46.3,60,1,11,46,1,3,16,13,1,735,47,2563,0.0152199995517731,58,0,1.48831968146488,1.57090793492707,60.1010021008106,648.760049034114,60
"349",2021-02-12,14087,624,435,52,43.4,51,1,7,41,3,2,16,14,2,738,42,2612,0.0157000005245209,173,0,1.47247401687787,1.56560070716595,50.8575021890828,651.597175380659,51
"350",2021-02-13,14119,622,435,46,41.3,32,0,3,28,6,2,21,19,0,744,28,2099,0.0219199991226196,46,0.0217400002479553,2.19161390068925,1.67336984379644,32.8431236913714,662.943676286893,32
"351",2021-02-14,14160,597,437,48,43.4,41,0,4,35,4,2,21,19,2,748,35,1175,0.0170200002193451,10,0,1.6876371525511,1.58347185333275,40.7741058412064,627.261176777149,41
"352",2021-02-15,14222,620,438,34,44.9,62,2,8,51,4,2,23,21,1,752,53,867,0.0265300011634827,26,0,2.57575711184093,1.75691534644644,65.1002768486803,667.965502758146,62
"353",2021-02-16,14273,615,438,60,47.3,51,3,13,32,3,2,24,22,0,755,35,1561,0.0333100008964539,23,0,3.28263329541443,1.98700844495083,51.4508240679164,675.63590862196,51
"354",2021-02-17,14330,630,439,49,48.6,57,5,6,44,2,2,25,23,1,757,49,2063,0.0184200000762939,222,0,1.66303983183345,2.0516392843817,57.4475475344309,661.468468299826,57
"355",2021-02-18,14402,646,439,68,51,72,3,12,53,3,3,26,23,0,760,56,2348,0.0212899994850159,116,0,2.02877105482213,2.12884662343274,71.4123492229496,685.363885679025,72
"356",2021-02-19,14456,650,440,58,51.9,54,3,15,33,1,3,26,23,1,761,36,2576,0.0151400005817413,96,0,1.4596048465032,2.12700817052207,52.5782296615854,678.495813334181,54
"357",2021-02-20,14505,629,440,66,54.7,49,0,3,45,4,3,26,23,0,765,45,2384,0.0255900001525879,68,0,2.48803264126303,2.16935370488975,51.3627996327579,676.004465977882,49
"358",2021-02-21,14547,619,440,53,55.4,42,0,7,33,2,4,24,20,0,767,33,1000,0.03,28,0,2.91828793774319,2.34516095991719,42.8925074338727,673.256427320219,42
"359",2021-02-22,14612,634,440,32,55.1,65,0,11,54,1,6,23,17,0,768,54,863,0.0150600004196167,66,0,1.39900757396439,2.17705388307769,67.2690613031016,660.640460484563,65
"360",2021-02-23,14667,640,440,47,53.3,55,0,7,47,4,6,26,20,0,772,47,2036,0.019650000333786,84,0,1.88714154149001,1.97769791823134,56.6640031658353,676.275787790098,55
"361",2021-02-24,14713,647,441,60,54.9,46,2,10,34,1,6,24,18,1,773,36,2874,0.0187899994850159,41,0,1.85257147581255,2.00477386737122,48.0031334236379,683.000759030381,46
"362",2021-02-25,14746,643,441,43,51.3,33,1,5,25,1,6,23,17,0,774,26,2376,0.0185199999809265,128,0.00781000018119812,1.79725239528254,1.97169977315127,32.4035077752195,677.709826902543,33
"363",2021-02-26,14811,646,441,57,51.1,65,5,12,43,1,6,21,15,0,775,48,2639,0.0181900000572205,181,0,1.70224858691507,2.00636316463868,62.4541246833095,679.02842802954,65
"364",2021-02-27,14857,651,442,71,51.9,46,0,4,34,3,6,23,17,1,778,34,2535,0.0209100008010864,47,0.0212800002098083,2.09167358794016,1.94974044273542,40.1360195997476,691.898492924579,46
"365",2021-02-28,14922,662,442,49,51.3,65,2,8,54,7,6,28,22,0,785,56,1552,0.0257699990272522,94,0,2.42983222905804,1.87996105578039,68.0869254808305,710.313297648389,65
"366",2021-03-01,14999,676,442,54,54.4,77,4,7,64,3,6,29,23,0,788,68,996,0.0291199994087219,45,0,2.78612098089212,2.07812011391293,80.6903802359662,732.569074110487,77
"367",2021-03-02,15062,685,443,61,56.4,63,1,6,54,3,4,29,25,1,791,55,2006,0.0259200000762939,41,0,2.54008403287961,2.17139761268287,65.1960743790573,737.260199084623,63
"368",2021-03-03,15121,695,443,65,57.1,59,0,5,51,6,5,32,27,0,797,51,2676,0.0209299993515015,109,0,2.01108360016582,2.19404220187619,59.0805815100305,736.980473519044,59
"369",2021-03-04,15178,691,443,61,59.7,57,3,3,50,1,5,31,26,0,798,53,2414,0.0202999997138977,225,0.00444000005722046,1.89477829944008,2.2079744738987,59.0162454211466,730.325011056835,57
"370",2021-03-05,15251,695,444,51,58.9,73,1,10,57,1,2,28,26,1,799,58,2440,0.0188499999046326,154,0,1.77309174122219,2.218094924514,71.0888129138733,732.012499571413,73
"371",2021-03-06,15307,708,446,46,55.3,56,3,3,47,1,2,27,25,2,800,50,1957,0.0209500002861023,25,0,2.06857470029779,2.21479508342224,56.1065161584243,751.988268803288,56
"372",2021-03-07,15347,699,447,54,56,40,1,0,38,2,5,26,21,1,802,39,1752,0.0194099998474121,16,0.0625,1.97999545999242,2.15053268784143,41.3193228427121,740.569401719379,40
"373",2021-03-08,15430,740,448,38,53.7,83,1,9,65,6,4,29,25,1,808,66,1170,0.0205100011825562,142,0,1.8290168737493,2.01380352967817,78.6257182408736,780.651992397674,83
"374",2021-03-09,15487,747,448,70,55,57,0,8,47,1,3,27,24,0,809,47,2105,0.0318300008773804,57,0,3.09908195406502,2.0936603755618,59.3748515706425,816.532215388722,57
"375",2021-03-10,15567,770,448,76,56.6,80,5,8,64,0,2,24,22,0,809,69,2655,0.0180799996852875,173,0,1.69739742448509,2.04884806475027,80.5177505001037,809.256056305505,80
"376",2021-03-11,15628,767,451,73,58.3,61,1,7,52,1,2,20,18,3,810,53,2321,0.0280100011825562,86,0,2.70092283941475,2.16401157046094,64.2995247252211,829.221423853671,61
"377",2021-03-12,15710,772,451,93,64.3,82,5,4,67,2,2,17,15,0,812,72,2361,0.0228699994087219,133,0,2.16503883736938,2.22000401276768,80.6819911838561,822.20134991579,82
"378",2021-03-13,15778,790,451,56,65.7,68,5,3,54,5,4,22,18,0,817,59,2353,0.0187000000476837,99,0,1.79449837325448,2.18085025176149,65.1800026687626,832.579696751228,68
"379",2021-03-14,15846,815,451,65,67.3,68,2,10,51,2,3,23,20,0,819,53,1535,0.0299699997901917,36,0,2.92832270387933,2.31632557231676,67.6615163102858,886.681807412886,68
"380",2021-03-15,15953,862,452,58,70.1,107,4,3,97,4,5,25,20,1,823,101,1000,0.0320000004768372,13,0,3.1589339068941,2.50631371990888,113.582841766348,943.786233689032,107
"381",2021-03-16,16039,880,453,85,72.3,86,7,4,72,5,6,27,21,1,828,79,1583,0.0341100001335144,9,0,3.39171672181867,2.54811868673083,91.0478350737757,969.646770442058,86
"382",2021-03-17,16127,908,454,77,72.4,88,3,5,76,3,5,27,22,1,831,79,2842,0.0267400002479553,175,0,2.51889561500461,2.66547557109076,89.9768129653068,976.695521170868,88
"383",2021-03-18,16220,946,455,63,71,93,6,3,80,2,5,24,19,1,833,86,2566,0.0284500002861023,161,0,2.67703339692477,2.66206279359219,95.9148799437335,1022.06367938107,93
"384",2021-03-19,16345,993,457,117,74.4,125,8,5,104,2,4,24,20,2,835,112,2615,0.0382399988174438,97,0,3.68722702461709,2.87951824891329,129.40367289585,1102.97184987124,125
"385",2021-03-20,16448,1047,458,83,78.3,103,6,5,87,4,4,27,23,1,839,93,1997,0.0435699987411499,151,0.00662000000476837,4.09724895189927,3.20848261729112,109.444786758019,1175.84614769512,103
"386",2021-03-21,16533,1075,459,87,81.4,85,5,1,77,4,4,29,25,1,843,82,1306,0.0421099996566772,87,0,3.94800140356213,3.35415100296009,92.7235209582165,1202.47298817174,85
"387",2021-03-22,16682,1151,460,56,81.1,149,6,7,133,4,7,30,23,1,847,139,1150,0.0547800016403198,131,0,4.91779874210521,3.60541740799025,166.531371231699,1321.01157041501,149
"388",2021-03-23,16806,1190,461,108,84.4,124,2,0,120,5,9,31,22,1,852,122,1966,0.0350999999046326,153,0,3.25656440832976,3.58610993463469,133.933062261511,1306.3962630426,124
"389",2021-03-24,16959,1280,461,85,85.6,153,7,2,137,4,9,33,24,0,856,144,3106,0.0457200002670288,47,0,4.50384779033909,3.86967453111105,165.479535686684,1453.15142832608,153
"390",2021-03-25,17108,1362,462,123,94.1,149,7,4,132,8,10,40,30,1,864,139,3005,0.0379399991035461,282,0,3.4685031124477,3.98274163332861,157.480691210532,1503.88993833629,149
"391",2021-03-26,17257,1446,463,103,92.1,149,10,2,130,4,11,42,31,1,868,140,2390,0.0673600006103516,117,0,6.42163547900839,4.37337141252737,169.002631451163,1724.89860770272,149
"392",2021-03-27,17373,1499,465,138,100,116,7,3,100,5,13,44,31,2,873,107,2476,0.0626000022888184,117,0,5.97753974805686,4.64198438340702,129.210499363788,1768.12652847027,116
"393",2021-03-28,17510,1558,466,139,107.4,137,3,5,124,5,13,45,32,1,878,127,2480,0.0826599979400635,157,0,7.77386404593695,5.18853618946057,161.653302364326,1921.77830774504,137
"394",2021-03-29,17719,1706,466,111,115.3,209,7,1,189,4,12,47,35,0,882,196,1644,0.0839400005340576,40,0,8.19461762933437,5.65665317335045,245.241096311372,2125.89444034286,209
"395",2021-03-30,17928,1837,467,170,124.1,209,9,6,186,6,12,48,36,1,888,195,1968,0.0406500005722046,64,0,3.93696855935525,5.75385376635409,224.058389009607,2054.22184928537,209
"396",2021-03-31,18136,1941,468,163,135.3,208,7,5,191,8,14,54,40,1,896,198,3023,0.0793900012969971,224,0,7.3913142568778,6.16634897585962,246.956111028527,2371.90308841601,208
"397",2021-04-01,18373,2076,469,144,138.3,237,12,4,203,3,15,52,37,1,899,215,2634,0.0721299982070923,100,0.01,6.98575037591372,6.66881287064048,264.111152910742,2511.58489973349,237
"398",2021-04-02,18571,2170,470,242,158.1,198,15,7,162,6,15,56,41,1,905,177,3130,0.0939299964904785,99,0,9.10501359601108,7.05215260164086,232.404559122432,2763.43442539931,198
"399",2021-04-03,18822,2349,470,223,170.3,251,16,3,223,12,14,61,47,0,917,239,2885,0.101909999847412,36,0,10.0654005326869,7.63613271373086,314.253912073095,3059.14409815774,251
"400",2021-04-04,19052,2508,471,152,172.1,230,9,2,215,12,16,64,48,1,929,224,1818,0.0929599952697754,139,0,8.63573180380438,7.7592566791405,284.100459665511,3158.51764661207,230
"401",2021-04-05,19337,2653,472,184,182.6,285,8,4,269,5,18,67,49,1,934,277,2045,0.105620002746582,162,0,9.7867197832696,7.98669984398839,362.423417485179,3432.84233425335,285
"402",2021-04-06,19611,2790,473,156,180.6,274,7,6,245,10,20,70,50,1,944,252,1749,0.128640003204346,83,0,12.2811880788429,9.17873120391519,350.955122383856,3819.14599782126,274
"403",2021-04-07,19919,2931,474,219,188.6,308,3,6,290,12,24,76,52,1,956,293,3364,0.098100004196167,44,0,9.68334548462165,9.50616423645002,384.216844998604,3783.45929246044,308
"404",2021-04-08,20214,3103,475,170,192.3,295,23,5,255,10,30,83,53,1,966,278,3366,0.0858600044250488,194,0.0103100001811981,8.1742953631985,9.67595637749071,351.253908490587,3864.8412879363,295
"405",2021-04-09,20511,3256,477,261,195,297,13,2,276,14,31,88,57,2,980,289,3418,0.110299997329712,158,0,10.542656344322,9.8813339129637,382.512474066252,4287.01943100248,297
"406",2021-04-10,20798,3420,480,381,217.6,287,12,2,262,14,27,92,65,3,994,274,3187,0.0875399971008301,97,0,8.49543150914572,9.65705262388639,345.914685692412,4292.65775572281,287
"407",2021-04-11,21067,3558,480,205,225.1,269,8,4,249,13,29,100,71,0,1007,257,2714,0.145909996032715,29,0,14.4367382148301,10.4857678254615,372.438333427782,5100.7921802959,269
"408",2021-04-12,21382,3652,481,265,236.7,315,16,4,291,16,27,101,74,1,1023,307,2125,0.0804699993133545,107,0,7.66123425362358,10.1821270355121,381.643062932861,4492.35330889515,315
"409",2021-04-13,21618,3678,483,245,249.4,236,10,0,219,12,28,105,77,2,1035,229,2670,0.0767799997329712,178,0,7.19812497496605,9.45597516352965,278.509355046142,4473.17645353585,236
"410",2021-04-14,21891,3749,485,389,273.7,273,10,11,248,12,28,101,73,2,1047,258,3971,0.171490001678467,97,0.0103100001811981,16.7646722390061,10.4675932712989,398.911374242031,5636.74318617587,273
"411",2021-04-15,22113,3752,485,312,294,222,15,3,202,19,29,107,78,0,1066,217,3902,0.130959997177124,98,0.0101999998092651,12.8001377241611,11.1284278942935,303.427029463168,5194.48025136316,222
"412",2021-04-16,22349,3791,487,348,306.4,236,1,10,219,20,24,114,90,2,1086,220,2970,0.120539999008179,244,0.00409999996423721,11.1700123536268,11.2180501813371,303.808900877459,5062.86156012021,236
"413",2021-04-17,22530,3738,490,405,309.9,181,5,7,167,16,23,123,100,3,1102,172,2935,0.101870002746582,121,0.00825999975204468,9.81635857431988,11.4067540477905,229.71206142145,4840.10282321733,181
"414",2021-04-18,22692,3679,490,294,322.6,162,5,8,146,11,22,122,100,0,1113,151,1949,0.0646500015258789,188,0.0159599995613098,6.03665572725616,10.2067422638514,186.378254718931,4346.05032523805,162
"415",2021-04-19,22919,3619,491,258,321.6,227,5,4,218,22,22,116,94,1,1135,223,2084,0.112279996871948,88,0.0340899991989136,10.9112077997534,10.6710241990128,300.081944425352,4805.02491872353,227
"416",2021-04-20,23108,3507,492,188,313.4,189,8,2,179,17,27,119,92,1,1152,187,2775,0.100539999008179,221,0,9.3123663967856,10.9730586878442,241.303899098016,4487.90788308418,189
"417",2021-04-21,23303,3408,493,207,287.4,195,3,2,185,12,25,111,86,1,1164,188,2521,0.136850004196167,236,0.0211899995803833,12.6949474239937,10.3916694285567,261.683823145411,4707.45994297638,195
"418",2021-04-22,23479,3300,496,239,277,176,7,4,161,14,22,107,85,3,1178,168,2358,0.163269996643066,213,0.00939000010490417,15.0521478843522,10.7133851657268,247.952165743109,4791.9175413825,176
"419",2021-04-23,23687,3224,499,189,254.3,208,5,8,186,21,29,113,84,3,1199,191,2507,0.0805700016021729,86,0.0116299998760223,7.82835225630488,10.2360051518237,243.909283961933,3982.04990310614,208
"420",2021-04-24,23843,3103,500,227,228.9,156,2,2,150,17,31,119,88,1,1216,152,2464,0.0852299976348877,214,0.00467000007629395,7.87924175461875,9.95927417758067,189.971654851491,3837.34240134326,156
"421",2021-04-25,23992,2973,505,139,206.7,149,2,6,137,20,30,125,95,5,1236,139,1621,0.135719995498657,93,0.0215100002288818,12.9523070434428,10.9472243656073,199.074726958436,4129.57671401028,149
"422",2021-04-26,24155,2837,510,173,194.6,163,4,7,148,12,31,124,93,5,1248,152,1304,0.115030002593994,31,0,11.2358893919527,10.9936074502072,210.295993668416,3794.41272392959,163
"423",2021-04-27,24315,2744,511,189,194.7,160,3,5,148,10,31,121,90,1,1258,151,2425,0.0610300016403198,332,0.00903999984264374,5.47693267774876,10.4456883474877,180.839723301232,3195.3920578714,160
"424",2021-04-28,24481,2641,513,186,191.7,166,2,7,155,12,27,116,89,2,1270,157,2408,0.0689400005340576,38,0,6.78689784489005,9.60168126475858,196.003934181129,3179.35917307237,166
"425",2021-04-29,24607,2544,513,159,180.3,126,2,7,113,13,29,113,84,0,1283,115,2728,0.0652500009536743,111,0.00901000022888184,6.30511139933178,8.35210462404138,143.778251475134,3025.77279784992,126
"426",2021-04-30,24760,2453,516,178,178.7,153,4,3,139,13,27,109,82,3,1296,143,2122,0.0669199991226196,179,0,6.17141408684045,8.11539917126075,172.50654533967,2907.68920082665,153
"427",2021-05-01,24884,2398,520,138,166,124,3,5,113,7,29,110,81,4,1303,116,2051,0.089709997177124,70,0.0285700011253357,8.76921755252498,8.24253857096164,151.552815504214,3029.60044464746,124
"428",2021-05-02,24981,2337,520,128,164.4,97,0,4,91,8,27,108,81,0,1311,91,1279,0.0695900011062622,21,0,6.84658549345456,7.37029263524904,113.71319019881,2817.57940103977,97
"429",2021-05-03,25088,2220,523,102,154.3,107,4,3,100,10,22,98,76,3,1321,104,976,0.174179992675781,140,0.0071399998664856,15.3225154868163,7.9540963630867,154.862547693612,3241.68130653673,107
"430",2021-05-04,25193,2125,524,141,147.4,105,1,2,99,8,23,94,71,1,1329,100,2386,0.0389800000190735,57,0.0175399994850159,3.84797625935961,7.72138830331683,113.557523569454,2370.59737585089,105
"431",2021-05-05,25275,2010,525,114,137.1,82,1,2,75,8,23,88,65,1,1337,76,1904,0.0777299976348877,65,0.0307699990272522,7.61797691384447,7.84011388459603,95.3894420773929,2469.90498125736,82
"432",2021-05-06,25381,1940,527,122,131.9,106,3,6,92,12,22,88,66,2,1349,95,2133,0.0534499979019165,246,0,4.79230119902429,7.62399814169496,114.674142928683,2219.24039243837,106
"433",2021-05-07,25493,1842,530,108,121.9,112,4,4,103,19,23,95,72,3,1368,107,2302,0.0469199991226196,82,0.0122000002861023,4.57257709747193,7.39559285749945,125.695258103539,2094.97818155811,112
"434",2021-05-08,25582,1767,534,136,121.6,89,1,3,85,4,21,86,65,4,1372,86,1901,0.0489200019836426,86,0.0116299998760223,4.73060411475805,6.81864808067561,101.219331874029,2018.064644435,89
"435",2021-05-09,25665,1705,537,69,113.1,83,0,5,78,4,22,83,61,3,1376,78,1173,0.172210006713867,123,0.00813000023365021,15.6637598691439,8.0782444200598,119.696362998128,2507.14485784369,83
"436",2021-05-10,25758,1638,538,82,110.3,93,3,2,87,9,22,85,63,1,1385,90,715,0.104899997711182,14,0,10.2885457288745,7.35910588321097,119.811787695123,2144.17453605124,93
"437",2021-05-11,25890,1607,540,124,107.9,132,1,6,123,5,21,79,58,2,1390,124,1899,0.0458099985122681,86,0.0232599997520447,4.48330212360065,7.44986672095969,146.69752473062,1823.39453421053,132
"438",2021-05-12,25987,1547,541,115,108,97,3,3,90,8,22,80,58,1,1398,93,2118,0.0495800018310547,174,0.00574999988079071,4.62525933060347,7.02233563763954,108.919670579147,1761.91107941872,97
"439",2021-05-13,26080,1519,541,78,101.7,93,1,1,90,7,20,77,57,0,1405,91,1684,0.0795699977874756,54,0.0185199999809265,7.76731624125886,7.44733778653019,113.229745293613,1873.3734406703,93
"440",2021-05-14,26163,1440,541,128,104.6,83,2,4,75,7,21,70,49,0,1412,77,1738,0.0471799993515015,105,0,4.44920449663102,7.42971312926721,91.2897659508017,1632.4319866124,83
"441",2021-05-15,26237,1392,542,85,97.3,74,2,8,63,7,19,64,45,1,1419,65,1779,0.0522800016403198,61,0,5.05468059337657,7.47600976906985,82.8682348854788,1603.33204554748,74
"442",2021-05-16,26306,1364,543,46,94,69,2,3,63,7,19,67,48,1,1426,65,805,0.0409899997711182,20,0,3.99963028069699,5.80970554214887,75.8084639248442,1527.8576122075,69
"443",2021-05-17,26380,1329,545,87,94.7,74,7,5,59,10,19,71,52,2,1436,66,774,0.229969997406006,19,0,22.4459997468157,7.54648468756904,115.495418213309,2224.97592129527,74
"444",2021-05-18,26459,1297,546,97,90.9,79,1,6,71,5,16,64,48,1,1441,72,1920,0.0265599989891052,56,0,2.58072864671468,7.27468847658533,83.5809385786928,1397.53440745228,79
"445",2021-05-19,26530,1283,550,91,87.4,71,2,5,64,4,14,57,43,4,1445,66,2042,0.0665999984741211,122,0.0163900005817413,6.37693054321293,7.52492722124382,83.6411919557175,1528.73711029069,71
"446",2021-05-20,26590,1238,553,73,86.7,60,5,8,45,11,15,63,48,3,1456,50,1487,0.0511100006103516,65,0.0307699990272522,5.02581319873481,7.13328392945467,65.5475978260994,1424.87852217422,60
"447",2021-05-21,26671,1203,554,77,79.4,81,4,11,63,4,13,59,46,1,1460,67,1682,0.0416200017929077,190,0,3.73957494741831,7.03190827956714,85.5253975587551,1338.12019795795,81
"448",2021-05-22,26730,1171,558,77,78.3,59,0,13,46,8,15,58,43,4,1468,46,1380,0.0623199987411499,101,0.00990000009536743,5.87451034925179,7.14902681612074,67.1163713423266,1377.61458351879,59
"449",2021-05-23,26785,1147,559,39,77.3,55,0,4,51,5,12,59,47,1,1473,51,826,0.0375300002098083,14,0.0714300012588501,3.80950002272923,7.12186535069678,60.835399051294,1278.2392688595,55
"450",2021-05-24,26836,1101,561,65,74.1,51,2,11,38,5,11,57,46,2,1478,40,733,0.0832199954986572,30,0,7.99479117962198,5.05740698395482,60.6050475640636,1365.37893420085,51
"451",2021-05-25,26896,1034,563,56,68.3,60,1,12,46,3,11,54,43,2,1481,47,1035,0.0647300004959106,19,0.0526300001144409,6.45118790469088,5.61032973509427,68.1068871219514,1234.35151668293,60
"452",2021-05-26,26952,993,566,76,66.1,56,1,11,44,1,8,47,39,3,1482,45,1371,0.0320900011062622,61,0.0491800022125244,3.28179969634424,5.1681681855416,60.4356471175752,1090.87994639449,56
"453",2021-05-27,26999,947,566,62,64.6,47,0,8,38,3,9,42,33,0,1485,38,1368,0.0548199987411499,113,0.00884999990463257,5.13124971418748,5.18323054489199,51.8565135270587,1092.95048184538,47
"454",2021-05-28,27034,897,569,65,62.9,35,0,1,30,1,7,34,27,3,1486,30,1589,0.0346099996566772,197,0.0152300000190735,3.24723401221823,5.11289612557769,33.9259523267945,984.485974571155,35
"455",2021-05-29,27069,858,571,45,58.3,35,0,3,31,5,9,36,27,2,1491,31,1074,0.024210000038147,104,0.00962000012397766,2.29219185516668,4.60113634070839,36.1342488825085,917.070501328785,35
"456",2021-05-30,27096,809,573,46,59.3,27,0,3,22,5,8,36,28,2,1496,22,718,0.0905300045013428,34,0,8.6436892595697,5.29173480311417,30.7115532514876,1019.02939002061,27
"457",2021-05-31,27144,777,576,40,55.7,48,1,2,41,5,6,35,29,3,1501,42,783,0.0855700016021729,27,0.037039999961853,8.39523348808289,5.34894084718001,54.5904514464982,972.923351760217,48
"458",2021-06-01,27186,741,577,38,53.1,42,1,5,36,2,5,31,26,1,1503,37,1565,0.0172500002384186,27,0.037039999961853,1.75856346558387,4.67856592730758,43.9543042401571,780.13890383666,42
"459",2021-06-02,27217,702,577,48,49.1,31,0,0,30,1,6,30,24,0,1504,30,1688,0.042649998664856,43,0.0232599997520447,4.21683291366926,4.81214210121116,33.7996190077554,790.911084781476,31
"460",2021-06-03,27262,691,577,48,47.1,45,2,4,39,2,5,29,24,0,1506,41,1176,0.0136099994182587,186,0,1.17513651364701,4.24698307256252,46.4471201186634,715.389268341376,45
"461",2021-06-04,27292,644,579,43,44,30,0,0,27,3,6,29,23,2,1509,27,1195,0.0476999998092651,68,0.0147099995613098,4.59238161062873,4.43914701519259,30.7242097883089,732.82930013596,30
"462",2021-06-05,27311,612,582,39,43.1,19,1,0,18,2,4,30,26,3,1511,19,999,0.0160199999809265,90,0.0222199988365173,1.65323965805621,4.34786812989109,19.9434563663999,642.389226117724,19
"463",2021-06-06,27328,563,582,21,39.6,17,0,1,16,2,4,28,24,0,1513,16,608,0.106909999847412,22,0,10.3176634773375,4.58700730385793,21.9583107912777,737.470560968085,17
"464",2021-06-07,27355,530,583,17,36.3,27,1,3,23,1,4,26,22,1,1514,24,843,0.00949000000953674,30,0.0666699981689453,1.14549483998944,3.55133035413029,27.8257275650075,548.234817060583,27
"465",2021-06-08,27388,502,584,28,34.9,33,0,2,30,1,3,25,22,1,1515,30,1771,0.0299300003051758,100,0,2.83303209729911,3.70482587294676,34.5527315942694,544.715708677442,33
"466",2021-06-09,27415,476,585,33,32.7,27,1,0,24,2,4,23,19,1,1517,25,1194,0.0594600009918213,26,0,5.81928206428153,3.93374718017708,29.3696013879791,559.197210427121,27
"467",2021-06-10,27444,463,585,20,28.7,29,0,0,28,2,5,20,15,0,1519,28,1216,0.0304299998283386,136,0,2.73689939284465,4.1568561629196,30.3017029186872,501.060301834007,29
"468",2021-06-11,27466,453,585,36,27.7,22,0,1,20,1,4,15,11,0,1520,20,1055,0.017059999704361,96,0,1.56370979045186,3.72418876003719,21.9393307827705,474.275842229752,22
"469",2021-06-12,27484,430,585,29,26.3,18,0,0,18,2,6,16,10,0,1522,18,880,0.011360000371933,44,0,1.08190479732695,3.64256949421873,18.5849166115897,443.973007943531,18
"470",2021-06-13,27505,423,586,18,25.9,21,0,1,18,2,5,15,10,1,1524,18,583,0.132080001831055,17,0,12.8337735112508,4.00201378477777,25.938399140716,586.052379806826,21
"471",2021-06-14,27524,386,589,22,26.6,19,2,1,16,2,4,14,10,3,1526,18,655,0.0564900016784668,29,0,5.40949577476546,4.61115677546006,21.9245678055979,448.715731831155,19
"472",2021-06-15,27551,372,589,22,25.7,27,1,0,24,0,4,14,10,0,1526,25,1518,0.0144900000095367,36,0,1.41543243336401,4.40864253775504,26.0628244957192,387.814828496302,27
"473",2021-06-16,27568,351,589,24,24.4,17,0,0,17,1,4,12,8,0,1527,17,1251,0.0223799991607666,42,0,2.16530386311825,3.88664565187458,18.1056054629404,373.827501028947,17
"474",2021-06-17,27579,308,590,12,23.3,11,0,0,11,0,5,11,6,1,1527,11,1101,0.0208899998664856,123,0.0243899989128113,2.12417154569252,3.79911310228141,11.7018021202628,327.650459367358,11
"475",2021-06-18,27593,278,590,26,21.9,14,1,0,13,1,4,12,8,0,1528,14,864,0.0196800005435944,63,0,1.83425247784958,3.83776205762395,14.7712932914,293.315681072086,14
"476",2021-06-19,27602,245,590,18,20.3,9,0,0,9,0,3,10,7,0,1528,9,926,0.0194400000572205,37,0,1.86930841671715,3.9502482889654,9.50530765175625,258.755597186698,9
"477",2021-06-20,27614,232,590,7,18.7,12,0,0,10,0,3,10,7,0,1528,10,562,0.0266899991035461,15,0,2.59961516398491,2.48822566792741,10.780802985886,250.114629272556,12
"478",2021-06-21,27625,222,591,13,17.4,11,0,0,11,2,2,9,7,1,1530,11,520,0.0230800008773804,7,0,2.27734354008308,2.04077534868707,11.7524084051677,237.184969631566,11
"479",2021-06-22,27636,199,591,13,16.1,11,0,0,10,0,2,6,4,0,1530,10,1297,0.0115699994564056,65,0,1.10178335498958,1.99596833749072,10.3309242634424,205.585392842504,11
"480",2021-06-23,27647,186,591,18,15.3,11,0,0,10,0,1,4,3,0,1530,10,1105,0.00814000010490417,18,0,0.800952815308914,1.80106104494653,10.2405688189587,190.474580032632,11
"481",2021-06-24,27653,174,591,8,14.7,6,1,0,5,1,0,4,4,0,1531,6,904,0.00995999991893768,51,0,0.942810463530855,1.63229517606629,6.1699057387989,178.927266425168,6
"482",2021-06-25,27657,153,591,7,12,4,0,0,4,2,0,6,6,0,1533,4,1024,0.00194999992847443,64,0,0.183529405032888,1.39647759423534,4.02204946477199,153.843392027529,4
"483",2021-06-26,27661,138,591,9,10.7,4,0,0,4,1,0,6,6,0,1534,4,764,0.00523999989032745,19,0,0.511284791342295,1.20247421918179,4.0614264291498,140.119211805668,4
"484",2021-06-27,27666,124,591,8,10.9,5,0,0,5,0,0,5,5,0,1534,5,398,0.0200999999046326,13,0,1.94642334842914,1.10916110267382,5.29230733519843,131.249221912921,5
"485",2021-06-28,27675,116,591,1,9.1,9,0,0,9,0,0,4,4,0,1534,9,555,0.00180000007152557,5,0,0.178392864231552,0.809311006123604,9.04822279646781,116.621538265585,9
"486",2021-06-29,27678,110,591,8,8.4,3,0,0,3,0,0,3,3,0,1534,3,929,0.00646000027656555,14,0,0.636409359165365,0.742829006720145,3.05734429481328,112.102624143154,3
"487",2021-06-30,27680,95,591,8,7,2,0,1,1,0,0,2,2,0,1534,1,1221,0.000820000022649765,51,0,0.0787122663251072,0.639651785436743,2.00236414887188,95.2245941428283,2
"488",2021-07-01,27683,91,591,7,6.9,3,0,0,3,0,0,1,1,0,1534,3,884,0.00225999996066093,74,0,0.208542793864746,0.534756404055871,3.01879095472174,91.569992293226,3
"489",2021-07-02,27687,80,591,6,6.7,4,0,0,4,2,0,2,2,0,1536,4,785,0.0140100002288818,29,0,1.35108724565998,0.701550381288312,4.16232140360141,83.2464280720281,4
"490",2021-07-03,27693,74,591,6,6.3,6,0,0,6,0,0,1,1,0,1536,6,627,0.00158999994397163,16,0,0.155043540415274,0.650658774013023,6.02794070314154,74.3446020054123,6
"491",2021-07-04,27695,69,592,2,5.4,2,0,0,2,1,0,2,2,1,1537,2,437,0.00685999989509583,34,0,0.636479820415473,0.463523984296785,2.03823376252928,70.3190648072602,2
"492",2021-07-05,27701,68,592,2,5.6,6,0,0,6,0,0,2,2,0,1537,6,505,0.00197999998927116,27,0,0.187951126801116,0.464889450378151,6.03387104438535,68.3838718363673,6
"493",2021-07-06,27706,64,592,12,6.1,5,0,2,3,0,0,2,2,0,1537,3,1174,0.00596000015735626,28,0,0.582116487914829,0.457133325913789,5.05245218194534,65.1189798815007,5
"494",2021-07-07,27712,63,592,6,5.9,6,0,0,6,0,0,2,2,0,1537,6,1218,0.0320199990272522,23,0,3.14265582717109,0.894839548891786,6.56634422374408,68.9466143493128,6
"495",2021-07-08,27714,54,593,5,5.6,2,0,0,2,1,0,3,3,1,1538,2,933,0.00321999996900558,87,0,0.294535291282569,0.907124191380046,2.01769292917416,54.4777090877022,2
"496",2021-07-09,27716,52,593,3,5.1,2,0,0,2,0,0,2,2,0,1538,2,823,0.00486000001430511,56,0,0.455037544001491,0.77911709114312,2.02733440533575,52.7106945387295,2
"497",2021-07-10,27717,48,593,0,4.3,1,0,0,1,0,0,2,2,0,1538,1,930,0,22,0,0,0.756968013940938,1,48,1
"498",2021-07-11,27722,50,593,0,4,5,0,0,5,0,0,2,2,0,1538,5,422,0.00237000003457069,8,0,0.23259070106717,0.699269568319752,5.03492969197875,50.3492969197875,5
"499",2021-07-12,27725,48,593,1,3.9,3,0,1,2,0,0,1,1,0,1538,2,460,0.00216999992728233,16,0,0.209705875325603,0.702377389537536,3.01259717021815,48.3023320852357,3
"500",2021-07-13,27727,47,593,2,2.4,2,0,0,2,0,0,1,1,0,1538,2,1188,0.000839999988675117,14,0,0.0830216294963427,0.63107812404918,2.00498716403119,47.1171983547331,2
"501",2021-07-14,27732,49,593,0,1.6,5,0,0,5,0,0,0,0,0,1538,5,1098,0,15,0,0,0.182127291596168,5,49,5
"502",2021-07-15,27743,55,593,1,1,11,0,0,11,0,0,0,0,0,1538,11,947,0.00105999998748302,31,0,0.102640080587569,0.154713690068311,11.0339111152893,55.1695555764467,11
"503",2021-07-16,27746,55,593,8,1.7,3,0,0,3,0,0,0,0,0,1538,3,867,0.00460999995470047,34,0,0.443603769225894,0.153080293671797,3.03997135641772,55.7328082009916,3
"504",2021-07-17,27748,52,593,5,2.4,2,0,0,2,0,0,0,0,0,1538,2,761,0.00263000011444092,18,0,0.256922989356809,0.189783577865627,2.01543353339462,52.40127186826,2
"505",2021-07-18,27756,57,593,4,3,8,0,0,8,0,0,0,0,0,1538,8,214,0.00467000007629395,17,0,0.432632041699959,0.21836091224174,8.10395396815011,57.7406720230695,8
"506",2021-07-19,27765,62,593,2,3.1,9,0,0,9,0,0,0,0,0,1538,9,367,0,10,0,0,0.188402930052368,9,62,9
"507",2021-07-20,27769,63,593,10,4.3,4,0,0,4,0,0,0,0,0,1538,4,1142,0.00437999993562698,22,0,0.429721643168901,0.237931503434162,4.0516273249571,63.8131303680743,4
"508",2021-07-21,27774,66,593,12,6,5,0,0,5,0,0,0,0,0,1538,5,1058,0.0103999996185303,8,0,1.03219508409053,0.385387944018523,5.15501159841662,68.0461530990993,5
"509",2021-07-22,27779,68,593,5,6.6,5,0,0,5,1,0,1,1,0,1539,5,1046,0.00477999985218048,28,0,0.46553816064998,0.437230526884582,5.06991296075574,68.950816266278,5
"510",2021-07-23,27791,76,593,3,5.9,12,0,0,12,0,0,1,1,0,1539,12,928,0.00647000014781952,38,0,0.621548668444774,0.462651226772993,12.2240210303057,77.4187998586027,12
"511",2021-07-24,27794,78,593,2,5.4,3,0,0,3,0,0,1,1,0,1539,3,713,0.0028099998831749,16,0,0.274832636036173,0.465209747727188,3.02476406652133,78.6438657295547,3
"512",2021-07-25,27801,80,593,7,5.9,7,0,0,7,0,0,1,1,0,1539,7,410,0.00244000002741814,14,0,0.235943398877698,0.437111370181151,7.04960646445952,80.5669310223946,7
"513",2021-07-26,27810,84,593,5,6.3,9,0,0,9,1,0,2,2,0,1540,9,410,0,10,0,0,0.437111370181151,9,84,9
"514",2021-07-27,27818,91,593,7,5.9,8,0,0,8,0,0,2,2,0,1540,8,1125,0.0106700003147125,5,0,1.06227879239394,0.5274766772133,8.2552471502507,93.9034363341018,8
"515",2021-07-28,27824,91,593,8,5.3,6,0,0,6,0,0,1,1,0,1540,6,1074,0.00372000008821487,11,0,0.368228580160624,0.432624319509027,6.06635920089893,92.0064478803005,6
"516",2021-07-29,27828,87,593,9,5.9,4,0,0,4,0,0,1,1,0,1540,4,1234,0.00243000000715256,15,0,0.240081666038932,0.400416248850306,4.02884372799431,87.6273510838763,4
"517",2021-07-30,27831,82,593,4,6,3,0,0,3,0,0,1,1,0,1540,3,940,0.00745000004768372,21,0,0.72872008791079,0.415726451631166,3.06566204433625,83.7947625451908,3
"518",2021-07-31,27838,83,593,8,6.9,7,0,0,7,0,0,0,0,0,1540,7,936,0.00962000012397766,8,0,0.953847469919819,0.512728570757401,7.20054386281395,85.3778772305083,7
"519",2021-08-01,27847,85,593,1,6,9,0,0,7,0,0,0,0,0,1540,7,563,0.00178000003099442,13,0,0.173982641918378,0.503877034048927,7.03657938210584,85.4441782112852,9
"520",2021-08-02,27858,87,593,3,5.7,11,0,0,11,1,0,1,1,0,1541,11,462,0.0043299999833107,4,0,0.429283260147971,0.565203214070065,11.1418303068677,88.1217487906808,11
"521",2021-08-03,27875,99,593,10,6.1,17,0,0,16,0,0,1,1,0,1541,16,550,0.0109099996089935,3,0,1.08508133543335,0.568460720218552,16.5214524108787,102.226486792312,17
"522",2021-08-04,27887,108,593,15,7.1,12,0,0,10,2,0,3,3,0,1543,10,1289,0.00776000022888184,22,0,0.762977901985408,0.624853480479235,10.2291629285321,110.474959628147,12
"523",2021-08-05,27907,121,593,9,7.1,20,0,0,20,0,1,3,2,0,1543,20,1482,0.00472000002861023,19,0,0.466025319280504,0.657131145228031,20.2799444824248,122.69366411867,20
"524",2021-08-06,27921,123,593,15,8.7,14,0,0,12,1,1,4,3,0,1544,12,1109,0.00541000008583069,44,0,0.520354735055181,0.627364666248658,12.1875483124486,124.922370202598,14
"525",2021-08-07,27934,133,593,13,9.4,13,0,0,13,0,1,4,3,0,1544,13,846,0.01182000041008,14,0,1.16275817987531,0.657209053385157,13.4540097290838,137.644868766781,13
"526",2021-08-08,27954,145,593,5,10,20,0,0,19,1,1,3,2,0,1545,19,612,0.00653999984264374,4,0,0.6497532311198,0.725176280413932,19.3707954981008,147.829755117085,20
"527",2021-08-09,27968,153,593,13,11.4,14,0,0,14,1,1,3,2,0,1546,14,556,0.0143900001049042,9,0,1.41607788642951,0.866146941311295,14.5954531271417,159.507452032335,14
"528",2021-08-10,27988,168,593,18,12.6,20,3,0,17,1,1,4,3,0,1547,20,1264,0.0102799999713898,16,0,1.01514999717474,0.856156750131494,20.6098072975549,173.122381299461,20
"529",2021-08-11,28003,174,593,20,13.3,15,2,0,13,0,1,4,3,0,1547,15,1296,0.0108000004291534,8,0,1.07337427578089,0.900499089245134,15.4835872542486,179.609612149284,15
"530",2021-08-12,28022,188,593,18,14.6,19,3,0,16,0,1,3,2,0,1547,19,1053,0.0133000004291534,38,0,1.28367556845999,1.01730626769935,19.7325567600281,195.248456362383,19
"531",2021-08-13,28039,202,593,26,16.1,17,3,0,14,0,1,3,2,0,1547,17,1077,0.0213599991798401,14,0,2.10859020317945,1.24419704885996,18.0766474338528,214.793104802251,17
"532",2021-08-14,28056,210,593,16,16.6,17,2,0,15,1,1,4,3,0,1548,17,1005,0.0119400000572205,12,0,1.17991151007931,1.24664752460339,17.6024635311237,217.44219656094,17
"533",2021-08-15,28074,207,593,8,17,18,1,0,17,0,1,4,3,0,1548,18,543,0.0221000003814697,2,0,2.20188994626386,1.46838134105254,19.1904208296738,220.689839541248,18
"534",2021-08-16,28093,210,593,21,18.1,19,0,0,19,0,1,3,2,0,1548,19,611,0.0114600002765656,8,0,1.1311890418387,1.42768293468242,19.6455370810421,217.134883527307,19
"535",2021-08-17,28114,206,593,18,18.1,21,0,0,21,0,1,3,2,0,1548,21,1323,0.0158700001239777,10,0,1.57509453593567,1.50767501164827,21.9934781581805,215.745547646913,21
"536",2021-08-18,28145,219,593,24,18.7,31,0,0,31,0,1,2,1,0,1548,31,1295,0.015440000295639,12,0,1.52982405377601,1.57288212279043,32.4244118658072,229.06278060038,31
"537",2021-08-19,28168,227,593,19,18.9,23,0,0,23,3,1,5,4,0,1551,23,1279,0.0172000002861023,17,0,1.69743829983988,1.63199108441613,24.172611737244,238.573168015408,23
"538",2021-08-20,28187,227,593,17,17.6,19,0,0,19,0,2,5,3,0,1551,19,1142,0.014889999628067,50,0,1.42654191067555,1.53455561405843,19.8140864762134,236.726191057918,19
"539",2021-08-21,28210,236,593,27,19.1,23,1,0,22,1,2,6,4,0,1552,23,879,0.0182000005245209,12,0,1.79548826723388,1.62249515079479,24.2403458885315,248.727027377976,23
"540",2021-08-22,28241,253,593,17,20.4,31,0,0,31,1,1,5,4,0,1553,31,520,0.0173099994659424,6,0,1.71125470005514,1.55240440133641,32.593341073544,266.003719084085,31
"541",2021-08-23,28282,272,593,16,19.7,41,1,0,40,0,1,3,2,0,1553,41,575,0.0139100003242493,11,0.0909099960327148,1.53553927351591,1.61016872014743,42.8909375633358,284.54475651774,41
"542",2021-08-24,28314,286,593,26,20.9,32,1,0,31,0,1,3,2,0,1553,32,1233,0.0154100000858307,23,0,1.51278105938131,1.60126679492538,33.4539800930795,298.994947081898,32
"543",2021-08-25,28340,302,593,27,21.3,26,0,0,25,2,1,5,4,0,1555,25,1318,0.0197300004959106,68,0,1.8762006243586,1.65074916215147,26.4088076092144,319.01839591931,26
"544",2021-08-26,28368,310,593,44,24.9,28,2,0,24,3,1,8,7,0,1558,26,1198,0.0125199997425079,22,0,1.22942292553479,1.58388982296503,26.9600791961943,321.44709810847,28
"545",2021-08-27,28401,327,593,24,25.9,33,0,0,33,2,1,9,8,0,1560,33,896,0.0278999996185303,9,0,2.7622541058788,1.7747058508512,35.737852023498,354.12962459648,33
"546",2021-08-28,28433,331,593,38,27.4,32,0,0,29,2,1,11,10,0,1562,29,1115,0.0242199993133545,16,0,2.38773644866404,1.85931273391266,31.0797770939015,354.738145451082,32
"547",2021-08-29,28472,352,593,28,29,39,0,0,35,1,0,10,10,0,1563,35,537,0.0260700011253357,2,0,2.59732664272825,1.98589444000881,37.7304046734332,379.460069858529,39
"548",2021-08-30,28509,374,593,20,29.6,37,0,0,36,1,1,9,8,0,1564,36,627,0.0111600005626678,9,0,1.10020760264036,1.92370420131231,37.1896235317036,386.358866690476,37
"549",2021-08-31,28539,382,593,22,29,30,0,0,24,0,1,7,6,0,1564,24,553,0.0361700010299683,16,0,3.51529183999516,2.20977716997143,26.5339907872101,422.332686696428,30
"550",2021-09-01,28578,393,593,55,33,39,0,0,37,2,1,9,8,0,1566,37,807,0.0309800004959106,5,0,3.07892369460589,2.38159475143533,40.4216300686599,429.343259918468,39
"551",2021-09-02,28623,420,593,34,31.6,45,0,1,39,1,1,10,9,0,1567,39,1298,0.0169500005245209,8,0,1.68461720373875,2.44662250546447,41.9733232933131,441.251173927987,45
"552",2021-09-03,28675,452,593,50,35.3,52,0,1,49,1,2,5,3,0,1568,49,1050,0.035239999294281,45,0.0222199988365173,3.47049307823181,2.5477995015149,55.1076327904432,499.115306556742,52
"553",2021-09-04,28730,483,593,38,35.3,55,0,0,52,0,2,5,3,0,1568,52,911,0.0318300008773804,8,0,3.1552917083018,2.65745025289172,56.9280517942956,528.774019550861,55
"554",2021-09-05,28756,477,593,23,34.6,26,0,0,25,2,1,7,6,0,1570,25,412,0.0388299989700317,6,0,3.82726305637633,2.83315545484145,27.8738276953358,531.832632427007,26
"555",2021-09-06,28816,494,593,29,35.9,60,0,1,53,1,1,8,7,0,1571,53,519,0.0346799993515015,2,0,3.45468707551426,3.169509665252,59.4994212653234,545.25875669943,60
"556",2021-09-07,28881,519,593,50,39.9,65,1,2,56,1,1,8,7,0,1572,57,825,0.0460599994659424,11,0.0909099960327148,4.66501309997157,3.33375555953435,66.9865667758334,591.719792222062,65
"557",2021-09-08,28933,532,594,66,41.4,52,0,1,50,2,1,7,6,1,1574,50,1376,0.03125,17,0,3.08686288585786,3.3348897297132,55.635747228455,581.324350510762,52
"558",2021-09-09,29003,577,594,58,44.9,70,0,3,63,3,2,10,8,0,1577,63,1485,0.0343400001525879,13,0,3.40419894703558,3.58054426446989,72.4415129812608,635.996079209325,70
"559",2021-09-10,29069,607,594,62,46.6,66,0,0,58,0,1,7,6,0,1577,58,1263,0.0332500004768372,35,0,3.23534288152892,3.54695137922662,63.63612623134,665.984976248679,66
"560",2021-09-11,29123,629,594,44,47.4,54,0,0,49,1,1,7,6,0,1578,49,1162,0.0309800004959106,15,0,3.05851831573901,3.5331266088605,53.5013166969343,686.782208211667,54
"561",2021-09-12,29178,641,594,53,51.7,55,0,1,50,2,1,8,7,0,1580,50,585,0.0598299980163574,3,0,5.95247429244372,3.83672821401299,59.9392264003904,755.600882453005,55
"562",2021-09-13,29240,670,594,36,52.7,62,0,0,55,5,4,13,9,0,1585,55,530,0.0301900005340576,20,0,2.90921823328191,3.75880409369408,59.8058630871048,728.544150333823,62
"563",2021-09-14,29302,690,594,63,54.6,62,0,2,55,2,5,10,5,0,1587,55,1224,0.0334999990463257,29,0,3.27246598824443,3.55986879201878,62.4059277220218,757.819820512637,62
"564",2021-09-15,29349,702,594,58,53.4,47,0,1,42,2,6,11,5,0,1589,42,1537,0.0305800008773804,13,0,3.03235234506669,3.55208157190575,46.8252635051413,765.936547157362,47
"565",2021-09-16,29409,730,594,63,54.1,60,1,1,50,1,7,11,4,0,1590,51,1708,0.0316199994087219,39,0,3.09141150487104,3.50739765159653,56.7354297558869,797.781641603872,60
"566",2021-09-17,29469,727,595,90,58.1,60,1,2,46,0,7,9,2,1,1590,47,1417,0.0310500001907349,4,0,3.09625969530411,3.48752862499299,53.3708674994382,794.608950470033,60
"567",2021-09-18,29531,743,595,44,58.1,62,0,5,50,0,7,8,1,0,1590,50,1575,0.0298399996757507,28,0,2.93187769739909,3.46943710808728,59.4029956666215,808.428515605996,62
"568",2021-09-19,29574,734,595,60,59.1,43,2,1,39,3,7,9,2,0,1593,41,1058,0.0321399998664856,3,0,3.20491233352891,3.07692825681374,45.9466845447671,804.655279411196,43
"569",2021-09-20,29625,713,595,60,62.6,51,2,0,40,2,8,11,3,0,1595,42,1220,0.0385199999809265,66,0.0606099987030029,3.965370131503,3.22780709941675,47.0022503727489,797.91915513738,51
"570",2021-09-21,29685,712,595,36,58.7,60,0,0,51,1,7,12,5,0,1596,51,1196,0.0200699996948242,23,0,1.96913204552992,3.04161653617182,54.0163200424726,754.110193534127,60
"571",2021-09-22,29736,699,595,63,59.4,51,0,0,42,5,9,16,7,0,1601,42,2383,0.0180400002002716,29,0,1.7823101358726,2.86303907771552,44.248355448762,736.419058540111,51
"572",2021-09-23,29772,671,595,44,56.7,36,0,0,29,3,9,17,8,0,1604,29,1528,0.0274900007247925,48,0,2.66527418194689,2.80216231729779,31.3215192764183,724.715152912988,36
"573",2021-09-24,29816,665,595,56,51.9,44,1,0,34,2,8,16,8,0,1606,35,2089,0.0181900000572205,48,0,1.77814272903761,2.61385989354543,36.8692486102926,700.515723595559,44
"574",2021-09-25,29860,660,595,62,54.4,44,0,1,35,2,10,16,6,0,1608,35,1935,0.0273900008201599,32,0,2.6944408534321,2.57994034440729,38.8324946802889,713.412756828306,44
"575",2021-09-26,29908,638,595,38,51.3,48,1,0,38,3,11,17,6,0,1611,39,1060,0.0339599990844727,4,0,3.38323299149822,2.60541472411719,42.963044218005,702.831338745826,48
"576",2021-09-27,29949,619,595,31,47.1,41,0,0,29,0,11,17,6,0,1611,29,852,0.0164300000667572,15,0.0666699981689453,1.72992041861722,2.28606476513351,30.5068031745822,651.162453967805,41
"577",2021-09-28,29994,595,596,44,48.3,45,1,1,32,3,11,18,7,1,1614,33,1723,0.0203099989891052,35,0,1.99056474733949,2.28912657967773,35.9729798608348,630.573424763537,45
"578",2021-09-29,30039,583,596,65,48.6,45,1,0,37,0,11,18,7,0,1614,38,2041,0.0215599989891052,8,0,2.14758213454191,2.34130829377335,40.451126825233,620.605445766075,45
"579",2021-09-30,30087,586,596,61,51,48,2,0,38,3,12,20,8,0,1617,40,1837,0.017960000038147,29,0,1.76808789228703,2.21313882382194,42.1242041125663,617.119590249097,48
"580",2021-10-01,30130,569,596,48,49.9,43,0,0,24,1,11,19,8,0,1618,24,1834,0.0196300005912781,13,0,1.94918359958874,2.23757323390067,25.4050649302408,602.311747721126,43
"581",2021-10-02,30166,551,596,60,49.6,36,0,0,28,0,9,14,5,0,1618,28,1477,0.0189600002765656,13,0,1.87945774553607,2.12114707562981,29.580603726158,582.104023325465,36
"582",2021-10-03,30193,537,597,37,49.4,27,5,0,18,2,7,13,6,1,1620,23,1029,0.0213800001144409,12,0,2.11335447817096,1.9397358594402,24.4599318669163,571.086235327567,27
"583",2021-10-04,30237,534,598,25,48.6,44,1,0,40,0,4,9,5,1,1620,41,1256,0.0199000000953674,8,0,1.97740507276752,1.9750908100331,43.4350725471615,565.715335126445,44
"584",2021-10-05,30287,531,598,33,47,50,1,0,42,0,4,8,4,0,1620,43,1637,0.0116100001335144,13,0,1.15185274051897,1.85527480905874,44.4876399044365,549.370623005949,50
"585",2021-10-06,30328,522,598,28,41.7,41,1,0,33,0,4,7,3,0,1620,34,1958,0.0127699995040894,36,0,1.25394478580778,1.72761233066815,35.2805299330305,541.659900736527,41
"586",2021-10-07,30365,511,598,53,40.6,37,1,0,31,2,3,7,4,0,1622,32,1681,0.0184399998188019,9,0,1.83417986363349,1.7370540408605,33.7628863028871,539.151090649228,37
"587",2021-10-08,30393,493,600,58,42,28,0,0,19,0,2,5,3,2,1622,19,2154,0.0246099996566772,13,0,2.44623623721655,1.80806156052162,20.3959967270769,529.222441392048,28
"588",2021-10-09,30422,473,600,37,38.7,29,1,0,26,3,3,6,3,0,1625,27,1520,0.0184200000762939,12,0,1.82757180913621,1.80064928389307,28.4820764904793,498.963784444323,29
"589",2021-10-10,30443,435,601,20,36.3,21,0,0,19,2,3,6,3,1,1627,19,1009,0.0178400003910065,24,0,1.7425518290925,1.74767747688186,19.9944242559921,457.767081650346,21
"590",2021-10-11,30462,413,601,18,35.3,19,0,0,17,1,4,7,3,0,1628,17,635,0.0220499992370605,7,0,2.18095786846315,1.77675644769552,18.1135984075433,440.053890724434,19
"591",2021-10-12,30496,413,601,31,35,34,0,0,27,2,5,7,2,0,1630,27,1118,0.0143099999427795,12,0,1.41580353416172,1.8144637039302,28.1481514010168,430.562464022961,34
"592",2021-10-13,30518,408,601,24,34.4,22,0,0,20,0,5,7,2,0,1630,20,1674,0.0203099989891052,9,0,2.02013893688426,1.92392001122684,21.2135107808849,432.755619930053,22
"593",2021-10-14,30538,395,601,39,32.4,20,0,0,17,0,5,6,1,0,1630,17,1288,0.0116499996185303,33,0,1.13589701049713,1.82416531792165,17.5799897009997,408.476231287933,20
"594",2021-10-15,30574,380,601,33,28.9,36,1,0,20,2,5,8,3,0,1632,21,1605,0.0155799996852875,15,0,1.54357404289422,1.6952135758756,21.973596861752,397.61746702218,36
"595",2021-10-16,30604,374,602,22,26.7,30,0,0,24,1,4,8,4,1,1633,24,1409,0.0156099998950958,8,0,1.55218700438885,1.65587288948312,25.1188907630366,391.436047723988,30
"596",2021-10-17,30629,365,602,34,28.7,25,1,0,20,0,4,8,4,0,1633,21,815,0.0368099999427795,8,0,3.64521870636273,1.92768244337887,23.2991922604893,404.962151194219,25
"597",2021-10-18,30665,370,602,23,29.4,36,3,0,23,1,3,9,6,0,1634,26,812,0.0135500001907349,20,0,1.32242790323038,1.80503530548847,27.0327085106259,384.696236497368,36
"598",2021-10-19,30687,354,602,23,28.3,22,0,0,19,3,2,11,9,0,1637,19,1138,0.0105400002002716,9,0,1.04572974959975,1.75216762197962,19.5967679186656,365.118728589876,22
"599",2021-10-20,30713,349,602,35,29.9,26,1,0,20,1,3,11,8,0,1638,21,1788,0.0134200000762939,19,0,1.32788932686295,1.653274820548,21.837555468971,362.919374222423,26
"600",2021-10-21,30731,338,602,44,30.6,18,0,0,15,0,3,11,8,0,1638,15,1305,0.0214599990844727,7,0,2.13455021381379,1.79593956387895,15.9616787920532,359.669828780932,18
"601",2021-10-22,30757,324,602,34,30.7,26,0,0,12,0,2,8,6,0,1638,12,1417,0.0218799996376038,19,0,2.15905010351564,1.8838647153963,12.7781733808254,345.010681282285,26
"602",2021-10-23,30781,325,602,22,30.7,24,0,1,20,0,1,6,5,0,1638,20,1331,0.0120200002193451,9,0,1.19392688745883,1.83268469869201,21.7171997544656,336.654496010065,24
"603",2021-10-24,30801,318,603,14,27.9,20,0,0,12,1,1,6,5,1,1639,12,822,0.00243000000715256,8,0,0.240657832033663,1.34631885950214,12.0867388480104,320.298579472276,20
"604",2021-10-25,30827,310,603,15,26.7,26,0,2,19,3,1,6,5,0,1642,19,815,0.0135000002384186,5,0,1.34176831637941,1.34908177566629,21.7657086219491,322.493140673907,26
"605",2021-10-26,30849,297,603,30,27.7,22,0,6,14,3,2,8,6,0,1645,14,1386,0.0180400002002716,10,0,1.79107738378055,1.45556000912069,20.7531383967968,312.977293132047,22
"606",2021-10-27,30875,306,603,35,27.7,26,1,5,19,2,2,9,7,0,1647,20,1365,0.014650000333786,9,0,1.45540396329097,1.47377638575326,25.8742707581887,319.376342600287,26
"607",2021-10-28,30900,298,603,26,25.1,25,1,6,17,4,3,13,10,0,1651,18,1856,0.0113100004196167,41,0,1.10655565518232,1.32692002023448,24.5982437511727,307.904257658303,25
"608",2021-10-29,30921,293,603,12,22,21,0,1,17,1,3,14,11,0,1652,17,1548,0.0148599994182587,18,0,1.46891948272442,1.22832993155002,18.7500311768626,305.927007930632,21
"609",2021-10-30,30944,284,603,28,22.9,23,0,2,20,1,2,15,13,0,1653,20,1178,0.0118799996376038,7,0,1.18098224245547,1.22648069654954,22.7094238208505,294.073818256078,23
"610",2021-10-31,30965,270,604,32,25.4,21,0,2,16,0,1,14,13,1,1653,16,936,0.0181599998474121,7,0,1.80251960309414,1.44960380670104,18.8662283296157,284.617603062265,21
"611",2021-11-01,31016,296,604,13,25.1,51,0,10,37,1,1,13,12,0,1654,37,773,0.0116400003433228,14,0,1.14329355341659,1.42125026913492,48.2705503571032,306.164402856826,51
"612",2021-11-02,31066,324,604,31,25.3,50,1,6,37,2,0,14,14,0,1656,38,1531,0.0267799997329712,17,0,2.64859041286685,1.54375213043296,47.022948880797,349.774616773111,50
"613",2021-11-03,31109,346,604,44,26.6,43,0,19,22,2,0,15,15,0,1658,22,1657,0.0169000005722046,11,0,1.67885497291025,1.57567370323572,42.1093491784987,363.447037080025,43
"614",2021-11-04,31142,365,604,33,27.6,33,2,5,23,4,0,18,18,0,1662,25,1511,0.0258100008964539,35,0,2.52256865165212,1.77796127415998,31.8941545296778,392.654656133296,33
"615",2021-11-05,31181,382,606,45,32.3,39,0,7,23,2,1,18,17,2,1664,23,1264,0.0213599991798401,15,0.0666699981689453,2.18913908802596,1.88084978920306,31.5122848290398,407.117078464921,39
"616",2021-11-06,31214,388,607,40,34,33,3,4,21,3,1,19,18,1,1667,24,1414,0.0212199997901917,10,0.1,2.17732301287437,2.02318418497718,29.5695187502304,413.373886462058,33
"617",2021-11-07,31252,407,608,39,35,38,3,3,27,6,3,23,20,1,1673,30,1016,0.0255900001525879,10,0,2.53405849464223,2.12768974091263,35.2833384722916,437.977291940756,38
"618",2021-11-08,31316,443,609,36,38.3,64,6,7,45,1,2,22,20,1,1674,51,849,0.0270900011062622,13,0.0769199991226196,2.7841497596068,2.36209777036837,62.2647656566309,480.04492521348,64
"619",2021-11-09,31358,459,609,39,39.4,42,0,9,29,3,2,24,22,0,1677,29,1627,0.0215100002288818,21,0.0476200008392334,2.18427126153001,2.29576646303454,39.9025539184356,489.112836157309,42
"620",2021-11-10,31399,477,609,34,38,41,1,5,28,5,2,28,26,0,1682,29,1507,0.00995000004768372,72,0.0555600023269653,1.20297468267263,2.22778356442916,35.0478204958364,494.234840569448,41
"621",2021-11-11,31446,482,610,48,40.1,47,1,5,35,3,5,31,26,1,1685,36,1632,0.0208299994468689,24,0,2.05281153969143,2.16067540557763,43.2196473719223,511.718612035182,47
"622",2021-11-12,31505,503,610,50,40.9,59,1,2,36,1,5,32,27,0,1686,37,1517,0.0184599995613098,29,0.0344799995422363,1.87605040887657,2.11594845141344,41.0848683260906,531.342939676313,59
"623",2021-11-13,31541,520,611,43,41.3,36,1,5,28,1,3,30,27,1,1687,29,1627,0.0196700000762939,20,0,1.94311415447056,2.08249004307004,35.6925001549332,550.348278640182,36
"624",2021-11-14,31574,529,611,43,41.9,33,1,2,27,0,3,26,23,0,1687,28,912,0.037279999256134,8,0,3.69558253495589,2.24842204882913,33.1079451181859,587.717963125727,33
"625",2021-11-15,31614,527,613,41,42.6,40,1,3,34,1,2,22,20,2,1688,35,921,0.0217199993133545,18,0,2.1303641499041,2.15502410458589,40.2395166381163,560.720721951066,40
"626",2021-11-16,31664,543,614,42,43,50,1,3,37,1,1,22,21,1,1689,38,1729,0.0208200001716614,24,0,2.0534957385512,2.13634188701748,43.343742020064,576.490839918283,50
"627",2021-11-17,31686,511,614,44,44.4,22,0,1,12,1,2,21,19,0,1690,12,1886,0.0148500001430511,19,0.0526300001144409,1.52268085417159,2.18201419723162,13.5488106581127,534.3701871913,22
"628",2021-11-18,31723,500,614,39,43.1,37,2,1,21,1,3,19,16,0,1691,23,1686,0.0183899998664856,42,0.0238100004196167,1.85217359910409,2.15335163429057,25.2795048290873,527.815322371464,37
"629",2021-11-19,31759,499,615,25,39.6,36,0,2,24,2,2,17,15,1,1693,24,1564,0.0140699994564056,40,0,1.37191266520065,2.08133195662258,26.9889403818262,519.561718772136,36
"630",2021-11-20,31801,483,616,50,40.6,42,1,0,37,1,2,14,12,1,1694,38,1680,0.0166700005531311,76,0.0131599998474121,1.65180870829519,2.03971689288324,39.8852795289804,506.962895065724,42
"631",2021-11-21,31843,485,616,25,38,42,2,2,30,1,1,14,13,0,1695,32,924,0.0238100004196167,5,0,2.36818518705337,1.85008870032574,36.2761351335992,519.497673118613,42
"632",2021-11-22,31898,479,616,31,36.6,55,2,2,42,2,0,16,16,0,1697,44,1048,0.0152699995040894,18,0,1.50121571109622,1.76021035192462,47.9839383898265,500.597874743793,55
"633",2021-11-23,31946,489,617,27,34.4,48,3,1,31,2,0,15,15,1,1699,34,1457,0.0102999997138977,9,0,1.0236766427796,1.61309333824296,36.0453798266556,504.035021624547,48
"634",2021-11-24,31995,499,617,46,34.7,49,1,1,36,0,0,12,12,0,1699,37,1743,0.0183599996566772,16,0,1.81929956802663,1.65546744022225,40.0218007080739,526.266987927808,49
"635",2021-11-25,32038,504,618,60,37.7,43,2,0,36,0,0,10,10,1,1699,38,1548,0.0219600009918213,6,0,2.18752133432042,1.70337425953887,40.4967111325249,537.114273968225,43
"636",2021-11-26,32078,496,618,51,41.4,40,8,0,28,3,1,12,11,0,1702,36,1853,0.0221300005912781,40,0,2.16623830404851,1.81684935080285,38.342292541507,528.271586127429,40
"637",2021-11-27,32107,495,618,43,40.4,29,6,0,18,1,1,12,11,0,1703,24,1818,0.0203500008583069,2,0,2.03276382200011,1.87127150990355,25.4653135591523,525.222092157516,29
"638",2021-11-28,32173,530,618,22,40,66,13,1,40,1,2,11,9,0,1704,53,1272,0.0117900002002716,46,0,1.13785130916127,1.69550952734754,55.8113141797209,548.113141797209,66
"639",2021-11-29,32222,535,618,26,39.3,49,7,0,34,1,2,12,10,0,1705,41,989,0.0161800003051758,16,0,1.59224082605163,1.70851311519831,42.9607626061976,560.585560836969,49
"640",2021-11-30,32290,566,618,61,44.1,68,6,1,49,2,2,13,11,0,1707,55,1907,0.0272699999809265,25,0,2.69171273103659,1.94680398494931,60.4465563659642,611.759107329741,68
"641",2021-12-01,32367,603,618,62,46.4,77,4,0,53,0,2,13,11,0,1707,57,1958,0.0194099998474121,72,0.0138900005817413,1.92142166222257,1.96139285554873,60.289500389606,637.799451490042,77
"642",2021-12-02,32438,629,618,63,46.9,71,6,0,50,0,2,11,9,0,1707,56,2077,0.0245499992370605,19,0,2.43274563050452,1.99642489786074,60.091825759321,674.95997147523,71
"643",2021-12-03,32529,689,618,59,48,91,7,0,68,1,2,8,6,0,1708,75,1911,0.0245900011062622,12,0,2.44365533614493,2.03605590244594,80.5046995302571,739.569839684629,91
"644",2021-12-04,32583,709,618,70,51.9,54,2,0,45,0,2,8,6,0,1708,47,1446,0.0242000007629395,6,0.166669998168945,2.4788719760485,2.09978563873857,50.4993256450068,761.787699623613,54
"645",2021-12-05,32661,745,618,35,53.7,78,5,1,58,0,2,7,5,0,1708,63,1461,0.0246399998664856,10,0,2.44724947688208,2.28684251984155,68.6307485311477,799.760438979445,78
"646",2021-12-06,32769,804,618,69,59.9,108,4,3,82,0,2,6,4,0,1708,86,1178,0.0348000001907349,14,0,3.439127535628,2.55068347835246,97.8833983346544,887.049444896072,108
"647",2021-12-07,32867,849,618,68,60.9,98,4,2,72,2,1,7,6,0,1710,76,1905,0.0278200006484985,22,0.0454500007629395,2.80212772455497,2.56645704885508,84.3963750889099,920.454242769533,98
"648",2021-12-08,32976,903,618,44,58.3,109,6,3,87,0,1,6,5,0,1710,93,2324,0.0249600005149841,13,0,2.48211558394622,2.64655618052989,102.933257876325,970.319697444318,109
"649",2021-12-09,33099,989,618,147,70.3,123,5,2,93,1,1,7,6,0,1711,98,1969,0.0304699993133545,15,0,3.02396313749975,2.73101582438635,108.900921529026,1078.82664685926,123
"650",2021-12-10,33268,1124,619,87,74.3,169,6,6,128,3,0,8,8,1,1714,134,2152,0.0399600005149841,23,0,3.95374349922969,2.94674270482703,155.912766608723,1257.47723632988,169
"651",2021-12-11,33395,1209,619,150,85.7,127,3,4,104,0,0,7,7,0,1714,107,1669,0.0437400007247925,12,0,4.34277580069475,3.21301467977649,124.956727227693,1366.69797400262,127
"652",2021-12-12,33581,1332,620,106,95.9,186,3,4,158,0,0,7,7,1,1714,161,1977,0.0364199995994568,14,0.0714300012588501,3.66661774112255,3.38721014609656,182.730619721159,1478.69059297257,186
"653",2021-12-13,33877,1567,620,100,100.3,296,7,7,261,0,0,7,7,0,1714,268,2090,0.0377999997138977,79,0.0126600003242493,3.68843427513425,3.42282539459745,304.689935011343,1740.59749314468,296
"654",2021-12-14,34184,1804,620,199,119,307,4,3,267,0,0,6,6,0,1714,271,2041,0.0494899988174438,12,0,4.9200724591526,3.7253889281114,314.047295605444,2070.58790137351,307
"655",2021-12-15,34509,2053,620,252,148.7,325,1,3,304,0,0,3,3,0,1714,305,2780,0.0460400009155273,20,0.05,4.60682866232735,4.02891936788013,350.202123436474,2337.06871939371,325
"656",2021-12-16,34921,2405,621,308,171.7,412,7,2,388,3,0,6,6,1,1717,395,2938,0.0871300029754639,58,0.0172399997711182,8.57769922325226,4.82231023727335,498.765439632842,3024.6098286506,412
"657",2021-12-17,35389,2803,621,354,209.9,468,9,7,427,2,0,8,8,0,1719,436,3115,0.102089996337891,10,0.1,10.208330834961,5.71582271380639,576.682213966601,3662.42946272565,468
"658",2021-12-18,35889,3256,621,308,232.4,500,23,13,435,1,0,8,8,0,1720,458,2657,0.086560001373291,3,0,8.64623773115918,6.33060298958702,589.939211290181,4101.55910908478,500
"659",2021-12-19,36431,3732,621,402,274.7,542,21,9,492,1,0,9,9,0,1721,513,2662,0.0894099998474121,46,0.0217400002479553,8.82605094553977,7.06766487593234,657.992888679137,4721.32838313945,542
"660",2021-12-20,37330,4505,621,387,315.7,899,8,19,846,1,0,8,8,0,1722,854,2480,0.102419996261597,11,0,10.1967720083806,7.99742740925325,1134.54895156331,5884.71665900785,899
"661",2021-12-21,38183,5252,621,487,356.9,853,6,16,807,3,0,9,9,0,1725,813,2720,0.110659999847412,96,0.0208299994468689,10.7597613470121,8.83166867894746,1091.7396325269,6949.30448958338,853
"662",2021-12-22,38983,5926,621,670,416.6,800,10,22,744,1,0,10,10,0,1726,754,3906,0.158219995498657,124,0.0161300003528595,15.3847995648017,10.3713788078724,1124.41399578379,8664.33068834845,800
"663",2021-12-23,39821,6648,621,734,477.4,838,1,40,781,2,1,10,9,0,1728,782,3490,0.194559993743896,98,0.0204099988937378,18.9803388533384,11.857470183599,1267.80313524524,10437.8967303201,838
"664",2021-12-24,40559,7236,621,859,549.6,738,0,26,695,3,1,12,11,0,1731,695,3699,0.246280002593994,68,0.0735300016403198,24.3161605974708,13.8728744353861,1228.58901119912,12520.7684676789,738
"665",2021-12-25,41070,7623,622,499,576.9,511,0,26,477,3,1,12,11,1,1734,477,2499,0.208479995727539,57,0.0175399994850159,20.422194416814,15.5551539619082,795.585762544962,12298.8517146336,511
"666",2021-12-26,41814,8186,622,427,580.4,744,0,43,689,6,1,14,13,0,1740,689,2033,0.217900009155273,55,0.01817999958992,21.2639185148523,17.3319921860957,1172.04280573359,13414.1428269016,744
"667",2021-12-27,42833,8907,622,542,602.6,1019,1,45,966,6,2,19,17,0,1746,967,1844,0.252709999084473,177,0.0565000009536743,23.5525847837985,19.2399654397268,1696.06513123869,15207.8977496825,1019
"668",2021-12-28,44008,9784,622,855,655.1,1175,0,52,1117,8,1,26,25,0,1754,1117,2377,0.33193000793457,91,0.0879100036621094,32.29325118289,22.3161782734237,2252.42124521461,19273.8777647088,1175
"669",2021-12-29,45296,10727,622,1232,735.4,1288,0,56,1225,5,4,30,26,0,1759,1225,3360,0.278269996643066,144,0.0277800011634827,26.7975887239795,23.9465767247348,2266.97115587063,19360.8878277749,1288
"670",2021-12-30,46591,11618,623,1329,820.4,1295,0,46,1246,11,5,36,31,1,1770,1246,3317,0.313229999542236,131,0.0610699987411499,30.3649674685814,25.5729522411981,2428.37917498155,22213.8693859837,1295
"671",2021-12-31,47389,11940,626,1335,888.4,798,0,21,776,11,5,41,36,3,1781,776,3290,0.356529998779297,180,0.0111099994182587,33.8611958466621,26.9365287053683,1586.21697313846,24083.3642516407,810
"672",2022-01-01,47765,11775,626,1173,984.7,376,0,38,337,13,6,53,47,0,1794,337,2483,0.397910003662109,164,0.0975599956512451,37.9301238526566,29.4376614819172,758.925152557767,25189.5954639991,401
"673",2022-01-02,48292,11654,627,498,994.9,527,0,45,482,8,5,57,52,1,1802,482,2196,0.306919994354248,63,0.0317499995231628,29.9245930753381,30.6749007048438,960.21919948401,22128.5571593084,553
"674",2022-01-03,48931,11333,627,562,997.7,639,0,76,563,7,4,55,51,0,1809,563,1759,0.246730003356934,105,0.1428600025177,24.087895717232,30.7513736953343,1046.32368210663,19532.2882581073,674
"675",2022-01-04,49548,11018,629,797,989.4,617,0,51,566,12,4,62,58,2,1821,566,2098,0.328409996032715,291,0.127150001525879,30.3894860661644,30.4794072500877,1133.62116040955,21074.7702215414,662
"676",2022-01-05,50061,10634,630,688,911.7,513,0,57,456,12,7,71,64,1,1833,456,2595,0.305970001220703,313,0.0511199998855591,27.8539447431879,30.6303152528318,894.490700916916,19530.4300735756,570
"677",2022-01-06,50518,10200,634,823,839.4,457,0,53,404,12,7,70,63,4,1845,404,2284,0.279769992828369,122,0.073769998550415,26.9324440333809,30.1399547620889,783.805634001601,18451.0333337038,531
"678",2022-01-07,50946,9923,635,643,740.6,428,2,67,359,13,8,72,64,1,1858,361,2289,0.294449996948242,441,0.0430800008773804,25.3844074506026,28.9289849912232,703.236886132809,17488.5834379387,523
"679",2022-01-08,51238,9712,636,683,670.6,292,0,42,250,17,9,81,72,1,1875,250,2346,0.303920001983643,273,0.0732600021362305,27.987640520688,27.5086302295134,502.15450276263,17876.0821233226,393
"680",2022-01-09,51474,9295,636,461,665.3,236,0,32,204,4,9,77,68,0,1879,204,1306,0.265699996948242,171,0.0584800004959106,24.1709056262156,26.6866748796388,384.100148490443,16042.9945108758,346
"681",2022-01-10,51866,8727,637,386,640.1,392,0,73,319,0,9,72,63,1,1879,319,1319,0.170580005645752,127,0.0787400007247925,16.2513836472196,25.5671731553513,547.708897520341,12986.7854189969,596
"682",2022-01-11,52126,7864,638,590,610.6,260,1,36,223,1,8,67,59,1,1880,224,2085,0.279139995574951,410,0.0902400016784668,24.80983132112,24.7700796203449,426.918407927612,13724.0283926015,496
"683",2022-01-12,52271,6727,640,476,580.3,145,0,10,135,0,8,61,53,2,1880,135,1487,0.290520000457764,162,0.20988000869751,28.259781812595,24.828056344546,259.586901705159,12436.8228723749,489
"684",2022-01-13,52276,5479,640,191,490,5,0,1,4,0,8,61,53,0,1880,4,1279,0.175139999389648,117,0.145299997329712,17.2639082311559,23.4468369442281,7.0741087037338,8320.01039693938,563
