"","date","observed_cumulative_cases","observed_active_cases","observed_cumulative_deaths","observed_new_cases","observed_daily_average_cases","observed_new_episodes","observed_new_cases_community_outbreak","observed_new_cases_institution_outbreak","observed_new_cases_sporadic","observed_new_ICU_p_acute_care","observed_census_ICU","observed_census_ICU_p_acute_care","observed_census_acute_care","observed_new_deaths","cumulative_hosp","observed_new_community_cases","num_non_ltch_tests","non_ltch_pct_positivity","num_ltch_tests","ltch_pct_positivity","observed_pct_positivity","pct_positivity_7_day","adjusted_new_episodes","adjusted_active_cases","adjusted_episode_cases"
"1",2020-03-01,7,7,0,0,0,2,0,0,2,0,0,1,1,0,0,2,NA,NA,NA,NA,NA,NA,NA,NA,2
"2",2020-03-02,10,10,0,0,0,3,2,0,1,0,0,1,1,0,0,3,NA,NA,NA,NA,NA,NA,NA,NA,3
"3",2020-03-03,11,11,0,0,0,1,0,0,1,0,0,1,1,0,0,1,NA,NA,NA,NA,NA,NA,NA,NA,1
"4",2020-03-04,12,12,0,0,0,1,0,0,1,0,0,1,1,0,0,1,NA,NA,NA,NA,NA,NA,NA,NA,1
"5",2020-03-05,18,18,0,0,0,6,2,0,4,0,0,1,1,0,0,6,NA,NA,NA,NA,NA,NA,NA,NA,6
"6",2020-03-06,23,23,0,0,0,5,0,1,4,0,0,1,1,0,0,4,NA,NA,NA,NA,NA,NA,NA,NA,5
"7",2020-03-07,27,27,0,0,0,4,0,0,4,0,0,1,1,0,0,4,NA,NA,NA,NA,NA,NA,NA,NA,4
"8",2020-03-08,36,36,0,0,0,9,1,0,8,0,0,1,1,0,0,9,NA,NA,NA,NA,NA,NA,NA,NA,9
"9",2020-03-09,45,45,0,1,0.1,9,0,0,9,0,0,1,1,0,0,9,NA,NA,NA,NA,NA,NA,NA,NA,9
"10",2020-03-10,52,52,0,0,0.1,7,1,0,6,0,0,1,1,0,0,7,NA,NA,NA,NA,NA,NA,NA,NA,7
"11",2020-03-11,61,61,0,0,0.1,9,0,0,9,0,0,1,1,0,0,9,NA,NA,NA,NA,NA,NA,NA,NA,9
"12",2020-03-12,75,75,0,3,0.6,14,1,0,13,0,0,1,1,0,0,14,NA,NA,NA,NA,NA,NA,NA,NA,14
"13",2020-03-13,97,97,0,1,0.7,22,2,2,18,0,0,1,1,0,0,20,NA,NA,NA,NA,NA,NA,NA,NA,22
"14",2020-03-14,115,115,0,4,1.3,18,1,1,16,1,0,2,2,0,1,17,NA,NA,NA,NA,NA,NA,NA,NA,18
"15",2020-03-15,142,142,0,4,1.9,27,1,0,26,0,0,2,2,0,1,27,NA,NA,NA,NA,NA,NA,NA,NA,27
"16",2020-03-16,157,157,0,0,1.7,15,0,0,15,0,0,2,2,0,1,15,NA,NA,NA,NA,NA,NA,NA,NA,15
"17",2020-03-17,180,179,0,5,2.4,23,1,0,22,2,0,4,4,0,3,23,127,0,4,0,0,0,23,179,23
"18",2020-03-18,196,194,0,4,3,16,0,0,16,0,0,3,3,0,3,16,210,0.01904999971,1,0,1.89597153511848,0.947985767559242,15.6922574338188,190.268621385053,16
"19",2020-03-19,221,219,0,1,2.7,25,0,0,25,4,0,7,7,0,7,25,110,0.02726999998,9,0,2.52075630067227,1.47224261193025,24.3606971426674,213.399706969767,25
"20",2020-03-20,243,241,0,2,2.9,22,1,1,20,3,1,10,9,0,10,21,137,0.00730000019,4,0,0.709290798602837,1.2815046585984,21.8488948048454,239.265887998464,22
"21",2020-03-21,263,261,0,4,2.9,20,0,2,18,3,1,10,9,0,13,18,204,0.01470999956,3,0,1.44968111605797,1.31513995009031,19.735283652284,257.161612958117,20
"22",2020-03-22,289,287,0,7,3.3,26,0,1,25,3,5,13,8,0,16,25,159,0.03144999981,2,0,3.10593165825466,1.61360523478437,25.2122876046081,277.957061700901,26
"23",2020-03-23,310,308,0,9,4.6,21,1,0,20,4,5,17,12,0,20,21,138,0.03622999907,3,0,3.54591480259574,1.88964945875742,20.2445888917448,296.920637078924,21
"24",2020-03-24,328,324,1,8,5,18,1,3,14,3,7,20,13,1,23,15,253,0.01975999951,4,0,1.94524508794942,2.16754161417877,17.7039934223059,317.606257921807,18
"25",2020-03-25,351,347,1,8,5.6,23,0,1,22,4,8,23,15,0,27,22,153,0.05881999969,2,0,5.80610319520645,2.72613185133419,21.7041843916953,326.561453814467,23
"26",2020-03-26,365,357,1,19,8.1,14,1,3,10,2,7,25,18,0,29,11,274,0.02555000067,3,0,2.52732858612996,2.72707074925672,13.7179733360642,347.846952815902,14
"27",2020-03-27,382,365,1,27,11.7,17,3,2,12,5,9,26,17,0,34,15,577,0.02946000099,4,0,2.92571782637349,3.04370318179539,16.5547955748875,354.166692322261,17
"28",2020-03-28,407,387,2,26,14.9,25,1,1,23,3,8,25,17,1,37,24,367,0.08173999786,3,0,8.10772411205946,3.99485218122417,23.0260053134353,355.169335679145,25
"29",2020-03-29,426,399,2,11,15.4,19,5,4,10,7,8,31,23,0,44,15,184,0.0434800005,0,0,4.34800005,4.17229052290208,18.3383678886597,381.400585838347,19
"30",2020-03-30,451,408,3,48,21,25,8,3,14,4,12,32,20,1,48,22,549,0.07831999779,0,0,7.831999779,4.78458837667411,23.2520414783109,375.583314688675,25
"31",2020-03-31,468,405,3,51,27.1,17,2,3,12,6,13,34,21,0,54,14,943,0.06468999863,0,0,6.468999863,5.4308390588242,16.0812423821286,378.421654625864,17
"32",2020-04-01,495,408,3,37,31.3,27,6,4,16,3,15,33,18,0,57,22,575,0.05738999844,4,0.25,5.87206374835924,5.44026199498888,24.6894632075492,383.695499485458,27
"33",2020-04-02,512,404,6,32,33.1,17,5,4,7,6,14,34,20,3,63,12,107,0.08411000252,9,0,7.75842264624138,6.18756114643337,15.0555250235375,372.202675792429,17
"34",2020-04-03,539,409,6,26,33,27,3,4,19,5,14,37,23,0,68,22,217,0.1106000042,2,0,10.9589958499543,7.3351722926592,23.5541533802841,363.529487842554,27
"35",2020-04-04,556,416,7,18,31.9,17,3,7,6,7,14,43,29,1,75,9,315,0.02539999962,3,0,2.51603769820755,6.53635994782321,15.7702817872125,405.381913720042,17
"36",2020-04-05,583,427,8,40,36,27,4,8,13,4,13,43,30,1,79,17,422,0.06635000229,5,0.2,6.79149905535831,6.88543123430297,23.8287480109272,397.580905921525,27
"37",2020-04-06,602,427,9,40,34.9,19,3,7,9,4,12,44,32,1,83,12,238,0.1176500034,4,0.25,11.9837606649587,7.47853993229707,17.5411516505288,375.089312897984,19
"38",2020-04-07,625,425,9,25,31.1,23,2,11,10,4,14,45,31,0,87,12,285,0.1087699986,6,0,10.6527318216495,8.07621592638985,21.7031850293193,379.07113645506,23
"39",2020-04-08,645,428,11,26,29.6,20,1,10,8,5,16,44,28,2,92,9,368,0.0434800005,6,0.3333300018,4.81300005208556,7.92492111263647,18.5605654991183,407.102448180291,20
"40",2020-04-09,681,436,11,25,28.6,36,1,20,13,6,16,47,31,0,98,14,295,0.09491999626,5,0,9.33379963223333,8.14997496777818,32.6743701194295,394.71609800509,36
"41",2020-04-10,715,453,11,37,30.1,34,0,20,13,4,16,49,33,0,102,13,331,0.09062999725,8,0,8.84912362529498,7.8485646499697,31.8329770676934,412.333739358855,34
"42",2020-04-11,759,483,11,31,32,44,0,34,8,5,19,53,34,0,107,8,225,0.1022200012,11,0.3636399841,11.4404830911441,9.1234854203892,41.0715251891687,426.943333296057,44
"43",2020-04-12,792,498,13,35,31.3,33,0,18,14,1,18,49,31,2,108,14,227,0.1013199997,12,0.5,12.1337405572803,9.88666277780663,30.2767094131447,436.700091981862,33
"44",2020-04-13,816,505,16,16,27.9,24,0,19,5,3,20,51,31,3,111,5,165,0.0606099987,26,0.03845999956,5.75948155709948,8.99748004811246,23.7078612466246,475.493985909085,24
"45",2020-04-14,849,505,18,32,28.9,33,0,26,7,5,20,50,30,2,116,7,208,0.06730999947,18,0.1666699982,7.52236276874336,8.55028446912587,32.4658194276905,466.462687283386,33
"46",2020-04-15,878,503,24,60,33.7,29,2,18,9,4,16,50,34,6,120,11,390,0.1,24,0.2083300018,10.6280000104348,9.38099874889005,27.8140127865834,448.768039241042,29
"47",2020-04-16,948,552,24,21,33.1,70,1,55,13,7,13,52,39,0,127,14,310,0.03548000097,11,0,3.42641753915888,8.53708702130798,68.5133641547721,532.812643816728,70
"48",2020-04-17,980,556,26,73,38.3,32,0,26,6,0,13,49,36,2,127,6,378,0.08465999603,66,0.5,14.6399726349865,9.36435116554963,31.1088982619077,473.424572270115,32
"49",2020-04-18,1020,578,31,31,38.3,40,0,31,9,1,11,46,35,5,128,9,421,0.06176000118,8,0,6.06082995262937,8.59582928861896,39.4466366598087,542.461776596606,40
"50",2020-04-19,1037,581,35,38,38.7,17,0,13,4,5,15,47,32,4,133,4,452,0.04425000191,47,0.1276599979,5.21062540373146,7.60681283811198,16.7885607453156,550.288448257087,17
"51",2020-04-20,1098,617,39,16,38.7,61,1,47,13,3,13,45,32,4,136,14,325,0.05230999947,43,0.02325999975,4.89155701548913,7.48282361788192,60.3052781934751,586.382617526724,61
"52",2020-04-21,1134,630,47,51,41.4,36,0,26,10,2,11,43,32,8,138,10,543,0.06998000145,25,0.36,8.2744966174912,7.59027131056019,35.1605837773148,577.116777970832,36
"53",2020-04-22,1175,647,54,35,37.9,41,1,31,9,4,9,45,36,7,142,10,656,0.02438999891,122,0.1065600014,3.72752692233419,6.60448944083153,40.6218565655717,622.534119792491,41
"54",2020-04-23,1220,662,57,50,42,45,0,35,10,5,11,48,37,3,147,10,775,0.03612999916,105,0.02857000113,3.52279539405114,6.61825770581614,44.6426258007386,638.341828008894,45
"55",2020-04-24,1261,669,65,38,37,41,0,36,5,7,10,48,38,8,154,5,517,0.04061999798,94,0.1063799953,5.07369206446154,5.25164619574115,40.7426466149726,634.566117083334,41
"56",2020-04-25,1362,741,78,53,40.1,101,0,95,6,4,9,48,39,13,158,6,557,0.0502699995,28,0.03571000099,4.95731106824274,5.09400064082877,100.698259783723,703.735083289748,101
"57",2020-04-26,1416,760,87,87,47.1,54,0,41,13,5,9,50,41,9,163,13,358,0.05027999878,81,0.01235000014,4.32815252268337,4.96793308639333,53.4292029965483,726.630329028977,54
"58",2020-04-27,1477,784,95,87,57.3,61,0,54,7,8,11,56,45,8,171,7,269,0.06320000172,80,0.1,7.16355314116905,5.29250396149046,60.4912993384712,727.025525908776,61
"59",2020-04-28,1497,779,103,65,59.3,20,0,13,7,7,13,61,48,8,178,7,503,0.06163000107,11,0.2727300072,6.61477054813424,5.05540023729661,19.5302696738077,726.725725128032,20
"60",2020-04-29,1522,768,111,28,58.3,25,0,17,8,7,13,62,49,8,185,8,668,0.03144000053,74,0.1486499977,4.31294072558491,5.13903078061814,24.6499748487532,734.397585480306,25
"61",2020-04-30,1542,758,122,30,55.4,20,0,10,10,2,11,56,45,11,187,10,603,0.04145999908,6,0.3333300018,4.43355656092611,5.26913951874314,19.5502325430206,723.90762676096,20
"62",2020-05-01,1565,741,135,43,56.1,23,0,16,7,6,11,57,46,13,193,7,516,0.03101000071,55,0.09090999603,3.67797025359194,5.06975068861891,22.7388187308428,713.352097079219,23
"63",2020-05-02,1586,742,139,22,51.7,21,0,15,6,4,12,57,45,4,197,6,508,0.05118000031,28,0.03571000099,5.03718660171642,5.08116147911515,20.6933979422094,704.083545519898,21
"64",2020-05-03,1605,723,148,23,42.6,19,0,13,6,3,12,52,40,9,200,6,826,0.02058000088,231,0.00432999998,1.702867618,4.7061207784461,18.8963503326151,710.510215080116,19
"65",2020-05-04,1623,720,152,14,32.1,18,0,11,7,6,10,52,42,4,206,7,637,0.01098999977,24,0.125,1.51295459205598,3.89889241428708,17.8925615561615,708.94918863375,18
"66",2020-05-05,1648,720,156,29,27,25,0,24,1,3,9,50,41,4,209,1,923,0.02924999952,29,0.1724099922,3.36109656835714,3.4340818457475,24.9659029531836,695.450126292164,25
"67",2020-05-06,1664,693,161,23,26.3,16,0,11,5,4,10,52,42,5,213,5,598,0.01672000051,149,0.01342000008,1.60617674925033,3.0474012776997,15.91852973769,681.708221643833,16
"68",2020-05-07,1687,671,167,32,26.6,23,0,16,7,6,10,54,44,6,219,7,813,0.03566999912,234,0.01281999946,3.05631224051576,2.85065208906965,22.7829641201859,650.195560663532,23
"69",2020-05-08,1700,638,173,16,22.7,13,0,8,5,4,8,54,46,6,223,5,715,0.00978999972,127,0.04723999977,1.54386339318171,2.54577968043962,12.9216904642207,628.007703234559,13
"70",2020-05-09,1717,622,179,12,21.3,17,0,12,5,5,6,51,45,6,228,5,1100,0.01544999957,164,0.03049000025,1.74013920632911,2.07477290967001,16.9117347467134,611.019802491152,17
"71",2020-05-10,1729,553,185,25,21.6,12,0,8,4,3,5,52,47,6,231,4,907,0.01764000058,316,0.01266000032,1.63532629821586,2.06512414970084,11.9336409457849,543.825860754767,12
"72",2020-05-11,1749,534,188,14,21.6,20,0,14,6,1,5,51,46,3,232,6,517,0.00967000008,197,0.01523000002,1.12040616880952,2.00904580352278,19.9318034323364,527.930505477937,20
"73",2020-05-12,1772,517,193,13,19.3,23,0,17,6,4,6,51,45,5,236,6,835,0.01317000031,322,0.0031099999,1.03702422010804,1.67703546805862,22.9368787013458,511.561048099298,23
"74",2020-05-13,1793,499,195,21,19,21,0,15,6,2,7,47,40,2,238,6,1249,0.01440999985,224,0.01338999987,1.42548878367481,1.65122290154783,20.9132337495134,491.783940167867,21
"75",2020-05-14,1807,471,198,25,18,14,0,10,4,2,6,45,39,3,240,4,1046,0.02677000046,127,0.02361999989,2.64289518049361,1.59216332154467,13.8927553328296,458.37194044069,14
"76",2020-05-15,1827,457,201,17,18.1,20,0,12,8,1,5,44,39,3,241,8,1163,0.01203999996,137,0.01460000038,1.23097846196462,1.54746547422794,19.9000975321143,451.293071522029,20
"77",2020-05-16,1843,438,207,19,19.1,16,0,6,10,1,4,42,38,6,242,10,967,0.01343999982,25,0.04,1.4109354663246,1.50043636851301,15.8568659612367,431.730729102167,16
"78",2020-05-17,1855,398,212,15,17.7,12,0,9,3,1,2,42,40,5,243,3,353,0.02549999952,10,0.1,2.75523411310193,1.66042319921102,11.9161475923401,386.875580583791,12
"79",2020-05-18,1870,390,213,26,19.4,15,0,8,7,2,1,43,42,1,245,7,376,0.03989000082,17,0.05881999969,4.07088557329517,2.08192025699468,14.7109168951031,373.8939412986,15
"80",2020-05-19,1882,353,219,23,20.9,12,0,8,4,0,1,40,39,6,245,4,359,0.03900000095,31,0.2258099937,5.3849000373718,2.70304537374665,11.7814889457153,333.716399459375,12
"81",2020-05-20,1897,339,223,17,20.3,15,0,9,6,3,1,41,40,4,248,6,675,0.02963000059,36,0.05556000233,3.09429120705063,2.94144571994319,14.8116575528169,328.358651734157,15
"82",2020-05-21,1905,325,229,11,18.3,8,0,1,7,0,1,38,37,6,248,7,478,0.02092000008,36,0,1.94547860666148,2.84181478082432,7.86184701436621,318.585754238431,8
"83",2020-05-22,1912,309,233,7,16.9,7,0,3,4,1,1,36,35,4,249,4,514,0.00583999991,14,0,0.568515142753788,2.7471771637942,6.97693052009178,307.21788267709,7
"84",2020-05-23,1921,305,236,6,15,9,1,3,5,1,0,35,35,3,250,6,582,0.00859000027,43,0,0.7999008251424,2.65988650076817,8.95131186147968,302.525019625217,9
"85",2020-05-24,1931,302,237,8,14,10,0,3,7,1,1,36,35,1,251,7,332,0.01506000042,25,0.04,1.6806498990028,2.50637447018258,9.88065312023616,296.851034615903,10
"86",2020-05-25,1946,298,240,6,11.1,15,1,7,7,0,1,35,34,3,251,8,401,0.01746000051,8,0,1.71184846076039,2.1693691683919,14.861071585604,292.82491656375,15
"87",2020-05-26,1952,288,243,16,10.1,6,0,2,4,1,1,35,34,3,252,4,1123,0.00800999999,41,0.07316999912,1.03051545985309,1.54731422874637,5.95818324982332,284.989193987279,6
"88",2020-05-27,1957,261,243,8,8.9,5,0,1,4,1,1,33,32,0,253,4,1150,0.00957000017,13,0.07691999912,1.0322837647515,1.25274173698935,4.95811149469974,258.266775029158,5
"89",2020-05-28,1961,236,244,4,7.9,4,0,2,2,1,1,31,30,1,254,2,1403,0.00284999996,88,0,0.268179070682763,1.01312751756382,3.99455885057612,235.357944367982,4
"90",2020-05-29,1968,226,247,7,7.9,7,0,3,4,2,1,32,31,3,256,4,1380,0.0065200001,37,0,0.634975309668313,1.02262182712304,6.97423366758947,224.544202218805,7
"91",2020-05-30,1971,208,248,15,9.1,3,1,1,1,0,1,31,30,1,256,2,1020,0.01274999976,119,0,1.14179102328358,1.07146328400035,2.97683392834231,205.5907285476,3
"92",2020-05-31,1975,193,249,10,9.4,4,0,1,3,3,1,34,33,1,259,3,1309,0.00535000026,11,0.09090999603,0.606300022475,0.917984730210664,3.9815479503513,191.812918139267,4
"93",2020-06-01,1986,184,250,5,9.3,11,0,5,6,0,1,31,30,1,259,6,763,0.00130999997,20,0,0.127653892351213,0.691671220437924,10.9922299987722,183.761719962348,11
"94",2020-06-02,1989,165,251,8,8.1,3,0,1,2,0,1,26,25,1,259,2,858,0.01049000025,9,0,1.03811075138408,0.692756262085208,2.97893752222187,163.262345583304,3
"95",2020-06-03,1999,156,251,8,8.1,10,0,7,3,0,0,22,22,0,259,3,1110,0.00449999988,141,0,0.399280564892086,0.602327233533863,9.98784835142002,155.368114273841,10
"96",2020-06-04,2006,146,254,8,8.7,7,0,2,5,0,0,20,20,3,259,5,1430,0.00559000015,21,0,0.550909732219159,0.642717328039062,6.97205615109671,145.184039612024,7
"97",2020-06-05,2010,137,256,15,9.9,4,0,1,3,1,0,21,21,2,260,3,1366,0.00952000022,29,0,0.932209340539068,0.68517933244917,3.97162927198255,135.704403420536,4
"98",2020-06-06,2013,128,257,2,8,3,0,0,3,0,0,21,21,1,260,3,1404,0.00071000002,68,0,0.0677201106032609,0.531740630637696,2.99793901567418,127.912064668765,3
"99",2020-06-07,2014,118,258,4,7.1,1,0,0,1,0,0,20,20,1,260,1,870,0.00230000004,22,0,0.224327358161435,0.477173107164329,0.997724284239421,117.731465540252,1
"100",2020-06-08,2017,110,258,0,6.4,3,0,0,3,0,0,19,19,0,260,3,701,0.00143000007,12,0,0.140593274764376,0.47902159036621,2.9957212040408,109.84311081483,3
"101",2020-06-09,2027,107,259,3,5.7,10,0,3,7,0,0,18,18,1,260,7,1338,0.00224000007,10,0,0.222338285879822,0.362482666722744,9.98421123835039,106.758657500499,10
"102",2020-06-10,2037,105,259,7,5.6,10,0,4,6,0,0,17,17,0,260,6,1281,0.00233999997,12,0,0.231828303292343,0.338560915065638,9.9858891400173,104.753059950303,10
"103",2020-06-11,2044,104,260,5,5.1,7,0,2,5,0,0,16,16,1,260,5,1529,0.00326999992,6,0,0.325721816135505,0.306391212767973,6.98347838006431,103.656350305338,7
"104",2020-06-12,2048,107,260,10,4.4,4,0,2,2,0,0,16,16,0,260,2,1596,0.00814999998,13,0,0.80841516271473,0.288706330221639,3.98359787105809,106.122486101608,4
"105",2020-06-13,2051,105,260,6,5,3,0,3,0,0,0,16,16,0,260,0,1479,0.00270000011,23,0.0434800005,0.332446083501331,0.326524326349935,3,104.645883392081,3
"106",2020-06-14,2054,102,260,1,4.6,3,0,1,2,0,0,16,16,0,260,2,768,0,13,0,0,0.294477560898301,3,102,3
"107",2020-06-15,2059,100,260,2,4.9,5,0,2,3,0,0,14,14,0,260,3,720,0.00555999994,17,0,0.543175028059701,0.35198923994049,4.98346908755705,99.448969585235,5
"108",2020-06-16,2063,99,260,3,4.9,4,0,1,3,1,0,14,14,0,261,3,1250,0.00079999998,14,0,0.0791139220727848,0.331528616539485,3.99759225801769,98.9205445145837,4
"109",2020-06-17,2066,89,260,8,5,3,0,0,3,1,1,6,5,0,262,3,1098,0.00911000013,26,0,0.889927058962633,0.425542724492384,2.97291608499589,88.1965105215447,3
"110",2020-06-18,2068,75,260,2,4.6,2,0,0,2,0,1,6,5,0,262,2,1304,0.00230000004,122,0,0.210322584302945,0.409057119944875,1.99573271469136,74.8399768009261,2
"111",2020-06-19,2071,73,260,5,3.9,3,0,0,3,0,1,5,4,0,262,3,1875,0.00107000001,19,0,0.105926611338437,0.308701612605405,2.99677624440198,72.9215552804481,3
"112",2020-06-20,2077,73,261,1,3.1,6,0,0,6,1,1,5,4,1,263,6,1792,0.00056000002,158,0,0.0514625659405128,0.268561110096716,5.99686759100583,72.9618890239042,6
"113",2020-06-21,2083,77,261,1,3.1,6,0,0,6,0,1,4,3,0,263,6,1102,0.00363000005,86,0,0.336722226860269,0.316664285362469,5.97950448617012,76.7369742391832,6
"114",2020-06-22,2085,76,262,6,3.7,2,0,1,1,0,1,1,0,1,263,1,509,0.00393000007,10,0,0.385427752529865,0.294128960286778,1.99608998198799,75.7028386310876,2
"115",2020-06-23,2094,81,262,4,3.9,9,0,0,9,0,1,1,0,0,263,9,1255,0.00158999994,20,0,0.156505876447059,0.305184953768817,8.98571076647469,80.8713968982722,9
"116",2020-06-24,2096,75,263,3,3.1,2,0,0,2,1,1,2,1,1,264,2,1733,0.00289000005,24,0,0.285052366912351,0.21877428347592,1.99421650422588,74.7831189084706,2
"117",2020-06-25,2102,73,263,6,3.7,6,0,0,6,0,1,2,1,0,264,6,1796,0.00277999997,21,0.04762000084,0.329823883531095,0.23584589765137,5.9799243725923,72.7557465332063,6
"118",2020-06-26,2106,67,263,6,3.9,4,0,0,4,0,1,2,1,0,264,4,2028,0.00196999997,23,0,0.194790830773281,0.248540786142062,3.99209568432063,66.8676027123705,4
"119",2020-06-27,2109,69,263,3,4.1,3,0,0,3,0,1,1,0,0,264,3,1574,0.00064000003,80,0,0.0609044768573156,0.249889630558748,2.99814644171344,68.9573681594091,3
"120",2020-06-28,2111,68,263,2,4.3,2,0,0,2,0,1,1,0,0,264,2,880,0.00114,12,0,0.112466367713004,0.217853079251996,1.99771814291723,67.9224168591859,2
"121",2020-06-29,2115,69,263,1,3.6,4,0,0,4,2,1,3,2,0,266,4,854,0.00351000011,8,0,0.347742470294664,0.21246946750411,3.98588913939418,68.7565876545495,4
"122",2020-06-30,2118,68,263,10,4.4,3,0,0,3,0,1,3,2,0,266,3,1605,0.0043599999,11,0,0.433032168285891,0.251973223481086,2.98682115986722,67.7012796236571,3
"123",2020-07-01,2120,67,263,4,4.6,2,0,0,2,0,2,3,1,0,266,2,1601,0.00312000006,15,0,0.309103966340347,0.255409166256514,1.99372851556205,66.7899052713286,2
"124",2020-07-02,2126,66,263,4,4.3,6,0,1,5,0,1,3,2,0,266,5,1012,0.00197999999,12,0,0.195679686511719,0.23624570953946,5.99007451988314,65.8689836624574,6
"125",2020-07-03,2134,74,263,4,4,8,0,0,8,0,1,3,2,0,266,8,1334,0.00300000012,14,0,0.296884284872404,0.250830488696478,7.97590577442931,73.7771284134711,8
"126",2020-07-04,2138,75,263,4,4.1,4,0,0,4,0,1,3,2,0,266,4,1257,0.00317999989,40,0,0.308192741845027,0.286157383694722,3.98749400722835,74.7655126355315,4
"127",2020-07-05,2140,72,263,5,4.6,2,0,0,2,0,1,2,1,0,266,2,734,0.00272000015,47,0,0.25563125609475,0.3066095106064,1.9948134361929,71.8132837029443,2
"128",2020-07-06,2146,72,263,0,4.4,6,0,1,5,0,1,2,1,0,266,5,602,0,10,0,0,0.25693201485002,6,72,6
"129",2020-07-07,2153,73,263,6,3.9,7,0,1,6,0,1,1,0,0,266,6,1272,0.00393000007,21,0,0.386617176259861,0.250301301703444,6.9764674944188,72.713687848762,7
"130",2020-07-08,2166,79,263,5,4,13,0,1,12,0,1,1,0,0,266,12,1684,0.00296999991,39,0,0.29027741430296,0.247611794269531,12.9646629519244,78.767364433502,13
"131",2020-07-09,2174,83,263,5,4.1,8,0,0,8,1,0,2,2,0,267,8,1504,0.00266000003,41,0,0.258941103244013,0.256649139517002,7.97898512764404,82.7819706993069,8
"132",2020-07-10,2190,96,263,12,5.3,16,0,0,16,0,0,2,2,0,267,16,1900,0.00684000015,14,0.07143000126,0.731244529918495,0.318700603095015,15.8813088361429,95.2878530168576,16
"133",2020-07-11,2197,101,263,7,5.7,7,0,0,7,1,1,2,1,0,268,7,1571,0.00381999999,25,0,0.376016289742481,0.32838968136608,6.97329820389852,100.614731227679,7
"134",2020-07-12,2220,121,263,9,6.3,23,0,2,21,1,1,3,2,0,269,21,1068,0.00842999995,13,0,0.832862159722479,0.410851239027184,22.8225695308192,119.97766253472,23
"135",2020-07-13,2243,139,263,6,7.1,23,0,2,21,0,0,3,3,0,269,21,808,0.00619000018,65,0,0.572911815056128,0.492695784035203,22.8779485765345,138.19213581611,23
"136",2020-07-14,2262,149,263,4,6.9,19,0,2,17,1,0,4,4,0,270,17,1406,0.00356000006,66,0,0.340038049209239,0.486041623027971,18.9413575356117,148.486016047421,19
"137",2020-07-15,2283,168,263,15,8.3,21,0,0,21,1,0,5,5,0,271,21,1404,0.00782999992,46,0,0.758159992253793,0.552881991306661,20.8384838576595,166.707870861276,21
"138",2020-07-16,2305,186,263,7,8.6,22,0,1,21,0,0,5,5,0,271,21,1695,0.00708000004,25,0.04,0.755848841151163,0.623868811007683,21.8389762183938,184.573789362916,22
"139",2020-07-17,2335,213,263,17,9.3,30,0,0,29,0,1,5,4,0,271,29,1787,0.00726999998,21,0,0.718555860855089,0.622056143998625,28.7886051954902,211.447341608256,30
"140",2020-07-18,2361,232,263,16,10.6,26,0,0,24,2,1,6,5,0,273,24,1551,0.00708999991,81,0,0.673810653211397,0.664598195922755,23.8359467304503,230.414151727687,26
"141",2020-07-19,2379,250,263,28,13.3,18,0,0,18,0,1,6,5,0,273,18,2025,0.02122999907,22,0,2.10018310291891,0.845644044950816,17.6164999361712,244.6736102246,18
"142",2020-07-20,2409,275,263,47,19.1,30,0,0,27,2,3,8,5,0,275,27,1548,0.01485999942,35,0.02857000113,1.51631264319078,0.980415591827195,26.5846747876603,270.769835800243,30
"143",2020-07-21,2433,294,263,23,21.9,24,0,0,23,0,3,8,5,0,275,23,1428,0.01610999942,15,0,1.59425358085655,1.15958923920538,22.6280187816094,289.245109643181,24
"144",2020-07-22,2460,314,263,13,21.6,27,0,1,23,2,3,9,6,0,277,23,1771,0.00902999997,16,0,0.894914938269166,1.17912566006472,23.7911928484335,311.149328452527,27
"145",2020-07-23,2479,322,263,29,24.7,19,0,1,17,1,3,10,7,0,278,17,1667,0.01019999981,32,0,1.0007886805927,1.21411706569923,17.8274054486011,318.730856144091,19
"146",2020-07-24,2502,337,263,34,27.1,23,0,1,18,0,3,7,4,0,278,18,2036,0.01228000045,83,0,1.1798999960453,1.2800233707264,18.7845465363634,332.966232375248,23
"147",2020-07-25,2514,336,263,26,28.6,12,0,1,10,0,3,7,4,0,278,10,2126,0.00800000012,320,0,0.69533933994767,1.28309889740301,10.9294604676024,333.629871711441,12
"148",2020-07-26,2521,338,263,21,27.6,7,0,0,6,2,4,9,5,0,280,6,1816,0.01210999966,73,0,1.1642011319513,1.14938718726478,5.92913773283349,334.008092282953,7
"149",2020-07-27,2536,340,264,22,24,15,0,1,13,1,4,9,5,1,281,13,1601,0.00874000013,24,0,0.861091705115692,1.0557841961112,13.8864391764382,337.02994769146,15
"150",2020-07-28,2556,330,264,14,22.7,20,0,2,17,1,4,10,6,0,282,17,1488,0.00739000022,24,0,0.727269862920635,0.93192937926321,18.8745761036562,327.565300835679,20
"151",2020-07-29,2572,324,264,20,23.7,16,2,2,12,2,4,11,7,0,284,14,2254,0.00620999992,52,0,0.606996522969644,0.890798177077563,15.9137915147147,322.004889340541,16
"152",2020-07-30,2592,334,264,19,22.3,20,1,0,18,1,4,12,8,0,285,19,1891,0.00898999989,134,0,0.839510607011852,0.867758452280299,18.8381861973102,331.155483679032,20
"153",2020-07-31,2602,321,264,18,20,10,0,1,9,1,3,13,10,0,286,9,2129,0.00797999978,207,0,0.727286795017979,0.80309942356211,9.93359756777312,318.631646583908,10
"154",2020-08-01,2620,309,264,15,18.4,18,0,0,18,1,2,13,11,0,287,18,1629,0.00551999986,83,0.01205000043,0.583658283155958,0.78714498687758,17.8934221551762,307.170413663858,18
"155",2020-08-02,2628,294,264,2,15.7,8,0,0,8,0,2,13,11,0,287,8,1340,0.00149000004,11,0,0.147786828541821,0.641942943533369,7.98800607049715,293.55922309077,8
"156",2020-08-03,2637,280,264,10,14,9,0,1,7,0,1,12,11,0,287,7,1046,0.01146999955,47,0,1.09767790752973,0.675740972449661,7.92205132471248,276.882052988499,9
"157",2020-08-04,2649,268,264,20,14.9,12,0,1,11,1,1,11,10,0,288,11,1699,0.00588999987,12,0,0.584869069499123,0.655398001960873,11.9347339821916,266.409882475213,12
"158",2020-08-05,2658,248,264,12,13.7,9,1,0,8,1,1,12,11,0,289,9,1599,0.005,70,0,0.479029358897543,0.637116978522002,8.95626386350367,246.79482646099,9
"159",2020-08-06,2668,224,264,13,12.9,10,0,0,10,1,2,10,8,0,290,10,1639,0.00305000007,10,0,0.30315040113584,0.560494091968286,9.96924654436512,223.311122593779,10
"160",2020-08-07,2680,225,264,6,11.1,12,0,3,9,1,2,10,8,0,291,9,1689,0,39,0,0,0.456595978394289,12,225,12
"161",2020-08-08,2686,208,264,14,11,6,1,1,4,0,1,10,9,0,291,5,1518,0.00725000024,95,0,0.682300084582765,0.470687664312404,5.96539162524234,206.560291610081,6
"162",2020-08-09,2688,199,264,16,13,2,0,1,1,2,2,12,10,0,293,1,1589,0.00441000015,102,0,0.414399186182732,0.508775143975391,1.99579607780836,198.163419483863,2
"163",2020-08-10,2700,200,264,8,12.7,12,2,0,10,0,1,12,11,0,293,12,1384,0.00578000009,27,0,0.566939767863926,0.432955409737419,11.930983339227,198.849722320451,12
"164",2020-08-11,2713,204,264,8,11,13,2,1,10,0,1,12,11,0,293,12,1460,0.00342000008,41,0,0.33265823562958,0.396925290613198,12.9595037040914,203.311562969554,13
"165",2020-08-12,2720,187,264,12,11,7,3,0,4,0,2,10,8,0,293,7,1486,0.00268999994,7,0,0.267738775006028,0.366740921485839,6.98098724344212,186.492087789097,7
"166",2020-08-13,2742,190,264,11,10.7,22,0,0,22,0,2,9,7,0,293,22,1689,0.00532999992,56,0,0.515895121196562,0.397133024351656,21.8848616829879,189.005623625804,22
"167",2020-08-14,2753,185,264,6,10.7,11,4,1,6,1,2,10,8,0,294,10,1882,0.00477999985,36,0,0.469028139608968,0.464137044295794,10.9524188784546,184.119749251411,11
"168",2020-08-15,2757,177,264,2,9,4,0,0,4,1,2,11,9,0,295,4,2044,0.00734000027,21,0,0.726535619945763,0.470456406490508,3.97051828944122,175.695434307774,4
"169",2020-08-16,2761,158,264,26,10.4,4,0,1,3,0,2,11,9,0,295,3,1196,0.00501999974,22,0,0.492932650988506,0.481675472891333,3.98499815699762,157.209902935208,4
"170",2020-08-17,2785,173,265,8,10.4,24,1,4,19,1,1,9,8,1,296,20,1358,0.00662999988,32,0,0.647736678923741,0.493217888757021,23.8685791531614,171.863209674846,24
"171",2020-08-18,2811,192,265,15,11.4,26,1,1,24,0,1,7,6,0,296,25,1888,0.00583000004,77,0.05195000172,0.763724692517048,0.554798811169516,25.8063075839535,190.512442244763,26
"172",2020-08-19,2835,201,265,23,13,24,4,3,15,2,1,7,6,0,298,19,1519,0.01184999943,25,0.04,1.23057960713536,0.692347501473707,21.7628085171528,198.490763786722,24
"173",2020-08-20,2852,209,266,24,14.9,17,1,0,16,3,0,6,6,1,301,17,1607,0.00995999992,103,0,0.936007010025731,0.75236348559216,16.8385776007119,207.015454032282,17
"174",2020-08-21,2873,216,266,16,16.3,21,3,2,16,0,0,6,6,0,301,19,1804,0.00721000016,116,0.00861999989,0.72951876436875,0.789576431986414,20.8593868803919,214.401450850771,21
"175",2020-08-22,2892,226,266,16,18.3,19,1,0,18,1,0,7,7,0,302,19,1864,0.00589999974,73,0,0.567764559388745,0.766894851906841,18.8905646437105,224.698295235714,19
"176",2020-08-23,2909,236,266,13,16.4,17,0,1,15,0,0,7,7,0,302,15,694,0.01728999972,5,0,1.716632304103,0.941709088066055,15.7387812689288,231.890158631146,17
"177",2020-08-24,2928,252,266,19,18,19,2,0,17,1,1,8,7,0,303,19,1142,0.00963,58,0,0.916455,0.980097419648377,18.8233553366623,249.657133938889,19
"178",2020-08-25,2942,254,266,23,19.1,14,0,1,13,4,2,11,9,0,307,13,1647,0.01457000017,73,0,1.39516222558081,1.07030278151463,13.8160059255036,250.405038852147,14
"179",2020-08-26,2960,262,266,15,18,18,1,4,13,0,2,11,9,0,307,14,1832,0.00490999997,41,0,0.480251999201281,0.963113123238332,17.9317923648,260.723542826972,18
"180",2020-08-27,2973,265,266,16,16.9,13,1,3,9,1,2,9,7,0,308,10,1469,0.00612999976,9,0,0.609267229190798,0.916436011690485,12.9381921559975,263.362092133933,13
"181",2020-08-28,3001,275,266,20,17.4,28,0,3,21,1,1,9,8,0,309,21,2137,0.0060799998,35,0,0.59820255859116,0.897676553722258,23.8725607120014,273.331152180971,28
"182",2020-08-29,3022,289,266,12,16.9,21,0,2,18,0,1,9,8,0,309,18,1790,0.00726000011,11,0.09090999603,0.777091069029983,0.927580340813863,19.8581007179043,286.721728193018,21
"183",2020-08-30,3042,303,267,16,17.3,20,0,6,12,2,1,10,9,1,311,12,1402,0.00428000003,33,0,0.418157494220209,0.742083939402035,17.9490954144265,301.714659214268,20
"184",2020-08-31,3063,313,267,13,16.4,21,1,3,17,1,1,11,10,0,312,18,1353,0.0051700002,54,0,0.497157801748401,0.682184339651807,20.9092174161203,311.421391735869,21
"185",2020-09-01,3088,317,267,18,15.7,25,1,2,22,0,1,11,10,0,312,23,1361,0.01542999983,22,0.09090999603,1.66306939127187,0.720456791893387,24.6119622462437,311.651827480838,25
"186",2020-09-02,3124,327,267,15,15.7,36,1,9,26,0,1,9,8,0,312,27,1528,0.00261999995,51,0,0.253537677238759,0.688069031613026,35.9305548297654,326.158941827158,36
"187",2020-09-03,3146,328,267,24,16.9,22,1,4,17,1,1,8,7,0,313,18,1493,0.00938000023,133,0.00751999974,0.922785996851783,0.732857426993167,21.8314963641974,324.929489303153,22
"188",2020-09-04,3168,332,267,24,17.4,22,0,3,19,3,1,11,10,0,316,19,2705,0.00813000023,258,0.00774999976,0.809691210267634,0.763070091518377,21.8439338197236,329.272948849907,22
"189",2020-09-05,3193,339,267,17,18.1,25,1,11,13,2,1,13,12,0,318,14,2256,0.00398999989,164,0,0.371960320323967,0.705194270274661,24.9471724555448,337.720818744977,25
"190",2020-09-06,3214,341,267,27,19.7,21,1,3,16,1,1,14,13,0,319,17,1310,0.00611000001,192,0.03125,0.932363516185087,0.7786522734125,19.8392059523281,337.77466057317,21
"191",2020-09-07,3255,366,267,29,22,41,2,6,33,0,1,12,11,0,319,35,1290,0.0147300005,44,0,1.42441534070465,0.911117636120536,40.4942446773069,360.711244339838,41
"192",2020-09-08,3307,403,267,24,22.9,52,0,14,36,3,1,14,13,0,322,36,1097,0.01276000023,4,0,1.27136423726703,0.855159756976987,49.5356897544182,397.802304750848,52
"193",2020-09-09,3352,434,267,15,22.9,45,2,10,31,0,1,13,12,0,322,33,1587,0.01449000001,29,0,1.42299690692265,1.02222536121754,42.5236198340183,427.73487902921,45
"194",2020-09-10,3429,496,267,33,24.1,77,1,21,52,2,2,14,12,0,324,53,1959,0.01276000023,61,0,1.23746734903812,1.0671798401013,73.334657303764,489.773396654094,77
"195",2020-09-11,3459,510,267,60,29.3,30,0,1,25,0,1,12,11,0,324,25,2314,0.01555999994,93,0.0752699995,1.78670335748484,1.20675300398948,25.5468643433159,500.756032603644,30
"196",2020-09-12,3508,535,269,47,33.6,49,0,4,42,1,0,12,12,2,325,42,1900,0.01684000015,26,0,1.66126688914849,1.39093965667869,45.2921773185748,525.983687272322,49
"197",2020-09-13,3543,548,270,31,34.1,35,1,5,29,1,1,11,10,1,326,30,1199,0.01667999983,44,0,1.60895573581416,1.48759568805428,34.5103326732759,539.055410165173,35
"198",2020-09-14,3611,598,272,59,38.4,68,0,19,49,1,1,11,10,2,327,49,2394,0.01419999957,218,0.04127999783,1.64601219362634,1.5192523813288,67.1817897729005,588.014495595806,68
"199",2020-09-15,3683,646,273,41,40.9,72,0,14,55,1,1,11,10,1,328,55,2961,0.01215999961,28,0,1.20460886066276,1.50971589895677,68.3278835601658,638.105686906674,72
"200",2020-09-16,3759,684,274,41,44.6,76,0,7,66,1,0,11,11,1,329,66,1887,0.01907999992,162,0.00616999984,1.80592971318302,1.56442058556539,71.7908489578126,671.468798290058,76
"201",2020-09-17,3809,709,278,57,48,50,2,4,38,2,2,11,9,4,331,40,2512,0.01911000013,208,0.00481000006,1.80164707128824,1.64501768874398,43.2689190175046,696.041589585269,50
"202",2020-09-18,3897,777,278,46,46,88,1,6,78,0,2,11,9,0,331,79,2409,0.01286999941,281,0.0213499999,1.37558284574684,1.58628618706712,83.8975735664669,766.157147609428,88
"203",2020-09-19,3967,828,280,46,45.9,70,2,4,60,0,2,10,8,2,331,62,2101,0.0214199996,161,0,1.98954107690539,1.63318249960382,64.7486454555845,811.288361890709,70
"204",2020-09-20,4010,860,280,76,52.3,43,1,4,34,2,2,11,9,0,333,35,2847,0.01861999989,112,0,1.79152212527307,1.65926341238366,38.3638991207922,844.370092682323,43
"205",2020-09-21,4119,940,280,56,51.9,109,2,22,82,1,3,12,9,0,334,84,2949,0.01899000049,73,0,1.85312744688981,1.68885130570702,104.420861034373,922.328683003698,109
"206",2020-09-22,4228,1019,280,85,58.1,109,0,27,81,3,3,15,12,0,337,81,2507,0.01355999947,64,0.03125,1.40003573206107,1.71676943019249,106.849570752484,1004.52731600965,109
"207",2020-09-23,4334,1078,281,67,61.9,106,0,26,75,2,3,16,13,1,339,75,1896,0.01687999964,7,0.5714300156,1.89198578174672,1.72906315427302,99.5604892674703,1057.30943240444,106
"208",2020-09-24,4435,1131,282,38,59.1,101,2,18,75,2,3,18,15,1,341,77,2730,0.01281999946,55,0,1.25668217327828,1.65121102598588,94.0183606594267,1116.58137540015,101
"209",2020-09-25,4554,1194,284,57,60.7,119,5,16,86,3,3,20,17,2,344,91,3291,0.01337000012,59,0.03390000105,1.37315732707075,1.65086452331787,105.732355529487,1177.36739013414,119
"210",2020-09-26,4639,1241,286,75,64.9,85,3,14,66,3,4,21,17,2,347,69,3437,0.02996999979,12,0,2.98657260882082,1.79329759930579,80.9094625889233,1203.40062424426,85
"211",2020-09-27,4721,1271,287,109,69.6,82,2,12,64,2,4,22,18,1,349,66,2684,0.03315999985,13,0,3.30001629949574,2.00879676705188,75.7904908930604,1228.45021098606,82
"212",2020-09-28,4836,1341,288,86,73.9,115,3,11,97,6,4,27,23,1,355,100,3135,0.02584000111,192,0.01042000055,2.49501183004058,2.10049453607342,108.468905357336,1307.05802084187,115
"213",2020-09-29,4943,1372,291,58,70,107,5,18,74,4,3,27,24,3,359,79,2165,0.02632999897,79,0.02532000065,2.62944419881462,2.27612431703821,94.892697775902,1335.40229555111,107
"214",2020-09-30,5026,1402,291,107,75.7,83,1,10,67,5,5,30,25,0,364,68,3170,0.03059999943,281,0.01422999978,2.92670611797392,2.42394150792781,75.9810581821968,1360.37417016824,83
"215",2020-10-01,5127,1438,293,105,85.3,101,2,11,78,3,5,29,24,2,367,80,3844,0.02263000011,120,0.00833000004,2.21971040432997,2.56151696950663,89.1985505495341,1405.61894612787,101
"216",2020-10-02,5223,1488,294,115,93.6,96,0,13,79,1,5,29,24,1,368,79,3362,0.02171000004,197,0,2.05082945025232,2.65832727281828,90.3564140803175,1457.0423310318,96
"217",2020-10-03,5296,1501,295,65,92.1,73,2,6,64,5,6,31,25,1,373,66,3113,0.03019999981,485,0.01031000018,2.75188853518149,2.62480097658409,70.1574870461412,1459.09678873118,73
"218",2020-10-04,5353,1482,295,77,87.6,57,1,7,47,3,6,32,26,0,376,48,3118,0.0291899991,102,0,2.82653469545963,2.55716074743607,53.6236422470446,1439.5049543775,57
"219",2020-10-05,5431,1483,295,82,87,78,3,13,59,3,6,33,27,0,379,62,3821,0.01779999971,238,0.00839999974,1.72488294727839,2.4471423356129,73.9151065340058,1457.05004822469,78
"220",2020-10-06,5506,1455,296,139,98.6,75,5,15,52,2,7,34,27,1,381,57,2158,0.0194599998,55,0,1.89763576901943,2.34259827421359,70.9027047758284,1426.99009559351,75
"221",2020-10-07,5607,1469,296,174,108.1,101,12,22,63,3,10,36,26,0,384,75,2268,0.03131000042,76,0,3.02948297579181,2.35728068247329,94.695028525192,1423.85329204676,101
"222",2020-10-08,5687,1428,296,85,105.3,80,5,14,55,2,9,36,27,0,386,60,2434,0.02711999893,182,0,2.52332100136162,2.40065362490638,72.4641120675973,1391.44586720882,80
"223",2020-10-09,5770,1429,296,96,102.6,83,5,19,57,2,9,37,28,0,388,62,2508,0.02072999954,247,0.00810000002,1.95976547554483,2.38764448566246,79.7673733092125,1400.58994288491,83
"224",2020-10-10,5835,1414,297,68,103,65,5,7,51,6,9,43,34,1,394,56,2628,0.03006000042,21,0,2.98216991709173,2.42054182593535,61.3058331197155,1371.22228627282,65
"225",2020-10-11,5899,1379,297,139,111.9,64,6,6,48,5,10,46,36,0,399,54,2660,0.0233100009,238,0.01680999994,2.27761843960386,2.34212521795595,58.7522990508517,1347.13741465045,64
"226",2020-10-12,5960,1350,297,62,109,61,2,13,43,3,10,46,36,0,402,45,1994,0.01504999995,237,0.01266000032,1.47961093573017,2.30708635916335,57.3245459318456,1329.73637795537,61
"227",2020-10-13,6045,1371,298,74,99.7,85,4,10,68,1,7,45,38,1,403,72,2117,0.03023000002,18,0,2.99751335092927,2.46421172800761,79.8105784018329,1329.3097637349,85
"228",2020-10-14,6112,1376,300,84,86.9,67,1,16,49,2,7,45,38,2,405,50,3004,0.02963000059,110,0.03635999918,2.98677333597174,2.45811035089046,64.4850160030288,1334.30764040335,67
"229",2020-10-15,6198,1401,300,107,90,86,3,25,52,5,8,49,41,0,410,55,2119,0.02171000004,105,0.00952000022,2.11344829621673,2.39955710729833,78.8207928805659,1370.9623786486,86
"230",2020-10-16,6273,1421,301,77,87.3,75,2,10,59,4,8,47,39,1,414,61,3126,0.02142999887,280,0.00356999993,1.99617664263124,2.40475870259639,69.764722360617,1392.22410613831,75
"231",2020-10-17,6320,1402,302,64,86.7,47,1,10,36,6,8,49,41,1,420,37,3037,0.02140000105,149,0,2.03991849305869,2.27015135630596,46.2343146907674,1372.98673503935,47
"232",2020-10-18,6377,1370,305,74,77.4,57,1,11,40,2,6,48,42,3,422,41,1144,0.02710000038,37,0.0540500021,2.79443272755461,2.34398196887035,50.8377132386533,1331.16261309646,57
"233",2020-10-19,6441,1349,307,69,78.4,64,1,6,57,3,6,47,41,2,425,58,1334,0.03747999907,27,0,3.67364575748567,2.65741551483542,61.8384711083767,1298.7258194,64
"234",2020-10-20,6519,1353,309,46,74.4,78,3,14,57,4,5,45,40,2,429,60,1595,0.02507999897,48,0.02082999945,2.49558358677724,2.5857112628137,72.4809951991185,1318.74644174012,78
"235",2020-10-21,6607,1377,312,69,72.3,88,1,46,40,4,4,44,40,3,433,41,2258,0.03055999994,446,0.00897000015,2.69989274894305,2.5447283218096,85.8770351963711,1339.28481622934,88
"236",2020-10-22,6672,1363,312,88,69.6,65,1,24,36,1,3,43,40,0,434,37,2238,0.02680999994,87,0.01149000049,2.62367354444516,2.6176176429851,60.0152016876951,1326.72215946834,65
"237",2020-10-23,6751,1365,313,92,71.7,79,1,13,64,2,3,36,33,1,436,65,2768,0.02457000017,65,0.01537999988,2.4359145945203,2.68043735039782,76.3937572163533,1331.26890154342,79
"238",2020-10-24,6816,1356,317,63,71.6,65,2,17,41,2,3,36,33,4,438,43,2358,0.02119999886,191,0,1.96114544181561,2.66918405736309,59.1445117796859,1329.02227844777,65
"239",2020-10-25,6886,1337,319,69,70.9,70,1,24,42,3,3,38,35,2,441,43,1751,0.03084000111,77,0,2.95409419822812,2.69199283888788,65.7113690120083,1296.93256672221,70
"240",2020-10-26,6959,1297,320,77,72,73,1,16,51,4,3,39,36,1,445,52,995,0.03920000076,121,0.01652999997,3.6742052645672,2.69207276847095,66.0617823941369,1248.65638009991,73
"241",2020-10-27,7037,1267,322,61,74.1,78,0,15,60,1,3,31,28,2,446,60,1354,0.02880000114,116,0,2.65273479888163,2.71452294162872,73.3853408411897,1232.90378076312,78
"242",2020-10-28,7149,1273,325,93,77.6,112,2,69,38,2,2,29,27,3,448,40,1900,0.04052999973,166,0.01807000041,3.87253724855082,2.88204358442984,107.428583277192,1222.98966279663,112
"243",2020-10-29,7213,1257,326,65,74.3,64,0,18,42,9,2,37,35,1,457,42,2190,0.02921999931,96,0,2.79929127248031,2.907131831292,58.807294681234,1221.30403367408,64
"244",2020-10-30,7263,1226,328,122,78.6,50,1,9,36,4,2,40,38,2,461,37,2789,0.03585999966,105,0.05714000225,3.66320799198307,3.08245945950097,44.6250114631203,1180.43956902123,50
"245",2020-10-31,7302,1156,329,83,81.4,39,0,5,32,2,2,39,37,1,463,32,2352,0.02763999939,322,0,2.43116225001047,3.14960471781452,36.2107770652006,1127.48932148037,39
"246",2020-11-01,7352,1115,332,50,78.7,50,1,6,40,1,2,37,35,3,464,41,1714,0.02566999912,104,0,2.42015283232563,3.07332737982845,45.9933872554128,1087.6250436533,50
"247",2020-11-02,7416,1068,332,56,75.7,64,3,8,47,6,2,42,40,0,470,50,1030,0.01748000026,14,0.07143000126,1.82034677063602,2.80849045212399,57.0766637048624,1048.27753673586,64
"248",2020-11-03,7487,995,333,36,72.1,71,1,36,33,1,2,43,41,1,471,34,1456,0.02197999954,13,0,2.17854862697345,2.74074957042283,69.2485813833336,973.009955188732,71
"249",2020-11-04,7552,919,337,53,66.4,65,5,1,51,1,1,40,39,4,472,56,1466,0.02729000092,295,0.00338999987,2.32863096594946,2.5201915300512,55.6771077542209,897.290393323732,65
"250",2020-11-05,7599,876,337,45,63.6,47,0,6,34,5,2,43,41,0,477,34,2536,0.02404999971,41,0,2.36673648678929,2.4583979892382,39.1836721774772,854.967553749119,47
"251",2020-11-06,7673,870,341,79,57.4,74,1,12,58,4,3,46,43,4,481,59,2342,0.0234800005,116,0.02585999966,2.35923194188609,2.2721156963672,69.5879228460413,849.177845356879,74
"252",2020-11-07,7708,837,346,75,56.3,35,3,4,25,3,4,46,42,5,484,28,2499,0.02760999918,142,0,2.61254782093222,2.29802792078459,31.2579074777035,814.816734244208,35
"253",2020-11-08,7745,775,346,47,55.9,37,1,5,29,1,4,47,43,0,485,30,1176,0.02040999889,92,0.01087000012,1.97178223230915,2.2339749779251,34.3999105674039,759.497689657935,37
"254",2020-11-09,7816,745,350,31,52.3,71,3,24,42,7,4,46,42,4,492,45,711,0.02109999895,20,0.1,2.32586857092339,2.30619237796615,67.9382226433414,727.421685984207,71
"255",2020-11-10,7883,754,350,52,54.6,67,0,11,54,3,5,47,42,0,495,54,1374,0.0334800005,17,0,3.30708272372394,2.46741153464479,63.1883487674871,728.703980938616,67
"256",2020-11-11,7939,752,353,77,58,56,0,6,48,2,5,46,41,3,497,48,2375,0.02611000061,241,0.02904999971,2.63808491509404,2.51161924166545,52.7154063130105,731.874698903831,56
"257",2020-11-12,7981,742,355,60,60.1,42,1,8,31,3,3,43,40,2,500,32,2318,0.02157000065,214,0.00467000008,2.01416435718088,2.46125179457853,39.3461461878426,726.8387647306,42
"258",2020-11-13,8020,719,357,79,60.1,39,1,7,27,0,3,36,33,2,500,28,2719,0.02170000076,200,0,2.02131901563686,2.41297851940007,34.4258456382457,704.256536210667,39
"259",2020-11-14,8041,696,357,50,56.6,21,3,2,14,3,3,37,34,0,503,17,1710,0.01578999996,245,0.01633000016,1.5857672619335,2.26629558240025,18.7265208984634,684.803443842972,21
"260",2020-11-15,8071,652,360,30,54.1,30,1,1,25,0,2,35,33,3,503,26,984,0.01524000049,306,0.00653999984,1.31762794055814,2.17284496929297,26.6524623029373,643.284823904427,30
"261",2020-11-16,8115,614,363,11,51.3,44,0,3,39,3,2,33,31,3,506,39,735,0.01223999977,53,0,1.14167510545051,2.00367447422541,41.5483074644265,606.888738029689,44
"262",2020-11-17,8156,591,363,40,49.6,41,1,10,29,1,2,32,30,0,507,30,1828,0.02078999996,38,0,2.03666237550268,1.82218585305094,39.3801650358347,578.789251205943,41
"263",2020-11-18,8198,584,363,66,48,42,3,6,31,1,2,32,30,0,508,34,2684,0.02049000025,20,0.05,2.07082694789201,1.74114900059351,39.2857364296236,571.731472791182,42
"264",2020-11-19,8218,565,364,53,47,20,2,1,17,0,2,30,28,1,508,19,2476,0.01212000012,187,0.01603999972,1.23952685860909,1.63048650079754,19.7610839543272,557.895391273414,20
"265",2020-11-20,8243,522,364,28,39.7,25,1,2,20,1,2,30,28,0,509,21,2643,0.00757000029,222,0.02252000093,0.872842965896335,1.46641849369175,22.8140521391778,517.377867459562,25
"266",2020-11-21,8272,490,365,27,36.4,29,4,4,19,2,2,31,29,1,511,23,1495,0.01873000026,71,0,1.78808112316092,1.4953204738671,26.5827937269444,481.111692443599,29
"267",2020-11-22,8299,477,368,26,35.9,27,3,4,19,3,4,31,27,3,514,22,1220,0.01475000024,36,0,1.43272295324841,1.51176261853714,25.6802425477507,470.067077058049,27
"268",2020-11-23,8339,460,370,20,37.1,40,2,10,25,1,3,27,24,2,515,27,922,0.01735000014,13,0,1.71087701915294,1.59307717763748,36.5313826838695,452.016149428887,40
"269",2020-11-24,8382,469,370,21,34.4,43,2,7,33,1,3,23,20,0,516,35,1403,0.00855000019,41,0.09755999565,1.10772923048615,1.46037244263512,41.6066877838146,463.729616303115,43
"270",2020-11-25,8437,477,371,38,30.4,55,4,10,39,2,2,23,21,1,518,43,2618,0.01222000003,72,0.01389000058,1.22646989294796,1.33975000621454,52.4649909570116,471.065132244059,55
"271",2020-11-26,8482,492,372,60,31.4,45,3,4,37,3,2,23,21,1,521,40,3059,0.01437999964,224,0.0044600001,1.37031553217058,1.35843410243761,43.4439467964879,485.160545596801,45
"272",2020-11-27,8530,504,374,56,35.4,48,2,3,42,3,1,24,23,2,524,44,3154,0.01776000023,336,0.00298000008,1.63370546568195,1.46712874526413,46.2707738837466,495.647046304734,48
"273",2020-11-28,8574,506,375,60,40.1,44,2,3,39,2,1,25,24,1,526,41,2597,0.01194000006,191,0,1.11220158378121,1.37057452535274,43.5374026491921,500.290871719297,44
"274",2020-11-29,8619,518,377,22,39.6,45,0,4,38,5,1,28,27,2,531,38,898,0.02450000048,12,0,2.41769235505934,1.51128443989716,41.0679903495237,505.295236869823,45
"275",2020-11-30,8662,524,378,47,43.4,43,1,7,34,1,1,25,24,1,532,35,1135,0.02290999889,61,0,2.17415123245401,1.57746647036874,41.2280421821283,512.442688669578,43
"276",2020-12-01,8716,546,378,34,45.3,54,2,12,39,3,1,27,26,0,535,41,1906,0.01417000055,113,0.01769999981,1.43675686116048,1.62447041760793,52.4024105634984,538.041857748052,54
"277",2020-12-02,8758,560,379,49,46.9,42,1,5,34,6,1,31,30,1,541,35,2859,0.01014000058,81,0.01235000014,1.02008883229796,1.59498740894365,39.6378055319881,554.20488851181,42
"278",2020-12-03,8796,559,380,38,43.7,38,0,5,32,3,1,33,32,1,544,32,3327,0.01021999955,202,0,0.963500665991783,1.53687099948953,36.6872208659492,553.536139502051,38
"279",2020-12-04,8839,563,382,55,43.6,43,1,5,33,2,1,31,30,2,546,34,2994,0.01101999998,165,0.01212000012,1.10774548781007,1.46173385979355,38.617919668277,556.673199212939,43
"280",2020-12-05,8874,552,382,46,41.6,35,3,2,29,1,1,31,30,0,547,32,2277,0.01845000029,209,0,1.68988940709292,1.54426069169522,33.4514148624402,542.536906377093,35
"281",2020-12-06,8913,546,383,33,43.1,39,0,7,30,1,2,31,29,1,548,30,1397,0.01575000048,20,0,1.55276998380804,1.42070035294504,36.527432166054,537.399265422183,39
"282",2020-12-07,8967,549,384,23,39.7,54,0,4,45,2,1,30,29,1,550,45,1068,0.01684999943,25,0.04,1.73795053899726,1.3583859681655,48.2066118643293,539.320664744818,54
"283",2020-12-08,9014,553,384,57,43,47,1,1,44,0,1,27,26,0,550,45,2367,0.01942999959,69,0,1.88796424587562,1.42284416598195,45.1381294233423,542.408568246851,47
"284",2020-12-09,9067,562,386,36,41.1,53,2,3,46,1,3,24,21,2,551,48,2911,0.00962000012,167,0.00598999977,0.94230507832716,1.41173220112898,50.5411523154879,556.627658360504,53
"285",2020-12-10,9112,561,386,60,44.3,45,2,0,43,1,3,23,20,0,552,45,3091,0.01391000032,252,0.00397000015,1.31607092512474,1.46209938100511,44.3992032372236,553.510067024054,45
"286",2020-12-11,9151,545,386,48,43.3,39,6,2,30,1,2,23,21,0,553,36,3047,0.01180999994,32,0,1.16872587908996,1.47081086547367,37.5731739307811,538.538327563214,39
"287",2020-12-12,9184,534,387,59,45.1,33,2,5,26,0,2,20,18,1,553,28,2616,0.01567000031,24,0,1.55275457617273,1.45122017534222,32.5589410648459,525.588376022419,33
"288",2020-12-13,9223,531,388,30,44.7,39,5,2,32,0,2,19,17,1,553,37,1502,0.01197999954,47,0,1.16165005223241,1.39534589940284,38.563973569292,524.742431494434,39
"289",2020-12-14,9266,528,388,16,43.7,43,4,4,35,2,2,20,18,0,555,39,917,0.01745000005,20,0,1.70775347340982,1.39103203289035,42.3243441213212,518.852658873271,43
"290",2020-12-15,9312,536,389,54,43.3,46,1,7,37,1,1,20,19,1,556,38,2079,0.01347000003,49,0,1.3159835555625,1.30932050570276,44.4926941920109,528.844318076786,46
"291",2020-12-16,9367,554,389,53,45.7,55,3,4,47,0,1,18,17,0,556,50,2312,0.01687000036,94,0,1.62109064140981,1.40628987185742,53.1777325886108,544.889277081808,55
"292",2020-12-17,9404,549,390,61,45.9,37,1,5,29,1,0,17,17,1,557,30,3207,0.01340999961,83,0.02410000086,1.36796865716261,1.41370383357712,34.5836743420065,541.38124045872,37
"293",2020-12-18,9445,536,390,25,42.6,41,3,4,34,0,0,16,16,0,557,37,3298,0.00727999985,170,0.00588,0.721137240637255,1.34976259951245,40.7293204640404,532.078804560153,41
"294",2020-12-19,9484,533,390,46,40.7,39,1,7,28,3,0,19,19,0,560,29,2799,0.0117900002,140,0,1.12283805919701,1.2883459542302,35.6696678087942,526.928722140941,39
"295",2020-12-20,9528,527,390,24,39.9,44,5,2,34,0,0,16,16,0,560,39,1360,0.01618000031,51,0,1.55951810216868,1.34518424707824,40.3829919891584,518.662481494526,44
"296",2020-12-21,9603,549,390,22,40.7,75,7,8,60,1,0,15,15,0,561,67,1365,0.00658999979,32,0.03125,0.715486736818182,1.20343185613658,74.5136911582872,545.015170834323,75
"297",2020-12-22,9687,593,390,73,43.4,84,5,7,70,2,0,15,15,0,563,75,3021,0.02250999928,48,0,2.21579367301662,1.33197615863002,80.3141211714423,579.670318062204,84
"298",2020-12-23,9787,660,390,52,43.3,100,5,6,88,1,1,13,12,0,564,93,2652,0.01998000026,199,0.01508000016,1.9637979909281,1.38093435141835,97.1472554886243,646.851490564431,100
"299",2020-12-24,9862,687,390,49,41.6,75,11,6,56,2,1,13,12,0,566,67,3469,0.01557000041,144,0,1.49494413014918,1.39907370470214,71.9839021313082,676.581205435951,75
"300",2020-12-25,9927,718,390,47,44.7,65,6,2,56,0,1,10,9,0,566,62,2537,0.0295600009,161,0,2.77960423585248,1.69314041830432,62.2517222526408,697.753815764454,65
"301",2020-12-26,10019,760,390,95,51.7,92,5,4,82,2,2,12,10,0,568,87,951,0.01998000026,50,0,1.8981998249011,1.80390638483348,89.3246831481081,745.365048190369,92
"302",2020-12-27,10129,824,391,37,53.6,110,8,6,94,2,4,12,8,1,570,102,1480,0.02703000069,32,0.0625,2.77806885060847,1.97798506318202,105.125389867067,800.777659318267,110
"303",2020-12-28,10260,917,391,65,59.7,131,15,6,108,1,2,13,11,0,571,123,1188,0.04125,39,0.02563999891,4.07538385961614,2.45797036643887,123.914783962343,879.088267426574,131
"304",2020-12-29,10381,995,391,112,65.3,121,5,15,101,3,4,12,8,0,574,106,1880,0.05052999973,25,0.04,5.03918107571654,2.86131142396743,115.581218928573,944.135026735187,121
"305",2020-12-30,10518,1086,391,88,70.4,137,12,10,115,3,5,13,8,0,577,127,2458,0.05736000061,62,0,5.5948762499754,3.38003688954561,129.791747663131,1024.3609288359,137
"306",2020-12-31,10643,1173,391,147,84.4,125,0,9,116,2,5,13,8,0,579,116,2652,0.03318000078,144,0,3.14711595381116,3.61606143578304,121.296549799016,1135.55045615729,125
"307",2021-01-01,10760,1228,392,87,90.1,117,0,5,111,2,6,13,7,1,581,111,2759,0.03914000034,134,0.01493000031,3.80186246040788,3.76209832500524,111.718902137175,1180.63794436442,117
"308",2021-01-02,10873,1288,392,134,95.7,113,2,8,101,2,6,15,9,0,583,103,2369,0.02954999924,431,0,2.50014100712714,3.8480899224661,108.387613062255,1255.3324817882,113
"309",2021-01-03,10996,1315,393,106,105.6,123,0,5,118,3,5,18,13,1,586,118,1516,0.06002999783,126,0.02381000042,5.72506314026797,4.26908910670317,116.146726507203,1238.62665556756,123
"310",2021-01-04,11171,1426,393,117,113,175,4,30,140,5,8,21,13,0,591,144,1386,0.05339000225,155,0.00644999981,4.86685873387735,4.38215694588335,166.89036986349,1355.59491267595,175
"311",2021-01-05,11312,1499,395,105,112,141,2,19,120,6,8,23,15,2,597,122,2417,0.05750999928,97,0.01031000018,5.5688837819101,4.45782876105386,134.107706537385,1414.31518114377,141
"312",2021-01-06,11495,1593,395,132,118.3,183,11,42,129,7,7,28,21,0,604,140,2627,0.05138999939,211,0.01422000051,4.86264793887033,4.35322471661028,175.093839957524,1514.41776465954,183
"313",2021-01-07,11613,1630,395,186,123.9,118,2,7,108,6,9,32,23,0,610,110,2311,0.04889999866,91,0.01098999977,4.74637747220358,4.58169064780919,111.703478559884,1551.51518229646,118
"314",2021-01-08,11743,1660,395,185,137.9,130,6,13,110,0,11,30,19,0,610,116,2661,0.03683000088,249,0,3.36785678150103,4.51968983653679,125.036787313404,1603.28505982974,130
"315",2021-01-09,11841,1669,397,155,140.9,98,6,2,90,4,11,30,19,2,614,96,3020,0.03244999886,375,0.0026699999,2.91606028040353,4.57910687557627,95.1600970039634,1619.62710312099,98
"316",2021-01-10,11933,1652,397,114,142,92,5,3,82,5,11,34,23,0,619,87,1824,0.05098999977,78,0,4.88989272242271,4.45979681588409,85.6842690772847,1570.05071857097,92
"317",2021-01-11,12097,1705,397,66,134.7,164,2,25,135,3,13,34,21,0,622,137,1608,0.03420000076,115,0,3.19173541625537,4.22049348479524,157.564084902366,1649.79390334696,164
"318",2021-01-12,12237,1733,398,161,142.7,140,1,22,115,4,13,35,22,1,626,116,2211,0.07056000233,74,0.01350999951,6.87124311227002,4.4065448177038,129.914086719834,1612.19924384028,140
"319",2021-01-13,12325,1721,402,172,148.4,88,0,9,75,2,11,34,23,4,628,75,2532,0.03752000093,173,0.01156000018,3.58597125271349,4.22416243396711,81.2716263755119,1658.39291989675,88
"320",2021-01-14,12417,1709,402,129,140.3,92,2,14,75,9,10,41,31,0,637,77,2581,0.03371000051,146,0,3.1905211337114,4.00189724275394,88.5077699609509,1653.68543978266,92
"321",2021-01-15,12510,1678,404,144,134.4,93,6,7,78,5,11,41,30,2,642,84,2923,0.03729000092,206,0.00485000014,3.51542897788431,4.02297898509441,88.0043340034769,1618.15800545041,93
"322",2021-01-16,12571,1630,405,119,129.3,61,0,0,59,2,9,39,30,1,644,59,2470,0.03239000082,289,0,2.89972098678507,4.02064480029177,57.2644225497301,1582.05099586543,61
"323",2021-01-17,12651,1571,407,72,123.3,80,2,3,72,2,9,39,30,2,646,74,2036,0.02602999926,32,0,2.56272139716441,3.6881917538263,75.0761602660678,1530.1574024053,80
"324",2021-01-18,12772,1591,408,63,122.9,121,2,45,72,7,10,43,33,1,653,74,1021,0.03917999983,48,0,3.74207482005893,3.76681166865538,116.190817451268,1530.60257520226,121
"325",2021-01-19,12846,1536,415,81,111.4,74,3,24,47,8,9,45,36,7,661,50,2337,0.04107999802,89,0,3.95729412088788,3.35053324131507,71.9927377842005,1474.33690473064,74
"326",2021-01-20,12907,1497,415,166,110.6,61,1,8,50,2,7,37,30,0,663,51,3065,0.02250999928,163,0.00612999976,2.16828803451301,3.14800706728643,57.8781806552845,1464.07130276394,61
"327",2021-01-21,12977,1463,417,81,103.7,70,1,9,59,3,7,37,30,2,666,60,2636,0.02427999973,117,0,2.32481217901489,3.02433435947264,67.5849398594452,1428.49611690614,70
"328",2021-01-22,13056,1433,418,95,96.7,79,1,3,74,5,6,37,31,1,671,75,2311,0.03072000027,111,0.00901000023,2.97250332987201,2.94677355261374,75.7383812885313,1389.78800515287,79
"329",2021-01-23,13104,1366,418,84,91.7,48,1,4,40,4,9,39,30,0,675,41,2122,0.03299000025,276,0,2.9192986042744,2.94957035511222,43.7857778479658,1325.54567171515,48
"330",2021-01-24,13150,1285,419,44,87.7,46,2,9,35,2,8,37,29,1,677,37,1247,0.02244999886,36,0,2.18200690400779,2.89518257037556,45.1809816731758,1256.5557148657,46
"331",2021-01-25,13213,1226,419,29,82.9,63,1,18,43,4,7,38,31,0,681,44,825,0.02061000109,48,0,1.94768051537801,2.63884052684971,61.1306269534095,1201.77610556546,63
"332",2021-01-26,13275,1165,420,74,81.9,62,1,19,40,8,5,40,35,1,689,41,2354,0.02421000004,79,0,2.34238964628689,2.408139887621,59.02573125166,1137.3165099557,62
"333",2021-01-27,13353,1126,422,80,69.6,78,0,27,50,1,4,30,26,2,690,50,2800,0.01963999987,175,0.0057099998,1.88205881011765,2.36724999842166,76.0453614459635,1104.5015397631,78
"334",2021-01-28,13391,1065,422,66,67.4,38,1,3,33,3,5,30,25,0,693,34,2355,0.02122999907,209,0.02871000051,2.18397183761466,2.3471299496502,36.2467108253908,1041.40432438356,38
"335",2021-01-29,13420,963,422,73,64.3,29,1,2,26,3,4,31,27,0,696,27,2847,0.01228999972,180,0.00555999994,1.18898015170268,2.09234092419744,28.6743327069182,951.384533213416,29
"336",2021-01-30,13439,866,423,42,58.3,19,1,6,12,2,5,33,28,1,698,13,2155,0.01577999949,216,0,1.43424288911641,1.8801901077463,18.8108519653503,853.399830922568,19
"337",2021-01-31,13481,807,424,25,55.6,42,3,5,34,4,6,32,26,1,702,37,922,0.01952000022,24,0,1.90247782271036,1.84025738184666,41.2859031745892,791.424969240364,42
"338",2021-02-01,13521,716,424,26,55.1,40,6,7,25,4,5,29,24,0,706,31,548,0.02920000076,29,0,2.77324097339341,1.95819459013458,37.1278622655499,695.856431681734,40
"339",2021-02-02,13563,652,425,59,53,42,4,5,31,3,5,27,22,1,709,35,2439,0.02213999987,107,0.02803999901,2.23879574143755,1.94339546087039,39.2050893933124,637.191950983991,42
"340",2021-02-03,13626,637,425,54,49.3,63,4,22,36,2,4,26,22,0,711,40,2865,0.01291000009,212,0,1.20205233207182,1.84625167829241,61.51222544418,629.232190198567,63
"341",2021-02-04,13708,639,425,51,47.1,82,3,43,33,2,5,25,20,0,713,36,2814,0.01279000044,90,0,1.2393616128843,1.71130736047379,78.5473773148755,630.965947339041,82
"342",2021-02-05,13766,638,427,72,47,58,1,8,48,2,5,21,16,2,715,49,2435,0.01601999998,149,0,1.50962461111842,1.7571137118189,56.2495861812682,628.229305788758,58
"343",2021-02-06,13791,607,427,61,49.7,25,1,4,19,3,6,21,15,0,718,20,2369,0.01434999943,205,0.01463000059,1.43722994446853,1.75754043401206,23.7083969727982,598.149848124425,25
"344",2021-02-07,13816,562,429,33,50.9,25,1,2,19,3,4,23,19,2,721,20,1004,0.0249000001,75,0,2.31692308622799,1.81674690022886,21.5299139234204,548.790581248114,25
"345",2021-02-08,13863,559,431,24,50.6,47,1,7,38,2,5,21,16,2,723,39,852,0.01407999992,29,0,1.36165265968672,1.61509142684219,45.4612755069389,551.278282266124,47
"346",2021-02-09,13918,578,431,43,48.3,55,5,8,39,0,2,19,17,0,723,44,2244,0.01782999992,149,0,1.67198160553615,1.53411797885628,51.2536888207427,568.196184963393,55
"347",2021-02-10,13975,595,432,40,46.3,57,0,6,50,3,4,20,16,1,726,50,2791,0.01253999949,100,0,1.21062395629851,1.53534249660295,55.3859340117801,587.692614740184,57
"348",2021-02-11,14035,621,433,51,46.3,60,1,11,46,1,3,16,13,1,727,47,2563,0.01521999955,58,0,1.48831968129149,1.57090793494683,57.2903734461416,611.623870426679,60
"349",2021-02-12,14086,624,435,52,43.4,51,0,8,41,3,2,16,14,2,730,41,2612,0.01570000052,173,0,1.47247401645386,1.56560070713761,48.3875547480976,614.678882019827,51
"350",2021-02-13,14118,622,435,46,41.3,32,0,3,28,6,2,21,19,0,736,28,2099,0.02191999912,46,0.02174000025,2.1916139004373,1.67336984370457,30.3774734861331,608.171018156242,32
"351",2021-02-14,14159,597,437,48,43.4,41,0,4,35,4,2,21,19,2,740,35,1175,0.01702000022,10,0,1.68763715261603,1.58347185318858,38.400784695082,586.779098941828,41
"352",2021-02-15,14221,620,438,34,44.9,62,2,8,51,4,2,23,21,1,744,53,867,0.02653000116,26,0,2.5757571115028,1.75691534630516,59.6151059397661,603.799352502924,62
"353",2021-02-16,14272,615,438,60,47.3,51,3,13,32,3,2,24,22,0,747,35,1561,0.0333100009,23,0,3.28263329576389,1.98700844490913,46.8344626638458,594.519843950433,51
"354",2021-02-17,14329,630,439,49,48.6,57,5,6,44,2,2,25,23,1,749,49,2063,0.01842000008,222,0,1.66303983216805,2.05163928431906,54.1733255658599,619.371328703913,57
"355",2021-02-18,14401,646,439,68,51,72,3,12,53,3,3,26,23,0,752,56,2348,0.02128999949,116,0,2.02877105529708,2.12884662346272,66.8474577823802,632.704602275314,72
"356",2021-02-19,14455,650,440,58,51.9,54,2,16,33,1,3,26,23,1,753,35,2576,0.01514000058,96,0,1.45960484633533,2.12700817058864,50.4817502318548,640.375361448731,54
"357",2021-02-20,14504,629,440,66,54.7,49,0,3,45,4,3,26,23,0,757,45,2384,0.02559000015,68,0,2.48803264101142,2.16935370495637,46.8641934656675,613.123948664552,49
"358",2021-02-21,14546,618,440,53,55.4,42,0,7,33,2,4,24,20,0,759,33,1000,0.03,28,0,2.91828793774319,2.34516095997454,39.0230375867991,599.704158443692,42
"359",2021-02-22,14611,633,440,32,55.1,65,0,11,54,1,6,23,17,0,760,54,863,0.01506000042,66,0,1.399007574,2.17705388318842,64.2336104030449,624.016210835693,65
"360",2021-02-23,14666,639,440,47,53.3,55,0,7,47,3,6,25,19,0,763,47,2036,0.01965000033,84,0,1.88714154112641,1.97769791824021,53.1002163276437,626.766770922645,55
"361",2021-02-24,14712,646,441,60,54.9,46,2,10,34,1,6,24,18,1,764,36,2874,0.01878999949,41,0,1.85257147630394,2.00477386740248,45.3234292015562,633.859312894592,46
"362",2021-02-25,14745,642,441,43,51.3,33,1,5,25,1,6,23,17,0,765,26,2376,0.01851999998,128,0.00781000018,1.7972523951885,1.97169977310126,30.5259565016512,630.294772079234,33
"363",2021-02-26,14810,645,441,57,51.1,65,5,12,43,1,6,21,15,0,766,48,2639,0.01819000006,181,0,1.70224858717518,2.00636316464981,59.1711040928741,633.861711247996,65
"364",2021-02-27,14856,650,442,71,51.9,46,0,4,34,3,6,23,17,1,769,34,2535,0.0209100008,47,0.02128000021,2.09167358783385,1.9497404427673,37.2785460675847,636.207498350885,46
"365",2021-02-28,14921,661,442,49,51.3,65,2,8,54,7,6,28,22,0,776,56,1552,0.02576999903,94,0,2.42983222931713,1.87996105584929,62.6196154471401,644.706532331422,65
"366",2021-03-01,14998,676,442,54,54.4,77,4,7,64,3,6,29,23,0,779,68,996,0.02911999941,45,0,2.78612098101441,2.0781201139942,73.0780386102029,656.89344265437,77
"367",2021-03-02,15061,685,443,61,56.4,63,1,6,54,3,4,29,25,1,782,55,2006,0.02592000008,41,0,2.54008403324279,2.17139761286797,59.5827497264434,667.348792047523,63
"368",2021-03-03,15120,695,443,65,57.1,59,0,5,51,6,5,32,27,0,788,51,2676,0.02092999935,109,0,2.01108360002154,2.19404220197049,54.959514395489,680.820833428722,59
"369",2021-03-04,15177,691,443,61,59.7,57,3,3,50,1,5,31,26,0,789,53,2414,0.02029999971,225,0.00444000006,1.89477829910724,2.20797447395888,54.9812443105854,677.717732426688,57
"370",2021-03-05,15250,694,444,51,58.9,73,1,10,57,1,2,28,26,1,790,58,2440,0.0188499999,154,0,1.77309174078643,2.21809492447477,66.956734187721,681.516784935834,73
"371",2021-03-06,15306,707,446,46,55.3,56,3,3,47,0,2,26,24,2,790,50,1957,0.02095000029,25,0,2.06857470068264,2.21479508345317,51.9507548060877,692.16367295808,56
"372",2021-03-07,15346,698,447,54,56,40,1,0,38,2,5,25,20,1,792,39,1752,0.01940999985,16,0.0625,1.97999546024887,2.15053268787199,38.2166342547069,683.979761789369,40
"373",2021-03-08,15429,740,448,38,53.7,83,1,9,65,6,4,29,25,1,798,66,1170,0.02051000118,142,0,1.82901687352134,2.01380352965869,73.7753910671868,726.269536207852,83
"374",2021-03-09,15486,747,448,70,55,57,0,8,47,1,3,27,24,0,799,47,2105,0.03183000088,57,0,3.09908195432007,2.09366037552688,53.5223666158465,723.515060894411,57
"375",2021-03-10,15566,770,448,76,56.6,80,5,8,64,0,2,24,22,0,799,69,2655,0.01807999969,173,0,1.69739742492751,2.04884806479916,75.8118578440732,756.741022317918,80
"376",2021-03-11,15627,767,451,73,58.3,61,1,7,52,1,2,20,18,3,800,53,2321,0.02801000118,86,0,2.70092283916826,2.16401157052216,58.5478087276126,745.984326303375,61
"377",2021-03-12,15709,772,451,93,64.3,82,5,4,67,2,2,17,15,0,802,72,2361,0.02286999941,133,0,2.16503883749038,2.22000401290844,74.4186282972843,755.044181187548,82
"378",2021-03-13,15777,790,451,56,65.7,68,5,3,54,5,4,22,18,0,807,59,2353,0.01870000005,99,0,1.79449837347675,2.18085025187903,60.9259342792821,775.618442044624,68
"379",2021-03-14,15845,815,451,65,67.3,68,2,10,51,2,3,23,20,0,809,53,1535,0.02996999979,36,0,2.9283227038606,2.31632557239499,61.4255438135397,790.789022793111,68
"380",2021-03-15,15952,862,452,58,70.1,107,4,3,97,4,5,25,20,1,813,101,1000,0.03200000048,13,0,3.15893390720632,2.50631372006427,100.763335468506,834.376189840118,107
"381",2021-03-16,16038,880,453,85,72.3,86,7,4,72,5,6,27,21,1,818,79,1583,0.03411000013,9,0,3.39171672146922,2.54811868679986,80.2817935463758,849.721244567224,86
"382",2021-03-17,16126,907,454,77,72.4,88,3,5,76,3,5,27,22,1,821,79,2842,0.02674000025,175,0,2.51889561519722,2.66547557112411,81.9812941706202,883.823212819652,88
"383",2021-03-18,16219,945,455,63,71,93,6,3,80,2,5,24,19,1,823,86,2566,0.02845000029,161,0,2.67703339729153,2.66206279371314,86.6644562020346,919.336175708404,93
"384",2021-03-19,16344,993,457,117,74.4,125,7,6,104,2,4,24,20,2,825,111,2615,0.03823999882,97,0,3.68722702486357,2.87951824905217,112.84798769017,955.856322309357,125
"385",2021-03-20,16447,1047,458,83,78.3,103,5,6,87,4,4,27,23,1,829,92,1997,0.04356999874,151,0.00662,4.09724895175885,3.20848261737819,94.1760169764057,1003.48141059018,103
"386",2021-03-21,16532,1075,459,87,81.4,85,5,1,77,4,4,29,25,1,833,82,1306,0.04210999966,87,0,3.94800140387365,3.35415100309434,79.7158201947368,1031.94520377246,85
"387",2021-03-22,16681,1151,460,56,81.1,149,6,7,133,4,7,30,23,1,837,139,1150,0.05478000164,131,0,4.9177987420765,3.60541740807579,139.065401405772,1093.57753250391,149
"388",2021-03-23,16805,1190,461,108,84.4,124,2,0,120,5,9,31,22,1,842,122,1966,0.0350999999,153,0,3.25656440789995,3.58610993470875,117.969533849483,1150.68643672856,124
"389",2021-03-24,16958,1280,461,85,85.6,153,7,2,137,4,9,33,24,0,846,144,3106,0.04572000027,47,0,4.50384779063178,3.8696745311994,139.420665416146,1221.5170259213,153
"390",2021-03-25,17107,1362,462,123,94.1,149,7,4,132,8,10,40,30,1,854,139,3005,0.0379399991,282,0,3.46850311212352,3.98274163331826,138.109056293904,1314.07578900933,149
"391",2021-03-26,17256,1446,463,103,92.1,149,10,2,130,4,11,42,31,1,858,140,2390,0.06736000061,117,0,6.42163547897487,4.37337141247702,132.879692934844,1351.80025702703,149
"392",2021-03-27,17372,1499,465,138,100,116,7,3,100,5,13,44,31,2,863,107,2476,0.06260000229,117,0,5.97753974816969,4.64198438339285,103.511534111265,1408.10083768959,116
"393",2021-03-28,17509,1558,466,139,107.4,137,3,5,124,5,13,45,32,1,868,127,2480,0.08265999794,157,0,7.77386404593098,5.18853618940104,121.984412313707,1435.13160932878,137
"394",2021-03-29,17718,1706,466,111,115.3,209,7,1,189,4,12,47,35,0,872,196,1644,0.08394000053,40,0,8.19461762893824,5.65665317323843,180.70626906136,1564.17803580959,209
"395",2021-03-30,17927,1837,467,170,124.1,209,9,6,186,6,12,48,36,1,878,195,1968,0.04065000057,64,0,3.93696855914173,5.75385376627297,193.211885402151,1763.63196658335,209
"396",2021-03-31,18134,1940,468,163,135.3,207,7,5,190,8,14,54,40,1,886,197,3023,0.0793900013,224,0,7.39131425715738,6.16634897577663,187.228531618256,1794.53477837267,207
"397",2021-04-01,18371,2075,469,144,138.3,237,12,4,203,4,15,53,38,1,890,215,2634,0.07212999821,100,0.01,6.98575037619386,6.66881287064382,203.763426950743,1927.94935312926,237
"398",2021-04-02,18569,2168,470,242,158.1,198,15,7,162,6,15,57,42,1,896,177,3130,0.09392999649,99,0,9.10501359596469,7.05215260164237,167.651058477446,1967.74855807403,198
"399",2021-04-03,18820,2346,470,222,170.1,251,16,3,223,11,14,61,47,0,907,239,2885,0.1019099998,36,0,10.0654005280041,7.63613271304728,217.59579088971,2106.45073400527,251
"400",2021-04-04,19050,2505,471,152,172,230,9,2,215,12,15,64,49,1,919,224,1818,0.09295999527,139,0,8.63573180382524,7.75925667846075,206.376207639667,2285.54642918467,230
"401",2021-04-05,19335,2650,472,184,182.4,285,8,4,269,5,17,67,50,1,924,277,2045,0.1056200027,162,0,9.78671977895333,7.98669984274862,253.498733289062,2386.90123904699,285
"402",2021-04-06,19609,2787,473,156,180.4,274,7,6,245,10,19,70,51,1,934,252,1749,0.1286400032,83,0,12.2811880784279,9.17873120264665,226.603828077682,2439.77328909722,274
"403",2021-04-07,19917,2928,474,219,188.4,308,3,6,290,12,23,76,53,1,946,293,3364,0.0981000042,44,0,9.683345485,9.5061642351956,270.217479490799,2640.37126262477,308
"404",2021-04-08,20211,3099,475,170,192.1,294,22,5,255,10,29,83,54,1,956,277,3366,0.08586000443,194,0.01031000018,8.17429536366011,9.6759563762622,259.029742135517,2842.01505732118,294
"405",2021-04-09,20508,3252,477,261,194.9,297,13,2,276,14,30,88,58,2,970,289,3418,0.1102999973,158,0,10.5426563414821,9.88133391133612,260.091091545453,2904.1945664561,297
"406",2021-04-10,20795,3416,480,381,217.6,287,12,2,262,14,26,92,66,3,984,274,3187,0.0875399971,97,0,8.49543150906516,9.65705262291627,252.38587916777,3121.59913590183,287
"407",2021-04-11,21064,3554,480,205,225.1,269,8,4,249,13,28,100,72,0,997,257,2714,0.145909996,29,0,14.4367382115931,10.485767824026,223.36100835927,3033.49814672703,269
"408",2021-04-12,21379,3649,481,264,236.6,315,16,4,291,16,27,100,73,1,1013,307,2125,0.08046999931,107,0,7.66123425330421,10.1821270346475,287.139865216003,3365.39859339803,315
"409",2021-04-13,21615,3675,483,245,249.3,236,10,0,219,12,28,104,76,2,1025,229,2670,0.07677999973,178,0,7.1981249746875,9.45597516268461,212.277906769191,3406.64326365404,236
"410",2021-04-14,21888,3748,485,389,273.6,273,10,11,248,12,28,101,73,2,1037,258,3971,0.1714900017,97,0.01031000018,16.7646722411052,10.4675932706996,225.121623678005,3110.5730447487,273
"411",2021-04-15,22110,3751,485,313,294,222,15,3,202,19,29,107,78,0,1056,217,3902,0.1309599972,98,0.01019999981,12.8001377263945,11.1284278939474,191.822000839038,3263.92315736051,222
"412",2021-04-16,22346,3790,487,348,306.4,236,1,10,219,20,24,114,90,2,1076,220,2970,0.120539999,244,0.00409999996,11.1700123528388,11.2180501812841,205.07058372005,3360.53414681359,236
"413",2021-04-17,22527,3737,490,405,309.9,181,5,7,167,16,23,123,100,3,1092,172,2935,0.1018700027,121,0.00825999975,9.81635856983802,11.4067540471088,161.871685202295,3364.85748605219,181
"414",2021-04-18,22689,3679,490,294,322.6,162,5,8,146,11,22,122,100,0,1103,151,1949,0.06465000153,188,0.01595999956,6.0366557276205,10.2067422636841,149.752823834496,3453.69959527888,162
"415",2021-04-19,22916,3618,491,258,321.7,227,5,4,218,22,22,115,93,1,1125,223,2084,0.1122799969,88,0.0340899992,10.9112078024494,10.6710241992763,202.316117784612,3217.52338181491,227
"416",2021-04-20,23105,3506,492,188,313.6,189,9,2,178,17,27,118,91,1,1142,187,2775,0.100539999,221,0,9.31236639602804,10.9730586880392,171.334032099602,3174.78671947168,189
"417",2021-04-21,23300,3407,493,207,287.6,195,3,2,185,12,25,110,85,1,1154,188,2521,0.1368500042,236,0.02118999958,12.6949474243409,10.3916694285015,165.788341966071,2968.22809084257,195
"418",2021-04-22,23476,3299,496,239,277,176,7,4,161,14,22,106,84,3,1168,168,2358,0.1632699966,213,0.0093900001,15.0521478803617,10.7133851647825,146.346682658926,2795.24825054641,176
"419",2021-04-23,23684,3223,499,189,254.3,208,5,8,186,21,29,112,83,3,1189,191,2507,0.0805700016,86,0.01162999988,7.82835225610798,10.2360051509638,183.831609447334,2967.04333638092,208
"420",2021-04-24,23841,3103,500,227,228.9,157,2,2,151,18,31,118,87,1,1207,153,2464,0.08522999763,214,0.00467000008,7.87924175419866,9.95927417730103,142.770417471032,2854.97127720662,157
"421",2021-04-25,23989,2972,505,139,206.7,148,2,6,136,21,30,124,94,5,1228,138,1621,0.1357199955,93,0.02151000023,12.9523070435758,10.9472243652946,125.867320182087,2581.49040276205,148
"422",2021-04-26,24152,2836,510,173,194.6,163,4,7,148,12,31,123,92,5,1240,152,1304,0.1150300026,31,0,11.2358893925393,10.9936074495932,141.674458437828,2512.74186927422,163
"423",2021-04-27,24312,2743,511,189,194.7,160,3,5,148,10,31,120,89,1,1250,151,2425,0.06103000164,332,0.00903999984,5.47693267768879,10.4456883469733,147.610228642746,2590.59508057651,160
"424",2021-04-28,24478,2640,513,186,191.7,166,2,7,155,13,27,115,88,2,1263,157,2408,0.06894000053,38,0,6.7868978444906,9.60168126413756,153.190471768013,2458.23468450672,166
"425",2021-04-29,24604,2544,513,159,180.3,126,2,7,113,13,29,113,84,0,1276,115,2728,0.06525000095,111,0.00901000023,6.30511139898309,8.35210462394061,114.644259832798,2381.2782349099,126
"426",2021-04-30,24757,2453,516,178,178.7,153,4,3,139,13,27,109,82,3,1289,143,2122,0.06691999912,179,0,6.17141408659887,8.1153991711536,137.047249111136,2299.42588859872,153
"427",2021-05-01,24881,2398,520,138,166,124,3,5,113,7,29,110,81,4,1296,116,2051,0.08970999718,70,0.02857000113,8.76921755281848,8.24253857095643,110.680596144185,2184.67301339445,124
"428",2021-05-02,24978,2337,520,128,164.4,97,0,4,91,8,27,108,81,0,1304,91,1279,0.06959000111,21,0,6.84658549382231,7.37029263527735,88.6795033809743,2174.6813121026,97
"429",2021-05-03,25085,2220,523,102,154.3,107,4,3,100,10,22,98,76,3,1314,104,976,0.1741799927,140,0.00713999987,15.3225154889785,7.95409636334009,90.8341262132252,1874.92077109,107
"430",2021-05-04,25190,2125,524,141,147.4,105,1,2,99,8,23,94,71,1,1322,100,2386,0.03898000002,57,0.01753999949,3.84797625946173,7.72138830359337,98.0963743826158,2042.04795563059,105
"431",2021-05-05,25272,2010,525,114,137.1,82,1,2,75,8,23,88,65,1,1330,76,1904,0.07772999763,65,0.03076999903,7.6179769133809,7.84011388486341,72.1266075598749,1854.66422625459,82
"432",2021-05-06,25378,1940,527,122,131.9,106,3,6,92,12,22,88,66,2,1342,95,2133,0.0534499979,246,0,4.79230119885246,7.62399814198761,96.3814730025792,1845.6848171053,106
"433",2021-05-07,25490,1842,530,108,121.9,112,4,4,103,19,23,95,72,3,1361,107,2302,0.04691999912,82,0.01220000029,4.57257709723238,7.39559285779239,106.036584988316,1756.55504250914,112
"434",2021-05-08,25579,1766,534,136,121.6,89,1,3,85,4,21,86,65,4,1365,86,1901,0.04892000198,86,0.01162999988,4.73060411442677,6.81864808087929,84.8728445034503,1681.24934178015,89
"435",2021-05-09,25662,1705,537,69,113.1,83,0,5,78,4,22,83,61,3,1369,78,1173,0.1722100067,123,0.00813000023,15.6637598678542,8.0782444200267,70.6055746901242,1434.0705749572,83
"436",2021-05-10,25755,1638,538,82,110.3,93,3,2,87,9,22,85,63,1,1378,90,715,0.1048999977,14,0,10.2885457277778,7.35910588271231,82.6063953713737,1467.036395759,93
"437",2021-05-11,25887,1607,540,124,107.9,132,1,6,123,5,21,79,58,2,1383,124,1899,0.04580999851,86,0.02325999975,4.48330212337481,7.44986672041418,124.360306956015,1533.91139740578,132
"438",2021-05-12,25984,1547,541,115,108,97,3,3,90,8,22,80,58,1,1391,93,2118,0.04958000183,174,0.00574999988,4.6252593305,7.02233563714548,91.6363007407788,1474.41244350521,97
"439",2021-05-13,26077,1519,541,78,101.7,93,1,1,90,7,20,77,57,0,1398,91,1684,0.07956999779,54,0.01851999998,7.76731624150057,7.44733778609521,84.8295212135151,1399.30816179483,93
"440",2021-05-14,26160,1440,541,128,104.6,83,2,4,75,7,21,70,49,0,1405,77,1738,0.04717999935,105,0,4.44920449648942,7.42971312884622,77.5245674197668,1375.00489720083,83
"441",2021-05-15,26234,1391,542,85,97.3,74,2,8,63,7,19,64,45,1,1412,65,1779,0.05228000164,61,0,5.05468059334565,7.47600976869177,69.666942164161,1319.67256231305,74
"442",2021-05-16,26303,1363,543,46,94,69,2,3,63,7,19,67,48,1,1419,65,805,0.04098999977,20,0,3.99963028058788,5.80970554193945,65.3626426435882,1307.69664497247,69
"443",2021-05-17,26377,1328,545,87,94.7,74,7,5,59,10,19,71,52,2,1429,66,774,0.2299699974,19,0,22.4459997462295,7.54648468743255,55.9713951833402,1025.60625459812,74
"444",2021-05-18,26456,1296,546,97,90.9,79,1,6,71,5,16,64,48,1,1434,72,1920,0.02655999899,56,0,2.58072864680162,7.27468847649352,76.1150032120576,1262.07005781704,79
"445",2021-05-19,26527,1282,550,91,87.4,71,2,5,64,4,14,57,43,4,1438,66,2042,0.06659999847,122,0.01639000058,6.37693054281423,7.52492722110984,66.7303586316158,1199.06545099593,71
"446",2021-05-20,26587,1237,553,73,86.7,60,5,8,45,11,15,63,48,3,1449,50,1487,0.05111000061,65,0.03076999903,5.02581319871263,7.13328392928299,55.4507517942137,1173.93159938885,60
"447",2021-05-21,26668,1202,554,77,79.4,81,4,11,63,3,13,58,45,1,1452,67,1682,0.04162000179,190,0,3.73957494715705,7.03190827937837,75.4582500730376,1156.40024757897,81
"448",2021-05-22,26727,1170,558,77,78.3,59,0,13,46,8,15,57,42,4,1460,46,1380,0.06231999874,101,0.0099000001,5.87451034917623,7.14902681592559,56.258644994279,1100.27423137623,59
"449",2021-05-23,26782,1146,559,39,77.3,55,0,4,51,5,12,58,46,1,1465,51,826,0.03753000021,14,0.07143000126,3.80950002275,7.12186535052018,53.0290576015769,1101.71176492955,55
"450",2021-05-24,26833,1100,561,65,74.1,51,2,11,38,5,11,56,45,2,1470,40,733,0.0832199955,30,0,7.99479117975098,5.05740698388039,47.7558353221983,1010.78547136045,51
"451",2021-05-25,26893,1032,563,56,68.3,60,1,12,46,3,11,53,42,2,1473,47,1035,0.0647300005,19,0.05263000011,6.45118790508444,5.61032973506365,55.9240921161469,964.460916252417,60
"452",2021-05-26,26949,991,566,76,66.1,56,1,11,44,1,8,46,38,3,1474,45,1371,0.03209000111,61,0.04918000221,3.28179969669134,5.16816818561753,54.5018325409279,958.007023290212,56
"453",2021-05-27,26996,945,566,62,64.6,47,0,8,38,3,9,41,32,0,1477,38,1368,0.05481999874,113,0.0088499999,5.13124971404592,5.18323054495085,44.0219260558578,895.808424283832,47
"454",2021-05-28,27031,895,569,65,62.9,35,0,1,30,1,7,33,26,3,1478,30,1589,0.03460999966,197,0.01523000002,3.24723401252408,5.11289612571757,30.011741365678,865.516950742728,35
"455",2021-05-29,27066,857,571,45,58.3,35,0,3,31,4,9,35,26,2,1482,31,1074,0.02421000004,104,0.00962000012,2.29219185530051,4.60113634087818,33.2791441382894,837.071823435936,35
"456",2021-05-30,27093,808,573,46,59.3,27,0,3,22,5,8,35,27,2,1487,22,718,0.0905300045,34,0,8.64368925944149,5.29173480326268,23.0708872923638,737.148951464997,27
"457",2021-05-31,27141,776,576,40,55.7,48,1,2,41,5,6,34,28,3,1492,42,783,0.0855700016,27,0.03703999996,8.39523348786667,5.34894084727921,40.4230090195692,709.910833313946,48
"458",2021-06-01,27183,740,577,38,53.1,42,1,5,36,2,5,30,25,1,1494,37,1565,0.01725000024,27,0.03703999996,1.75856346573618,4.67856592737231,41.3399215627246,726.798431254493,42
"459",2021-06-02,27215,702,577,48,49.1,32,0,1,30,1,6,29,23,0,1495,30,1688,0.04264999866,43,0.02325999975,4.21683291319064,4.81214210115793,29.7166549993376,671.969726984499,32
"460",2021-06-03,27260,691,577,48,47.1,45,2,4,39,2,5,28,23,0,1497,41,1176,0.01360999942,186,0,1.17513651379736,4.24698307255099,44.5112261607539,682.76237261173,45
"461",2021-06-04,27290,644,579,44,44.1,30,0,0,27,3,6,28,22,2,1500,27,1195,0.04769999981,68,0.01470999956,4.59238161069121,4.43914701514629,25.7421249330271,613.997350254424,30
"462",2021-06-05,27309,612,582,39,43.3,19,1,0,18,2,4,29,25,3,1502,19,999,0.01601999998,90,0.02221999884,1.653239658,4.34786812981765,18.6813417322138,601.735849479729,19
"463",2021-06-06,27326,563,582,21,39.7,17,0,1,16,2,4,27,23,0,1504,16,608,0.1069099998,22,0,10.3176634727619,4.58700730314914,15.3252996285603,504.071480679967,17
"464",2021-06-07,27353,531,583,17,36.4,27,1,3,23,1,4,26,22,1,1505,24,843,0.00949000001,30,0.06666999817,1.1454948400378,3.5513303534593,26.7211053686005,524.829456280286,27
"465",2021-06-08,27386,503,584,28,35,33,0,2,30,1,3,25,22,1,1506,30,1771,0.02993000031,100,0,2.83303209775575,3.70482587231924,31.1377989941223,488.543763134784,33
"466",2021-06-09,27413,477,585,33,32.9,27,1,0,24,2,4,23,19,1,1508,25,1194,0.05946000099,26,0,5.81928206410328,3.93374717959247,23.5241398979294,448.840589252493,27
"467",2021-06-10,27442,464,585,20,28.9,29,0,0,28,2,5,20,15,0,1510,28,1216,0.03042999983,136,0,2.73689939299408,4.15685616233486,27.2225854939206,451.117131042113,29
"468",2021-06-11,27464,454,585,36,27.7,22,0,1,20,1,4,15,11,0,1511,20,1055,0.0170599997,96,0,1.56370979005213,3.72418875938642,20.6827351738674,446.798088446791,22
"469",2021-06-12,27482,431,585,29,26.3,18,0,0,18,2,6,16,10,0,1513,18,880,0.01136000037,44,0,1.08190479714286,3.64256949354969,17.8024407690052,426.269553968957,18
"470",2021-06-13,27503,423,586,18,25.9,21,0,1,18,2,5,15,10,1,1515,18,583,0.1320800018,17,0,12.8337735082333,4.00201378433132,16.6565124475426,367.92804251725,21
"471",2021-06-14,27522,386,589,22,26.6,19,2,1,16,2,4,14,10,3,1517,18,655,0.05649000168,29,0,5.40949577491228,4.61115677502767,18.0122089964074,364.817370700736,19
"472",2021-06-15,27549,372,589,22,25.7,27,1,0,24,0,4,14,10,0,1517,25,1518,0.01449000001,36,0,1.41543243340927,4.40864253726389,24.6410244025579,366.658443110062,27
"473",2021-06-16,27566,351,589,24,24.4,17,0,0,17,1,4,12,8,0,1518,17,1251,0.02237999916,42,0,2.16530386304408,3.88664565139829,16.6265748642729,343.289869256459,17
"474",2021-06-17,27577,308,590,12,23.3,11,0,0,11,0,5,11,6,1,1518,11,1101,0.02088999987,123,0.02438999891,2.12417154598039,3.79911310182491,10.7629619599019,301.362934877253,11
"475",2021-06-18,27591,278,590,26,21.9,14,1,0,13,1,4,12,8,0,1519,14,864,0.01968000054,63,0,1.83425247751456,3.83776205717668,13.7394908838297,272.827033264618,14
"476",2021-06-19,27600,245,590,18,20.3,9,0,0,9,0,3,10,7,0,1519,9,926,0.01944000006,37,0,1.86930841698442,3.95024828858262,8.82932919128982,240.353961318445,9
"477",2021-06-20,27612,232,590,7,18.7,12,0,0,10,0,3,10,7,0,1519,10,562,0.0266899991,15,0,2.59961516363951,2.48822566792636,9.7362789252358,225.881671065471,12
"478",2021-06-21,27623,222,591,13,17.4,11,0,0,11,2,2,9,7,1,1521,11,520,0.02308000088,7,0,2.27734354034156,2.04077534870197,10.7458693717774,216.87118186678,11
"479",2021-06-22,27634,199,591,13,16.1,11,0,0,10,0,2,6,4,0,1521,10,1297,0.01156999946,65,0,1.10178335533186,1.99596833754806,9.8882282675184,196.775742523616,11
"480",2021-06-23,27645,186,591,18,15.3,11,0,0,10,0,1,4,3,0,1521,10,1105,0.0081400001,18,0,0.800952814826358,1.80106104494552,9.91874638211231,184.488682707289,11
"481",2021-06-24,27651,174,591,8,14.7,6,1,0,5,1,0,4,4,0,1522,6,904,0.00995999992,51,0,0.942810463631414,1.63229517603853,5.94261327778538,172.335785055776,6
"482",2021-06-25,27655,153,591,7,12,4,0,0,4,2,0,6,6,0,1524,4,1024,0.00194999993,64,0,0.183529405176471,1.39647759427594,3.99255265584523,152.71513908608,4
"483",2021-06-26,27659,138,591,9,10.7,4,0,0,4,1,0,6,6,0,1525,4,764,0.00523999989,19,0,0.511284791310345,1.20247421917965,3.97925284071875,137.284223004797,4
"484",2021-06-27,27664,124,591,8,10.9,5,0,0,5,0,0,5,5,0,1525,5,398,0.0200999999,13,0,1.94642334798053,1.10916110265693,4.90127137576838,121.551530119056,5
"485",2021-06-28,27673,116,591,1,9.1,9,0,0,9,0,0,4,4,0,1525,9,555,0.00180000007,5,0,0.178392864080357,0.809311006048192,8.98371244996059,115.79007157727,9
"486",2021-06-29,27676,110,591,8,8.4,3,0,0,3,0,0,3,3,0,1525,3,929,0.00646000028,14,0,0.636409359503712,0.74282900664417,2.98063160702102,109.289825590771,3
"487",2021-06-30,27678,95,591,8,7,2,0,1,1,0,0,2,2,0,1525,1,1221,0.00082000002,51,0,0.0787122660707547,0.63965178539337,1.99920149398666,94.9241419287329,2
"488",2021-07-01,27681,91,591,7,6.9,3,0,0,3,0,0,1,1,0,1525,3,884,0.00225999996,74,0,0.208542793803758,0.534756403989419,2.99365323793089,90.8074815505703,3
"489",2021-07-02,27685,80,591,6,6.7,4,0,0,4,2,0,2,2,0,1527,4,785,0.01401000023,29,0,1.35108724576781,0.701550381216753,3.94517493426908,78.9034986853816,4
"490",2021-07-03,27691,74,591,6,6.3,6,0,0,6,0,0,1,1,0,1527,6,627,0.00158999994,16,0,0.155043540027994,0.650658773890703,5.99056285339846,73.8836085252477,6
"491",2021-07-04,27693,69,592,2,5.4,2,0,0,2,1,0,2,2,1,1528,2,437,0.0068599999,34,0,0.636479820870488,0.463523984303554,1.98708630840646,68.5544776400228,2
"492",2021-07-05,27699,68,592,2,5.6,6,0,0,6,0,0,2,2,0,1528,6,505,0.00197999999,27,0,0.187951126870301,0.464889450416403,5.98855984365502,67.8703448947569,6
"493",2021-07-06,27704,64,592,12,6.1,5,0,2,3,0,0,2,2,0,1528,3,1174,0.00596000016,28,0,0.582116488173045,0.457133325940593,4.98228394863446,63.6220575708684,5
"494",2021-07-07,27710,63,592,6,5.9,6,0,0,6,0,0,2,2,0,1528,6,1218,0.03201999903,23,0,3.14265582744077,0.894839548993453,5.80871370870148,60.9914939413656,6
"495",2021-07-08,27712,54,593,5,5.6,2,0,0,2,1,0,3,3,1,1529,2,933,0.00321999997,87,0,0.294535291373529,0.90712419150342,1.99402410289927,53.8386507782803,2
"496",2021-07-09,27714,52,593,3,5.1,2,0,0,2,0,0,2,2,0,1529,2,823,0.00486000001,56,0,0.455037543598407,0.779117091193505,1.99076763424569,51.759958490388,2
"497",2021-07-10,27715,48,593,0,4.3,1,0,0,1,0,0,2,2,0,1529,1,930,0,22,0,0,0.756968014046649,1,48,1
"498",2021-07-11,27720,50,593,0,4,5,0,0,5,0,0,2,2,0,1529,5,422,0.00237000003,8,0,0.232590700618605,0.69926956829638,4.98820227885934,49.8820227885934,5
"499",2021-07-12,27723,48,593,1,3.9,3,0,1,2,0,0,1,1,0,1529,2,460,0.00216999993,16,0,0.209705875588235,0.702377389541799,2.99574522724225,47.8978854538139,3
"500",2021-07-13,27725,47,593,2,2.4,2,0,0,2,0,0,1,1,0,1529,2,1188,0.00083999999,14,0,0.0830216296272879,0.631078124035263,1.99831555426355,46.9604155251935,2
"501",2021-07-14,27730,49,593,0,1.6,5,0,0,5,0,0,0,0,0,1529,5,1098,0,15,0,0,0.182127291543724,5,49,5
"502",2021-07-15,27741,55,593,1,1,11,0,0,11,0,0,0,0,0,1529,11,947,0.00105999999,31,0,0.102640080831288,0.154713690037689,10.9885463094345,54.9427315471724,11
"503",2021-07-16,27744,55,593,8,1.7,3,0,0,3,0,0,0,0,0,1529,3,867,0.00460999995,34,0,0.443603768773585,0.153080293634143,2.98649942526417,54.7524894631764,3
"504",2021-07-17,27746,52,593,5,2.4,2,0,0,2,0,0,0,0,0,1529,2,761,0.00263000011,18,0,0.256922988922978,0.189783577765997,1.99478722791603,51.8644679258168,2
"505",2021-07-18,27754,57,593,4,3,8,0,0,8,0,0,0,0,0,1529,8,214,0.00467000008,17,0,0.43263204204329,0.218360912255238,7.96488889934144,56.7498334078077,8
"506",2021-07-19,27762,61,593,2,3.1,8,0,0,8,0,0,0,0,0,1529,8,367,0,10,0,0,0.188402930028347,8,61,8
"507",2021-07-20,27766,62,593,10,4.3,4,0,0,4,0,0,0,0,0,1529,4,1142,0.00437999994,22,0,0.429721643597938,0.237931503452726,3.98256254921357,61.7297195128103,4
"508",2021-07-21,27771,65,593,12,6,5,0,0,5,0,0,0,0,0,1529,5,1058,0.01039999962,8,0,1.0321950842364,0.385387944057925,4.94764386652522,64.3193702648279,5
"509",2021-07-22,27776,67,593,5,6.6,5,0,0,5,1,0,1,1,0,1530,5,1046,0.00477999985,28,0,0.465538160437616,0.437230526858829,4.97638646178643,66.6835785879382,5
"510",2021-07-23,27788,75,593,3,5.9,12,0,0,12,0,0,1,1,0,1530,12,928,0.00647000015,38,0,0.621548668654244,0.462651226841781,11.9243355007887,74.5270968799293,12
"511",2021-07-24,27791,77,593,2,5.4,3,0,0,3,0,0,1,1,0,1530,3,713,0.00280999988,16,0,0.274832635725652,0.465209747813591,2.99163578220104,76.7853184098268,3
"512",2021-07-25,27798,79,593,7,5.9,7,0,0,7,0,0,1,1,0,1530,7,410,0.00244000003,14,0,0.235943399127358,0.437111370254172,6.98324510744121,78.8109090696937,7
"513",2021-07-26,27807,83,593,5,6.3,9,0,0,9,1,0,2,2,0,1531,9,410,0,10,0,0,0.437111370254172,9,83,9
"514",2021-07-27,27815,90,593,7,5.9,8,0,0,8,0,0,2,2,0,1531,8,1125,0.01067000031,5,0,1.06227879192478,0.527476677158007,7.91378868422558,89.0301226975378,8
"515",2021-07-28,27821,90,593,8,5.3,6,0,0,6,0,0,1,1,0,1531,6,1074,0.00372000009,11,0,0.368228580337327,0.43262431945814,5.97758676630517,89.6638014945776,6
"516",2021-07-29,27825,86,593,9,5.9,4,0,0,4,0,0,1,1,0,1531,4,1234,0.00243000001,15,0,0.240081666320256,0.400416248869945,3.99025785109139,85.7905437984648,4
"517",2021-07-30,27828,81,593,4,6,3,0,0,3,0,0,1,1,0,1531,3,940,0.00745000005,21,0,0.728720088137357,0.415726451653247,2.97782223528307,80.401200352643,3
"518",2021-07-31,27835,82,593,8,6.9,7,0,0,7,0,0,0,0,0,1531,7,936,0.00962000012,8,0,0.953847469525424,0.5127285707675,6.93226506048283,81.206533565656,7
"519",2021-08-01,27844,84,593,1,6,9,0,0,7,0,0,0,0,0,1531,7,563,0.00178000003,13,0,0.173982641821181,0.503877034009475,6.98764508572145,83.8517410286574,9
"520",2021-08-02,27855,87,593,3,5.7,11,0,0,11,1,0,1,1,0,1532,11,462,0.00432999998,4,0,0.429283259819742,0.565203213983724,10.9520959299417,86.6211223549931,11
"521",2021-08-03,27872,99,593,10,6.1,17,0,0,16,0,0,1,1,0,1532,16,550,0.01090999961,3,0,1.08508133553345,0.568460720213534,15.8238761982829,97.9102339768757,17
"522",2021-08-04,27884,108,593,15,7.1,12,0,0,10,2,0,3,3,0,1534,10,1289,0.00776000023,22,0,0.762977902095347,0.62485348046468,9.92259879263044,107.164066960409,12
"523",2021-08-05,27904,121,593,9,7.1,20,0,0,20,0,1,3,2,0,1534,20,1482,0.00472000003,19,0,0.466025319417722,0.657131145192889,19.905447006293,120.427954388072,20
"524",2021-08-06,27918,123,593,15,8.7,14,0,0,12,1,1,4,3,0,1535,12,1109,0.00541000009,44,0,0.520354735456201,0.627364666238439,11.936654388536,122.350707482494,14
"525",2021-08-07,27931,133,593,13,9.4,13,0,0,13,0,1,4,3,0,1535,13,846,0.01182000041,14,0,1.16275817986744,0.657209053430156,12.8466553844096,131.431166625114,13
"526",2021-08-08,27951,145,593,5,10,20,0,0,19,1,1,3,2,0,1536,19,612,0.00653999984,4,0,0.649753230857143,0.725176280435293,18.8747615096024,144.044232573281,20
"527",2021-08-09,27965,153,593,13,11.4,14,0,0,14,1,1,3,2,0,1537,14,556,0.0143900001,9,0,1.4160778859469,0.866146941310602,13.7988819952441,150.802067519453,14
"528",2021-08-10,27985,168,593,18,12.6,20,3,0,17,1,1,4,3,0,1538,20,1264,0.01027999997,16,0,1.0151499970375,0.856156750096894,19.7940337846847,166.269883791351,20
"529",2021-08-11,28000,174,593,20,13.3,15,2,0,13,0,1,4,3,0,1538,15,1296,0.01080000043,8,0,1.07337427586503,0.900499089206849,14.8366653909309,172.105318534799,15
"530",2021-08-12,28019,188,593,18,14.6,19,3,0,16,0,1,3,2,0,1538,19,1053,0.01330000043,38,0,1.2836755685417,1.01730626765313,18.7525743886608,185.551788687801,19
"531",2021-08-13,28036,202,593,26,16.1,17,3,0,14,0,1,3,2,0,1538,17,1077,0.02135999918,14,0,2.10859020319523,1.24419704875871,16.6363556190613,197.67904912061,17
"532",2021-08-14,28053,210,593,16,16.6,17,2,0,15,1,1,4,3,0,1539,17,1005,0.01194000006,12,0,1.17991151035398,1.2466475245425,16.7965141874913,207.486351727833,17
"533",2021-08-15,28071,207,593,8,17,18,1,0,17,0,1,4,3,0,1539,18,543,0.02210000038,2,0,2.20188994611743,1.46838134100826,17.5979279455651,202.376171373999,18
"534",2021-08-16,28090,210,593,21,18.1,19,0,0,19,0,1,3,2,0,1539,19,611,0.01146000028,8,0,1.13118904217771,1.42768293475551,18.7819658275346,207.590148620119,19
"535",2021-08-17,28111,206,593,18,18.1,21,0,0,21,0,1,3,2,0,1539,21,1323,0.01587000012,10,0,1.57509453554089,1.50767501168457,20.6644465603549,202.708380544433,21
"536",2021-08-18,28142,219,593,24,18.7,31,0,0,31,0,1,2,1,0,1539,31,1295,0.0154400003,12,0,1.52982405420811,1.57288212287644,30.5188960146108,215.601233135476,31
"537",2021-08-19,28165,227,593,19,18.9,23,0,0,23,3,1,5,4,0,1542,23,1279,0.01720000029,17,0,1.69743830022454,1.63199108454541,22.6039430774111,223.091090372709,23
"538",2021-08-20,28184,227,593,17,17.6,19,0,0,19,0,2,5,3,0,1542,19,1142,0.01488999963,50,0,1.42654191086074,1.53455561421191,18.7250372188693,223.714918351754,19
"539",2021-08-21,28207,236,593,27,19.1,23,1,0,22,1,2,6,4,0,1543,23,879,0.01820000052,12,0,1.79548826678788,1.62249515084533,22.5810654458578,231.701367183584,23
"540",2021-08-22,28238,253,593,17,20.4,31,0,0,31,1,1,5,4,0,1544,31,520,0.01730999947,6,0,1.71125470045627,1.55240440146516,30.4618391218644,248.607912833281,31
"541",2021-08-23,28279,272,593,16,19.7,41,1,0,40,0,1,3,2,0,1544,41,575,0.01391000032,11,0.09090999603,1.53553927309386,1.61016872016747,40.3613240529834,267.762930302719,41
"542",2021-08-24,28311,286,593,26,20.9,32,1,0,31,0,1,3,2,0,1544,32,1233,0.01541000009,23,0,1.51278105979061,1.60126679506029,31.5089091615701,281.610875631533,32
"543",2021-08-25,28337,302,593,27,21.3,26,0,0,25,2,1,5,4,0,1546,25,1318,0.0197300005,68,0,1.87620062474747,1.65074916228019,24.524166449565,296.251930710746,26
"544",2021-08-26,28365,310,593,44,24.9,28,2,0,24,3,1,8,7,0,1549,26,1198,0.01251999974,22,0,1.22942292528852,1.58388982300362,25.6757272679039,306.133671271162,28
"545",2021-08-27,28398,327,593,24,25.9,33,0,0,33,2,1,9,8,0,1551,33,896,0.02789999962,9,0,2.76225410602431,1.77470585088413,32.0752734154867,317.836800208004,33
"546",2021-08-28,28430,331,593,38,27.4,32,0,0,29,2,1,11,10,0,1553,29,1115,0.02421999931,16,0,2.38773644833333,1.85931273396205,28.2975423245236,322.982293428183,32
"547",2021-08-29,28469,352,593,28,29,39,0,0,35,1,0,10,10,0,1554,35,537,0.02607000113,2,0,2.59732664319295,1.98589444006729,34.07778880427,342.725190260087,39
"548",2021-08-30,28506,374,593,20,29.6,37,0,0,36,1,1,9,8,0,1555,36,627,0.01116000056,9,0,1.10020760237736,1.92370420139351,35.598197237993,369.82571575026,37
"549",2021-08-31,28537,383,593,22,29,31,0,0,25,0,1,7,6,0,1555,25,553,0.03617000103,16,0,3.51529183999824,2.2097771699946,24.1084675194229,369.341722397559,31
"550",2021-09-01,28575,393,593,55,33,38,0,0,36,2,1,9,8,0,1557,36,807,0.0309800005,5,0,3.07892369501232,2.38159475146101,34.8755576293132,380.724837453336,38
"551",2021-09-02,28620,420,593,34,31.6,45,0,1,39,1,1,10,9,0,1558,39,1298,0.01695000052,8,0,1.68461720328943,2.44662250546113,39.3334977592208,412.82228356084,45
"552",2021-09-03,28672,452,593,50,35.3,52,0,1,49,1,2,5,3,0,1559,49,1050,0.03523999929,45,0.02221999884,3.47049307783562,2.54779950143418,48.2748651921544,436.086511568445,52
"553",2021-09-04,28727,483,593,38,35.3,55,0,0,52,0,2,5,3,0,1559,52,911,0.03183000088,8,0,3.15529170856148,2.65745025289534,50.3355197924991,467.539539611097,55
"554",2021-09-05,28753,477,593,23,34.6,26,0,0,25,2,1,7,6,0,1561,25,412,0.03882999897,6,0,3.82726305637321,2.83315545477824,24.0293467849113,458.479936656107,26
"555",2021-09-06,28813,494,593,29,35.9,60,0,1,53,1,1,8,7,0,1562,53,519,0.03467999935,2,0,3.45468707536468,3.169509665205,52.1425361928447,476.687035457836,60
"556",2021-09-07,28878,519,593,50,39.9,65,1,2,56,1,1,8,7,0,1563,57,825,0.04605999947,11,0.09090999603,4.66501310036842,3.33375555954359,56.3024872953479,494.438436952378,65
"557",2021-09-08,28930,532,594,66,41.4,52,0,1,50,2,1,7,6,1,1565,50,1376,0.03125,17,0,3.08686288585786,3.33488972966439,49.4342474815226,515.3403932034,52
"558",2021-09-09,29000,577,594,58,44.9,70,0,3,63,3,2,10,8,0,1568,63,1485,0.03434000015,13,0,3.40419894677904,3.58054426444862,63.8243388443301,557.073706558388,70
"559",2021-09-10,29066,607,594,62,46.6,66,0,0,58,0,1,7,6,0,1568,58,1263,0.03325000048,35,0,3.23534288183667,3.54695137930591,56.0963632383041,587.077456649148,66
"560",2021-09-11,29120,629,594,44,47.4,54,0,0,49,1,1,7,6,0,1569,49,1162,0.0309800005,15,0,3.05851831614274,3.53312660896037,47.4796522311747,609.483699049161,54
"561",2021-09-12,29175,641,594,53,51.7,55,0,1,50,2,1,8,7,0,1571,50,585,0.05982999802,3,0,5.95247429280612,3.83672821416508,47.9807205697952,602.292837704774,55
"562",2021-09-13,29237,670,594,36,52.7,62,0,0,55,5,4,13,9,0,1576,55,530,0.03019000053,20,0,2.90921823289091,3.75880409381168,53.376789790243,650.22634835387,62
"563",2021-09-14,29299,688,594,63,54.6,62,0,2,55,2,5,10,5,0,1578,55,1224,0.03349999905,29,0,3.27246598860335,3.55986879213096,55.174114219508,665.15982878221,62
"564",2021-09-15,29346,701,594,58,53.4,47,0,1,42,2,6,11,5,0,1580,42,1537,0.03058000088,13,0,3.03235234532645,3.55208157205504,41.7079934102611,679.435794776024,47
"565",2021-09-16,29406,729,594,63,54.1,60,1,1,50,1,7,11,4,0,1581,51,1708,0.03161999941,39,0,3.09141150499599,3.50739765180032,50.4005790865513,706.137689295998,60
"566",2021-09-17,29465,725,595,90,58.1,59,1,2,45,0,7,9,2,1,1581,46,1417,0.03105000019,4,0,3.09625969523082,3.48752862514234,46.5551226383109,702.227476364682,59
"567",2021-09-18,29527,741,595,44,58.1,62,0,5,50,0,7,8,1,0,1581,50,1575,0.02983999968,28,0,2.93187769781659,3.46943710823861,53.5128607719327,718.960596640043,62
"568",2021-09-19,29570,732,595,60,59.1,43,2,1,39,3,7,9,2,0,1584,41,1058,0.03213999987,3,0,3.20491233387936,3.07692825696335,40.6669826973417,708.200764254979,43
"569",2021-09-20,29621,711,595,60,62.6,51,2,0,40,2,8,11,3,0,1586,42,1220,0.03851999998,66,0.0606099987,3.96537013139969,3.22780709960747,40.3104587603685,682.398480443381,51
"570",2021-09-21,29681,710,595,36,58.7,60,0,0,51,1,7,12,5,0,1587,51,1196,0.02006999969,23,0,1.9691320450566,3.04161653624364,49.9812191068334,695.816971879445,60
"571",2021-09-22,29732,697,595,63,59.4,51,0,0,42,4,9,15,6,0,1591,42,2383,0.0180400002,29,0,1.78231013584577,2.8630390777464,41.2406039344272,684.397641483233,51
"572",2021-09-23,29768,669,595,44,56.7,36,0,0,29,3,9,16,7,0,1594,29,1528,0.02749000072,48,0,2.66527418148223,2.80216231724444,28.2158923957716,650.911448716249,36
"573",2021-09-24,29812,663,595,56,51.9,44,1,0,34,2,8,16,8,0,1596,35,2089,0.01819000006,48,0,1.77814272930931,2.61385989354137,34.3686496317771,651.040420167664,44
"574",2021-09-25,29855,658,595,62,54.4,43,0,0,35,2,10,16,6,0,1598,35,1935,0.02739000082,32,0,2.69444085341637,2.57994034434133,34.0433072683541,640.014176645058,43
"575",2021-09-26,29903,636,595,38,51.3,48,1,0,38,3,11,17,6,0,1601,39,1060,0.03395999908,4,0,3.38323299105263,2.60541472393752,37.6614571160668,614.171454508166,48
"576",2021-09-27,29944,617,595,31,47.1,41,0,0,29,1,11,18,7,0,1602,29,852,0.01643000007,15,0.06666999817,1.72992041893772,2.28606476501438,28.4910678366139,606.172029489336,41
"577",2021-09-28,29988,592,596,44,48.3,44,1,0,32,3,11,19,8,1,1605,33,1723,0.02030999899,35,0,1.99056474742719,2.28912657963875,32.3336137554737,580.045434643649,44
"578",2021-09-29,30033,580,596,65,48.6,45,1,0,37,0,11,19,8,0,1605,38,2041,0.02155999899,8,0,2.14758213463104,2.34130829375093,37.1721166382157,567.363885530661,45
"579",2021-09-30,30081,583,596,61,51,48,2,0,38,3,12,21,9,0,1608,40,1837,0.01796000004,29,0,1.76808789246945,2.21313882389196,39.282536821909,572.542974179323,48
"580",2021-10-01,30124,567,596,48,49.9,43,0,0,24,1,11,20,9,0,1609,24,1834,0.01963000059,13,0,1.94918359946183,2.23757323391375,23.5254305628439,555.788297047188,43
"581",2021-10-02,30161,550,596,60,49.6,37,0,0,29,0,9,15,6,0,1609,29,1477,0.01896000028,13,0,1.87945774587651,2.12114707569377,28.4470748560855,539.513488649897,37
"582",2021-10-03,30188,536,597,37,49.4,27,5,0,18,2,7,14,7,1,1611,23,1029,0.02138000011,12,0,2.11335447773199,1.9397358595051,22.5068989130978,524.508600757411,27
"583",2021-10-04,30232,533,598,25,48.6,44,1,0,40,0,4,10,6,1,1611,41,1256,0.0199000001,8,0,1.97740507322785,1.97509081011798,40.1775390705348,522.308007916952,44
"584",2021-10-05,30282,530,598,33,47,50,1,0,42,0,4,9,5,0,1611,43,1637,0.01161000013,13,0,1.1518527401703,1.85527480908128,42.4975403507861,523.806892695735,50
"585",2021-10-06,30322,520,598,28,41.7,40,1,0,32,0,4,8,4,0,1611,33,1958,0.0127699995,36,0,1.25394478540622,1.72761233062059,32.5802138275229,513.38518758521,40
"586",2021-10-07,30359,509,598,53,40.6,37,1,0,31,2,3,8,5,0,1613,32,1681,0.01843999982,9,0,1.83417986375266,1.73705404080391,31.404574164059,499.529007797063,37
"587",2021-10-08,30387,491,600,59,42.1,28,0,0,19,0,2,6,4,2,1613,19,2154,0.02414000034,13,0,2.39951826176096,1.8013875639895,18.5374981908315,479.047979563068,28
"588",2021-10-09,30415,470,600,37,38.9,28,1,0,25,3,3,7,4,0,1616,26,1519,0.01843000054,12,0,1.8285545930934,1.79411568502048,25.5177002303336,461.281504163723,28
"589",2021-10-10,30436,432,601,20,36.4,21,0,0,19,2,3,7,4,1,1618,19,1009,0.01784000039,24,0,1.74255182899419,1.74114387805794,18.6641270098573,424.363308855703,21
"590",2021-10-11,30455,410,601,18,35.4,19,0,0,17,1,4,8,4,0,1619,17,635,0.02204999924,7,0,2.18095786875389,1.77022284884738,16.6238751973548,400.928754759733,19
"591",2021-10-12,30489,409,601,31,35.1,34,0,0,27,2,5,8,3,0,1621,27,1117,0.01432000041,13,0,1.41552570424513,1.80789041514378,26.612280807439,403.126772231206,34
"592",2021-10-13,30511,404,601,24,34.6,22,0,0,20,0,5,8,3,0,1621,20,1673,0.02032000065,9,0,2.0211272941409,1.91748791639159,19.5899286404378,395.716558536843,22
"593",2021-10-14,30531,391,601,39,32.6,20,0,0,17,0,5,7,2,0,1621,17,1288,0.01164999962,34,0,1.13503778445991,1.81761047649263,16.8042530445951,386.497820025688,20
"594",2021-10-15,30567,376,601,33,28.9,36,1,0,20,2,5,9,4,0,1623,21,1604,0.01559000015,14,0,1.54551052166873,1.69560937076517,20.6707490503891,370.104840140301,36
"595",2021-10-16,30597,369,602,21,26.6,30,0,0,24,1,4,9,5,1,1624,24,1410,0.01559999943,8,0,1.55119881497179,1.65598711674779,23.6223282666951,363.193297100437,30
"596",2021-10-17,30622,360,602,34,28.6,25,1,0,20,0,4,9,5,0,1624,21,814,0.03686000109,8,0,3.65012662862044,1.92849780240869,20.2223879153048,346.669507119511,25
"597",2021-10-18,30658,365,602,23,29.3,36,3,0,23,1,3,10,7,0,1625,26,812,0.01355000019,20,0,1.32242790315865,1.80585066446651,25.65119626425,360.103332171202,36
"598",2021-10-19,30679,348,602,23,28.1,21,1,0,18,3,2,12,10,0,1628,19,1138,0.0105400002,9,0,1.0457297495728,1.75302267094189,18.7984379161492,344.308231306311,21
"599",2021-10-20,30705,344,602,35,29.7,26,1,0,21,1,3,12,9,0,1629,22,1789,0.01342000008,19,0,1.32789713180973,1.65398979060886,21.7036377460458,339.36597202908,26
"600",2021-10-21,30723,333,602,44,30.4,18,0,0,15,0,3,12,9,0,1629,15,1307,0.02295000076,7,0,2.28277404819787,1.817952114,14.6526318776785,325.288427684464,18
"601",2021-10-22,30748,318,602,34,30.6,25,0,0,11,0,2,9,7,0,1629,11,1415,0.02049000025,19,0,2.0218514891039,1.8860008236336,10.7743799387326,311.477529137905,25
"602",2021-10-23,30769,315,602,22,30.7,21,0,0,18,0,1,7,6,0,1629,18,1331,0.01202000022,9,0,1.19392688752388,1.83496197685533,17.7819851817035,311.184740679811,21
"603",2021-10-24,30788,307,603,14,27.9,19,0,0,11,1,1,7,6,1,1630,11,820,0.00365999997,8,0,0.362463765144928,1.36529585350168,10.9595523720016,305.871143473136,20
"604",2021-10-25,30813,297,603,15,26.7,25,0,2,18,3,1,7,6,0,1633,18,814,0.01228999972,5,0,1.22149691966789,1.35087714157443,19.7769508068091,293.319688312349,25
"605",2021-10-26,30834,283,603,30,27.7,21,0,6,13,3,2,9,7,0,1636,13,1380,0.01521999955,10,0,1.51105031503597,1.41735150806917,18.8007225976056,278.661884240183,23
"606",2021-10-27,30853,285,603,34,27.6,19,0,4,14,1,2,9,7,0,1637,14,1358,0.0147300005,10,0,1.46223250577485,1.43654227577847,17.792326900258,280.772369040966,22
"607",2021-10-28,30874,273,603,26,25,21,0,5,15,3,2,12,10,0,1640,15,1850,0.0086500001,42,0,0.845798107029598,1.23125999846872,19.8712954965763,270.657578037688,23
"608",2021-10-29,30892,266,603,12,21.9,18,0,0,17,1,2,13,11,0,1641,17,1544,0.01360000014,18,0,1.34432779872983,1.13447089984385,16.7681591949886,262.372373286293,23
"609",2021-10-30,30908,250,603,28,22.7,16,0,2,14,1,2,14,12,0,1642,14,1176,0.01019999981,7,0,1.01396447815385,1.10876198421956,15.8559920222161,247.428428968145,23
"610",2021-10-31,30913,220,604,32,25.3,5,0,0,5,0,1,13,12,1,1642,5,933,0.01715000033,7,0,1.70222875615851,1.30015698293579,4.91365768223167,216.200938018194,22
"611",2021-11-01,30925,207,604,13,25,12,0,1,11,0,1,11,10,0,1642,11,766,0.0104400003,13,0,1.02657769317073,1.27231137915048,11.8854433556188,204.844252237553,23
"612",2021-11-02,30925,186,604,17,23.1,0,0,0,0,0,0,10,10,0,1642,0,1321,0.02421999931,17,0,2.39122713665994,1.39805092509676,0,181.487995228261,23
