"","date","observed_cumulative_cases","observed_active_cases","observed_cumulative_deaths","observed_new_cases","observed_daily_average_cases","observed_new_episodes","observed_new_cases_community_outbreak","observed_new_cases_institution_outbreak","observed_new_cases_sporadic","observed_new_ICU_p_acute_care","observed_census_ICU","observed_census_ICU_p_acute_care","observed_census_acute_care","observed_new_deaths","cumulative_hosp","observed_new_community_cases","num_non_ltch_tests","non_ltch_pct_positivity","num_ltch_tests","ltch_pct_positivity","observed_pct_positivity","pct_positivity_7_day","adjusted_new_episodes","adjusted_active_cases","adjusted_episode_cases"
"1",2020-03-01,7,7,0,0,0,2,0,0,2,0,0,1,1,0,0,2,NA,NA,NA,NA,NA,NA,NA,NA,2
"2",2020-03-02,10,10,0,0,0,3,2,0,1,0,0,1,1,0,0,3,NA,NA,NA,NA,NA,NA,NA,NA,3
"3",2020-03-03,11,11,0,0,0,1,0,0,1,0,0,1,1,0,0,1,NA,NA,NA,NA,NA,NA,NA,NA,1
"4",2020-03-04,12,12,0,0,0,1,0,0,1,0,0,1,1,0,0,1,NA,NA,NA,NA,NA,NA,NA,NA,1
"5",2020-03-05,18,18,0,0,0,6,2,0,4,0,0,1,1,0,0,6,NA,NA,NA,NA,NA,NA,NA,NA,6
"6",2020-03-06,23,23,0,0,0,5,0,1,4,0,0,1,1,0,0,4,NA,NA,NA,NA,NA,NA,NA,NA,5
"7",2020-03-07,27,27,0,0,0,4,0,0,4,0,0,1,1,0,0,4,NA,NA,NA,NA,NA,NA,NA,NA,4
"8",2020-03-08,36,36,0,0,0,9,1,0,8,0,0,1,1,0,0,9,NA,NA,NA,NA,NA,NA,NA,NA,9
"9",2020-03-09,45,45,0,1,0.1,9,0,0,9,0,0,1,1,0,0,9,NA,NA,NA,NA,NA,NA,NA,NA,9
"10",2020-03-10,52,52,0,0,0.1,7,1,0,6,0,0,1,1,0,0,7,NA,NA,NA,NA,NA,NA,NA,NA,7
"11",2020-03-11,61,61,0,0,0.1,9,0,0,9,0,0,1,1,0,0,9,NA,NA,NA,NA,NA,NA,NA,NA,9
"12",2020-03-12,75,75,0,3,0.6,14,1,0,13,0,0,1,1,0,0,14,NA,NA,NA,NA,NA,NA,NA,NA,14
"13",2020-03-13,97,97,0,1,0.7,22,2,2,18,0,0,1,1,0,0,20,NA,NA,NA,NA,NA,NA,NA,NA,22
"14",2020-03-14,115,115,0,4,1.3,18,1,1,16,1,0,2,2,0,1,17,NA,NA,NA,NA,NA,NA,NA,NA,18
"15",2020-03-15,142,142,0,4,1.9,27,1,0,26,0,0,2,2,0,1,27,NA,NA,NA,NA,NA,NA,NA,NA,27
"16",2020-03-16,157,157,0,0,1.7,15,0,0,15,0,0,2,2,0,1,15,NA,NA,NA,NA,NA,NA,NA,NA,15
"17",2020-03-17,180,179,0,5,2.4,23,1,0,22,2,0,4,4,0,3,23,127,0,4,0,0,0,23,179,23
"18",2020-03-18,196,194,0,4,3,16,0,0,16,0,0,3,3,0,3,16,210,0.01904999971,1,0,1.89597153511848,0.947985767559242,15.700443775153,190.367880773731,16
"19",2020-03-19,221,219,0,1,2.7,25,0,0,25,4,0,7,7,0,7,25,110,0.02726999998,9,0,2.52075630067227,1.47224261193025,24.3777034069325,213.548681844729,25
"20",2020-03-20,243,241,0,2,2.9,22,1,1,20,3,1,10,9,0,10,21,137,0.00730000019,4,0,0.709290798602837,1.2815046585984,21.8529143940763,239.312017570114,22
"21",2020-03-21,263,261,0,4,2.9,20,0,2,18,3,1,10,9,0,13,18,204,0.01470999956,3,0,1.44968111605797,1.31513995009031,19.7423254418097,257.263718906241,20
"22",2020-03-22,289,287,0,7,3.3,26,0,1,25,3,5,13,8,0,16,25,159,0.03144999981,2,0,3.10593165825466,1.61360523478437,25.2332417502172,278.197615292494,26
"23",2020-03-23,310,308,0,9,4.6,21,1,0,20,4,5,17,12,0,20,21,138,0.03622999907,3,0,3.54591480259574,1.88964945875742,20.2646837822782,297.21536214008,21
"24",2020-03-24,328,324,1,8,5,18,1,3,14,3,7,20,13,1,23,15,253,0.01975999951,4,0,1.94524508794942,2.16754161417877,17.7118675715088,317.776339544589,18
"25",2020-03-25,351,347,1,8,5.6,23,0,1,22,4,8,23,15,0,27,22,153,0.05881999969,2,0,5.80610319520645,2.72613185133419,21.7386547251544,327.105144983117,23
"26",2020-03-26,365,357,1,19,8.1,14,1,3,10,2,7,25,18,0,29,11,274,0.02555000067,3,0,2.52732858612996,2.72707074925672,13.7254756018866,348.090435443045,14
"27",2020-03-27,382,365,1,27,11.7,17,3,2,12,5,9,26,17,0,34,15,577,0.02946000099,4,0,2.92571782637349,3.04370318179539,16.56663857546,354.454872002861,17
"28",2020-03-28,407,387,2,26,14.9,25,1,1,23,3,8,25,17,1,37,24,367,0.08173999786,3,0,8.10772411205946,3.99485218122417,23.0785160677867,356.016071593061,25
"29",2020-03-29,426,399,2,11,15.4,19,5,4,10,7,8,31,23,0,44,15,184,0.0434800005,0,0,4.34800005,4.17229052290208,18.3559681393118,381.868752505695,19
"30",2020-03-30,451,408,3,48,21,25,8,3,14,4,12,32,20,1,48,22,549,0.07831999779,0,0,7.831999779,4.78458837667411,23.2985393849029,376.445639501835,25
"31",2020-03-31,468,405,3,51,27.1,17,2,3,12,6,13,34,21,0,54,14,943,0.06468999863,0,0,6.468999863,5.4308390588242,16.1056824963341,379.128672215378,17
"32",2020-04-01,495,408,3,37,31.3,27,6,4,16,3,15,33,18,0,57,22,575,0.05738999844,4,0.25,5.87206374835924,5.44026199498888,24.7243251431184,384.342029926922,27
"33",2020-04-02,512,404,6,32,33.1,17,5,4,7,6,14,34,20,3,63,12,107,0.08411000252,9,0,7.75842264624138,6.18756114643337,15.0806492519955,373.048524817181,17
"34",2020-04-03,540,410,6,26,33,28,3,4,20,5,14,37,23,0,68,23,217,0.1106000042,2,0,10.9589958499543,7.3351722926592,24.5109985377306,365.630843498677,28
"35",2020-04-04,557,417,7,18,31.9,17,3,7,6,7,14,43,29,1,75,9,315,0.02539999962,3,0,2.51603769820755,6.53635994782321,15.7763925821015,406.639522970704,17
"36",2020-04-05,584,428,8,40,36,27,4,8,13,4,13,43,30,1,79,17,422,0.06635000229,5,0.2,6.79149905535831,6.88543123430297,23.8599047946311,399.296426594241,27
"37",2020-04-06,603,428,9,40,34.9,19,3,7,9,4,12,44,32,1,83,12,238,0.1176500034,4,0.25,11.9837606649587,7.47853993229707,17.5799588610226,377.351866043138,19
"38",2020-04-07,626,426,9,25,31.1,23,2,11,10,4,14,45,31,0,87,12,285,0.1087699986,6,0,10.6527318216495,8.07621592638985,21.7376819470811,381.18770912138,23
"39",2020-04-08,646,429,11,26,29.6,20,1,10,8,5,16,44,28,2,92,9,368,0.0434800005,6,0.3333300018,4.81300005208556,7.92492111263647,18.5722550124115,408.610822258281,20
"40",2020-04-09,682,437,11,25,28.6,36,1,20,13,6,16,47,31,0,98,14,295,0.09491999626,5,0,9.33379963223333,8.14997496777818,32.7096335502246,396.722132960581,36
"41",2020-04-10,716,454,11,37,30.1,34,0,20,13,4,16,49,33,0,102,13,331,0.09062999725,8,0,8.84912362529498,7.8485646499697,31.8640213531405,414.328130332754,34
"42",2020-04-11,760,484,11,31,32,44,0,34,8,6,19,54,35,0,108,8,225,0.1022200012,11,0.3636399841,11.4404830911441,9.1234854203892,41.0962237929921,429.321539476022,44
"43",2020-04-12,793,499,13,35,31.3,33,0,18,14,1,18,50,32,2,109,14,227,0.1013199997,12,0.5,12.1337405572803,9.88666277780663,30.3225511214828,439.210929258566,33
"44",2020-04-13,817,506,16,16,27.9,24,0,19,5,3,20,52,32,3,112,5,165,0.0606099987,26,0.03845999956,5.75948155709948,8.99748004811246,23.7156325068106,477.222009689231,24
"45",2020-04-14,850,506,18,32,28.9,33,0,26,7,5,20,51,31,2,117,7,208,0.06730999947,18,0.1666699982,7.52236276874336,8.55028446912587,32.4800293062696,468.413546996058,33
"46",2020-04-15,879,504,24,60,33.7,29,3,17,9,4,16,51,35,6,121,12,390,0.1,24,0.2083300018,10.6280000104348,9.38099874889005,27.7406125955101,451.105729011426,29
"47",2020-04-16,949,553,24,21,33.1,70,1,55,13,7,13,53,40,0,128,14,310,0.03548000097,11,0,3.42641753915888,8.53708702130798,68.5263092835008,534.289216698281,70
"48",2020-04-17,981,557,26,73,38.3,32,0,26,6,0,13,49,36,2,128,6,378,0.08465999603,66,0.5,14.6399726349865,9.36435116554963,31.1326026947461,476.476616828933,32
"49",2020-04-18,1021,579,31,31,38.3,40,1,30,9,1,11,46,35,5,129,10,421,0.06176000118,8,0,6.06082995262937,8.59582928861896,39.4015075825177,544.347289027775,40
"50",2020-04-19,1038,582,35,38,38.7,17,0,13,4,5,15,47,32,4,134,4,452,0.04425000191,47,0.1276599979,5.21062540373146,7.60681283811198,16.7941852968093,552.053960685757,17
"51",2020-04-20,1099,618,39,16,38.7,61,1,47,13,3,13,45,32,4,137,14,325,0.05230999947,43,0.02325999975,4.89155701548913,7.48282361788192,60.3237586718539,588.148775657552,61
"52",2020-04-21,1135,631,47,51,41.4,36,0,26,10,2,11,43,32,8,139,10,543,0.06998000145,25,0.36,8.2744966174912,7.59027131056019,35.1829133100982,579.441829867199,36
"53",2020-04-22,1176,647,54,35,37.9,41,1,31,9,4,9,45,36,7,143,10,656,0.02438999891,122,0.1065600014,3.72752692233419,6.60448944083153,40.631915659008,623.184943137818,41
"54",2020-04-23,1221,662,57,50,42,45,0,35,10,5,11,48,37,3,148,10,775,0.03612999916,105,0.02857000113,3.52279539405114,6.61825770581614,44.6521324062612,638.971165294492,45
"55",2020-04-24,1262,669,65,38,37,41,0,36,5,7,10,48,38,8,155,5,517,0.04061999798,94,0.1063799953,5.07369206446154,5.25164619574115,40.749492540382,635.482101903105,41
"56",2020-04-25,1363,741,78,53,40.1,101,0,95,6,4,9,48,39,13,159,6,557,0.0502699995,28,0.03571000099,4.95731106824274,5.09400064082877,100.706286454961,704.726377187658,101
"57",2020-04-26,1417,760,87,87,47.1,54,0,41,13,5,9,50,41,9,164,13,358,0.05027999878,81,0.01235000014,4.32815252268337,4.96793308639333,53.4443869184893,727.518004465529,54
"58",2020-04-27,1478,784,95,87,57.3,61,0,54,7,8,11,56,45,8,172,7,269,0.06320000172,80,0.1,7.16355314116905,5.29250396149046,60.5048314192097,728.541118951487,61
"59",2020-04-28,1498,779,103,65,59.3,20,0,13,7,7,13,61,48,8,179,7,503,0.06163000107,11,0.2727300072,6.61477054813424,5.05540023729661,19.5427650943567,728.116286929126,20
"60",2020-04-29,1523,768,111,28,58.3,25,0,17,8,7,13,62,49,8,186,8,668,0.03144000053,74,0.1486499977,4.31294072558491,5.13903078061814,24.6592859603074,735.291452189506,25
"61",2020-04-30,1543,758,122,30,55.4,20,0,10,10,2,11,56,45,11,188,10,603,0.04145999908,6,0.3333300018,4.43355656092611,5.26913951874314,19.5621969260098,724.814526991541,20
"62",2020-05-01,1566,741,135,43,56.1,23,0,16,7,6,11,57,46,13,194,7,516,0.03101000071,55,0.09090999603,3.67797025359194,5.06975068861891,22.7457664828096,714.087566251697,23
"63",2020-05-02,1587,742,139,22,51.7,21,0,15,6,4,12,57,45,4,198,6,508,0.05118000031,28,0.03571000099,5.03718660171642,5.08116147911515,20.7015539445785,705.092171146214,21
"64",2020-05-03,1606,723,148,23,42.6,19,0,13,6,3,12,52,40,9,201,6,826,0.02058000088,231,0.00432999998,1.702867618,4.7061207784461,18.8991075448101,710.842459149613,19
"65",2020-05-04,1624,720,152,14,32.1,18,0,11,7,6,10,52,42,4,207,7,637,0.01098999977,24,0.125,1.51295459205598,3.89889241428708,17.8954195546002,709.24315418745,18
"66",2020-05-05,1649,720,156,29,27,25,0,24,1,3,9,50,41,4,210,1,923,0.02924999952,29,0.1724099922,3.36109656835714,3.4340818457475,24.9668099777372,696.103183970792,25
"67",2020-05-06,1665,693,161,23,26.3,16,0,11,5,4,10,52,42,5,214,5,598,0.01672000051,149,0.01342000008,1.60617674925033,3.0474012776997,15.9206969496689,682.008597224116,16
"68",2020-05-07,1688,671,167,32,26.6,23,0,16,7,6,10,54,44,6,220,7,813,0.03566999912,234,0.01281999946,3.05631224051576,2.85065208906965,22.7887375489838,650.74898505259,23
"69",2020-05-08,1701,638,173,16,22.7,13,0,8,5,4,8,54,46,6,224,5,715,0.00978999972,127,0.04723999977,1.54386339318171,2.54577968043962,12.9237735968779,628.273510961615,13
"70",2020-05-09,1718,622,179,12,21.3,17,0,12,5,5,6,51,45,6,229,5,1100,0.01544999957,164,0.03049000025,1.74013920632911,2.07477290967001,16.9140827140432,611.31188962697,17
"71",2020-05-10,1730,553,185,25,21.6,12,0,8,4,3,5,52,47,6,232,4,907,0.01764000058,316,0.01266000032,1.63532629821586,2.06512414970084,11.9354061805237,544.069904457403,12
"72",2020-05-11,1750,534,188,14,21.6,20,0,14,6,1,5,51,46,3,233,6,517,0.00967000008,197,0.01523000002,1.12040616880952,2.00904580352278,19.933617547256,528.091961705786,20
"73",2020-05-12,1773,517,193,13,19.3,23,0,17,6,4,6,51,45,5,237,6,835,0.01317000031,322,0.0031099999,1.03702422010804,1.67703546805862,22.9385578076932,511.705731096233,23
"74",2020-05-13,1794,499,195,21,19,21,0,15,6,2,7,47,40,2,239,6,1249,0.01440999985,224,0.01338999987,1.42548878367481,1.65122290154783,20.9155418414735,491.975896482547,21
"75",2020-05-14,1808,471,198,25,18,14,0,10,4,2,6,45,39,3,241,4,1046,0.02677000046,127,0.02361999989,2.64289518049361,1.59216332154467,13.895608176564,458.707862790414,14
"76",2020-05-15,1828,457,201,17,18.1,20,0,12,8,1,5,44,39,3,242,8,1163,0.01203999996,137,0.01460000038,1.23097846196462,1.54746547422794,19.9027550640651,451.444883034718,20
"77",2020-05-16,1844,438,207,19,19.1,16,0,6,10,1,4,42,38,6,243,10,967,0.01343999982,25,0.04,1.4109354663246,1.50043636851301,15.8606735076298,431.897499634185,16
"78",2020-05-17,1856,398,212,15,17.7,12,0,9,3,1,2,42,40,5,244,3,353,0.02549999952,10,0.1,2.75523411310193,1.66042319921102,11.9183781723971,387.171504204682,12
"79",2020-05-18,1871,390,213,26,19.4,15,0,8,7,2,1,43,42,1,246,7,376,0.03989000082,17,0.05881999969,4.07088557329517,2.08192025699468,14.7186068711763,374.322382822681,15
"80",2020-05-19,1883,353,219,23,20.9,12,0,8,4,0,1,40,39,6,246,4,359,0.03900000095,31,0.2258099937,5.3849000373718,2.70304537374665,11.7873016160192,334.229367613692,12
"81",2020-05-20,1898,339,223,17,20.3,15,0,9,6,3,1,41,40,4,249,6,675,0.02963000059,36,0.05556000233,3.09429120705063,2.94144571994319,14.8166677000302,328.641725051708,15
"82",2020-05-21,1906,325,229,11,18.3,8,0,1,7,0,1,38,37,6,249,7,478,0.02092000008,36,0,1.94547860666148,2.84181478082432,7.86552205844861,318.756381285114,8
"83",2020-05-22,1913,309,233,7,16.9,7,0,3,4,1,1,36,35,4,250,4,514,0.00583999991,14,0,0.568515142753788,2.7471771637942,6.9775441974237,307.26528925098,7
"84",2020-05-23,1922,305,236,6,15,9,1,3,5,1,0,35,35,3,251,6,582,0.00859000027,43,0,0.7999008251424,2.65988650076817,8.95260702751993,302.590857232263,9
"85",2020-05-24,1932,302,237,8,14,10,0,3,7,1,1,36,35,1,252,7,332,0.01506000042,25,0.04,1.6806498990028,2.50637447018258,9.88382789812616,296.988003604871,10
"86",2020-05-25,1947,298,240,6,11.1,15,1,7,7,0,1,35,34,3,252,8,401,0.01746000051,8,0,1.71184846076039,2.1693691683919,14.8647672570719,292.962580325927,15
"87",2020-05-26,1953,288,243,16,10.1,6,0,2,4,1,1,35,34,3,253,4,1123,0.00800999999,41,0.07316999912,1.03051545985309,1.54731422874637,5.95929562824624,285.069285233729,6
"88",2020-05-27,1958,261,243,8,8.9,5,0,1,4,1,1,33,32,0,254,4,1150,0.00957000017,13,0.07691999912,1.0322837647515,1.25274173698935,4.95922578189967,258.339482268953,5
"89",2020-05-28,1962,236,244,4,7.9,4,0,2,2,1,1,31,30,1,255,2,1403,0.00284999996,88,0,0.268179070682763,1.01312751756382,3.99470359202995,235.375023859534,4
"90",2020-05-29,1969,226,247,7,7.9,7,0,3,4,2,1,32,31,3,257,4,1380,0.0065200001,37,0,0.634975309668313,1.02262182712304,6.97491908460754,224.582928280326,7
"91",2020-05-30,1972,208,248,15,9.1,3,1,1,1,0,1,31,30,1,257,2,1020,0.01274999976,119,0,1.14179102328358,1.07146328400035,2.97745017513688,205.654818214236,3
"92",2020-05-31,1976,193,249,10,9.4,4,0,1,3,3,1,34,33,1,260,3,1309,0.00535000026,11,0.09090999603,0.606300022475,0.917984730210664,3.98203879820057,191.84449601757,4
"93",2020-06-01,1987,184,250,5,9.3,11,0,5,6,0,1,31,30,1,260,6,763,0.00130999997,20,0,0.127653892351213,0.691671220437924,10.9924366906284,183.768058512603,11
"94",2020-06-02,1990,165,251,8,8.1,3,0,1,2,0,1,26,25,1,260,2,858,0.01049000025,9,0,1.03811075138408,0.692756262085208,2.97949781075971,163.308569387676,3
"95",2020-06-03,2000,156,251,8,8.1,10,0,7,3,0,0,22,22,0,260,3,1110,0.00449999988,141,0,0.399280564892086,0.602327233533863,9.98817160063537,155.384923233039,10
"96",2020-06-04,2007,146,254,8,8.7,7,0,2,5,0,0,20,20,3,260,5,1430,0.00559000015,21,0,0.550909732219159,0.642717328039062,6.97279949280648,145.205745189949,7
"97",2020-06-05,2011,137,256,15,9.9,4,0,1,3,1,0,21,21,2,261,3,1366,0.00952000022,29,0,0.932209340539068,0.68517933244917,3.97238396921646,135.738867927551,4
"98",2020-06-06,2014,128,257,2,8,3,0,0,3,0,0,21,21,1,261,3,1404,0.00071000002,68,0,0.0677201106032609,0.531740630637696,2.99799384046291,127.914403859751,3
"99",2020-06-07,2015,118,258,4,7.1,1,0,0,1,0,0,20,20,1,261,1,870,0.00230000004,22,0,0.224327358161435,0.477173107164329,0.997784821155802,117.738608896385,1
"100",2020-06-08,2018,110,258,0,6.4,3,0,0,3,0,0,19,19,0,261,3,701,0.00143000007,12,0,0.140593274764376,0.47902159036621,2.99583502542293,109.847284265507,3
"101",2020-06-09,2028,107,259,3,5.7,10,0,3,7,0,0,18,18,1,261,7,1338,0.00224000007,10,0,0.222338285879822,0.362482666722744,9.98463123937174,106.765077516111,10
"102",2020-06-10,2038,105,259,7,5.6,10,0,4,6,0,0,17,17,0,261,6,1281,0.00233999997,12,0,0.231828303292343,0.338560915065638,9.98626450673297,104.759628867827,10
"103",2020-06-11,2045,104,260,5,5.1,7,0,2,5,0,0,16,16,1,261,5,1529,0.00326999992,6,0,0.325721816135505,0.306391212767973,6.98391787604261,103.665491821686,7
"104",2020-06-12,2049,107,260,10,4.4,4,0,2,2,0,0,16,16,0,261,2,1596,0.00814999998,13,0,0.80841516271473,0.288706330221639,3.98403418842488,106.145829080731,4
"105",2020-06-13,2052,105,260,6,5,3,0,3,0,0,0,16,16,0,261,0,1479,0.00270000011,23,0.0434800005,0.332446083501331,0.326524326349935,3,104.655303341556,3
"106",2020-06-14,2055,102,260,1,4.6,3,0,1,2,0,0,16,16,0,261,2,768,0,13,0,0,0.294477560898301,3,102,3
"107",2020-06-15,2060,100,260,2,4.9,5,0,2,3,0,0,14,14,0,261,3,720,0.00555999994,17,0,0.543175028059701,0.35198923994049,4.98390883072779,99.4636276909263,5
"108",2020-06-16,2064,99,260,3,4.9,4,0,1,3,1,0,14,14,0,262,3,1250,0.00079999998,14,0,0.0791139220727848,0.331528616539485,3.99765630699848,98.92265813095,4
"109",2020-06-17,2067,89,260,8,5,3,0,0,3,1,1,6,5,0,263,3,1098,0.00911000013,26,0,0.889927058962633,0.425542724492384,2.97363655137674,88.2178843575101,3
"110",2020-06-18,2069,75,260,2,4.6,2,0,0,2,0,1,6,5,0,263,2,1304,0.00230000004,122,0,0.210322584302945,0.409057119944875,1.99584622987563,74.8442336203361,2
"111",2020-06-19,2072,73,260,5,3.9,3,0,0,3,0,1,5,4,0,263,3,1875,0.00107000001,19,0,0.105926611338437,0.308701612605405,2.99686200037662,72.9236420091645,3
"112",2020-06-20,2078,73,261,1,3.1,6,0,0,6,1,1,5,4,1,264,6,1792,0.00056000002,158,0,0.0514625659405128,0.268561110096716,5.99695091704533,72.9629028240515,6
"113",2020-06-21,2084,77,261,1,3.1,6,0,0,6,0,1,4,3,0,264,6,1102,0.00363000005,86,0,0.336722226860269,0.316664285362469,5.98004969275013,76.74397105696,6
"114",2020-06-22,2086,76,262,6,3.7,2,0,1,1,0,1,1,0,1,264,1,509,0.00393000007,10,0,0.385427752529865,0.294128960286778,1.99619399341049,75.7107434991969,2
"115",2020-06-23,2095,81,262,4,3.9,9,0,0,9,0,1,1,0,0,264,9,1255,0.00158999994,20,0,0.156505876447059,0.305184953768817,8.98609087815211,80.8748179033689,9
"116",2020-06-24,2097,75,263,3,3.1,2,0,0,2,1,1,2,1,1,265,2,1733,0.00289000005,24,0,0.285052366912351,0.21877428347592,1.99437035252545,74.7888882197045,2
"117",2020-06-25,2103,73,263,6,3.7,6,0,0,6,0,1,2,1,0,265,6,1796,0.00277999997,21,0.04762000084,0.329823883531095,0.23584589765137,5.98045840966263,72.7622439842286,6
"118",2020-06-26,2107,67,263,6,3.9,4,0,0,4,0,1,2,1,0,265,4,2028,0.00196999997,23,0,0.194790830773281,0.248540786142062,3.99230594911099,66.8711246476091,4
"119",2020-06-27,2110,69,263,3,4.1,3,0,0,3,0,1,1,0,0,265,3,1574,0.00064000003,80,0,0.0609044768573156,0.249889630558748,2.99819574870729,68.9585022202676,3
"120",2020-06-28,2112,68,263,2,4.3,2,0,0,2,0,1,1,0,0,265,2,880,0.00114,12,0,0.112466367713004,0.217853079251996,1.99777884320055,67.9244806688186,2
"121",2020-06-29,2116,69,263,1,3.6,4,0,0,4,2,1,3,2,0,267,4,854,0.00351000011,8,0,0.347742470294664,0.21246946750411,3.98626450612642,68.7630627306807,4
"122",2020-06-30,2119,68,263,10,4.4,3,0,0,3,0,1,3,2,0,267,3,1605,0.0043599999,11,0,0.433032168285891,0.251973223481086,2.98717173367654,67.709225963335,3
"123",2020-07-01,2121,67,263,4,4.6,2,0,0,2,0,2,3,1,0,267,2,1601,0.00312000006,15,0,0.309103966340347,0.255409166256514,1.99389534497703,66.7954940567305,2
"124",2020-07-02,2127,66,263,4,4.3,6,0,1,5,0,1,3,2,0,267,5,1012,0.00197999999,12,0,0.195679686511719,0.23624570953946,5.99033855020287,65.8724688626778,6
"125",2020-07-03,2135,74,263,4,4,8,0,0,8,0,1,3,2,0,267,8,1334,0.00300000012,14,0,0.296884284872404,0.250830488696478,7.97654671129142,73.7830570794456,8
"126",2020-07-04,2138,74,263,4,4.1,3,0,0,3,0,1,3,2,0,267,3,1257,0.00317999989,40,0,0.308192741845027,0.286157383694722,2.99087001183539,73.774793625273,3
"127",2020-07-05,2140,71,263,5,4.6,2,0,0,2,0,1,2,1,0,267,2,734,0.00272000015,47,0,0.25563125609475,0.3066095106064,1.99495140534745,70.8207748898346,2
"128",2020-07-06,2146,71,263,0,4.4,6,0,1,5,0,1,2,1,0,267,5,602,0,10,0,0,0.25693201485002,6,71,6
"129",2020-07-07,2153,72,263,6,3.9,7,0,1,6,0,1,1,0,0,267,6,1272,0.00393000007,21,0,0.386617176259861,0.250301301703444,6.97709348881901,71.7251218658282,7
"130",2020-07-08,2166,78,263,5,4,13,0,1,12,0,1,1,0,0,267,12,1684,0.00296999991,39,0,0.29027741430296,0.247611794269531,12.9656029620792,77.7764192535149,13
"131",2020-07-09,2174,82,263,5,4.1,8,0,0,8,1,0,2,2,0,268,8,1504,0.00266000003,41,0,0.258941103244013,0.256649139517002,7.97954414981746,81.790327535629,8
"132",2020-07-10,2190,95,263,12,5.3,16,0,0,16,0,0,2,2,0,268,16,1900,0.00684000015,14,0.07143000126,0.731244529918495,0.318700603095015,15.8844661711608,94.3140178912672,16
"133",2020-07-11,2197,100,263,7,5.7,7,0,0,7,1,1,2,1,0,269,7,1571,0.00381999999,25,0,0.376016289742481,0.32838968136608,6.97400850543346,99.6286929347637,7
"134",2020-07-12,2220,120,263,9,6.3,23,0,2,21,1,1,3,2,0,270,21,1068,0.00842999995,13,0,0.832862159722479,0.410851239027184,22.8272894056218,119.013082317839,23
"135",2020-07-13,2243,138,263,6,7.1,23,0,2,21,0,0,3,3,0,270,21,808,0.00619000018,65,0,0.572911815056128,0.492695784035203,22.8811952987063,137.219283391499,23
"136",2020-07-14,2262,148,263,4,6.9,19,0,2,17,1,0,4,4,0,271,17,1406,0.00356000006,66,0,0.340038049209239,0.486041623027971,18.9429174993052,147.503046464539,19
"137",2020-07-15,2283,168,263,15,8.3,21,0,0,21,1,0,5,5,0,272,21,1404,0.00782999992,46,0,0.758159992253793,0.552881991306661,20.842780391248,166.742243129984,21
"138",2020-07-16,2305,186,263,7,8.6,22,0,1,21,0,0,5,5,0,272,21,1695,0.00708000004,25,0.04,0.755848841151163,0.623868811007683,21.8432596545642,184.611728368997,22
"139",2020-07-17,2335,213,263,17,9.3,30,0,0,29,0,1,5,4,0,272,29,1787,0.00726999998,21,0,0.718555860855089,0.622056143998625,28.7942285645532,211.488644284477,30
"140",2020-07-18,2361,232,263,16,10.6,26,0,0,24,2,1,6,5,0,274,24,1551,0.00708999991,81,0,0.673810653211397,0.664598195922755,23.8403107548302,230.456337296692,26
"141",2020-07-19,2379,250,263,28,13.3,18,0,0,18,0,1,6,5,0,274,18,2025,0.02122999907,22,0,2.10018310291891,0.845644044950816,17.6267015227218,244.815298926692,18
"142",2020-07-20,2409,275,263,47,19.1,30,0,0,27,2,3,8,5,0,276,27,1548,0.01485999942,35,0.02857000113,1.51631264319078,0.980415591827195,26.5957229633973,270.882363516083,30
"143",2020-07-21,2433,294,263,23,21.9,24,0,0,23,0,3,8,5,0,276,23,1428,0.01610999942,15,0,1.59425358085655,1.15958923920538,22.6379139523083,289.371595738201,24
"144",2020-07-22,2460,314,263,13,21.6,27,0,1,23,2,3,9,6,0,278,23,1771,0.00902999997,16,0,0.894914938269166,1.17912566006472,23.7967473826566,311.225159919747,27
"145",2020-07-23,2479,322,263,29,24.7,19,0,1,17,1,3,10,7,0,279,17,1667,0.01019999981,32,0,1.0007886805927,1.21411706569923,17.8319966818767,318.817819503783,19
"146",2020-07-24,2502,337,263,34,27.1,23,0,1,18,0,3,7,4,0,279,18,2036,0.01228000045,83,0,1.1798999960453,1.2800233707264,18.7902778708904,333.073535693892,23
"147",2020-07-25,2514,336,263,26,28.6,12,0,1,10,0,3,7,4,0,279,10,2126,0.00800000012,320,0,0.69533933994767,1.28309889740301,10.9313369083461,333.69292012043,12
"148",2020-07-26,2521,338,263,21,27.6,7,0,0,6,2,4,9,5,0,281,6,1816,0.01210999966,73,0,1.1642011319513,1.14938718726478,5.93102275873011,334.11428207513,7
"149",2020-07-27,2536,340,264,22,24,15,0,1,13,1,4,9,5,1,282,13,1601,0.00874000013,24,0,0.861091705115692,1.0557841961112,13.889460037918,337.108954837855,15
"150",2020-07-28,2556,330,264,14,22.7,20,0,2,17,1,4,10,6,0,283,17,1488,0.00739000022,24,0,0.727269862920635,0.93192937926321,18.8779125378703,327.630066911599,20
"151",2020-07-29,2572,324,264,20,23.7,16,2,2,12,2,4,11,7,0,285,14,2254,0.00620999992,52,0,0.606996522969644,0.890798177077563,15.9160847694153,322.057961806468,16
"152",2020-07-30,2592,334,264,19,22.3,20,1,0,18,1,4,12,8,0,286,19,1891,0.00898999989,134,0,0.839510607011852,0.867758452280299,18.8424906490403,331.231151409445,20
"153",2020-07-31,2602,321,264,18,20,10,0,1,9,1,3,13,10,0,287,9,2129,0.00797999978,207,0,0.727286795017979,0.80309942356211,9.93536395642185,318.694647779046,10
"154",2020-08-01,2620,309,264,15,18.4,18,0,0,18,1,2,13,11,0,288,18,1629,0.00551999986,83,0.01205000043,0.583658283155958,0.78714498687758,17.8962572605931,307.219082973515,18
"155",2020-08-02,2628,294,264,2,15.7,8,0,0,8,0,2,13,11,0,288,8,1340,0.00149000004,11,0,0.147786828541821,0.641942943533369,7.98832512418565,293.570948313823,8
"156",2020-08-03,2637,280,264,10,14,9,0,1,7,0,1,12,11,0,288,7,1046,0.01146999955,47,0,1.09767790752973,0.675740972449661,7.92412485802434,276.964994320974,9
"157",2020-08-04,2649,268,264,20,14.9,12,0,1,11,1,1,11,10,0,289,11,1699,0.00588999987,12,0,0.584869069499123,0.655398001960873,11.93647014078,266.452181611732,12
"158",2020-08-05,2658,248,264,12,13.7,9,1,0,8,1,1,12,11,0,290,9,1599,0.005,70,0,0.479029358897543,0.637116978522002,8.95742730002935,246.826885600809,9
"159",2020-08-06,2668,224,264,13,12.9,10,0,0,10,1,2,10,8,0,291,10,1639,0.00305000007,10,0,0.30315040113584,0.560494091968286,9.9700646251661,223.329447603721,10
"160",2020-08-07,2680,225,264,6,11.1,12,0,3,9,1,2,10,8,0,292,9,1689,0,39,0,0,0.456595978394289,12,225,12
"161",2020-08-08,2686,208,264,14,11,6,1,1,4,0,1,10,9,0,292,5,1518,0.00725000024,95,0,0.682300084582765,0.470687664312404,5.96631225176569,206.598589673453,6
"162",2020-08-09,2688,199,264,16,13,2,0,1,1,2,2,12,10,0,294,1,1589,0.00441000015,102,0,0.414399186182732,0.508775143975391,1.99590790745361,198.185673583267,2
"163",2020-08-10,2700,200,264,8,12.7,12,2,0,10,0,1,12,11,0,294,12,1384,0.00578000009,27,0,0.566939767863926,0.432955409737419,11.9328192696602,198.880321161004,12
"164",2020-08-11,2713,204,264,8,11,13,2,1,10,0,1,12,11,0,294,12,1460,0.00342000008,41,0,0.33265823562958,0.396925290613198,12.9605809567613,203.329876264943,13
"165",2020-08-12,2720,187,264,12,11,7,3,0,4,0,2,10,8,0,294,7,1486,0.00268999994,7,0,0.267738775006028,0.366740921485839,6.98149300680407,186.505598896052,7
"166",2020-08-13,2742,190,264,11,10.7,22,0,0,22,0,2,9,7,0,294,22,1689,0.00532999992,56,0,0.515895121196562,0.397133024351656,21.8879245077879,189.032075294532,22
"167",2020-08-14,2753,185,264,6,10.7,11,4,1,6,1,2,10,8,0,295,10,1882,0.00477999985,36,0,0.469028139608968,0.464137044295794,10.9536845964438,184.14316503421,11
"168",2020-08-15,2757,177,264,2,9,4,0,0,4,1,2,11,9,0,296,4,2044,0.00734000027,21,0,0.726535619945763,0.470456406490508,3.97130254021533,175.730137404528,4
"169",2020-08-16,2761,158,264,26,10.4,4,0,1,3,0,2,11,9,0,296,3,1196,0.00501999974,22,0,0.492932650988506,0.481675472891333,3.98539722498807,157.230920516038,4
"170",2020-08-17,2785,173,265,8,10.4,24,1,4,19,1,1,9,8,1,297,20,1358,0.00662999988,32,0,0.647736678923741,0.493217888757021,23.8720751138405,171.893449734721,24
"171",2020-08-18,2811,192,265,15,11.4,26,1,1,24,0,1,7,6,0,297,25,1888,0.00583000004,77,0.05195000172,0.763724692517048,0.554798811169516,25.8114600471025,190.552013161747,26
"172",2020-08-19,2835,201,265,23,13,24,4,3,15,2,1,7,6,0,299,19,1519,0.01184999943,25,0.04,1.23057960713536,0.692347501473707,21.7691181104738,198.557512642381,24
"173",2020-08-20,2852,209,266,24,14.9,17,1,0,16,3,0,6,6,1,302,17,1607,0.00995999992,103,0,0.936007010025731,0.75236348559216,16.8428716406166,207.068245464052,17
"174",2020-08-21,2873,216,266,16,16.3,21,3,2,16,0,0,6,6,0,302,19,1804,0.00721000016,116,0.00861999989,0.72951876436875,0.789576431986414,20.8631273671483,214.443974279159,21
"175",2020-08-22,2892,226,266,16,18.3,19,1,0,18,1,0,7,7,0,303,19,1864,0.00589999974,73,0,0.567764559388745,0.766894851906841,18.8934757625451,224.732922228168,19
"176",2020-08-23,2909,236,266,13,16.4,17,0,1,15,0,0,7,7,0,303,15,694,0.01728999972,5,0,1.716632304103,0.941709088066055,15.7457300174298,231.999485607562,17
"177",2020-08-24,2928,252,266,19,18,19,2,0,17,1,1,8,7,0,304,19,1142,0.00963,58,0,0.916455,0.980097419648377,18.828054308036,249.719457138161,19
"178",2020-08-25,2942,254,266,23,19.1,14,0,1,13,4,2,11,9,0,308,13,1647,0.01457000017,73,0,1.39516222558081,1.07030278151463,13.8209004005058,250.500669363729,14
"179",2020-08-26,2960,262,266,15,18,18,1,4,13,0,2,11,9,0,308,14,1832,0.00490999997,41,0,0.480251999201281,0.963113123238332,17.9336067741301,260.757498201578,18
"180",2020-08-27,2973,265,266,16,16.9,13,1,3,9,1,2,9,7,0,309,10,1469,0.00612999976,9,0,0.609267229190798,0.916436011690485,12.9398363227906,263.405662553951,13
"181",2020-08-28,3001,275,266,20,17.4,28,0,3,21,1,1,9,8,0,310,21,2137,0.0060799998,35,0,0.59820255859116,0.897676553722258,23.8759507581816,273.375545642854,28
"182",2020-08-29,3022,289,266,12,16.9,21,0,2,18,0,1,9,8,0,310,18,1790,0.00726000011,11,0.09090999603,0.777091069029983,0.927580340813863,19.8618754182089,286.782333103465,21
"183",2020-08-30,3042,303,267,16,17.3,20,0,6,12,2,1,10,9,1,312,12,1402,0.00428000003,33,0,0.418157494220209,0.742083939402035,17.9504495407605,301.748850904204,20
"184",2020-08-31,3063,313,267,13,16.4,21,1,3,17,1,1,11,10,0,313,18,1353,0.0051700002,54,0,0.497157801748401,0.682184339651807,20.9116323476264,311.463384711504,21
"185",2020-09-01,3088,317,267,18,15.7,25,1,2,22,0,1,11,10,0,313,23,1361,0.01542999983,22,0.09090999603,1.66306939127187,0.720456791893387,24.6222845410834,311.794095631453,25
"186",2020-09-02,3124,327,267,15,15.7,36,1,9,26,0,1,9,8,0,313,27,1528,0.00261999995,51,0,0.253537677238759,0.688069031613026,35.932402159092,326.181315037892,36
"187",2020-09-03,3146,328,267,24,16.9,22,1,4,17,1,1,8,7,0,314,18,1493,0.00938000023,133,0.00751999974,0.922785996851783,0.732857426993167,21.8359787739461,325.011168769685,22
"188",2020-09-04,3168,332,267,24,17.4,22,0,3,19,3,1,11,10,0,317,19,2705,0.00813000023,258,0.00774999976,0.809691210267634,0.763070091518377,21.8480853774308,329.345491858265,22
"189",2020-09-05,3193,339,267,17,18.1,25,1,11,13,2,1,13,12,0,319,14,2256,0.00398999989,164,0,0.371960320323967,0.705194270274661,24.9485777350163,337.754846583608,25
"190",2020-09-06,3214,341,267,27,19.7,21,1,3,16,1,1,14,13,0,320,17,1310,0.00611000001,192,0.03125,0.932363516185087,0.7786522734125,19.8434832772855,337.860458679667,21
"191",2020-09-07,3255,366,267,29,22,41,2,6,33,0,1,12,11,0,320,35,1290,0.0147300005,44,0,1.42441534070465,0.911117636120536,40.5076984083086,360.851931926885,41
"192",2020-09-08,3307,403,267,24,22.9,52,0,14,36,3,1,14,13,0,323,36,1097,0.01276000023,4,0,1.27136423726703,0.855159756976987,49.5480409939704,397.940570015835,52
"193",2020-09-09,3352,434,267,15,22.9,45,2,10,31,0,1,13,12,0,323,33,1587,0.01449000001,29,0,1.42299690692265,1.02222536121754,42.5362921487129,427.901539167922,45
"194",2020-09-10,3429,496,267,33,24.1,77,1,21,52,2,2,14,12,0,325,53,1959,0.01276000023,61,0,1.23746734903812,1.0671798401013,73.3523562606657,489.939032175286,77
"195",2020-09-11,3459,510,267,60,29.3,30,0,1,25,0,1,12,11,0,325,25,2314,0.01555999994,93,0.0752699995,1.78670335748484,1.20675300398948,25.5589183246756,501.001933823382,30
"196",2020-09-12,3508,535,269,47,33.6,49,0,4,42,1,0,12,12,2,326,42,1900,0.01684000015,26,0,1.66126688914849,1.39093965667869,45.3110062967892,526.223532590053,49
"197",2020-09-13,3543,548,270,31,34.1,35,1,5,29,1,1,11,10,1,327,30,1199,0.01667999983,44,0,1.60895573581416,1.48759568805428,34.5233584432451,539.293347563276,35
"198",2020-09-14,3611,598,272,59,38.4,68,0,19,49,1,1,11,10,2,328,49,2394,0.01419999957,218,0.04127999783,1.64601219362634,1.5192523813288,67.203555199391,588.280122637466,68
"199",2020-09-15,3683,646,273,41,40.9,72,0,14,55,1,1,11,10,1,329,55,2961,0.01215999961,28,0,1.20460886066276,1.50971589895677,68.345762707211,638.315685615606,72
"200",2020-09-16,3759,684,274,41,44.6,76,0,7,66,1,0,11,11,1,330,66,1887,0.01907999992,162,0.00616999984,1.80592971318302,1.56442058556539,71.8230139042444,671.802144098533,76
"201",2020-09-17,3809,709,278,57,48,50,2,4,38,2,2,11,9,4,332,40,2512,0.01911000013,208,0.00481000006,1.80164707128824,1.64501768874398,43.2883666959325,696.386299685404,50
"202",2020-09-18,3897,777,278,46,46,88,1,6,78,0,2,11,9,0,332,79,2409,0.01286999941,281,0.0213499999,1.37558284574684,1.58628618706712,83.9268995033784,766.445581191456,88
"203",2020-09-19,3967,828,280,46,45.9,70,2,4,60,0,2,10,8,2,332,62,2101,0.0214199996,161,0,1.98954107690539,1.63318249960382,64.7819330685327,811.732912592663,70
"204",2020-09-20,4010,860,280,76,52.3,43,1,4,34,2,2,11,9,0,334,35,2847,0.01861999989,112,0,1.79152212527307,1.65926341238366,38.380820208391,844.785867977606,43
"205",2020-09-21,4119,940,280,56,51.9,109,2,22,82,1,3,12,9,0,335,84,2949,0.01899000049,73,0,1.85312744688981,1.68885130570702,104.462868127338,922.798762377353,109
"206",2020-09-22,4228,1019,280,85,58.1,109,0,27,81,3,3,15,12,0,338,81,2507,0.01355999947,64,0.03125,1.40003573206107,1.71676943019249,106.880173624937,1004.91230770137,109
"207",2020-09-23,4334,1078,281,67,61.9,106,0,26,75,2,3,16,13,1,340,75,1896,0.01687999964,7,0.5714300156,1.89198578174672,1.72906315427302,99.5987820729051,1057.85982766122,106
"208",2020-09-24,4435,1131,282,38,59.1,101,2,18,75,2,3,18,15,1,342,77,2730,0.01281999946,55,0,1.25668217327828,1.65121102598588,94.0444735069563,1116.96492904373,101
"209",2020-09-25,4554,1194,284,57,60.7,119,5,16,86,3,3,20,17,2,345,91,3291,0.01337000012,59,0.03390000105,1.37315732707075,1.65086452331787,105.766076475064,1177.80983858491,119
"210",2020-09-26,4639,1241,286,75,64.9,85,3,14,66,3,4,21,17,2,348,69,3437,0.02996999979,12,0,2.98657260882082,1.79329759930579,80.9650735270897,1204.40081517563,85
"211",2020-09-27,4721,1271,287,109,69.6,82,2,12,64,2,4,22,18,1,350,66,2684,0.03315999985,13,0,3.30001629949574,2.00879676705188,75.8492666287508,1229.58208916882,82
"212",2020-09-28,4836,1341,288,86,73.9,115,3,11,97,6,4,27,23,1,356,100,3135,0.02584000111,192,0.01042000055,2.49501183004058,2.10049453607342,108.536235674852,1307.96092039976,115
"213",2020-09-29,4943,1372,291,58,70,107,5,18,74,4,3,27,24,3,360,79,2165,0.02632999897,79,0.02532000065,2.62944419881462,2.27612431703821,94.9487546792902,1336.37584075932,107
"214",2020-09-30,5026,1402,291,107,75.7,83,1,10,67,5,5,30,25,0,365,68,3170,0.03059999943,281,0.01422999978,2.92670611797392,2.42394150792781,76.0347645870651,1361.48146986861,83
"215",2020-10-01,5127,1438,293,105,85.3,101,2,11,78,3,5,29,24,2,368,80,3844,0.02263000011,120,0.00833000004,2.21971040432997,2.56151696950663,89.2464713824591,1406.4803230997,101
"216",2020-10-02,5223,1488,294,115,93.6,96,0,13,79,1,5,29,24,1,369,79,3362,0.02171000004,197,0,2.05082945025232,2.65832727281828,90.4001355437395,1457.86584416563,96
"217",2020-10-03,5296,1501,295,65,92.1,73,2,6,64,5,6,31,25,1,374,66,3113,0.03019999981,485,0.01031000018,2.75188853518149,2.62480097658409,70.2065002201725,1460.21146712847,73
"218",2020-10-04,5353,1482,295,77,87.6,57,1,7,47,3,6,32,26,0,377,48,3118,0.0291899991,102,0,2.82653469545963,2.55716074743607,53.6602551033796,1440.63537631684,57
"219",2020-10-05,5431,1483,295,82,87,78,3,13,59,3,6,33,27,0,380,62,3821,0.01779999971,238,0.00839999974,1.72488294727839,2.4471423356129,73.9439660718141,1457.74034975001,78
"220",2020-10-06,5506,1455,296,139,98.6,75,5,15,52,2,7,34,27,1,382,57,2158,0.0194599998,55,0,1.89763576901943,2.34259827421359,70.9318942160835,1427.73519446319,75
"221",2020-10-07,5607,1469,296,174,108.1,101,12,22,63,3,10,36,26,0,385,75,2268,0.03131000042,76,0,3.02948297579181,2.35728068247329,94.7563436805592,1425.05425155655,101
"222",2020-10-08,5687,1428,296,85,105.3,80,5,14,55,2,9,36,27,0,387,60,2434,0.02711999893,182,0,2.52332100136162,2.40065362490638,72.5049686283969,1392.41825335585,80
"223",2020-10-09,5770,1429,296,96,102.6,83,5,19,57,2,9,37,28,0,389,62,2508,0.02072999954,247,0.00810000002,1.95976547554483,2.38764448566246,79.800162737577,1401.34568632254,83
"224",2020-10-10,5835,1414,297,68,103,65,5,7,51,6,9,43,34,1,395,56,2628,0.03006000042,21,0,2.98216991709173,2.42054182593535,61.3509001006382,1372.36022754112,65
"225",2020-10-11,5899,1379,297,139,111.9,64,6,6,48,5,10,46,36,0,400,54,2660,0.0233100009,238,0.01680999994,2.27761843960386,2.34212521795595,58.7854894735466,1347.98499970409,64
"226",2020-10-12,5961,1351,297,62,109,62,2,14,43,3,10,46,36,0,403,45,1994,0.01504999995,237,0.01266000032,1.47961093573017,2.30708635916335,58.3425138640239,1331.26080511769,62
"227",2020-10-13,6046,1373,298,74,99.7,85,4,10,68,1,7,45,38,1,404,72,2117,0.03023000002,18,0,2.99751335092927,2.46421172800761,79.8688197843936,1332.35957727739,85
"228",2020-10-14,6113,1378,300,84,86.9,67,1,16,49,2,7,45,38,2,406,50,3004,0.02963000059,110,0.03635999918,2.98677333597174,2.45811035089046,64.5253164927174,1337.35772253929,67
"229",2020-10-15,6199,1404,300,107,90,86,3,25,52,5,8,49,41,0,411,55,2119,0.02171000004,105,0.00952000022,2.11344829621673,2.39955710729833,78.8521612807949,1374.69880796793,86
"230",2020-10-16,6274,1425,301,78,87.4,75,2,10,59,4,8,47,39,1,415,61,3126,0.02142999887,280,0.00356999993,1.99617664263124,2.40475870259639,69.7975823075657,1396.91073423412,75
"231",2020-10-17,6321,1407,302,64,86.9,47,1,10,36,6,8,49,41,1,421,37,3037,0.02140000105,149,0,2.03991849305869,2.27015135630596,46.2546828880363,1378.65780603965,47
"232",2020-10-18,6378,1375,305,74,77.6,57,1,11,40,2,6,48,42,3,423,41,1144,0.02710000038,37,0.0540500021,2.79443272755461,2.34398196887035,50.868631535965,1337.05776492565,57
"233",2020-10-19,6442,1354,307,69,78.6,64,1,6,57,3,6,47,41,2,426,58,1334,0.03747999907,27,0,3.67364575748567,2.65741551483542,61.895970509679,1304.88179431216,64
"234",2020-10-20,6520,1358,309,46,74.6,78,3,14,57,4,5,45,40,2,430,60,1595,0.02507999897,48,0.02082999945,2.49558358677724,2.5857112628137,72.5214026472746,1324.53441324998,78
"235",2020-10-21,6608,1382,312,69,72.4,88,1,46,40,4,4,44,40,3,434,41,2258,0.03055999994,446,0.00897000015,2.69989274894305,2.5447283218096,85.9069074798934,1345.15478383446,88
"236",2020-10-22,6673,1368,312,88,69.7,65,1,24,36,1,3,43,40,0,435,37,2238,0.02680999994,87,0.01149000049,2.62367354444516,2.6176176429851,60.0413985678666,1332.55765515788,65
"237",2020-10-23,6752,1370,313,92,71.7,79,1,13,64,2,3,36,33,1,437,65,2768,0.02457000017,65,0.01537999988,2.4359145945203,2.68043735039782,76.4364853051445,1337.04592104689,79
"238",2020-10-24,6817,1363,317,63,71.6,65,2,17,41,2,3,36,33,4,439,43,2358,0.02119999886,191,0,1.96114544181561,2.66918405736309,59.1672688479259,1336.60435906332,65
"239",2020-10-25,6887,1344,319,69,70.9,70,1,24,42,3,3,38,35,2,442,43,1751,0.03084000111,77,0,2.95409419822812,2.69199283888788,65.7456482254837,1304.79421430349,70
"240",2020-10-26,6960,1304,320,77,72,73,1,16,51,4,3,39,36,1,446,52,995,0.03920000076,121,0.01652999997,3.6742052645672,2.69207276847095,66.1133414329093,1256.68840824065,73
"241",2020-10-27,7038,1274,322,61,74.1,78,0,15,60,1,3,31,28,2,447,60,1354,0.02880000114,116,0,2.65273479888163,2.71452294162872,73.4282928162009,1240.627417464,78
"242",2020-10-28,7150,1280,325,93,77.6,112,2,69,38,2,2,29,27,3,449,40,1900,0.04052999973,166,0.01807000041,3.87253724855082,2.88204358442984,107.470384948735,1231.05231835951,112
"243",2020-10-29,7214,1264,326,65,74.3,64,0,18,42,9,2,37,35,1,458,42,2190,0.02921999931,96,0,2.79929127248031,2.907131831292,58.8390221506308,1229.06009519994,64
"244",2020-10-30,7264,1233,328,122,78.6,50,1,9,36,4,2,40,38,2,462,37,2789,0.03585999966,105,0.05714000225,3.66320799198307,3.08245945950097,44.6615878965765,1188.39832098591,50
"245",2020-10-31,7303,1163,329,83,81.4,39,0,5,32,2,2,39,37,1,464,32,2352,0.02763999939,322,0,2.43116225001047,3.14960471781452,36.2317713930678,1135.07969156681,39
"246",2020-11-01,7353,1123,332,50,78.7,50,1,6,40,1,2,37,35,3,465,41,1714,0.02566999912,104,0,2.42015283232563,3.07332737982845,46.0201644270627,1096.16206467296,50
"247",2020-11-02,7417,1076,332,56,75.7,64,3,8,47,6,2,42,40,0,471,50,1030,0.01748000026,14,0.07143000126,1.82034677063602,2.80849045212399,57.1012256176719,1056.6583752923,64
"248",2020-11-03,7488,1004,333,36,72.1,71,1,36,33,1,2,43,41,1,472,34,1456,0.02197999954,13,0,2.17854862697345,2.74074957042283,69.268570068543,982.401304376976,71
"249",2020-11-04,7553,928,337,53,66.4,65,5,1,51,1,1,40,39,4,473,56,1466,0.02729000092,295,0.00338999987,2.32863096594946,2.5201915300512,55.7122983604694,906.660944259207,65
"250",2020-11-05,7600,885,337,45,63.6,47,0,6,34,5,2,43,41,0,478,34,2536,0.02404999971,41,0,2.36673648678929,2.4583979892382,39.2053875296261,864.316704815267,47
"251",2020-11-06,7674,879,341,79,57.4,74,2,11,58,4,3,46,43,4,482,60,2342,0.0234800005,116,0.02585999966,2.35923194188609,2.2721156963672,69.6021890341718,858.522069350617,74
"252",2020-11-07,7709,846,346,75,56.3,35,3,4,25,3,4,46,42,5,485,28,2499,0.02760999918,142,0,2.61254782093222,2.29802792078459,31.2776480770119,824.174652612573,35
"253",2020-11-08,7746,784,346,47,55.9,37,1,5,29,1,4,47,43,0,486,30,1176,0.02040999889,92,0.01087000012,1.97178223230915,2.2339749779251,34.4158737049941,768.734832823847,37
"254",2020-11-09,7817,754,350,31,52.3,71,3,24,42,7,4,46,42,4,493,45,711,0.02109999895,20,0.1,2.32586857092339,2.30619237796615,67.966467263416,736.682584813682,71
"255",2020-11-10,7884,763,350,52,54.6,67,0,11,54,3,5,47,42,0,496,54,1374,0.0334800005,17,0,3.30708272372394,2.46741153464479,63.2365409807126,738.082977190439,67
"256",2020-11-11,7940,762,353,77,58,56,0,6,48,2,5,46,41,3,498,48,2375,0.02611000061,241,0.02904999971,2.63808491509404,2.51161924166545,52.7495781291749,742.149552800652,56
"257",2020-11-12,7982,752,355,60,60.1,42,1,8,31,3,3,43,40,2,501,32,2318,0.02157000065,214,0.00467000008,2.01416435718088,2.46125179457853,39.3635395259025,737.043178858709,42
"258",2020-11-13,8021,729,357,79,60.1,39,1,7,27,0,3,36,33,2,501,28,2719,0.02170000076,200,0,2.02131901563686,2.41297851940007,34.4411188701622,714.449130583867,39
"259",2020-11-14,8042,706,357,50,56.6,21,3,2,14,3,3,37,34,0,504,17,1710,0.01578999996,245,0.01633000016,1.5857672619335,2.26629558240025,18.7337957883194,694.944695679616,21
"260",2020-11-15,8072,662,360,30,54.1,30,1,1,25,0,2,35,33,3,504,26,984,0.01524000049,306,0.00653999984,1.31762794055814,2.17284496929297,26.6617072450653,653.38654600897,30
"261",2020-11-16,8116,624,363,11,51.3,44,0,3,39,3,2,33,31,3,507,39,735,0.01223999977,53,0,1.14167510545051,2.00367447422541,41.5603230569401,616.965168911042,44
"262",2020-11-17,8157,602,363,40,49.6,41,1,10,29,1,2,32,30,0,508,30,1828,0.02078999996,38,0,2.03666237550268,1.82218585305094,39.3966534295286,589.892845485873,41
"263",2020-11-18,8199,595,363,66,48,42,3,6,31,1,2,32,30,0,509,34,2684,0.02049000025,20,0.05,2.07082694789201,1.74114900059351,39.3047367436272,582.832893013477,42
"264",2020-11-19,8219,577,364,53,47,20,2,1,17,0,2,30,28,1,509,19,2476,0.01212000012,187,0.01603999972,1.23952685860909,1.63048650079754,19.7674394231997,569.937502483485,20
"265",2020-11-20,8244,534,364,28,39.7,25,1,2,20,1,2,30,28,0,510,21,2643,0.00757000029,222,0.02252000093,0.872842965896335,1.46641849369175,22.8189985873665,529.397392650176,25
"266",2020-11-21,8273,502,365,27,36.4,29,4,4,19,2,2,31,29,1,512,23,1495,0.01873000026,71,0,1.78808112316092,1.4953204738671,26.5938919412747,493.136250196517,29
"267",2020-11-22,8300,489,368,26,35.9,27,3,4,19,3,4,31,27,3,515,22,1220,0.01475000024,36,0,1.43272295324841,1.51176261853714,25.6887485002446,482.081728028164,27
"268",2020-11-23,8340,472,370,20,37.1,40,2,10,25,1,3,27,24,2,516,27,922,0.01735000014,13,0,1.71087701915294,1.59307717763748,36.5438484969436,464.02579594657,40
"269",2020-11-24,8383,481,370,21,34.4,43,2,7,33,1,3,23,20,0,517,35,1403,0.00855000019,41,0.09755999565,1.10772923048615,1.46037244263512,41.6171503860232,475.738552447919,43
"270",2020-11-25,8438,489,371,38,30.4,55,4,10,39,2,2,23,21,1,519,43,2618,0.01222000003,72,0.01389000058,1.22646989294796,1.33975000621454,52.4792228739582,483.077674078268,55
"271",2020-11-26,8483,504,372,60,31.4,45,3,4,37,3,2,23,21,1,522,40,3059,0.01437999964,224,0.0044600001,1.37031553217058,1.35843410243761,43.4587385147102,497.180105285348,45
"272",2020-11-27,8531,516,374,56,35.4,48,2,3,42,3,1,24,23,2,525,44,3154,0.01776000023,336,0.00298000008,1.63370546568195,1.46712874526413,46.2901722203875,507.675656039089,48
"273",2020-11-28,8575,518,375,60,40.1,44,2,3,39,2,1,25,24,1,527,41,2597,0.01194000006,191,0,1.11220158378121,1.37057452535274,43.5497083235777,512.310949063738,44
"274",2020-11-29,8620,530,377,22,39.6,45,0,4,38,5,1,28,27,2,532,38,898,0.02450000048,12,0,2.41769235505934,1.51128443989716,41.0927829845507,517.346710047681,45
"275",2020-11-30,8663,536,378,47,43.4,43,1,7,34,1,1,25,24,1,533,35,1135,0.02290999889,61,0,2.17415123245401,1.57746647036874,41.2485772360572,524.492497100761,43
"276",2020-12-01,8717,558,378,34,45.3,54,2,12,39,3,1,27,26,0,536,41,1906,0.01417000055,113,0.01769999981,1.43675686116048,1.62447041760793,52.4183071980318,550.083302841506,54
"277",2020-12-02,8759,572,379,49,46.9,42,1,5,34,6,1,31,30,1,542,35,2859,0.01014000058,81,0.01235000014,1.02008883229796,1.59498740894365,39.6474403627537,566.238168214146,42
"278",2020-12-03,8797,571,380,38,43.7,38,0,5,32,3,1,33,32,1,545,32,3327,0.01021999955,202,0,0.963500665991783,1.53687099948953,36.6955411863565,565.567313044048,38
"279",2020-12-04,8840,575,382,55,43.6,43,1,5,33,2,1,31,30,2,547,34,2994,0.01101999998,165,0.01212000012,1.10774548781007,1.46173385979355,38.6280834881587,568.710235461507,43
"280",2020-12-05,8875,564,382,46,41.6,35,4,1,29,1,1,31,30,0,548,33,2277,0.01845000029,209,0,1.68988940709292,1.54426069169522,33.4493206681872,554.588389601745,35
"281",2020-12-06,8914,558,383,33,43.1,39,0,7,30,1,2,31,29,1,549,30,1397,0.01575000048,20,0,1.55276998380804,1.42070035294504,36.5400030678966,549.444057062878,39
"282",2020-12-07,8968,561,384,23,39.7,54,1,3,45,2,1,30,29,1,551,46,1068,0.01684999943,25,0.04,1.73795053899726,1.3583859681655,48.2105551471791,551.37220516451,54
"283",2020-12-08,9015,565,384,57,43,47,1,1,44,0,1,27,26,0,551,45,2367,0.01942999959,69,0,1.88796424587562,1.42284416598195,45.1610562703301,554.466595394144,47
"284",2020-12-09,9068,574,386,36,41.1,53,2,3,46,1,3,24,21,2,552,48,2911,0.00962000012,167,0.00598999977,0.94230507832716,1.41173220112898,50.5533582440094,568.65890900128,53
"285",2020-12-10,9113,573,386,60,44.3,45,2,0,43,1,3,23,20,0,553,45,3091,0.01391000032,252,0.00397000015,1.31607092512474,1.46209938100511,44.4151851906908,565.553358094797,45
"286",2020-12-11,9152,557,386,48,43.3,39,6,2,30,1,2,23,21,0,554,36,3047,0.01180999994,32,0,1.16872587908996,1.47081086547367,37.5845280438515,550.571725567369,39
"287",2020-12-12,9185,546,387,59,45.1,33,2,5,26,0,2,20,18,1,554,28,2616,0.01567000031,24,0,1.55275457617273,1.45122017534222,32.5706737901445,537.628138907818,33
"288",2020-12-13,9224,543,388,30,44.7,39,5,2,32,0,2,19,17,1,554,37,1502,0.01197999954,47,0,1.16165005223241,1.39534589940284,38.5755724236098,536.771238541085,39
"289",2020-12-14,9267,540,388,16,43.7,43,4,4,35,2,2,20,18,0,556,39,917,0.01745000005,20,0,1.70775347340982,1.39103203289035,42.3423174219146,530.893625841894,43
"290",2020-12-15,9313,548,389,54,43.3,46,2,6,37,1,1,20,19,1,557,39,2079,0.01347000003,49,0,1.3159835555625,1.30932050570276,44.4931941459839,540.878727999979,46
"291",2020-12-16,9368,566,389,53,45.7,55,3,4,47,0,1,18,17,0,557,50,2312,0.01687000036,94,0,1.62109064140981,1.40628987185742,53.1996059413329,556.939539255888,55
"292",2020-12-17,9405,561,390,61,45.9,37,1,5,29,1,0,17,17,1,558,30,3207,0.01340999961,83,0.02410000086,1.36796865716261,1.41370383357712,34.5947491308628,553.421808747134,37
"293",2020-12-18,9446,548,390,25,42.6,41,3,4,34,0,0,16,16,0,558,37,3298,0.00727999985,170,0.00588,0.721137240637255,1.34976259951245,40.7365208819126,544.097660629409,41
"294",2020-12-19,9485,545,390,46,40.7,39,1,7,28,3,0,19,19,0,561,29,2799,0.0117900002,140,0,1.12283805919701,1.2883459542302,35.6784550627138,538.95717273031,39
"295",2020-12-20,9529,540,390,24,39.9,44,5,2,34,0,0,16,16,0,561,39,1360,0.01618000031,51,0,1.55951810216868,1.34518424707824,40.3994051823198,531.684071755198,44
"296",2020-12-21,9604,562,390,22,40.7,75,7,8,60,1,0,15,15,0,562,67,1365,0.00658999979,32,0.03125,0.715486736818182,1.20343185613658,74.526627588309,558.029323949696,75
"297",2020-12-22,9688,606,390,73,43.4,84,5,7,70,2,0,15,15,0,564,75,3021,0.02250999928,48,0,2.21579367301662,1.33197615863002,80.3589676797106,592.740458852062,84
"298",2020-12-23,9788,673,390,52,43.3,100,5,6,88,1,1,13,12,0,565,93,2652,0.01998000026,199,0.01508000016,1.9637979909281,1.38093435141835,97.1965408350211,659.949161096443,100
"299",2020-12-24,9863,700,390,49,41.6,75,11,6,56,2,1,13,12,0,567,67,3469,0.01557000041,144,0,1.49494413014918,1.39907370470214,72.0109316192511,689.66644975337,75
"300",2020-12-25,9928,731,390,47,44.7,65,6,2,56,0,1,10,9,0,567,62,2537,0.0295600009,161,0,2.77960423585248,1.69314041830432,62.2982286510392,710.935566837252,65
"301",2020-12-26,10020,773,390,95,51.7,92,5,4,82,2,2,12,10,0,569,87,951,0.01998000026,50,0,1.8981998249011,1.80390638483348,89.3692486944437,758.510680928793,92
"302",2020-12-27,10130,837,391,37,53.6,110,8,6,94,2,4,12,8,1,571,102,1480,0.02703000069,32,0.0625,2.77806885060847,1.97798506318202,105.201858130925,814.038777015532,110
"303",2020-12-28,10261,930,391,65,59.7,131,15,6,108,1,2,13,11,0,572,123,1188,0.04125,39,0.02563999891,4.07538385961614,2.45797036643887,124.050057138099,892.573602751481,131
"304",2020-12-29,10382,1008,391,112,65.3,121,5,15,101,3,4,12,8,0,575,106,1880,0.05052999973,25,0.04,5.03918107571654,2.86131142396743,115.725365355948,957.841210177315,121
"305",2020-12-30,10519,1099,391,88,70.4,137,12,10,115,3,5,13,8,0,578,127,2458,0.05736000061,62,0,5.5948762499754,3.38003688954561,129.983496288565,1038.28238126877,137
"306",2020-12-31,10644,1186,391,147,84.4,125,0,9,116,2,5,13,8,0,580,116,2652,0.03318000078,144,0,3.14711595381116,3.61606143578304,121.395066256573,1149.14266017496,125
"307",2021-01-01,10761,1241,392,87,90.1,117,0,5,111,2,6,13,7,1,582,111,2759,0.03914000034,134,0.01493000031,3.80186246040788,3.76209832500524,111.832784752847,1194.40978268724,117
"308",2021-01-02,10874,1301,392,134,95.7,113,2,8,101,2,6,15,9,0,584,103,2369,0.02954999924,431,0,2.50014100712714,3.8480899224661,108.457105857597,1268.88053126926,113
"309",2021-01-03,10997,1327,393,106,105.6,123,0,5,118,3,5,18,13,1,587,118,1516,0.06002999783,126,0.02381000042,5.72506314026797,4.26908910670317,116.329032246592,1251.97987958667,123
"310",2021-01-04,11172,1438,393,117,113,175,4,30,140,5,8,21,13,0,592,144,1386,0.05339000225,155,0.00644999981,4.86685873387735,4.38215694588335,167.079495013709,1368.8910682619,175
"311",2021-01-05,11313,1511,395,105,112,141,2,19,120,6,8,23,15,2,598,122,2417,0.05750999928,97,0.01031000018,5.5688837819101,4.45782876105386,134.291050257303,1427.90800769496,141
"312",2021-01-06,11496,1605,395,132,118.3,183,11,42,129,7,7,28,21,0,605,140,2627,0.05138999939,211,0.01422000051,4.86264793887033,4.35322471661028,175.277552545997,1527.93194168804,183
"313",2021-01-07,11613,1641,395,187,124,117,2,7,107,6,9,32,23,0,611,109,2311,0.04889999866,91,0.01098999977,4.74637747220358,4.58169064780919,110.891242065346,1564.08741494708,117
"314",2021-01-08,11743,1671,395,185,138,130,6,13,110,0,11,30,19,0,611,116,2661,0.03683000088,249,0,3.36785678150103,4.51968983653679,125.142213781491,1615.42792438683,130
"315",2021-01-09,11841,1680,397,154,140.9,98,6,2,90,4,11,30,19,2,615,96,3020,0.03244999886,375,0.0026699999,2.91606028040353,4.57910687557627,95.2356420141003,1631.62373524676,98
"316",2021-01-10,11934,1664,397,116,142.3,93,5,3,83,5,11,34,23,0,620,88,1824,0.05098999977,78,0,4.88989272242271,4.45979681588409,86.7507864586203,1583.65123485391,93
"317",2021-01-11,12098,1715,397,64,134.7,164,2,25,135,3,13,34,21,0,623,137,1608,0.03420000076,115,0,3.19173541625537,4.22049348479524,157.682085852217,1660.94727909892,164
"318",2021-01-12,12238,1743,398,161,142.7,140,1,22,115,4,13,35,22,1,627,116,2211,0.07056000233,74,0.01350999951,6.87124311227002,4.4065448177038,130.129182235973,1624.73417790776,140
"319",2021-01-13,12326,1730,402,172,148.4,88,0,9,75,2,11,34,23,4,629,75,2532,0.03752000093,173,0.01156000018,3.58597125271349,4.22416243396711,81.3442045633609,1668.73965192819,88
"320",2021-01-14,12418,1718,402,129,140.1,92,2,14,75,9,10,41,31,0,638,77,2581,0.03371000051,146,0,3.1905211337114,4.00189724275394,88.5740664308748,1663.87332634082,92
"321",2021-01-15,12511,1686,404,144,134.3,93,6,7,78,5,11,41,30,2,643,84,2923,0.03729000092,206,0.00485000014,3.51542897788431,4.02297898509441,88.0840225063553,1627.47216602042,93
"322",2021-01-16,12572,1637,405,119,129.3,61,0,0,59,2,9,39,30,1,645,59,2470,0.03239000082,289,0,2.89972098678507,4.02064480029177,57.3105911041691,1590.12606165296,61
"323",2021-01-17,12652,1576,407,72,123,80,2,3,72,2,9,39,30,2,647,74,2036,0.02602999926,32,0,2.56272139716441,3.6881917538263,75.1273368352691,1536.11733584303,80
"324",2021-01-18,12773,1596,408,63,122.9,121,2,45,72,7,10,43,33,1,654,74,1021,0.03917999983,48,0,3.74207482005893,3.76681166865538,116.265545258667,1537.02446260585,121
"325",2021-01-19,12847,1540,415,81,111.4,74,3,24,47,8,9,45,36,7,662,50,2337,0.04107999802,89,0,3.95729412088788,3.35053324131507,72.0461334968892,1479.82091170419,74
"326",2021-01-20,12908,1500,415,166,110.6,61,1,8,50,2,7,37,30,0,664,51,3065,0.02250999928,163,0.00612999976,2.16828803451301,3.14800706728643,57.9080224681515,1467.88301376916,61
"327",2021-01-21,12978,1467,417,81,103.7,70,1,9,59,3,7,37,30,2,667,60,2636,0.02427999973,117,0,2.32481217901489,3.02433435947264,67.622582248221,1433.322135969,70
"328",2021-01-22,13057,1437,418,95,96.7,79,1,3,74,5,6,37,31,1,672,75,2311,0.03072000027,111,0.00901000023,2.97250332987201,2.94677355261374,75.7985432055834,1394.82008781898,79
"329",2021-01-23,13105,1370,418,84,91.7,48,1,4,40,4,9,39,30,0,676,41,2122,0.03299000025,276,0,2.9192986042744,2.94957035511222,43.8180776923309,1330.50649849984,48
"330",2021-01-24,13151,1286,419,44,87.7,46,2,9,35,2,8,37,29,1,678,37,1247,0.02244999886,36,0,2.18200690400779,2.89518257037556,45.2027685961406,1258.29082201721,46
"331",2021-01-25,13214,1227,419,29,82.9,63,1,18,43,4,7,38,31,0,682,44,825,0.02061000109,48,0,1.94768051537801,2.63884052684971,61.1537533755827,1203.40125890545,63
"332",2021-01-26,13276,1166,420,74,81.9,62,1,19,40,8,5,40,35,1,690,41,2354,0.02421000004,79,0,2.34238964628689,2.408139887621,59.0516480321177,1139.02979525486,62
"333",2021-01-27,13354,1126,422,80,69.6,78,0,27,50,1,4,30,26,2,691,50,2800,0.01963999987,175,0.0057099998,1.88205881011765,2.36724999842166,76.0707560384346,1105.07342598555,78
"334",2021-01-28,13392,1065,422,66,67.4,38,1,3,33,3,5,30,25,0,694,34,2355,0.02122999907,209,0.02871000051,2.18397183761466,2.3471299496502,36.2667492698064,1042.03199918658,38
"335",2021-01-29,13421,963,422,73,64.3,29,1,2,26,3,4,31,27,0,697,27,2847,0.01228999972,180,0.00555999994,1.18898015170268,2.09234092419744,28.6829958686499,951.693519315181,29
"336",2021-01-30,13440,866,423,42,58.3,19,1,6,12,2,5,33,28,1,699,13,2155,0.01577999949,216,0,1.43424288911641,1.8801901077463,18.8158835422087,853.735011350213,19
"337",2021-01-31,13482,807,424,25,55.6,42,3,5,34,4,6,32,26,1,703,37,922,0.01952000022,24,0,1.90247782271036,1.84025738184666,41.3048990529659,791.839284749824,42
"338",2021-02-01,13522,716,424,26,55.1,40,6,7,25,4,5,29,24,0,707,31,548,0.02920000076,29,0,2.77324097339341,1.95819459013458,37.1510622319156,696.39227606618,40
"339",2021-02-02,13564,652,425,59,53,42,4,5,31,3,5,27,22,1,710,35,2439,0.02213999987,107,0.02803999901,2.23879574143755,1.94339546087039,39.2262350204426,637.585863809388,42
"340",2021-02-03,13627,637,425,54,49.3,63,4,22,36,2,4,26,22,0,712,40,2865,0.01291000009,212,0,1.20205233207182,1.84625167829241,61.5252008640501,629.438823759998,63
"341",2021-02-04,13709,639,425,51,47.1,82,3,43,33,2,5,25,20,0,714,36,2814,0.01279000044,90,0,1.2393616128843,1.71130736047379,78.5594176505432,631.179663297142,82
"342",2021-02-05,13767,638,427,72,47,58,1,8,48,2,5,21,16,2,716,49,2435,0.01601999998,149,0,1.50962461111842,1.7571137118189,56.2695481375823,628.489218607704,58
"343",2021-02-06,13792,607,427,61,49.7,25,1,4,19,3,6,21,15,0,719,20,2369,0.01434999943,205,0.01463000059,1.43722994446853,1.75754043401206,23.7161539819906,598.385273353415,25
"344",2021-02-07,13817,562,429,33,50.9,25,1,2,19,3,4,23,19,2,722,20,1004,0.0249000001,75,0,2.31692308622799,1.81674690022886,21.5424188073795,549.141968487364,25
"345",2021-02-08,13864,559,431,24,50.6,47,1,7,38,2,5,21,16,2,724,39,852,0.01407999992,29,0,1.36165265968672,1.61509142684219,45.4756062595548,551.483689720285,47
"346",2021-02-09,13919,578,431,43,48.3,55,6,7,39,0,2,19,17,0,724,45,2244,0.01782999992,149,0,1.67198160553615,1.53411797885628,51.2570312244248,568.456978838167,55
"347",2021-02-10,13976,595,432,40,46.3,57,0,6,50,3,4,20,16,1,727,50,2791,0.01253999949,100,0,1.21062395629851,1.53534249660295,55.4022689434202,587.887000426701,57
"348",2021-02-11,14036,621,433,51,46.3,60,1,11,46,1,3,16,13,1,728,47,2563,0.01521999955,58,0,1.48831968129149,1.57090793494683,57.3092504096433,611.873287327415,60
"349",2021-02-12,14087,624,435,52,43.4,51,0,8,41,3,2,16,14,2,731,41,2612,0.01570000052,173,0,1.47247401645386,1.56560070713761,48.4038465661026,614.926835542635,51
"350",2021-02-13,14119,622,435,46,41.3,32,0,3,28,6,2,21,19,0,737,28,2099,0.02191999912,46,0.02174000025,2.1916139004373,1.67336984370457,30.3940334784519,608.538886557038,32
"351",2021-02-14,14160,597,437,48,43.4,41,0,4,35,4,2,21,19,2,741,35,1175,0.01702000022,10,0,1.68763715261603,1.58347185318858,38.4167245797708,587.050987832091,41
"352",2021-02-15,14222,620,438,34,44.9,62,2,8,51,4,2,23,21,1,745,53,867,0.02653000116,26,0,2.5757571115028,1.75691534630516,59.651945872667,604.230310208557,62
"353",2021-02-16,14273,615,438,60,47.3,51,3,13,32,3,2,24,22,0,748,35,1561,0.0333100009,23,0,3.28263329576389,1.98700844490913,46.865467430557,595.064641994073,51
"354",2021-02-17,14330,630,439,49,48.6,57,5,6,44,2,2,25,23,1,750,49,2063,0.01842000008,222,0,1.66303983216805,2.05163928431906,54.1953161509589,619.654064798042,57
"355",2021-02-18,14402,646,439,68,51,72,3,12,53,3,3,26,23,0,753,56,2348,0.02128999949,116,0,2.02877105529708,2.12884662346272,66.8781168625089,633.058276663942,72
"356",2021-02-19,14456,650,440,58,51.9,54,2,16,33,1,3,26,23,1,754,35,2576,0.01514000058,96,0,1.45960484633533,2.12700817058864,50.495536330902,640.631389002466,54
"357",2021-02-20,14505,629,440,66,54.7,49,0,3,45,4,3,26,23,0,758,45,2384,0.02559000015,68,0,2.48803264101142,2.16935370495637,46.8944073554621,613.546271701904,49
"358",2021-02-21,14547,618,440,53,55.4,42,0,7,33,2,4,24,20,0,760,33,1000,0.03,28,0,2.91828793774319,2.34516095997454,39.0490260221476,600.190850960219,42
"359",2021-02-22,14612,633,440,32,55.1,65,0,11,54,1,6,23,17,0,761,54,863,0.01506000042,66,0,1.399007574,2.17705388318842,64.2539973352576,624.255190985519,65
"360",2021-02-23,14667,639,440,47,53.3,55,0,7,47,3,6,25,19,0,764,47,2036,0.01965000033,84,0,1.88714154112641,1.97769791824021,53.12415171091,627.092190282372,55
"361",2021-02-24,14713,646,441,60,54.9,46,2,10,34,1,6,24,18,1,765,36,2874,0.01878999949,41,0,1.85257147630394,2.00477386740248,45.3414268401721,634.182270520866,46
"362",2021-02-25,14746,642,441,43,51.3,33,1,5,25,1,6,23,17,0,766,26,2376,0.01851999998,128,0.00781000018,1.7972523951885,1.97169977310126,30.5385666580326,630.606145940652,33
"363",2021-02-26,14811,645,441,57,51.1,65,5,12,43,1,6,21,15,0,767,48,2639,0.01819000006,181,0,1.70224858717518,2.00636316464981,59.193153771963,634.158003810753,65
"364",2021-02-27,14857,650,442,71,51.9,46,0,4,34,3,6,23,17,1,770,34,2535,0.0209100008,47,0.02128000021,2.09167358783385,1.9497404427673,37.2977376543093,636.574396332383,46
"365",2021-02-28,14922,661,442,49,51.3,65,2,8,54,7,6,28,22,0,777,56,1552,0.02576999903,94,0,2.42983222931713,1.87996105584929,62.6563354214435,645.139959170967,65
"366",2021-03-01,14999,676,442,54,54.4,77,4,7,64,3,6,29,23,0,780,68,996,0.02911999941,45,0,2.78612098101441,2.0781201139942,73.1291652130755,657.401701235868,77
"367",2021-03-02,15062,685,443,61,56.4,63,1,6,54,3,4,29,25,1,783,55,2006,0.02592000008,41,0,2.54008403324279,2.17139761286797,59.6204503755261,667.818336495189,63
"368",2021-03-03,15121,695,443,65,57.1,59,0,5,51,6,5,32,27,0,789,51,2676,0.02092999935,109,0,2.01108360002154,2.19404220197049,54.9871926280377,681.198017186004,59
"369",2021-03-04,15178,691,443,61,59.7,57,3,3,50,1,5,31,26,0,790,53,2414,0.02029999971,225,0.00444000006,1.89477829910724,2.20797447395888,55.0083444999197,678.071057536689,57
"370",2021-03-05,15251,694,444,51,58.9,73,1,10,57,1,2,28,26,1,791,58,2440,0.0188499999,154,0,1.77309174078643,2.21809492447477,66.9844863773113,681.848854238863,73
"371",2021-03-06,15307,707,446,46,55.3,56,3,3,47,0,2,26,24,2,791,50,1957,0.02095000029,25,0,2.06857470068264,2.21479508345317,51.9786660547891,692.558338014718,56
"372",2021-03-07,15347,698,447,54,56,40,1,0,38,2,5,25,20,1,793,39,1752,0.01940999985,16,0.0625,1.97999546024887,2.15053268787199,38.237472773928,684.352717851327,40
"373",2021-03-08,15430,740,448,38,53.7,83,1,9,65,6,4,29,25,1,799,66,1170,0.02051000118,142,0,1.82901687352134,2.01380352965869,73.8079672130525,726.634783903921,83
"374",2021-03-09,15487,747,448,70,55,57,0,8,47,1,3,27,24,0,800,47,2105,0.03183000088,57,0,3.09908195432007,2.09366037552688,53.5616735320124,724.13978996624,57
"375",2021-03-10,15567,770,448,76,56.6,80,5,8,64,0,2,24,22,0,800,69,2655,0.01807999969,173,0,1.69739742492751,2.04884806479916,75.8434639275693,757.093727887368,80
"376",2021-03-11,15628,767,451,73,58.3,61,1,7,52,1,2,20,18,3,801,53,2321,0.02801000118,86,0,2.70092283916826,2.16401157052216,58.5864388514395,746.543369793473,61
"377",2021-03-12,15710,772,451,93,64.3,82,5,4,67,2,2,17,15,0,803,72,2361,0.02286999941,133,0,2.16503883749038,2.22000401290844,74.4606947838786,755.49522740492,82
"378",2021-03-13,15778,790,451,56,65.7,68,5,3,54,5,4,22,18,0,808,59,2353,0.01870000005,99,0,1.79449837347675,2.18085025187903,60.9545057853767,776.001009668603,68
"379",2021-03-14,15846,815,451,65,67.3,68,2,10,51,2,3,23,20,0,810,53,1535,0.02996999979,36,0,2.9283227038606,2.31632557239499,61.4674263386585,791.433065396352,68
"380",2021-03-15,15953,862,452,58,70.1,107,4,3,97,4,5,25,20,1,814,101,1000,0.03200000048,13,0,3.15893390720632,2.50631372006427,100.849434837105,835.111018114696,107
"381",2021-03-16,16039,880,453,85,72.3,86,7,4,72,5,6,27,21,1,819,79,1583,0.03411000013,9,0,3.39171672146922,2.54811868679986,80.3541012746256,850.526697742665,86
"382",2021-03-17,16127,907,454,77,72.4,88,3,5,76,3,5,27,22,1,822,79,2842,0.02674000025,175,0,2.51889561519722,2.66547557112411,82.0349942978981,884.439744660678,88
"383",2021-03-18,16220,945,455,63,71,93,6,3,80,2,5,24,19,1,824,86,2566,0.02845000029,161,0,2.67703339729153,2.66206279371314,86.7265846198499,920.018865880908,93
"384",2021-03-19,16345,993,457,117,74.4,125,7,6,104,2,4,24,20,2,826,111,2615,0.03823999882,97,0,3.68722702486357,2.87951824905217,112.958436466932,956.844391096065,125
"385",2021-03-20,16448,1047,458,83,78.3,103,5,6,87,4,4,27,23,1,830,92,1997,0.04356999874,151,0.00662,4.09724895175885,3.20848261737819,94.2777397594318,1004.63906008832,103
"386",2021-03-21,16533,1075,459,87,81.4,85,5,1,77,4,4,29,25,1,834,82,1306,0.04210999966,87,0,3.94800140387365,3.35415100309434,79.8031835296909,1033.09051578558,85
"387",2021-03-22,16682,1151,460,56,81.1,149,6,7,133,4,7,30,23,1,838,139,1150,0.05478000164,131,0,4.9177987420765,3.60541740807579,139.249870495677,1095.10504273758,149
"388",2021-03-23,16806,1190,461,108,84.4,124,2,0,120,5,9,31,22,1,843,122,1966,0.0350999999,153,0,3.25656440789995,3.58610993470875,118.076749344738,1151.73222721507,124
"389",2021-03-24,16959,1280,461,85,85.6,153,7,2,137,4,9,33,24,0,847,144,3106,0.04572000027,47,0,4.50384779063178,3.8696745311994,139.59568403422,1223.07274697085,153
"390",2021-03-25,17108,1362,462,123,94.1,149,7,4,132,8,10,40,30,1,855,139,3005,0.0379399991,282,0,3.46850311212352,3.98274163331826,138.239161580025,1315.35063361147,149
"391",2021-03-26,17257,1446,463,103,92.1,149,10,2,130,4,11,42,31,1,859,140,2390,0.06736000061,117,0,6.42163547897487,4.37337141247702,133.12230463343,1354.30608928529,149
"392",2021-03-27,17373,1499,465,138,100,116,7,3,100,5,13,44,31,2,864,107,2476,0.06260000229,117,0,5.97753974816969,4.64198438339285,103.684135507165,1410.51887032935,116
"393",2021-03-28,17510,1558,466,139,107.4,137,3,5,124,5,13,45,32,1,869,127,2480,0.08265999794,157,0,7.77386404593098,5.18853618940104,122.250839608704,1438.40006386111,137
"394",2021-03-29,17719,1706,466,111,115.3,209,7,1,189,4,12,47,35,0,873,196,1644,0.08394000053,40,0,8.19461762893824,5.65665317323843,181.139702904222,1567.95067936022,209
"395",2021-03-30,17928,1837,467,170,124.1,209,9,6,186,6,12,48,36,1,879,195,1968,0.04065000057,64,0,3.93696855914173,5.75385376627297,193.419059096839,1765.58364903022,209
"396",2021-03-31,18135,1940,468,163,135.3,207,7,5,190,8,14,54,40,1,887,197,3023,0.0793900013,224,0,7.39131425715738,6.16634897577663,187.621471352533,1798.40433717723,207
"397",2021-04-01,18372,2075,469,144,138.3,237,12,4,203,4,15,53,38,1,891,215,2634,0.07212999821,100,0.01,6.98575037619386,6.66881287064382,204.1687390572,1931.86108624972,237
"398",2021-04-02,18570,2168,470,242,158.1,198,15,7,162,6,15,57,42,1,897,177,3130,0.09392999649,99,0,9.10501359596469,7.05215260164237,168.085960991642,1973.07549960384,198
"399",2021-04-03,18821,2346,470,222,170.1,251,16,3,223,11,14,61,47,0,908,239,2885,0.1019099998,36,0,10.0654005280041,7.63613271304728,218.244973705881,2112.8230473389,251
"400",2021-04-04,19051,2505,471,152,172,230,9,2,215,12,15,64,49,1,920,224,1818,0.09295999527,139,0,8.63573180382524,7.75925667846075,206.898225326487,2291.38417161987,230
"401",2021-04-05,19336,2650,472,184,182.4,285,8,4,269,5,17,67,50,1,925,277,2045,0.1056200027,162,0,9.78671977895333,7.98669984274862,254.230301752969,2393.89999871974,285
"402",2021-04-06,19610,2787,473,156,180.4,274,7,6,245,10,19,70,51,1,935,252,1749,0.1286400032,83,0,12.2811880784279,9.17873120264665,227.439005944476,2449.00995860021,274
"403",2021-04-07,19918,2928,474,219,188.4,308,3,6,290,12,23,76,53,1,947,293,3364,0.0981000042,44,0,9.683345485,9.5061642351956,270.983130925608,2648.0225506832,308
"404",2021-04-08,20212,3099,475,170,192.1,294,22,5,255,10,29,83,54,1,957,277,3366,0.08586000443,194,0.01031000018,8.17429536366011,9.6759563762622,259.640780035628,2848.85118169824,294
"405",2021-04-09,20508,3251,477,261,194.9,296,13,2,276,14,30,88,58,2,971,289,3418,0.1102999973,158,0,10.5426563414821,9.88133391133612,260.913307587965,2912.55073691513,296
"406",2021-04-10,20795,3415,480,381,217.6,287,12,2,262,14,26,92,66,3,985,274,3187,0.0875399971,97,0,8.49543150906516,9.65705262291627,253.014044636849,3128.51446144102,287
"407",2021-04-11,21064,3553,480,205,225.1,269,8,4,249,13,28,100,72,0,998,257,2714,0.145909996,29,0,14.4367382115931,10.485767824026,224.362253123267,3046.48671341233,269
"408",2021-04-12,21379,3648,481,264,236.6,315,16,3,292,16,27,100,73,1,1014,308,2125,0.08046999931,107,0,7.66123425330421,10.1821270346475,287.698922116961,3372.01840221647,315
"409",2021-04-13,21615,3674,483,245,249.3,236,10,0,219,12,28,104,76,2,1026,229,2670,0.07677999973,178,0,7.1981249746875,9.45597516268461,212.722735590596,3412.85297187707,236
"410",2021-04-14,21888,3747,485,388,273.4,273,10,11,248,12,28,101,73,2,1038,258,3971,0.1714900017,97,0.01031000018,16.7646722411052,10.4675932706996,226.288843962875,3126.69495476315,273
"411",2021-04-15,22110,3750,485,313,293.9,222,15,3,202,19,29,107,78,0,1057,217,3902,0.1309599972,98,0.01019999981,12.8001377263945,11.1284278939474,192.571571241697,3276.00641546712,222
"412",2021-04-16,22346,3789,487,348,306.3,236,1,10,219,20,24,114,90,2,1077,220,2970,0.120539999,244,0.00409999996,11.1700123528388,11.2180501812841,205.733737710945,3371.06878266713,236
"413",2021-04-17,22527,3736,490,405,309.7,181,5,7,167,16,23,123,100,3,1093,172,2935,0.1018700027,121,0.00825999975,9.81635856983802,11.4067540471088,162.327320030959,3373.85388160269,181
"414",2021-04-18,22689,3678,490,294,322.4,162,5,8,146,11,22,122,100,0,1104,151,1949,0.06465000153,188,0.01595999956,6.0366557276205,10.2067422636841,149.99881041155,3458.75248141511,162
"415",2021-04-19,22916,3617,491,258,321.6,227,5,4,218,22,22,115,93,1,1126,223,2084,0.1122799969,88,0.0340899992,10.9112078024494,10.6710241992763,202.972740258965,3227.28431173397,227
"416",2021-04-20,23105,3505,492,188,313.4,189,9,2,178,17,27,118,91,1,1143,187,2775,0.100539999,221,0,9.31236639602804,10.9730586880392,171.803969180543,3182.68936886526,189
"417",2021-04-21,23300,3406,493,207,287.6,195,3,2,185,12,25,110,85,1,1155,188,2521,0.1368500042,236,0.02118999958,12.6949474243409,10.3916694285015,166.432402680172,2979.02533791843,195
"418",2021-04-22,23476,3298,496,239,277,176,7,4,161,14,22,106,84,3,1169,168,2358,0.1632699966,213,0.0093900001,15.0521478803617,10.7133851647825,147.029093333263,2807.79732031607,176
"419",2021-04-23,23684,3223,499,189,254.3,208,5,8,186,21,29,112,83,3,1190,191,2507,0.0805700016,86,0.01162999988,7.82835225610798,10.2360051509638,184.235107813179,2973.85210723496,208
"420",2021-04-24,23841,3103,500,227,228.9,157,2,2,151,18,31,118,87,1,1208,153,2464,0.08522999763,214,0.00467000008,7.87924175419866,9.95927417730103,143.095739827961,2861.56915481153,157
"421",2021-04-25,23989,2972,505,139,206.7,148,2,6,136,21,30,124,94,5,1229,138,1621,0.1357199955,93,0.02151000023,12.9523070435758,10.9472243652946,126.349672390091,2591.8784517634,148
"422",2021-04-26,24152,2836,510,173,194.6,163,4,7,148,12,31,123,92,5,1241,152,1304,0.1150300026,31,0,11.2358893925393,10.9936074495932,142.135339747777,2521.34094424143,163
"423",2021-04-27,24312,2743,511,189,194.7,160,3,5,148,10,31,120,89,1,1251,151,2425,0.06103000164,332,0.00903999984,5.47693267768879,10.4456883469733,147.833407167898,2594.64924411619,160
"424",2021-04-28,24478,2640,513,186,191.7,166,2,7,155,13,27,115,88,2,1264,157,2408,0.06894000053,38,0,6.7868978444906,9.60168126413756,153.478018885291,2463.06987170172,166
"425",2021-04-29,24604,2544,513,159,180.3,126,2,7,113,13,29,113,84,0,1277,115,2728,0.06525000095,111,0.00901000023,6.30511139898309,8.35210462394061,114.839931820986,2385.60683958773,126
"426",2021-04-30,24757,2453,516,178,178.7,153,4,3,139,13,27,109,82,3,1290,143,2122,0.06691999912,179,0,6.17141408659887,8.1153991711536,137.285403603594,2303.51115412319,153
"427",2021-05-01,24881,2398,520,138,166,124,3,5,113,7,29,110,81,4,1297,116,2051,0.08970999718,70,0.02857000113,8.76921755281848,8.24253857095643,110.955105333401,2190.34778094393,124
"428",2021-05-02,24978,2337,520,128,164.4,97,0,4,91,8,27,108,81,0,1305,91,1279,0.06959000111,21,0,6.84658549382231,7.37029263527735,88.8476365819396,2178.9991944175,97
"429",2021-05-03,25085,2220,523,102,154.3,107,4,3,100,10,22,98,76,3,1315,104,976,0.1741799927,140,0.00713999987,15.3225154889785,7.95409636334009,91.2641588941999,1884.10031485696,107
"430",2021-05-04,25190,2125,524,141,147.4,105,1,2,99,8,23,94,71,1,1323,100,2386,0.03898000002,57,0.01753999949,3.84797625946173,7.72138830359337,98.2002157593275,2044.25458488571,105
"431",2021-05-05,25272,2010,525,114,137.1,82,1,2,75,8,23,88,65,1,1331,76,1904,0.07772999763,65,0.03076999903,7.6179769133809,7.84011388486341,72.282847224415,1858.79635422466,82
"432",2021-05-06,25378,1940,527,122,131.9,106,3,6,92,12,22,88,66,2,1343,95,2133,0.0534499979,246,0,4.79230119885246,7.62399814198761,96.5043316598378,1848.19372021142,106
"433",2021-05-07,25490,1842,530,108,121.9,112,4,4,103,19,23,95,72,3,1362,107,2302,0.04691999912,82,0.01220000029,4.57257709723238,7.39559285779239,106.16861810279,1758.82798640504,112
"434",2021-05-08,25579,1766,534,136,121.6,89,1,3,85,4,21,86,65,4,1366,86,1901,0.04892000198,86,0.01162999988,4.73060411442677,6.81864808087929,84.9826320575528,1683.50381643766,89
"435",2021-05-09,25662,1705,537,69,113.1,83,0,5,78,4,22,83,61,3,1370,78,1173,0.1722100067,123,0.00813000023,15.6637598678542,8.0782444200267,70.9352820734335,1441.27764019493,83
"436",2021-05-10,25755,1638,538,82,110.3,93,3,2,87,9,22,85,63,1,1379,90,715,0.1048999977,14,0,10.2885457277778,7.35910588271231,82.8562771306739,1471.58424377827,93
"437",2021-05-11,25887,1607,540,124,107.9,132,1,6,123,5,21,79,58,2,1384,124,1899,0.04580999851,86,0.02325999975,4.48330212337481,7.44986672041418,124.510329921156,1535.85564663949,132
"438",2021-05-12,25984,1547,541,115,108,97,3,3,90,8,22,80,58,1,1392,93,2118,0.04958000183,174,0.00574999988,4.6252593305,7.02233563714548,91.7523806580267,1476.34336427922,97
"439",2021-05-13,26077,1519,541,78,101.7,93,1,1,90,7,20,77,57,0,1399,91,1684,0.07956999779,54,0.01851999998,7.76731624150057,7.44733778609521,85.0202650147532,1402.4921160155,93
"440",2021-05-14,26160,1440,541,128,104.6,83,2,4,75,7,21,70,49,0,1406,77,1738,0.04717999935,105,0,4.44920449648942,7.42971312884622,77.6170183203328,1376.73384910752,83
"441",2021-05-15,26234,1391,542,85,97.3,74,2,8,63,7,19,64,45,1,1413,65,1779,0.05228000164,61,0,5.05468059334565,7.47600976869177,69.7556057165242,1321.56996233362,74
"442",2021-05-16,26303,1363,543,46,94,69,2,3,63,7,19,67,48,1,1420,65,805,0.04098999977,20,0,3.99963028058788,5.80970554193945,65.432799683636,1309.16778413532,69
"443",2021-05-17,26377,1328,545,87,94.7,74,7,5,59,10,19,71,52,2,1430,66,774,0.2299699974,19,0,22.4459997462295,7.54648468743255,56.3711750718795,1033.65031053721,74
"444",2021-05-18,26456,1296,546,97,90.9,79,1,6,71,5,16,64,48,1,1435,72,1920,0.02655999899,56,0,2.58072864680162,7.27468847649352,76.1651465097871,1262.97263717617,79
"445",2021-05-19,26527,1281,550,91,87.4,71,2,5,64,4,14,57,43,4,1439,66,2042,0.06659999847,122,0.01639000058,6.37693054281423,7.52492722110984,66.8439364900517,1200.33458551146,71
"446",2021-05-20,26587,1236,553,73,86.7,60,5,8,45,11,15,63,48,3,1450,50,1487,0.05111000061,65,0.03076999903,5.02581319871263,7.13328392928299,55.5185650194599,1174.65892728105,60
"447",2021-05-21,26668,1201,554,77,79.4,81,4,11,63,3,13,58,45,1,1453,67,1682,0.04162000179,190,0,3.73957494715705,7.03190827937837,75.5258638345872,1156.65018604984,81
"448",2021-05-22,26727,1169,558,77,78.3,59,0,13,46,8,15,57,42,4,1461,46,1380,0.06231999874,101,0.0099000001,5.87451034917623,7.14902681592559,56.3315685032809,1101.18703435512,59
"449",2021-05-23,26782,1145,559,39,77.3,55,0,4,51,5,12,58,46,1,1466,51,826,0.03753000021,14,0.07143000126,3.80950002275,7.12186535052018,53.0814871612048,1101.92750587411,55
"450",2021-05-24,26833,1099,561,65,74.1,51,2,11,38,5,11,56,45,2,1471,40,733,0.0832199955,30,0,7.99479117975098,5.05740698388039,47.8421342041715,1012.23763725961,51
"451",2021-05-25,26893,1031,563,56,68.3,60,2,11,46,3,11,53,42,2,1474,48,1035,0.0647300005,19,0.05263000011,6.45118790508444,5.61032973506365,55.9422112217976,965.321245201527,60
"452",2021-05-26,26949,990,566,76,66.1,56,1,11,44,1,8,46,38,3,1475,45,1371,0.03209000111,61,0.04918000221,3.28179969669134,5.16816818561753,54.5416856894475,957.917085167845,56
"453",2021-05-27,26996,944,566,62,64.6,47,0,8,38,3,9,41,32,0,1478,38,1368,0.05481999874,113,0.0088499999,5.13124971404592,5.18323054495085,44.0745453236181,896.167652249881,47
"454",2021-05-28,27031,894,569,65,62.9,35,0,1,30,1,7,33,26,3,1479,30,1589,0.03460999966,197,0.01523000002,3.24723401252408,5.11289612571757,30.03803029479,865.333302784742,35
"455",2021-05-29,27066,856,571,45,58.3,35,0,3,31,4,9,35,26,2,1483,31,1074,0.02421000004,104,0.00962000012,2.29219185530051,4.60113634087818,33.298319815577,836.624572972062,35
"456",2021-05-30,27093,807,573,46,59.3,27,0,3,22,5,8,35,27,2,1488,22,718,0.0905300045,34,0,8.64368925944149,5.29173480326268,23.1222041293321,738.119033289593,27
"457",2021-05-31,27141,775,576,40,55.7,48,1,2,41,5,6,34,28,3,1493,42,783,0.0855700016,27,0.03703999996,8.39523348786667,5.34894084727921,40.5181615019792,710.751789619853,48
"458",2021-06-01,27183,739,577,38,53.1,42,1,5,36,2,5,30,25,1,1495,37,1565,0.01725000024,27,0.03703999996,1.75856346573618,4.67856592737231,41.3574804836824,726.166975065981,42
"459",2021-06-02,27215,701,577,48,49.1,32,0,1,30,1,6,29,23,0,1496,30,1688,0.04264999866,43,0.02325999975,4.21683291319064,4.81214210115793,29.750793598867,671.810210426859,32
"460",2021-06-03,27260,690,577,48,47.1,45,2,4,39,2,5,28,23,0,1498,41,1176,0.01360999942,186,0,1.17513651379736,4.24698307255099,44.5242281628265,681.993108106105,45
"461",2021-06-04,27290,643,579,44,44.1,30,0,0,27,3,6,28,22,2,1501,27,1195,0.04769999981,68,0.01470999956,4.59238161069121,4.43914701514629,25.7755860001192,613.840807336172,30
"462",2021-06-05,27309,611,582,39,43.3,19,1,0,18,2,4,29,25,3,1503,19,999,0.01601999998,90,0.02221999884,1.653239658,4.34786812981765,18.6898184450113,601.025214205364,19
"463",2021-06-06,27326,562,582,21,39.7,17,0,1,16,2,4,27,23,0,1505,16,608,0.1069099998,22,0,10.3176634727619,4.58700730314914,15.3698487757366,504.740938247747,17
"464",2021-06-07,27353,530,583,17,36.4,27,1,3,23,1,4,26,22,1,1506,24,843,0.00949000001,30,0.06666999817,1.1454948400378,3.5513303534593,26.7285243183976,524.00491203128,27
"465",2021-06-08,27386,502,584,28,35,33,1,1,30,1,3,25,22,1,1507,31,1771,0.02993000031,100,0,2.83303209775575,3.70482587231924,31.1327591186433,487.956292824482,33
"466",2021-06-09,27413,476,585,33,32.9,27,1,0,24,2,4,23,19,1,1509,25,1194,0.05946000099,26,0,5.81928206410328,3.93374717959247,23.56339964255,448.647129194151,27
"467",2021-06-10,27442,463,585,20,28.9,29,0,0,28,2,5,20,15,0,1511,28,1216,0.03042999983,136,0,2.73689939299408,4.15685616233486,27.2432657026546,450.486857868896,29
"468",2021-06-11,27464,453,585,36,27.7,22,0,1,20,1,4,15,11,0,1512,20,1055,0.0170599997,96,0,1.56370979005213,3.72418875938642,20.6911748193552,446.005109658396,22
"469",2021-06-12,27482,430,585,29,26.3,18,0,0,18,2,6,16,10,0,1514,18,880,0.01136000037,44,0,1.08190479714286,3.64256949354969,17.8076960943205,425.406073364323,18
"470",2021-06-13,27503,422,586,18,25.9,21,0,1,18,2,5,15,10,1,1516,18,583,0.1320800018,17,0,12.8337735082333,4.00201378433132,16.7188521792704,368.51975664734,21
"471",2021-06-14,27522,385,589,22,26.6,19,2,1,16,2,4,14,10,3,1518,18,655,0.05649000168,29,0,5.40949577491228,4.61115677502767,18.0384854859508,364.434272893947,19
"472",2021-06-15,27549,371,589,22,25.7,27,1,0,24,0,4,14,10,0,1518,25,1518,0.01449000001,36,0,1.41543243340927,4.40864253726389,24.6505736072968,365.814512332284,27
"473",2021-06-16,27566,350,589,24,24.4,17,0,0,17,1,4,12,8,0,1519,17,1251,0.02237999916,42,0,2.16530386304408,3.88664565139829,16.6365084449985,342.516350338204,17
"474",2021-06-17,27577,307,590,12,23.3,11,0,1,10,0,5,11,6,1,1519,10,1101,0.02088999987,123,0.02438999891,2.12417154598039,3.79911310182491,10.7902431558652,300.560464885063,11
"475",2021-06-18,27591,277,590,26,21.9,14,1,0,13,1,4,12,8,0,1520,14,864,0.01968000054,63,0,1.83425247751456,3.83776205717668,13.7464207556772,271.982753523042,14
"476",2021-06-19,27600,244,590,18,20.3,9,0,0,9,0,3,10,7,0,1520,9,926,0.01944000006,37,0,1.86930841698442,3.95024828858262,8.83386925057779,239.496010793442,9
"477",2021-06-20,27612,231,590,7,18.7,12,0,0,10,0,3,10,7,0,1520,10,562,0.0266899991,15,0,2.59961516363951,2.48822566792636,9.74329423924272,225.070096926507,12
"478",2021-06-21,27623,221,591,13,17.4,11,0,0,11,2,2,9,7,1,1522,11,520,0.02308000088,7,0,2.27734354034156,2.04077534870197,10.7526295677812,216.030103134514,11
"479",2021-06-22,27634,198,591,13,16.1,11,0,0,10,0,2,6,4,0,1522,10,1297,0.01156999946,65,0,1.10178335533186,1.99596833754806,9.89120153691356,195.845790430889,11
"480",2021-06-23,27645,185,591,18,15.3,11,0,0,10,0,1,4,3,0,1522,10,1105,0.0081400001,18,0,0.800952814826358,1.80106104494552,9.92090783107572,183.536794874901,11
"481",2021-06-24,27651,173,591,8,14.7,6,1,0,5,1,0,4,4,0,1523,6,904,0.00995999992,51,0,0.942810463631414,1.63229517603853,5.94413983714938,171.389365304474,6
"482",2021-06-25,27655,152,591,7,12,4,0,0,4,2,0,6,6,0,1525,4,1024,0.00194999993,64,0,0.183529405176471,1.39647759427594,3.9927507646153,151.724529055381,4
"483",2021-06-26,27659,137,591,9,10.7,4,0,0,4,1,0,6,6,0,1526,4,764,0.00523999989,19,0,0.511284791310345,1.20247421917965,3.97980474138592,136.308312392468,4
"484",2021-06-27,27664,123,591,8,10.9,5,0,0,5,0,0,5,5,0,1526,5,398,0.0200999999,13,0,1.94642334798053,1.10916110265693,4.90389768199391,120.63588297705,5
"485",2021-06-28,27673,115,591,1,9.1,9,0,0,9,0,0,4,4,0,1526,9,555,0.00180000007,5,0,0.178392864080357,0.809311006048192,8.98414571938372,114.797417525459,9
"486",2021-06-29,27676,109,591,8,8.4,3,0,0,3,0,0,3,3,0,1526,3,929,0.00646000028,14,0,0.636409359503712,0.74282900664417,2.9811468307614,108.315001517664,3
"487",2021-06-30,27678,94,591,8,7,2,0,1,1,0,0,2,2,0,1526,1,1221,0.00082000002,51,0,0.0787122660707547,0.63965178539337,1.99922273525615,93.9269371140786,2
"488",2021-07-01,27681,90,591,7,6.9,3,0,0,3,0,0,1,1,0,1526,3,884,0.00225999996,74,0,0.208542793803758,0.534756403989419,2.99382206982603,89.814662094781,3
"489",2021-07-02,27685,79,591,6,6.7,4,0,0,4,2,0,2,2,0,1528,4,785,0.01401000023,29,0,1.35108724576781,0.701550381216753,3.94663335033194,77.9460086690559,4
"490",2021-07-03,27691,73,591,6,6.3,6,0,0,6,0,0,1,1,0,1528,6,627,0.00158999994,16,0,0.155043540027994,0.650658773890703,5.99081389342929,72.8882357033897,6
"491",2021-07-04,27693,68,592,2,5.4,2,0,0,2,1,0,2,2,1,1529,2,437,0.0068599999,34,0,0.636479820870488,0.463523984303554,1.98742982892941,67.5726141836,2
"492",2021-07-05,27699,67,592,2,5.6,6,0,0,6,0,0,2,2,0,1529,6,505,0.00197999999,27,0,0.187951126870301,0.464889450416403,5.98886416627739,66.8756498567642,6
"493",2021-07-06,27704,63,592,12,6.1,5,0,2,3,0,0,2,2,0,1529,3,1174,0.00596000016,28,0,0.582116488173045,0.457133325940593,4.98275521799889,62.6378595779767,5
"494",2021-07-07,27710,62,592,6,5.9,6,0,0,6,0,0,2,2,0,1529,6,1218,0.03201999903,23,0,3.14265582744077,0.894839548993453,5.81380216589011,60.0759557141978,6
"495",2021-07-08,27712,53,593,5,5.6,2,0,0,2,1,0,3,3,1,1530,2,933,0.00321999997,87,0,0.294535291373529,0.90712419150342,1.99418306931738,52.8458513369105,2
"496",2021-07-09,27714,51,593,3,5.1,2,0,0,2,0,0,2,2,0,1530,2,823,0.00486000001,56,0,0.455037543598407,0.779117091193505,1.99101322684708,50.7708372846006,2
"497",2021-07-10,27715,47,593,0,4.3,1,0,0,1,0,0,2,2,0,1530,1,930,0,22,0,0,0.756968014046649,1,47,1
"498",2021-07-11,27720,49,593,0,4,5,0,0,5,0,0,2,2,0,1530,5,422,0.00237000003,8,0,0.232590700618605,0.69926956829638,4.98851611315735,48.887457908942,5
"499",2021-07-12,27723,47,593,1,3.9,3,0,1,2,0,0,1,1,0,1530,2,460,0.00216999993,16,0,0.209705875588235,0.702377389541799,2.99585840957684,46.9026726250558,3
"500",2021-07-13,27725,46,593,2,2.4,2,0,0,2,0,0,1,1,0,1530,2,1188,0.00083999999,14,0,0.0830216296272879,0.631078124035263,1.99836036264976,45.9622883409445,2
"501",2021-07-14,27730,48,593,0,1.6,5,0,0,5,0,0,0,0,0,1530,5,1098,0,15,0,0,0.182127291543724,5,48,5
"502",2021-07-15,27741,54,593,1,1,11,0,0,11,0,0,0,0,0,1530,11,947,0.00105999999,31,0,0.102640080831288,0.154713690037689,10.9888509920842,53.9452685065953,11
"503",2021-07-16,27744,54,593,8,1.7,3,0,0,3,0,0,0,0,0,1530,3,867,0.00460999995,34,0,0.443603768773585,0.153080293634143,2.98685855762069,53.7634540371724,3
"504",2021-07-17,27746,51,593,5,2.4,2,0,0,2,0,0,0,0,0,1530,2,761,0.00263000011,18,0,0.256922988922978,0.189783577765997,1.99492589424389,50.8706103032191,2
"505",2021-07-18,27754,56,593,4,3,8,0,0,8,0,0,0,0,0,1530,8,214,0.00467000008,17,0,0.43263204204329,0.218360912255238,7.96582289900934,55.7607602930654,8
"506",2021-07-19,27762,60,593,2,3.1,8,0,0,8,0,0,0,0,0,1530,8,367,0,10,0,0,0.188402930028347,8,60,8
"507",2021-07-20,27766,61,593,10,4.3,4,0,0,4,0,0,0,0,0,1530,4,1142,0.00437999994,22,0,0.429721643597938,0.237931503452726,3.98302640745036,60.7411527136181,4
"508",2021-07-21,27771,64,593,12,6,5,0,0,5,0,0,0,0,0,1530,5,1058,0.01039999962,8,0,1.0321950842364,0.385387944057925,4.94903660586864,63.3476685551186,5
"509",2021-07-22,27776,66,593,5,6.6,5,0,0,5,1,0,1,1,0,1531,5,1046,0.00477999985,28,0,0.465538160437616,0.437230526858829,4.97701461175712,65.6965928751939,5
"510",2021-07-23,27788,74,593,3,5.9,12,0,0,12,0,0,1,1,0,1531,12,928,0.00647000015,38,0,0.621548668654244,0.462651226841781,11.9263482721291,73.545814344796,12
"511",2021-07-24,27791,76,593,2,5.4,3,0,0,3,0,0,1,1,0,1531,3,713,0.00280999988,16,0,0.274832635725652,0.465209747813591,2.99185828096924,75.7937431178873,3
"512",2021-07-25,27798,78,593,7,5.9,7,0,0,7,0,0,1,1,0,1531,7,410,0.00244000003,14,0,0.235943399127358,0.437111370254172,6.98369080876621,77.8182690119664,7
"513",2021-07-26,27807,82,593,5,6.3,9,0,0,9,1,0,2,2,0,1532,9,410,0,10,0,0,0.437111370254172,9,82,9
"514",2021-07-27,27815,89,593,7,5.9,8,0,0,8,0,0,2,2,0,1532,8,1125,0.01067000031,5,0,1.06227879192478,0.527476677158007,7.91608201422072,88.0664124082055,8
"515",2021-07-28,27821,89,593,8,5.3,6,0,0,6,0,0,1,1,0,1532,6,1074,0.00372000009,11,0,0.368228580337327,0.43262431945814,5.97818298665813,88.6763809687623,6
"516",2021-07-29,27825,85,593,9,5.9,4,0,0,4,0,0,1,1,0,1532,4,1234,0.00243000001,15,0,0.240081666320256,0.400416248869945,3.99051700456919,84.7984863470954,4
"517",2021-07-30,27828,80,593,4,6,3,0,0,3,0,0,1,1,0,1532,3,940,0.00745000005,21,0,0.728720088137357,0.415726451653247,2.97841219186352,79.4243251163606,3
"518",2021-07-31,27835,81,593,8,6.9,7,0,0,7,0,0,0,0,0,1532,7,936,0.00962000012,8,0,0.953847469525424,0.5127285707675,6.93406689551015,80.2370597909031,7
"519",2021-08-01,27844,83,593,1,6,9,0,0,7,0,0,0,0,0,1532,7,563,0.00178000003,13,0,0.173982641821181,0.503877034009475,6.98797374206138,82.8574029415849,9
"520",2021-08-02,27855,86,593,3,5.7,11,0,0,11,1,0,1,1,0,1533,11,462,0.00432999998,4,0,0.429283259819742,0.565203213983724,10.9533702387695,85.6354400485617,11
"521",2021-08-03,27872,98,593,10,6.1,17,0,0,17,0,0,1,1,0,1533,17,550,0.01090999961,3,0,1.08508133553345,0.568460720213534,16.817846396209,96.949938048734,17
"522",2021-08-04,27884,107,593,15,7.1,12,0,0,10,2,0,3,3,0,1535,10,1289,0.00776000023,22,0,0.762977902095347,0.62485348046468,9.92465776260353,106.193838059858,12
"523",2021-08-05,27904,120,593,9,7.1,20,0,0,20,0,1,3,2,0,1535,20,1482,0.00472000003,19,0,0.466025319417722,0.657131145192889,19.9079622354673,119.447773412804,20
"524",2021-08-06,27918,122,593,15,8.7,14,0,0,12,1,1,4,3,0,1536,12,1109,0.00541000009,44,0,0.520354735456201,0.627364666238439,11.9383394618878,121.373117862526,14
"525",2021-08-07,27931,132,593,13,9.4,13,0,0,13,0,1,4,3,0,1536,13,846,0.01182000041,14,0,1.16275817986744,0.657209053430156,12.8507345450554,130.484381534409,13
"526",2021-08-08,27951,144,593,5,10,20,0,0,19,1,1,3,2,0,1537,19,612,0.00653999984,4,0,0.649753230857143,0.725176280435293,18.8780930117839,143.076073352467,20
"527",2021-08-09,27965,152,593,13,11.4,14,0,0,14,1,1,3,2,0,1538,14,556,0.0143900001,9,0,1.4160778859469,0.866146941310602,13.8042319884407,149.874518731642,14
"528",2021-08-10,27985,167,593,18,12.6,20,3,0,17,1,1,4,3,0,1539,20,1264,0.01027999997,16,0,1.0151499970375,0.856156750096894,19.7995127464117,165.325931432538,20
"529",2021-08-11,28000,173,593,20,13.3,15,2,0,13,0,1,4,3,0,1539,15,1296,0.01080000043,8,0,1.07337427586503,0.900499089206849,14.8410102980334,171.166318770652,15
"530",2021-08-12,28019,187,593,18,14.6,19,3,0,16,0,1,3,2,0,1539,19,1053,0.01330000043,38,0,1.2836755685417,1.01730626765313,18.7591562227385,184.629590192216,19
"531",2021-08-13,28036,201,593,26,16.1,17,3,0,14,0,1,3,2,0,1539,17,1077,0.02135999918,14,0,2.10859020319523,1.24419704875871,16.6460290193438,196.8148136993,17
"532",2021-08-14,28053,210,593,16,16.6,17,2,0,15,1,1,4,3,0,1540,17,1005,0.01194000006,12,0,1.17991151035398,1.2466475245425,16.8019271673677,207.553217949837,17
"533",2021-08-15,28071,207,593,8,17,18,1,0,17,0,1,4,3,0,1540,18,543,0.02210000038,2,0,2.20188994611743,1.46838134100826,17.6086235705461,202.49917106128,18
"534",2021-08-16,28090,210,593,21,18.1,19,0,0,19,0,1,3,2,0,1540,19,611,0.01146000028,8,0,1.13118904217771,1.42768293475551,18.7877658121791,207.654253713559,19
"535",2021-08-17,28111,206,593,18,18.1,21,0,0,21,0,1,3,2,0,1540,21,1323,0.01587000012,10,0,1.57509453554089,1.50767501168457,20.6733727060841,202.795941783491,21
"536",2021-08-18,28142,218,593,24,18.7,31,0,0,31,0,1,2,1,0,1540,31,1295,0.0154400003,12,0,1.52982405420811,1.57288212287644,30.5316939888739,214.706751276597,31
"537",2021-08-19,28165,226,593,19,18.9,23,0,0,23,3,1,5,4,0,1543,23,1279,0.01720000029,17,0,1.69743830022454,1.63199108454541,22.6144786922801,222.211834106753,23
"538",2021-08-20,28184,226,593,17,17.6,19,0,0,19,0,2,5,3,0,1543,19,1142,0.01488999963,50,0,1.42654191086074,1.53455561421191,18.7323515764783,222.816392436005,19
"539",2021-08-21,28207,235,593,27,19.1,23,1,0,22,1,2,6,4,0,1544,23,879,0.01820000052,12,0,1.79548826678788,1.62249515084533,22.59220963465,230.833446267076,23
"540",2021-08-22,28238,252,593,17,20.4,31,0,0,31,1,1,5,4,0,1545,31,520,0.01730999947,6,0,1.71125470045627,1.55240440146516,30.4761548816107,247.741646134384,31
"541",2021-08-23,28279,271,593,16,19.7,41,1,0,40,0,1,3,2,0,1545,41,575,0.01391000032,11,0.09090999603,1.53553927309386,1.61016872016747,40.3783136406415,266.89080479546,41
"542",2021-08-24,28311,285,593,26,20.9,32,1,0,31,0,1,3,2,0,1545,32,1233,0.01541000009,23,0,1.51278105979061,1.60126679506029,31.5219727987503,280.74257023887,32
"543",2021-08-25,28337,301,593,27,21.3,26,0,0,25,2,1,5,4,0,1547,25,1318,0.0197300005,68,0,1.87620062474747,1.65074916228019,24.5368242235951,295.423363652085,26
"544",2021-08-26,28364,308,593,44,24.9,27,2,0,23,3,1,8,7,0,1550,25,1198,0.01251999974,22,0,1.22942292528852,1.58388982300362,24.6964935889907,304.260801016365,27
"545",2021-08-27,28398,326,593,24,25.9,34,0,0,34,2,1,9,8,0,1552,34,896,0.02789999962,9,0,2.76225410602431,1.77470585088413,33.0725957151376,317.107829503967,34
"546",2021-08-28,28430,330,593,39,27.6,32,0,0,29,2,1,11,10,0,1554,29,1115,0.02421999931,16,0,2.38773644833333,1.85931273396205,28.3162285867968,322.21915288424,32
"547",2021-08-29,28469,351,593,28,29.1,39,0,0,35,1,0,10,10,0,1555,35,537,0.02607000113,2,0,2.59732664319295,1.98589444006729,34.1023207880128,341.997559902642,39
"548",2021-08-30,28506,373,593,20,29.7,37,0,0,36,1,1,9,8,0,1556,36,626,0.01118000031,9,0,1.10215436126929,1.92398230980664,35.6081936434823,368.940450806081,37
"549",2021-08-31,28537,382,593,22,29.1,31,0,0,25,1,1,7,6,0,1557,25,553,0.03617000103,16,0,3.51529183999824,2.21005527840773,24.132183410556,368.739762513296,31
"550",2021-09-01,28574,391,593,55,33.1,37,0,0,35,2,1,9,8,0,1559,35,806,0.02977999926,5,0,2.9596398771344,2.36483231446301,33.9770993187803,379.572738104089,37
"551",2021-09-02,28619,418,593,34,31.7,45,1,0,39,1,1,10,9,0,1560,40,1298,0.01695000052,8,0,1.68461720328943,2.42986006846314,39.3345923707419,411.046490274253,45
"552",2021-09-03,28670,449,593,50,35.4,51,1,0,48,1,2,5,3,0,1561,49,1050,0.03523999929,45,0.02221999884,3.47049307783562,2.53103706443618,47.3207559591025,433.612641339531,51
"553",2021-09-04,28725,480,593,38,35.3,55,0,0,53,0,2,5,3,0,1561,53,909,0.03190000057,8,0,3.16217017645911,2.64167045416843,51.3450393910713,465.011677504042,55
"554",2021-09-05,28751,474,593,23,34.6,26,0,0,25,2,1,7,6,0,1563,25,413,0.04116000175,6,0,4.05705983836516,2.85020376776446,23.9984376853041,455.010378513366,26
"555",2021-09-06,28811,491,593,29,35.9,60,1,0,53,1,1,8,7,0,1564,54,518,0.03282000065,2,0,3.26937698782692,3.15980700012984,52.2566470759032,475.148402116083,60
"556",2021-09-07,28875,514,593,50,39.9,64,2,0,56,1,1,8,7,0,1565,58,824,0.04489999771,11,0.09090999603,4.55061174483473,3.30770984367791,55.3937004430481,490.902793581495,64
"557",2021-09-08,28926,526,594,66,41.4,51,1,0,49,2,1,7,6,1,1567,50,1376,0.03197999954,17,0,3.15897195743288,3.33618585514912,48.4402954889515,509.59190854377,51
"558",2021-09-09,28992,567,594,57,44.7,66,2,1,59,4,2,10,8,0,1571,61,1485,0.03434000015,13,0,3.40419894677904,3.58184038993335,59.9494454775416,547.939927635509,66
"559",2021-09-10,29057,595,594,62,46.4,65,0,0,58,0,1,7,6,0,1571,58,1262,0.03249000072,35,0,3.16132466527679,3.53767347385352,56.1893952865031,576.425693025334,65
"560",2021-09-11,29109,615,594,44,47.3,52,0,0,48,1,1,7,6,0,1572,48,1163,0.03095000029,15,0,3.0555900116528,3.52244773602405,46.5516855211959,596.443470740323,52
"561",2021-09-12,29163,625,594,53,51.6,54,0,0,51,2,1,8,7,0,1574,51,584,0.05993000031,3,0,5.96237141073935,3.79463510350607,47.9972736493354,588.201882957541,54
"562",2021-09-13,29223,649,594,36,52.6,60,0,0,53,5,4,13,9,0,1579,53,530,0.03019000053,20,0,2.90921823289091,3.74318385280093,51.4774248982378,630.35563696144,61
"563",2021-09-14,29283,665,594,63,54.4,60,0,2,53,2,5,10,5,0,1581,53,1222,0.03273000002,29,0,3.19712710027498,3.54982890357811,53.3267442555484,644.005376036598,61
"564",2021-09-15,29327,675,594,58,53.3,44,0,1,41,2,6,11,5,0,1583,41,1536,0.02994999886,13,0,2.9698643156204,3.52281352617632,40.7976053973229,655.204479102267,50
"565",2021-09-16,29387,702,594,63,54.1,60,0,1,53,1,7,11,4,0,1584,53,1707,0.03105000019,39,0,3.03564434847251,3.47016286927539,52.4112582375106,680.956665711933,63
"566",2021-09-17,29442,695,595,90,58.1,55,1,2,45,0,7,9,2,1,1584,46,1418,0.03173000097,4,0,3.16407463962447,3.47055572275363,46.5627540127616,673.285087801506,61
"567",2021-09-18,29496,701,595,43,58,54,0,5,43,1,8,9,1,0,1585,43,1574,0.02986000061,28,0,2.93381029713733,3.45315862067999,46.7542610677358,680.69155833681,62
"568",2021-09-19,29534,687,595,62,59.3,38,2,1,35,3,7,9,2,0,1588,37,1057,0.03121999979,3,0,3.11316413000283,3.0461290091462,36.8625552901559,665.880418495598,48
"569",2021-09-20,29578,657,595,60,62.7,44,1,0,35,2,8,11,3,0,1590,36,1219,0.03855999947,66,0.0606099987,3.96925286133307,3.19756252749508,34.5889648888153,631.248609220879,57
"570",2021-09-21,29618,639,595,36,58.9,40,0,1,38,1,7,12,5,0,1591,38,1195,0.02007999897,23,0,1.97008200075123,3.02227037042026,38.2607446893846,626.568838329388,58
"571",2021-09-22,29652,611,595,64,59.7,34,0,0,32,4,9,15,6,0,1595,32,2382,0.01804999948,28,0,1.7840289942473,2.85286532450982,31.4362605338367,600.236099567945,58
"572",2021-09-23,29679,577,595,45,57.1,27,0,0,26,3,9,16,7,0,1598,26,1476,0.02778000116,48,0,2.69050404935433,2.80355956749294,25.3092298675501,561.670216676015,58
"573",2021-09-24,29704,552,595,58,52.6,25,0,0,25,1,8,15,7,0,1599,25,2024,0.01876999974,48,0,1.83351734911969,2.61347995456368,24.5473614012656,542.005739739943,55
"574",2021-09-25,29718,521,595,60,55,14,0,0,14,1,8,15,7,0,1600,14,1730,0.02312000036,30,0,2.27259094447727,2.51902004704082,13.6858219348646,509.308087718888,56
"575",2021-09-26,29718,463,595,31,50.6,0,0,0,0,0,8,15,7,0,1600,0,484,0.02479000092,3,0,2.46372904420534,2.42624360621261,0,451.735796506957,56
