"","date","observed_cumulative_cases","observed_active_cases","observed_cumulative_deaths","observed_new_cases","observed_daily_average_cases","observed_new_episodes","observed_new_cases_community_outbreak","observed_new_cases_institution_outbreak","observed_new_cases_sporadic","observed_new_ICU_p_acute_care","observed_census_ICU","observed_census_ICU_p_acute_care","observed_census_acute_care","observed_new_deaths","cumulative_hosp","observed_new_community_cases","num_non_ltch_tests","non_ltch_pct_positivity","num_ltch_tests","ltch_pct_positivity","observed_pct_positivity","pct_positivity_7_day","adjusted_new_episodes","adjusted_active_cases","adjusted_episode_cases"
"1",2020-03-01,8,8,0,0,0,2,0,0,2,0,0,1,1,0,0,2,NA,NA,NA,NA,NA,NA,NA,NA,2
"2",2020-03-02,11,11,0,0,0,3,2,0,1,0,0,1,1,0,0,3,NA,NA,NA,NA,NA,NA,NA,NA,3
"3",2020-03-03,12,12,0,0,0,1,0,0,1,0,0,1,1,0,0,1,NA,NA,NA,NA,NA,NA,NA,NA,1
"4",2020-03-04,13,13,0,0,0,1,0,0,1,0,0,1,1,0,0,1,NA,NA,NA,NA,NA,NA,NA,NA,1
"5",2020-03-05,19,19,0,0,0,6,2,0,4,0,0,1,1,0,0,6,NA,NA,NA,NA,NA,NA,NA,NA,6
"6",2020-03-06,24,24,0,0,0,5,0,1,4,0,0,1,1,0,0,4,NA,NA,NA,NA,NA,NA,NA,NA,5
"7",2020-03-07,28,28,0,0,0,4,0,0,4,0,0,1,1,0,0,4,NA,NA,NA,NA,NA,NA,NA,NA,4
"8",2020-03-08,37,37,0,0,0,9,1,0,8,0,0,1,1,0,0,9,NA,NA,NA,NA,NA,NA,NA,NA,9
"9",2020-03-09,46,46,0,1,0.1,9,0,0,9,0,0,1,1,0,0,9,NA,NA,NA,NA,NA,NA,NA,NA,9
"10",2020-03-10,53,53,0,0,0.1,7,1,0,6,0,0,1,1,0,0,7,NA,NA,NA,NA,NA,NA,NA,NA,7
"11",2020-03-11,62,62,0,0,0.1,9,0,0,9,0,0,1,1,0,0,9,NA,NA,NA,NA,NA,NA,NA,NA,9
"12",2020-03-12,76,76,0,3,0.6,14,1,0,13,0,0,1,1,0,0,14,NA,NA,NA,NA,NA,NA,NA,NA,14
"13",2020-03-13,98,98,0,1,0.7,22,2,2,18,0,0,1,1,0,0,20,NA,NA,NA,NA,NA,NA,NA,NA,22
"14",2020-03-14,116,116,0,4,1.3,18,1,1,16,1,0,2,2,0,1,17,NA,NA,NA,NA,NA,NA,NA,NA,18
"15",2020-03-15,143,143,0,4,1.9,27,1,0,26,0,0,2,2,0,1,27,NA,NA,NA,NA,NA,NA,NA,NA,27
"16",2020-03-16,158,158,0,0,1.7,15,0,0,15,0,0,2,2,0,1,15,NA,NA,NA,NA,NA,NA,NA,NA,15
"17",2020-03-17,181,180,0,5,2.4,23,1,0,22,2,0,4,4,0,3,23,127,0,4,0,0,0,23,180,23
"18",2020-03-18,197,195,0,4,3,16,0,0,16,0,0,3,3,0,3,16,210,0.0190499997138977,1,0,1.89597153550641,0.947985767753204,15.6956509829235,191.29074635438,16
"19",2020-03-19,222,220,0,1,2.7,25,0,0,25,4,0,7,7,0,7,25,110,0.0272699999809265,9,0,2.52075630075791,1.47224261208811,24.3677468845971,214.436172584454,25
"20",2020-03-20,244,242,0,2,2.9,22,1,1,20,3,1,10,9,0,10,21,137,0.00730000019073486,4,0,0.709290798674238,1.28150465873464,21.850561077116,240.277894317242,22
"21",2020-03-21,264,262,0,4,2.9,20,0,2,18,3,1,10,9,0,13,18,204,0.0147099995613098,3,0,1.44968111618705,1.31513995022512,19.7382027412655,258.189395456198,20
"22",2020-03-22,290,288,0,7,3.3,26,0,1,25,3,5,13,8,0,16,25,159,0.0314499998092651,2,0,3.10593165818208,1.61360523488462,25.2209738932226,279.025619249924,26
"23",2020-03-23,311,309,0,9,4.6,21,1,0,20,4,5,17,12,0,20,21,138,0.0362299990653992,3,0,3.54591480214545,1.88964945877902,20.252918986597,298.00723651707,21
"24",2020-03-24,329,325,1,8,5,18,1,3,14,3,7,20,13,1,23,15,253,0.0197599995136261,4,0,1.94524508830638,2.16754161425136,17.7072575559325,318.657247045205,18
"25",2020-03-25,352,348,1,8,5.6,23,0,1,22,4,8,23,15,0,27,22,153,0.0588199996948242,2,0,5.80610319568265,2.7261318514194,21.7184736530099,327.72858323852,23
"26",2020-03-26,366,358,1,19,8.1,14,1,3,10,2,7,25,18,0,29,11,274,0.025550000667572,3,0,2.5273285858898,2.72707074929538,13.7210833099963,348.922529543517,14
"27",2020-03-27,383,366,1,27,11.7,17,3,2,12,5,9,26,17,0,34,15,577,0.0294600009918213,4,0,2.92571782655437,3.04370318184968,16.5597049480572,355.256800732596,17
"28",2020-03-28,408,388,2,26,14.9,25,1,1,23,3,8,25,17,1,37,24,367,0.0817399978637695,3,0,8.10772411243336,3.99485218131344,23.0477730138859,356.438997057822,25
"29",2020-03-29,427,400,2,11,15.4,19,5,4,10,7,8,31,23,0,44,15,184,0.0434800004959106,0,0,4.34800004959107,4.1722905229433,18.3456638605725,382.551036281932,19
"30",2020-03-30,452,409,3,48,21,25,8,3,14,4,12,32,20,1,48,22,549,0.0783199977874756,0,0,7.83199977874756,4.7845883767436,23.2713166253144,376.862204534253,25
"31",2020-03-31,469,406,3,51,27.1,17,2,3,12,6,13,34,21,0,54,14,943,0.064689998626709,0,0,6.4689998626709,5.43083905879567,16.091373737052,379.649838374509,17
"32",2020-04-01,496,409,3,37,31.3,27,6,4,16,3,15,33,18,0,57,22,575,0.0573899984359741,4,0.25,5.87206374795943,5.44026199483521,24.7039148029937,384.904597928382,27
"33",2020-04-02,513,405,6,32,33.1,17,5,4,7,6,14,34,20,3,63,12,107,0.0841100025177002,9,0,7.75842264602924,6.1875611462837,15.0659399697611,373.475473979436,17
"34",2020-04-03,541,411,6,26,33,28,3,4,20,5,14,37,23,0,68,23,217,0.110600004196167,2,0,10.9589958495745,7.33517229242944,24.4711754070562,365.811004013048,28
"35",2020-04-04,558,418,7,18,31.9,17,3,7,6,7,14,43,29,1,75,9,315,0.0253999996185303,3,0,2.51603769806196,6.53635994751924,15.772814943621,407.448516270396,17
"36",2020-04-05,585,429,8,40,36,27,4,8,13,4,13,43,30,1,79,17,422,0.0663500022888184,5,0.2,6.79149905524153,6.88543123404074,23.8416636802391,399.769042283681,27
"37",2020-04-06,604,429,9,40,34.9,19,3,7,9,4,12,44,32,1,83,12,238,0.117650003433228,4,0.25,11.9837606682265,7.47853993253773,17.5572387116769,377.421283942451,19
"38",2020-04-07,627,427,9,25,31.1,23,2,11,10,4,14,45,31,0,87,12,285,0.108769998550415,6,0,10.6527318167932,8.07621592598378,21.7174853115261,381.363852335136,23
"39",2020-04-08,647,430,11,26,29.6,20,1,10,8,5,16,44,28,2,92,9,368,0.0434800004959106,6,0.333330001831055,4.81300005173301,7.92492111223715,18.5654112460447,409.236315088803,20
"40",2020-04-09,683,438,11,25,28.6,36,1,20,13,6,16,47,31,0,98,14,295,0.0949199962615967,5,0,9.33379963239034,8.14997496743159,32.6889881497721,396.984057828585,36
"41",2020-04-10,717,455,11,37,30.1,34,0,20,13,4,16,49,33,0,102,13,331,0.090629997253418,8,0,8.84912362562872,7.84856464972504,31.845846102145,414.604613575073,34
"42",2020-04-11,761,485,11,31,32,44,0,34,8,6,19,54,35,0,108,8,225,0.102220001220703,11,0.363639984130859,11.4404830932617,9.12348542046786,41.0817636976326,429.331924168976,44
"43",2020-04-12,794,500,13,35,31.3,33,0,18,14,1,18,50,32,2,109,14,227,0.101319999694824,12,0.5,12.1337405567887,9.88666277783175,30.2957125410815,439.132590752913,33
"44",2020-04-13,818,507,16,16,27.9,24,0,19,5,3,20,52,32,3,112,5,165,0.0606099987030029,26,0.0384599995613098,5.75948155737672,8.99748004771035,23.7110827288888,477.703788709322,24
"45",2020-04-14,851,507,18,32,28.9,33,0,26,7,5,20,51,31,2,117,7,208,0.0673099994659424,18,0.166669998168945,7.52236276812258,8.55028446932883,32.4717099616913,468.736707225359,33
"46",2020-04-15,880,505,24,60,33.7,29,2,18,9,4,16,51,35,6,121,11,390,0.1,24,0.208330001831055,10.6280000106148,9.38099874916909,27.8270909446165,451.152811548305,29
"47",2020-04-16,950,554,24,21,33.1,70,1,55,13,7,13,53,40,0,128,14,310,0.0354800009727478,11,0,3.42641753942424,8.5370870216025,68.5187304018799,534.955474474391,70
"48",2020-04-17,982,558,26,73,38.3,32,0,26,6,0,13,49,36,2,128,6,378,0.0846599960327148,66,0.5,14.6399726352176,9.36435116582949,31.1187246489241,476.041392349945,32
"49",2020-04-18,1022,580,31,31,38.3,40,0,31,9,1,11,46,35,5,129,9,421,0.0617600011825562,8,0,6.06082995288022,8.59582928863213,39.4527387266059,544.73205127016,40
"50",2020-04-19,1039,583,35,38,38.7,17,0,13,4,5,15,47,32,4,134,4,452,0.0442500019073486,47,0.127659997940063,5.21062540386865,7.60681283821498,16.7908923353644,552.522557879361,17
"51",2020-04-20,1100,619,39,16,38.7,61,1,47,13,3,13,45,32,4,137,14,325,0.0523099994659424,43,0.0232599997520447,4.89155701515467,7.48282361789754,60.312939053172,588.622090993819,61
"52",2020-04-21,1136,632,47,51,41.4,36,0,26,10,2,11,43,32,8,139,10,543,0.069980001449585,25,0.36,8.27449661745152,7.59027131065882,35.1698402160968,579.533901657318,36
"53",2020-04-22,1177,648,54,35,37.9,41,1,31,9,4,9,45,36,7,143,10,656,0.0243899989128113,122,0.106560001373291,3.7275269221524,6.60448944087848,40.626026441577,623.76651341419,41
"54",2020-04-23,1222,663,57,50,42,45,0,35,10,5,11,48,37,3,148,10,775,0.0361299991607666,105,0.0285700011253357,3.522795394063,6.61825770582687,44.6465666495165,639.567368862942,45
"55",2020-04-24,1263,670,65,38,37,41,0,36,5,7,10,48,38,8,155,5,517,0.0406199979782104,94,0.106379995346069,5.07369206501887,5.25164619579848,40.74548451084,635.894924452555,41
"56",2020-04-25,1364,742,78,53,40.1,101,0,95,6,4,9,48,39,13,159,6,557,0.0502699995040894,28,0.0357100009918213,4.95731106864081,5.09400064090713,100.701587143551,705.096276752489,101
"57",2020-04-26,1418,761,87,87,47.1,54,0,41,13,5,9,50,41,9,164,13,358,0.0502799987792969,81,0.0123500001430511,4.32815252268233,4.96793308645194,53.4354973084456,727.954880902085,54
"58",2020-04-27,1479,785,95,87,57.3,61,0,54,7,8,11,56,45,8,172,7,269,0.0632000017166138,80,0.1,7.16355314090805,5.29250396155957,60.4969088995184,728.581926588852,61
"59",2020-04-28,1499,780,103,65,59.3,20,0,13,7,7,13,61,48,8,179,7,503,0.0616300010681152,11,0.272730007171631,6.61477054788909,5.05540023733637,19.5354494998625,728.235801413247,20
"60",2020-04-29,1524,769,111,28,58.3,25,0,17,8,7,13,62,49,8,186,8,668,0.0314400005340576,74,0.148649997711182,4.31294072606172,5.13903078075198,24.6538346578248,735.724856483407,25
"61",2020-04-30,1544,759,122,30,55.4,20,0,10,10,2,11,56,45,11,188,10,603,0.0414599990844727,6,0.333330001831055,4.43355656139956,5.26913951894292,19.5551922337884,725.239090544539,20
"62",2020-05-01,1567,742,135,43,56.1,23,0,16,7,6,11,57,46,13,194,7,516,0.031010000705719,55,0.0909099960327148,3.67797025323123,5.06975068868754,22.741698837736,714.620076800014,23
"63",2020-05-02,1588,743,139,22,51.7,21,0,15,6,4,12,57,45,4,198,6,508,0.0511800003051758,28,0.0357100009918213,5.03718660126871,5.08116147906296,20.6967789147509,705.451122276654,21
"64",2020-05-03,1607,724,148,23,42.6,19,0,13,6,3,12,52,40,9,201,6,826,0.0205800008773804,231,0.0043299999833107,1.70286761786764,4.70612077837514,18.8974933017182,711.63085840733,19
"65",2020-05-04,1625,721,152,14,32.1,18,0,11,7,6,10,52,42,4,207,7,637,0.0109899997711182,24,0.125,1.51295459216373,3.89889241426881,17.8937463049721,710.055869412125,18
"66",2020-05-05,1650,721,156,29,27,25,0,24,1,3,9,50,41,4,210,1,923,0.0292499995231628,29,0.172409992218018,3.36109656871868,3.4340818458159,24.9662789492804,696.687122431143,25
"67",2020-05-06,1666,694,161,23,26.3,16,0,11,5,4,10,52,42,5,214,5,598,0.0167200005054474,149,0.0134200000762939,1.60617674881196,3.04740127763736,15.9194281293262,682.816624350478,16
"68",2020-05-07,1689,672,167,32,26.6,23,0,16,7,6,10,54,44,6,220,7,813,0.0356699991226196,234,0.0128199994564056,3.05631224063884,2.85065208895726,22.7853574255243,651.394312850329,23
"69",2020-05-08,1702,639,173,16,22.7,13,0,8,5,4,8,54,46,6,224,5,715,0.00978999972343445,127,0.0472399997711182,1.54386339349022,2.54577968042283,12.9225540017496,629.102401423601,13
"70",2020-05-09,1719,623,179,12,21.3,17,0,12,5,5,6,51,45,6,229,5,1100,0.0154499995708466,164,0.0304900002479553,1.74013920637626,2.0747729097239,16.9127080682781,612.123425307455,17
"71",2020-05-10,1731,554,185,25,21.6,12,0,8,4,3,5,52,47,6,232,4,907,0.0176400005817413,316,0.0126600003242493,1.6353262984548,2.06512414980778,11.9343727025679,544.910619305651,12
"72",2020-05-11,1751,535,188,14,21.6,20,0,14,6,1,5,51,46,3,233,6,517,0.00967000007629394,197,0.0152300000190735,1.12040616851561,2.00904580357234,19.9325554518366,528.986194455434,20
"73",2020-05-12,1774,518,193,13,19.3,23,0,17,6,4,6,51,45,5,237,6,835,0.0131700003147125,322,0.00310999989509583,1.03702422031165,1.67703546808562,22.9375747546392,512.610620483848,23
"74",2020-05-13,1795,500,195,21,19,21,0,15,6,2,7,47,40,2,239,6,1249,0.0144099998474121,224,0.0133899998664856,1.42548878340193,1.65122290159847,20.9141905412429,492.849211770239,21
"75",2020-05-14,1809,472,198,25,18,14,0,10,4,2,6,45,39,3,241,4,1046,0.0267700004577637,127,0.0236199998855591,2.6428951802461,1.59216332154237,13.8939379448372,459.484677490786,14
"76",2020-05-15,1829,458,201,17,18.1,20,0,12,8,1,5,44,39,3,242,8,1163,0.012039999961853,137,0.0146000003814697,1.23097846214588,1.54746547420746,19.9011991799507,452.343653052176,20
"77",2020-05-16,1845,439,207,19,19.1,16,0,6,10,1,4,42,38,6,243,10,967,0.0134399998188019,25,0.04,1.4109354662078,1.50043636846911,15.8584443337305,432.785706250767,16
"78",2020-05-17,1857,399,212,15,17.7,12,0,9,3,1,2,42,40,5,244,3,353,0.0254999995231628,10,0.1,2.7552341134095,1.66042319917693,11.9170722524184,387.970609571641,12
"79",2020-05-18,1872,391,213,26,19.4,15,0,8,7,2,1,43,42,1,246,7,376,0.0398900008201599,17,0.0588199996948242,4.07088557333133,2.08192025700774,14.714104682029,375.030704381908,15
"80",2020-05-19,1884,354,219,23,20.9,12,0,8,4,0,1,40,39,6,246,4,359,0.0390000009536743,31,0.225809993743896,5.38490003805894,2.70304537382879,11.7838985181282,334.875018854349,12
"81",2020-05-20,1899,340,223,17,20.3,15,0,9,6,3,1,41,40,4,249,6,675,0.0296300005912781,36,0.0555600023269653,3.0942912071566,2.94144572007945,14.8137344489731,329.444952108474,15
"82",2020-05-21,1907,326,229,11,18.3,8,0,1,7,0,1,38,37,6,249,7,478,0.0209200000762939,36,0,1.94547860631683,2.8418147809467,7.86337045963601,319.636967120191,8
"83",2020-05-22,1914,310,233,7,16.9,7,0,3,4,1,1,36,35,4,250,4,514,0.00583999991416931,14,0,0.568515143159664,2.74717716394867,6.97718491261954,308.231830728015,7
"84",2020-05-23,1923,306,236,6,15,9,1,3,5,1,0,35,35,3,251,6,582,0.00859000027179718,43,0,0.799900825309753,2.65988650096323,8.95184875694679,303.544286604286,9
"85",2020-05-24,1933,303,237,8,14,10,0,3,7,1,1,36,35,1,252,7,332,0.0150600004196167,25,0.04,1.68064989896716,2.50637447032861,9.88196918616165,297.890951915283,10
"86",2020-05-25,1948,299,240,6,11.1,15,1,7,7,0,1,35,34,3,252,8,401,0.0174600005149841,8,0,1.71184846124906,2.16936916860257,14.8626035816445,293.864808863964,15
"87",2020-05-26,1954,289,243,16,10.1,6,0,2,4,1,1,35,34,3,253,4,1123,0.00800999999046326,41,0.0731699991226196,1.03051545990701,1.54731422886658,5.95864437289389,286.012055941583,6
"88",2020-05-27,1959,262,243,8,8.9,5,0,1,4,1,1,33,32,0,254,4,1150,0.00957000017166138,13,0.0769199991226196,1.03228376491871,1.25274173711831,4.95857340902627,259.286558291221,5
"89",2020-05-28,1963,237,244,4,7.9,4,0,2,2,1,1,31,30,1,255,2,1403,0.00284999996423721,88,0,0.268179071081476,1.01312751779898,3.99461885139389,236.362333890176,4
"90",2020-05-29,1970,227,247,7,7.9,7,0,3,4,2,1,32,31,3,257,4,1380,0.0065200001001358,37,0,0.634975309681539,1.0226218273021,6.97451779895554,225.553885090727,7
"91",2020-05-30,1973,209,248,15,9.1,3,1,1,1,0,1,31,30,1,257,2,1020,0.0127499997615814,119,0,1.1417910234252,1.07146328417574,2.97708938602331,206.605840839436,3
"92",2020-05-31,1977,194,249,10,9.4,4,0,1,3,3,1,34,33,1,260,3,1309,0.00535000026226044,11,0.0909099960327148,0.606300022701422,0.917984730423489,3.98175142540642,192.819925509615,4
"93",2020-06-01,1988,185,250,5,9.3,11,0,5,6,0,1,31,30,1,260,6,763,0.00130999997258186,20,0,0.127653892602805,0.691671220616882,10.9923156803757,184.763066811585,11
"94",2020-06-02,1991,166,251,8,8.1,3,0,1,2,0,1,26,25,1,260,2,858,0.0104900002479553,9,0,1.03811075118174,0.692756262227556,2.97916978308865,164.271091996358,3
"95",2020-06-03,2001,157,251,8,8.1,10,0,7,3,0,0,22,22,0,260,3,1110,0.00449999988079071,141,0,0.399280564962245,0.602327233662347,9.98798235048546,156.371076342073,10
"96",2020-06-04,2008,147,254,8,8.7,7,0,2,5,0,0,20,20,3,260,5,1430,0.00559000015258789,21,0,0.550909732474203,0.642717328147022,6.97236429443355,146.187510256346,7
"97",2020-06-05,2012,138,256,15,9.9,4,0,1,3,1,0,21,21,2,261,3,1366,0.00952000021934509,29,0,0.932209340474939,0.685179332546079,3.97194212262983,136.709337640972,4
"98",2020-06-06,2015,129,257,2,8,3,0,0,3,0,0,21,21,1,261,3,1404,0.000710000023245811,68,0,0.0677201109128478,0.5317406307586,2.99796174262047,128.91235493268,3
"99",2020-06-07,2016,119,258,4,7.1,1,0,0,1,0,0,20,20,1,261,1,870,0.00230000004172325,22,0,0.22432735832951,0.477173107276898,0.997749379087042,118.732176111358,1
"100",2020-06-08,2019,111,258,0,6.4,3,0,0,3,0,0,19,19,0,261,3,701,0.0014300000667572,12,0,0.140593274445554,0.479021590397291,2.99576838733298,110.84343033132,3
"101",2020-06-09,2029,108,259,3,5.7,10,0,3,7,0,0,18,18,1,261,7,1338,0.00224000006914139,10,0,0.222338285794598,0.362482666770557,9.98438534471939,107.759088175671,10
"102",2020-06-10,2039,106,259,7,5.6,10,0,4,6,0,0,17,17,0,261,6,1281,0.00233999997377396,12,0,0.231828303666236,0.338560915156841,9.98604474374417,105.75345713948,10
"103",2020-06-11,2046,105,260,5,5.1,7,0,2,5,0,0,16,16,1,261,5,1529,0.00326999992132187,6,0,0.325721816267175,0.306391212841551,6.98366056782025,104.656871924225,7
"104",2020-06-12,2050,108,260,10,4.4,4,0,2,2,0,0,16,16,0,261,2,1596,0.00814999997615814,13,0,0.808415162333648,0.288706330249938,3.98377874117317,107.124052023351,4
"105",2020-06-13,2053,106,260,6,5,3,0,3,0,0,0,16,16,0,261,0,1479,0.00270000010728836,23,0.0434800004959106,0.332446083228058,0.326524326294968,3,105.646452969584,3
"106",2020-06-14,2056,103,260,1,4.6,3,0,1,2,0,0,16,16,0,261,2,768,0,13,0,0,0.294477560819324,3,103,3
"107",2020-06-15,2061,101,260,2,4.9,5,0,2,3,0,0,14,14,0,261,3,720,0.00555999994277954,17,0,0.543175028331244,0.351989239945851,4.98365137778206,100.449596385329,5
"108",2020-06-16,2065,100,260,3,4.9,4,0,1,3,1,0,14,14,0,262,3,1250,0.000799999982118607,14,0,0.0791139222822989,0.331528616586951,3.99761880874468,99.9206269581559,4
"109",2020-06-17,2068,90,260,8,5,3,0,0,3,1,1,6,5,0,263,3,1098,0.0091100001335144,26,0,0.889927059305944,0.425542724535481,2.9732147456432,89.196442369296,3
"110",2020-06-18,2070,76,260,2,4.6,2,0,0,2,0,1,6,5,0,263,2,1304,0.00230000004172325,122,0,0.210322584460527,0.409057119991674,1.99577977104015,75.8396312995257,2
"111",2020-06-19,2073,74,260,5,3.9,3,0,0,3,0,1,5,4,0,263,3,1875,0.0010700000077486,19,0,0.105926611115556,0.308701612674804,2.99681179351474,73.9213575733637,3
"112",2020-06-20,2079,74,261,1,3.1,6,0,0,6,1,1,5,4,1,264,6,1792,0.000560000017285347,158,0,0.0514625656910432,0.268561110169516,5.99690213282656,73.9617929715276,6
"113",2020-06-21,2085,78,261,1,3.1,6,0,0,6,0,1,4,3,0,264,6,1102,0.00363000005483627,86,0,0.336722227308887,0.316664285499357,5.97973049496193,77.7364964345051,6
"114",2020-06-22,2087,77,262,6,3.7,2,0,1,1,0,1,1,0,1,264,1,509,0.0039300000667572,10,0,0.385427752211834,0.294128960339441,1.9961330986732,76.7022485978362,2
"115",2020-06-23,2096,82,262,4,3.9,9,0,0,9,0,1,1,0,0,264,9,1255,0.00158999994397163,20,0,0.156505876837992,0.305184953847398,8.98586833715549,81.8712448496389,9
"116",2020-06-24,2098,76,263,3,3.1,2,0,0,2,1,1,2,1,1,265,2,1733,0.00289000004529953,24,0,0.285052366448724,0.218774283439223,1.99428028019413,75.782650647377,2
"117",2020-06-25,2104,74,263,6,3.7,6,0,0,6,0,1,2,1,0,265,6,1796,0.00277999997138977,21,0.0476200008392334,0.32982388366758,0.235845897611659,5.98014575121724,73.7551309316793,6
"118",2020-06-26,2108,68,263,6,3.9,4,0,0,4,0,1,2,1,0,265,4,2028,0.00196999996900558,23,0,0.194790830674955,0.248540786120145,3.99218284706004,67.8671084000207,4
"119",2020-06-27,2111,70,263,3,4.1,3,0,0,3,0,1,1,0,0,265,3,1574,0.000640000030398369,80,0,0.0609044768952257,0.249889630577885,2.99816688133252,69.9572272310922,3
"120",2020-06-28,2113,69,263,2,4.3,2,0,0,2,0,1,1,0,0,265,2,880,0.00114000000059605,12,0,0.112466367771807,0.217853079215445,1.99774330548715,68.9221440393068,2
"121",2020-06-29,2117,70,263,1,3.6,4,0,0,4,2,1,3,2,0,267,4,854,0.00351000010967255,8,0,0.347742470262222,0.212469467508358,3.98604474315172,69.7557830051551,4
"122",2020-06-30,2120,69,263,10,4.4,3,0,0,3,0,1,3,2,0,267,3,1605,0.00435999989509583,11,0,0.433032167798812,0.251973223359904,2.98696648603065,68.7002291787049,3
"123",2020-07-01,2122,68,263,4,4.6,2,0,0,2,0,2,3,1,0,267,2,1601,0.00312000006437302,15,0,0.309103966773589,0.255409166263456,1.99379767267729,67.7891208710279,2
"124",2020-07-02,2128,67,263,4,4.3,6,0,1,5,0,1,3,2,0,267,5,1012,0.00197999998927116,12,0,0.195679686439689,0.236245709516614,5.99018397047463,66.86846520436,6
"125",2020-07-03,2136,75,263,4,4,8,0,0,8,0,1,3,2,0,267,8,1334,0.00300000011920929,14,0,0.296884284794154,0.2508304886765,7.97617146708945,74.7766075039636,8
"126",2020-07-04,2139,75,263,4,4.1,3,0,0,3,0,1,3,2,0,267,3,1257,0.00317999988794327,40,0,0.308192741645697,0.286157383640853,2.99072393530506,74.7680983826265,3
"127",2020-07-05,2141,72,263,5,4.6,2,0,0,2,0,1,2,1,0,267,2,734,0.00272000014781952,47,0,0.255631255889824,0.306609510514855,1.99487062964771,71.8153426673176,2
"128",2020-07-06,2147,72,263,0,4.4,6,0,1,5,0,1,2,1,0,267,5,602,0,10,0,0,0.256932014763109,6,72,6
"129",2020-07-07,2154,73,263,6,3.9,7,0,1,6,0,1,1,0,0,267,6,1272,0.0039300000667572,21,0,0.386617175940848,0.250301301640543,6.97672699287432,72.7168450799709,7
"130",2020-07-08,2167,79,263,5,4,13,0,1,12,0,1,1,0,0,267,12,1684,0.00296999990940094,39,0,0.29027741424441,0.247611794136374,12.9650526218154,78.7699297602847,13
"131",2020-07-09,2175,83,263,5,4.1,8,0,0,8,1,0,2,2,0,268,8,1504,0.00266000002622604,41,0,0.258941102876632,0.256649139341652,7.97921686358014,82.7843749596439,8
"132",2020-07-10,2191,96,263,12,5.3,16,0,0,16,0,0,2,2,0,268,16,1900,0.00684000015258789,14,0.0714300012588501,0.73124453017455,0.318700602967423,15.8826176712923,95.295706027754,16
"133",2020-07-11,2198,101,263,7,5.7,7,0,0,7,1,1,2,1,0,269,7,1571,0.00381999999284744,25,0,0.376016290022765,0.328389681307004,6.97359265082208,100.618979676147,7
"134",2020-07-12,2221,121,263,9,6.3,23,0,2,21,1,1,3,2,0,270,21,1068,0.00842999994754791,13,0,0.832862159480219,0.410851238962775,22.8245260981022,119.988936089065,23
"135",2020-07-13,2244,139,263,6,7.1,23,0,2,21,0,0,3,3,0,270,21,808,0.00619000017642975,65,0,0.572911814725686,0.492695783923587,22.8792944661623,138.201044323646,23
"136",2020-07-14,2263,149,263,4,6.9,19,0,2,17,1,0,4,4,0,271,17,1406,0.00356000006198883,66,0,0.340038049399205,0.486041622989067,18.9420041997332,148.49168386825,19
"137",2020-07-15,2284,169,263,15,8.3,21,0,0,21,1,0,5,5,0,272,21,1404,0.00782999992370606,46,0,0.758159992612641,0.552881991327386,20.8402649338162,167.714513038807,21
"138",2020-07-16,2306,187,263,7,8.6,22,0,1,21,0,0,5,5,0,272,21,1695,0.00708000004291534,25,0.04,0.75584884143846,0.623868811121932,21.8407518651887,185.581933275728,22
"139",2020-07-17,2336,214,263,17,9.3,30,0,0,29,0,1,5,4,0,272,29,1787,0.00726999998092651,21,0,0.718555860946664,0.622056144089377,28.7909362953555,212.457254041589,30
"140",2020-07-18,2362,233,263,16,10.6,26,0,0,24,2,1,6,5,0,274,24,1551,0.00708999991416931,81,0,0.673810653607635,0.664598196030073,23.8377557840817,231.424879070459,26
"141",2020-07-19,2380,251,263,28,13.3,18,0,0,18,0,1,6,5,0,274,18,2025,0.0212299990653992,22,0,2.10018310246377,0.845644045027723,17.6207288810441,245.711274952338,18
"142",2020-07-20,2410,276,263,47,19.1,30,0,0,27,2,3,8,5,0,276,27,1548,0.0148599994182587,35,0.0285700011253357,1.51631264301018,0.980415591925508,26.589254675847,271.80127001977,30
"143",2020-07-21,2434,295,263,23,21.9,24,0,0,23,0,3,8,5,0,276,23,1428,0.0161099994182587,15,0,1.59425358068423,1.15958923925194,22.6321207054404,290.281548178475,24
"144",2020-07-22,2461,315,263,13,21.6,27,0,1,23,2,3,9,6,0,278,23,1771,0.00902999997138977,16,0,0.894914938406899,1.17912566007969,23.7934954136401,312.171785012897,27
"145",2020-07-23,2480,323,263,29,24.7,19,0,1,17,1,3,10,7,0,279,17,1667,0.0101999998092651,32,0,1.0007886805206,1.21411706566285,17.8293086890503,319.756865091956,19
"146",2020-07-24,2503,338,263,34,27.1,23,0,1,18,0,3,7,4,0,279,18,2036,0.0122800004482269,83,0,1.17989999587494,1.28002337065261,18.7869223920683,333.998876028839,23
"147",2020-07-25,2515,337,263,26,28.6,12,0,1,10,0,3,7,4,0,279,10,2126,0.00800000011920929,320,0,0.695339339878943,1.28309889726279,10.9302383235113,334.649031502332,12
"148",2020-07-26,2522,339,263,21,27.6,7,0,0,6,2,4,9,5,0,281,6,1816,0.0121099996566772,73,0,1.16420113163186,1.14938718714395,5.92991914762643,335.040431840893,7
"149",2020-07-27,2537,341,264,22,24,15,0,1,13,1,4,9,5,1,282,13,1601,0.00874000012874603,24,0,0.861091704992148,1.05578419599852,13.8876914381839,338.054060032362,15
"150",2020-07-28,2557,331,264,14,22.7,20,0,2,17,1,4,10,6,0,283,17,1488,0.00739000022411346,24,0,0.727269863325452,0.931929379232978,18.8759591821916,328.584852312083,20
"151",2020-07-29,2573,325,264,20,23.7,16,2,2,12,2,4,11,7,0,285,14,2254,0.00620999991893768,52,0,0.606996522865808,0.890798177012822,15.9147421558352,323.020800046173,16
"152",2020-07-30,2593,335,264,19,22.3,20,1,0,18,1,4,12,8,0,286,19,1891,0.00898999989032745,134,0,0.839510607042431,0.867758452230227,18.8399705559069,332.178428222569,20
"153",2020-07-31,2603,322,264,18,20,10,0,1,9,1,3,13,10,0,287,9,2129,0.00797999978065491,207,0,0.727286795077667,0.803099423544901,9.93432980289973,319.650466281524,10
"154",2020-08-01,2621,310,264,15,18.4,18,0,0,18,1,2,13,11,0,288,18,1629,0.00551999986171722,83,0.0120500004291534,0.583658283315251,0.787144986892945,17.8945974139392,308.184733240064,18
"155",2020-08-02,2629,295,264,2,15.7,8,0,0,8,0,2,13,11,0,288,8,1340,0.00149000003933907,11,0,0.147786828476266,0.641942943585003,7.98813833036486,294.562600932204,8
"156",2020-08-03,2638,281,264,10,14,9,0,1,7,0,1,12,11,0,288,7,1046,0.0114699995517731,47,0,1.09767790769942,0.675740972543185,7.92291088295203,277.905422587074,9
"157",2020-08-04,2650,269,264,20,14.9,12,0,1,11,1,1,11,10,0,289,11,1699,0.0058899998664856,12,0,0.584869069150148,0.655398001946712,11.9354536858548,267.421549226814,12
"158",2020-08-05,2659,249,264,12,13.7,9,1,0,8,1,1,12,11,0,290,9,1599,0.005,70,0,0.479029358897543,0.637116978522675,8.95674615209773,247.803310208037,9
"159",2020-08-06,2669,225,264,13,12.9,10,0,0,10,1,2,10,8,0,291,10,1639,0.00305000007152557,10,0,0.303150401287472,0.560494091986252,9.96958566988931,224.315677572509,10
"160",2020-08-07,2681,226,264,6,11.1,12,0,3,9,1,2,10,8,0,292,9,1689,0,39,0,0,0.456595978403728,12,226,12
"161",2020-08-08,2687,209,264,14,11,6,1,1,4,0,1,10,9,0,292,5,1518,0.00725000023841858,95,0,0.682300084433937,0.470687664277826,5.96577325988289,207.569322263105,6
"162",2020-08-09,2689,200,264,16,13,2,0,1,1,2,2,12,10,0,294,1,1589,0.00441000014543533,102,0,0.414399185753799,0.508775143888902,1.99584243544472,199.168487088944,2
"163",2020-08-10,2701,201,264,8,12.7,12,2,0,10,0,1,12,11,0,294,12,1384,0.00578000009059906,27,0,0.566939767922686,0.432955409635084,11.9317444020608,199.856718734519,12
"164",2020-08-11,2714,205,264,8,11,13,2,1,10,0,1,12,11,0,294,12,1460,0.00342000007629395,41,0,0.332658235269098,0.396925290509219,12.9599502662498,204.315817048435,13
"165",2020-08-12,2721,188,264,12,11,7,3,0,4,0,2,10,8,0,294,7,1486,0.00268999993801117,7,0,0.267738774808078,0.366740921353581,6.98119690156403,187.495002499148,7
"166",2020-08-13,2743,191,264,11,10.7,22,0,0,22,0,2,9,7,0,294,22,1689,0.00532999992370605,56,0,0.515895121555274,0.397133024248982,21.8861313400271,190.011412997508,22
"167",2020-08-14,2754,186,264,6,10.7,11,4,1,6,1,2,10,8,0,295,10,1882,0.00477999985218048,36,0,0.469028139822923,0.464137044223685,10.9529435665756,185.124750338305,11
"168",2020-08-15,2758,178,264,2,9,4,0,0,4,1,2,11,9,0,296,4,2044,0.00734000027179718,21,0,0.726535620123653,0.470456406465073,3.97084339114344,176.702530905883,4
"169",2020-08-16,2762,159,264,26,10.4,4,0,1,3,0,2,11,9,0,296,3,1196,0.00501999974250793,22,0,0.492932651234769,0.481675472962354,3.98516358581748,158.213670048326,4
"170",2020-08-17,2786,174,265,8,10.4,24,1,4,19,1,1,9,8,1,297,20,1358,0.00662999987602234,32,0,0.647736678535132,0.493217888764132,23.8700283616178,172.869246746075,24
"171",2020-08-18,2812,193,265,15,11.4,26,1,1,24,0,1,7,6,0,297,25,1888,0.00583000004291534,77,0.0519500017166138,0.76372469278389,0.554798811266246,25.8084434754056,191.521183630131,26
"172",2020-08-19,2836,202,265,23,13,24,4,3,15,2,1,7,6,0,299,19,1519,0.0118499994277954,25,0.04,1.23057960691847,0.692347501567731,21.7654240830843,199.506087620159,24
"173",2020-08-20,2853,210,266,24,14.9,17,1,0,16,3,0,6,6,1,302,17,1607,0.00995999991893768,103,0,0.936007009925898,0.752363485620677,16.8403576432347,208.027947357605,17
"174",2020-08-21,2874,217,266,16,16.3,21,3,2,16,0,0,6,6,0,302,19,1804,0.00721000015735626,116,0.00861999988555908,0.729518764093518,0.789576431945048,20.860937454162,215.411759344902,21
"175",2020-08-22,2893,227,266,16,18.3,19,1,0,18,1,0,7,7,0,303,19,1864,0.00589999973773956,73,0,0.567764559171221,0.766894851808986,18.8917714129902,225.706953197304,19
"176",2020-08-23,2910,237,266,13,16.4,17,0,1,15,0,0,7,7,0,303,15,694,0.0172899997234344,5,0,1.71663230444399,0.941709087981732,15.7416617888465,232.918256263775,17
"177",2020-08-24,2929,253,266,19,18,19,2,0,17,1,1,8,7,0,304,19,1142,0.00962999999523163,58,0,0.91645499954621,0.980097419554743,18.8253032387162,250.67377470501,19
"178",2020-08-25,2943,255,266,23,19.1,14,0,1,13,4,2,11,9,0,308,13,1647,0.0145700001716614,73,0,1.3951622257399,1.0703027814056,13.8180348711239,251.430684010508,14
"179",2020-08-26,2961,263,266,15,18,18,1,4,13,0,2,11,9,0,308,14,1832,0.0049099999666214,41,0,0.480251998870817,0.96311312311308,17.9325445063733,261.732800369728,18
"180",2020-08-27,2974,266,266,16,16.9,13,1,3,9,1,2,9,7,0,309,10,1469,0.00612999975681305,9,0,0.609267228874044,0.916436011534243,12.9388737255636,264.374041099992,13
"181",2020-08-28,3002,276,266,20,17.4,28,0,3,21,1,1,9,8,0,310,21,2137,0.00607999980449677,35,0,0.598202559033591,0.897676553668539,23.8739660147072,274.343553336152,28
"182",2020-08-29,3023,290,266,12,16.9,21,0,2,18,0,1,9,8,0,310,18,1790,0.00726000010967255,11,0.0909099960327148,0.777091068999096,0.927580340786807,19.8596654744417,287.739054866005,21
"183",2020-08-30,3043,304,267,16,17.3,20,0,6,12,2,1,10,9,1,312,12,1402,0.00428000003099442,33,0,0.418157494317364,0.742083939340146,17.9496567511714,302.724637696341,20
"184",2020-08-31,3064,314,267,13,16.4,21,1,3,17,1,1,11,10,0,313,18,1353,0.00517000019550324,54,0,0.497157801315983,0.682184339592971,20.9102184969579,312.433811558044,21
"185",2020-09-01,3089,318,267,18,15.7,25,1,2,22,0,1,11,10,0,313,23,1361,0.0154299998283386,22,0.0909099960327148,1.6630693911127,0.720456791789084,24.6162412292381,312.694117865118,25
"186",2020-09-02,3125,328,267,15,15.7,36,1,9,26,0,1,9,8,0,313,27,1528,0.00261999994516373,51,0,0.253537676770752,0.688069031489075,35.9313206180069,327.165672692825,36
"187",2020-09-03,3147,329,267,24,16.9,22,1,4,17,1,1,8,7,0,314,18,1493,0.00938000023365021,133,0.00751999974250793,0.922785997207461,0.732857426965278,21.8333544930882,325.954090457001,22
"188",2020-09-04,3169,333,267,24,17.4,22,0,3,19,3,1,11,10,0,317,19,2705,0.00813000023365021,258,0.00774999976158142,0.809691210614641,0.763070091476856,21.8456547978849,330.294897247141,22
"189",2020-09-05,3194,340,267,17,18.1,25,1,11,13,2,1,13,12,0,319,14,2256,0.00398999989032745,164,0,0.371960320354493,0.705194270241913,24.9477549972139,338.73119278948,25
"190",2020-09-06,3215,342,267,27,19.7,21,1,3,16,1,1,14,13,0,320,17,1310,0.00611000001430511,192,0.03125,0.932363516560566,0.778652273419513,19.8409790657898,338.800872970595,21
"191",2020-09-07,3256,367,267,29,22,41,2,6,33,0,1,12,11,0,320,35,1290,0.0147300004959106,44,0,1.4244153403092,0.91111763613283,40.4998217595353,361.755273878556,41
"192",2020-09-08,3308,404,267,24,22.9,52,0,14,36,3,1,14,13,0,323,36,1097,0.0127600002288818,4,0,1.27136423715562,0.855159756996105,49.5408098120009,398.84686566801,52
"193",2020-09-09,3353,435,267,15,22.9,45,2,10,31,0,1,13,12,0,323,33,1587,0.0144900000095367,29,0,1.42299690687715,1.02222536129702,42.5288729894076,428.789689405828,45
"194",2020-09-10,3430,497,267,33,24.1,77,1,21,52,2,2,14,12,0,325,53,1959,0.0127600002288818,61,0,1.23746734892968,1.06717984011448,73.3419941931594,490.829643660381,77
"195",2020-09-11,3460,511,267,60,29.3,30,0,1,25,0,1,12,11,0,325,25,2314,0.0155599999427795,93,0.0752699995040894,1.78670335776785,1.20675300399351,25.5518611759852,501.840042437137,30
"196",2020-09-12,3509,536,269,47,33.6,49,0,4,42,1,0,12,12,2,326,42,1900,0.0168400001525879,26,0,1.66126688940379,1.39093965671484,45.2999826445251,527.066445177749,49
"197",2020-09-13,3544,549,270,31,34.1,35,1,5,29,1,1,11,10,1,327,30,1199,0.0166799998283386,44,0,1.6089557356539,1.48759568801389,34.5157323493239,540.137901992627,35
"198",2020-09-14,3612,599,272,59,38.4,68,0,19,49,1,1,11,10,2,328,49,2394,0.0141999995708466,218,0.0412799978256226,1.6460121936674,1.51925238135077,67.1908123681912,589.108094051971,68
"199",2020-09-15,3684,647,273,41,40.9,72,0,14,55,1,1,11,10,1,329,55,2961,0.0121599996089935,28,0,1.20460886056306,1.5097158989804,68.3352951452115,639.180653799124,72
"200",2020-09-16,3760,685,274,41,44.6,76,0,7,66,1,0,11,11,1,330,66,1887,0.0190799999237061,162,0.00616999983787537,1.80592971350752,1.56442058564189,71.8041825486017,672.588864330185,76
"201",2020-09-17,3810,710,278,57,48,50,2,4,38,2,2,11,9,4,332,40,2512,0.0191100001335144,208,0.00481000006198883,1.80164707162801,1.6450176888845,43.2769808181452,697.166409522077,50
"202",2020-09-18,3898,778,278,46,46,88,1,6,78,0,2,11,9,0,332,79,2409,0.0128699994087219,281,0.0213499999046326,1.37558284568078,1.58628618715778,83.9097302803324,767.262913393653,88
"203",2020-09-19,3968,829,280,46,45.9,70,2,4,60,0,2,10,8,2,332,62,2101,0.0214199995994568,161,0,1.98954107685494,1.6331824996508,64.7624444344978,812.452684454817,70
"204",2020-09-20,4011,861,280,76,52.3,43,1,4,34,2,2,11,9,0,334,35,2847,0.0186199998855591,112,0,1.79152212484578,1.6592634123925,38.3709135539326,845.524473426742,43
"205",2020-09-21,4120,941,280,56,51.9,109,2,22,82,1,3,12,9,0,335,84,2949,0.0189900004863739,73,0,1.85312744653596,1.68885130565944,104.438274568937,923.504956778215,109
"206",2020-09-22,4229,1020,280,85,58.1,109,0,27,81,3,3,15,12,0,338,81,2507,0.0135599994659424,64,0.03125,1.4000357316654,1.71676943010263,106.862256804862,1005.67286346864,109
"207",2020-09-23,4335,1079,281,67,61.9,106,0,26,75,2,3,16,13,1,340,75,1896,0.0168799996376038,7,0.571430015563965,1.89198578149472,1.7290631541008,99.5763630887821,1058.51861030394,106
"208",2020-09-24,4436,1132,282,38,59.1,101,2,18,75,2,3,18,15,1,342,77,2730,0.0128199994564056,55,0,1.25668217292594,1.65121102571479,94.0291854260217,1117.72776496437,101
"209",2020-09-25,4555,1195,284,57,60.7,119,5,16,86,3,3,20,17,2,345,91,3291,0.0133700001239777,59,0.0339000010490417,1.37315732745982,1.65086452311179,105.746334140834,1178.537025256,119
"210",2020-09-26,4640,1242,286,75,64.9,85,3,14,66,3,4,21,17,2,348,69,3437,0.0299699997901916,12,0,2.98657260883992,1.79329759910965,80.9325154332986,1204.78527779938,85
"211",2020-09-27,4722,1272,287,109,69.6,82,2,12,64,2,4,22,18,1,350,66,2684,0.0331599998474121,13,0,3.30001629923819,2.00879676687999,75.814855666302,1229.88630920509,82
"212",2020-09-28,4837,1342,288,86,73.9,115,3,11,97,6,4,27,23,1,356,100,3135,0.0258400011062622,192,0.0104200005531311,2.49501182970644,2.10049453590435,108.496816329568,1308.4072751428,115
"213",2020-09-29,4944,1373,291,58,70,107,5,18,74,4,3,27,24,3,360,79,2165,0.0263299989700317,79,0.0253200006484985,2.62944419881239,2.27612431692535,94.9159354898018,1336.77948642402,107
"214",2020-09-30,5027,1403,291,107,75.7,83,1,10,67,5,5,30,25,0,365,68,3170,0.0305999994277954,281,0.0142299997806549,2.92670611777675,2.42394150782278,76.0033215253879,1361.80382500175,83
"215",2020-10-01,5128,1439,293,105,85.3,101,2,11,78,3,5,29,24,2,368,80,3844,0.0226300001144409,120,0.00833000004291534,2.21971040476944,2.56151696951471,89.2184155530963,1406.95374976132,101
"216",2020-10-02,5224,1489,294,115,93.6,96,0,13,79,1,5,29,24,1,369,79,3362,0.021710000038147,197,0,2.05082945007727,2.65832727274577,90.3745382863398,1458.36313301722,96
"217",2020-10-03,5297,1502,295,65,92.1,73,2,6,64,5,6,31,25,1,374,66,3113,0.0301999998092651,485,0.0103100001811981,2.75188853513406,2.62480097650208,70.1778048669321,1460.53125621412,73
"218",2020-10-04,5354,1483,295,77,87.6,57,1,7,47,3,6,32,26,0,377,48,3118,0.0291899991035461,102,0,2.82653469580301,2.55716074743991,53.638819665343,1440.94519924383,57
"219",2020-10-05,5432,1484,295,82,87,78,3,13,59,3,6,33,27,0,380,62,3821,0.0177999997138977,238,0.00839999973773956,1.72488294763206,2.447142335715,73.9270699074702,1458.31889907558,78
"220",2020-10-06,5507,1456,296,139,98.6,75,5,15,52,2,7,34,27,1,382,57,2158,0.0194599997997284,55,0,1.89763576899295,2.34259827431222,70.9148049066124,1428.27992884259,75
"221",2020-10-07,5608,1470,296,174,108.1,101,12,22,63,3,10,36,26,0,385,75,2268,0.0313100004196167,76,0,3.02948297575472,2.35728068259479,94.7204459841218,1425.32074128879,101
"222",2020-10-08,5688,1429,296,85,105.3,80,5,14,55,2,9,36,27,0,387,60,2434,0.0271199989318848,182,0,2.52332100153698,2.40065362499015,72.481048662511,1392.82364231214,80
"223",2020-10-09,5771,1430,296,96,102.6,83,5,19,57,2,9,37,28,0,389,62,2508,0.0207299995422363,247,0.00810000002384186,1.95976547578285,2.38764448580523,79.7809657715295,1401.8835653756,83
"224",2020-10-10,5836,1415,297,68,103,65,5,7,51,6,9,43,34,1,395,56,2628,0.0300600004196167,21,0,2.98216991705371,2.42054182607947,61.3245150936889,1372.66408674232,65
"225",2020-10-11,5900,1380,297,139,111.9,64,6,6,48,5,10,46,36,0,400,54,2660,0.0233100008964539,238,0.0168099999427795,2.2776184393012,2.34212521800778,58.7660577408491,1348.46592004392,64
"226",2020-10-12,5961,1351,297,62,109,61,2,13,43,3,10,46,36,0,403,45,1994,0.0150499999523163,237,0.0126600003242493,1.47961093598233,2.30708635920068,57.3319943215296,1330.94498507526,61
"227",2020-10-13,6046,1372,298,74,99.7,85,4,10,68,1,7,45,38,1,404,72,2117,0.0302300000190735,18,0,2.9975133508374,2.4642117280356,79.8347216653186,1330.73941840024,85
"228",2020-10-14,6113,1377,300,84,86.9,67,1,16,49,2,7,45,38,2,406,50,3004,0.0296300005912781,110,0.0363599991798401,2.98677333609447,2.45811035094128,64.5017220854072,1335.73742623212,67
"229",2020-10-15,6199,1402,300,107,90,86,3,25,52,5,8,49,41,0,411,55,2119,0.021710000038147,105,0.00952000021934509,2.11344829603708,2.39955710729843,78.8337962730378,1372.27240681453,86
"230",2020-10-16,6274,1423,301,77,87.3,75,2,10,59,4,8,47,39,1,415,61,3126,0.0214299988746643,280,0.0035699999332428,1.99617664308598,2.40475870262745,69.7783440554333,1394.50137034232,75
"231",2020-10-17,6321,1405,302,64,86.7,47,1,10,36,6,8,49,41,1,421,37,3037,0.0214000010490417,149,0,2.03991849296735,2.2701513563294,46.242758081573,1376.24527309757,47
"232",2020-10-18,6378,1373,305,74,77.4,57,1,11,40,2,6,48,42,3,423,41,1144,0.0271000003814697,37,0.0540500020980835,2.79443272769098,2.34398196895651,50.8505300462287,1334.50677447493,57
"233",2020-10-19,6442,1352,307,69,78.4,64,1,6,57,3,6,47,41,2,426,58,1334,0.0374799990653992,27,0,3.67364575703472,2.65741551482114,61.8623067926675,1302.16963420149,64
"234",2020-10-20,6520,1356,309,46,74.4,78,3,14,57,4,5,45,40,2,430,60,1595,0.0250799989700317,48,0.0208299994468689,2.49558358677117,2.58571126281168,72.4977456199062,1322.04905100988,78
"235",2020-10-21,6608,1380,312,69,72.3,88,1,46,40,4,4,44,40,3,434,41,2258,0.0305599999427795,446,0.00897000014781952,2.69989274913919,2.54472832181807,85.8894183915084,1342.61944829955,88
"236",2020-10-22,6673,1366,312,88,69.6,65,1,24,36,1,3,43,40,0,435,37,2238,0.0268099999427795,87,0.0114900004863739,2.62367354469915,2.61761764305551,60.0260612886428,1330.04323568341,65
"237",2020-10-23,6752,1368,313,92,71.7,79,1,13,64,2,3,36,33,1,437,65,2768,0.0245700001716614,65,0.0153799998760223,2.4359145946735,2.68043735042515,76.4114696306524,1334.56754545742,79
"238",2020-10-24,6817,1360,317,63,71.6,65,2,17,41,2,3,36,33,4,439,43,2358,0.0211999988555908,191,0,1.96114544140773,2.6691840573452,59.1539454483123,1333.24106534197,65
"239",2020-10-25,6887,1341,319,69,70.9,70,1,24,42,3,3,38,35,2,442,43,1751,0.0308400011062622,77,0,2.95409419787008,2.69199283879936,65.7255790470959,1301.25584888734,70
"240",2020-10-26,6960,1301,320,77,72,73,1,16,51,4,3,39,36,1,446,52,995,0.0392000007629395,121,0.0165299999713898,3.67420526484435,2.69207276848645,66.0831555723064,1253.04202691482,73
"241",2020-10-27,7038,1272,322,61,74.1,78,0,15,60,1,3,31,28,2,447,60,1354,0.0288000011444092,116,0,2.65273479928776,2.71452294170311,73.4031460646793,1238.1466965712,78
"242",2020-10-28,7150,1278,325,93,77.6,112,2,69,38,2,2,29,27,3,449,40,1900,0.0405299997329712,166,0.01807000041008,3.87253724882471,2.88204358451532,107.445911656373,1228.3468774211,112
"243",2020-10-29,7214,1262,326,65,74.3,64,0,18,42,9,2,37,35,1,458,42,2190,0.0292199993133545,96,0,2.79929127280168,2.90713183138712,58.8204469212687,1226.55723844384,64
"244",2020-10-30,7264,1231,328,122,78.6,50,1,9,36,4,2,40,38,2,462,37,2789,0.0358599996566772,105,0.0571400022506714,3.66320799166528,3.0824594595288,44.6401737830364,1185.75821424102,50
"245",2020-10-31,7303,1161,329,83,81.4,39,0,5,32,2,2,39,37,1,464,32,2352,0.0276399993896484,322,0,2.43116224997955,3.1496047178962,36.2194800108778,1132.68175914466,39
"246",2020-11-01,7353,1120,332,50,78.7,50,1,6,40,1,2,37,35,3,465,41,1714,0.0256699991226196,104,0,2.42015283257261,3.07332737999656,46.004487409194,1092.80550971457,50
"247",2020-11-02,7417,1073,332,56,75.7,64,3,8,47,6,2,42,40,0,471,50,1030,0.0174800002574921,14,0.0714300012588501,1.82034677038704,2.80849045221695,57.0868455500083,1053.40370550318,64
"248",2020-11-03,7488,1001,333,36,72.1,71,1,36,33,1,2,43,41,1,472,34,1456,0.0219799995422363,13,0,2.17854862719511,2.74074957048943,69.2568674518779,979.121303509699,71
"249",2020-11-04,7553,925,337,53,66.4,65,5,1,51,1,1,40,39,4,473,56,1466,0.0272900009155273,295,0.0033899998664856,2.32863096551825,2.52019153001707,55.6916955962895,903.389614760139,65
"250",2020-11-05,7600,882,337,45,63.6,47,0,6,34,5,2,43,41,0,478,34,2536,0.0240499997138977,41,0,2.36673648717286,2.45839798921296,39.1926740149423,861.057014152327,47
"251",2020-11-06,7674,876,341,79,57.4,74,1,12,58,4,3,46,43,4,482,59,2342,0.0234800004959106,116,0.0258599996566772,2.35923194148077,2.27211569632945,69.6034941509239,855.265438579819,74
"252",2020-11-07,7709,843,346,75,56.3,35,3,4,25,3,4,46,42,5,485,28,2499,0.0276099991798401,142,0,2.61254782091709,2.2980279207491,31.2660907053064,820.904088020476,35
"253",2020-11-08,7746,781,346,47,55.9,37,1,5,29,1,4,47,43,0,486,30,1176,0.0204099988937378,92,0.0108700001239777,1.97178223268467,2.23397497790797,34.4065278936471,765.549942831279,37
"254",2020-11-09,7817,751,350,31,52.3,71,3,24,42,7,4,46,42,4,493,45,711,0.0210999989509583,20,0.1,2.3258685710166,2.30619237799791,67.949931110246,733.475516973216,71
"255",2020-11-10,7884,760,350,52,54.6,67,0,11,54,3,5,47,42,0,496,54,1374,0.0334800004959106,17,0,3.30708272332,2.46741153458718,63.2083262690547,734.783851194104,67
"256",2020-11-11,7940,758,353,77,58,56,0,6,48,2,5,46,41,3,498,48,2375,0.0261100006103516,241,0.0290499997138977,2.63808491516186,2.51161924167912,52.7295718276497,737.937821778302,56
"257",2020-11-12,7982,748,355,60,60.1,42,1,8,31,3,3,43,40,2,501,32,2318,0.0215700006484985,214,0.00467000007629395,2.01416435701211,2.4612517945133,39.3533563866259,732.88470553738,42
"258",2020-11-13,8021,725,357,79,60.1,39,1,7,27,0,3,36,33,2,501,28,2719,0.0217000007629395,200,0,2.02131901591067,2.41297851943186,34.4321769724403,710.297439464972,39
"259",2020-11-14,8042,702,357,50,56.6,21,3,2,14,3,3,37,34,0,504,17,1710,0.015789999961853,245,0.0163300001621246,1.58576726212221,2.26629558246116,18.7295366163695,690.831453217141,21
"260",2020-11-15,8072,658,360,30,54.1,30,1,1,25,0,2,35,33,3,504,26,984,0.0152400004863739,306,0.00653999984264374,1.31762794034426,2.17284496926967,26.6562946823646,649.301611576764,30
"261",2020-11-16,8116,620,363,11,51.3,44,0,3,39,3,2,33,31,3,507,39,735,0.0122399997711182,53,0,1.1416751055548,2.0036744742037,41.5532883834924,612.89843071193,44
"262",2020-11-17,8157,597,363,40,49.6,41,1,10,29,1,2,32,30,0,508,30,1828,0.020789999961853,38,0,2.03666237568421,1.82218585311287,39.3870001007255,584.801302004437,41
"263",2020-11-18,8199,590,363,66,48,42,3,6,31,1,2,32,30,0,509,34,2684,0.0204900002479553,20,0.05,2.07082694768906,1.74114900061676,39.2936127809378,577.742104139803,42
"264",2020-11-19,8219,571,364,53,47,20,2,1,17,0,2,30,28,1,509,19,2476,0.0121200001239777,187,0.0160399997234344,1.23952685900304,1.63048650090118,19.7637185372993,563.899120252522,20
"265",2020-11-20,8244,528,364,28,39.7,25,1,2,20,1,2,30,28,0,510,21,2643,0.00757000029087067,222,0.0225200009346008,0.872842966012306,1.46641849377284,22.8161026296527,523.376294688411,25
"266",2020-11-21,8273,496,365,27,36.4,29,4,4,19,2,2,31,29,1,512,23,1495,0.0187300002574921,71,0,1.7880811229215,1.49532047388702,26.5873943580335,487.102069634113,29
"267",2020-11-22,8300,483,368,26,35.9,27,3,4,19,3,4,31,27,3,515,22,1220,0.0147500002384186,36,0,1.4327229530948,1.51176261856567,25.683768587907,476.057283089049,27
"268",2020-11-23,8340,466,370,20,37.1,40,2,10,25,1,3,27,24,2,516,27,922,0.0173500001430511,13,0,1.71087701945381,1.5930771776941,36.5365502364035,458.001200376446,40
"269",2020-11-24,8383,475,370,21,34.4,43,2,7,33,1,3,23,20,0,517,35,1403,0.00855000019073486,41,0.0975599956512451,1.10772923056108,1.46037244267651,41.6110249294752,469.721052614306,43
"270",2020-11-25,8438,483,371,38,30.4,55,4,10,39,2,2,23,21,1,519,43,2618,0.0122200000286102,72,0.0138900005817413,1.22646989281736,1.33975000626627,52.4708906267649,477.056748202964,55
"271",2020-11-26,8483,498,372,60,31.4,45,3,4,37,3,2,23,21,1,522,40,3059,0.0143799996376038,224,0.00446000009775162,1.37031553193196,1.35843410239897,43.4500785251547,491.153477638176,45
"272",2020-11-27,8531,510,374,56,35.4,48,2,3,42,3,1,24,23,2,525,44,3154,0.0177600002288818,336,0.00298000007867813,1.63370546556817,1.46712874519267,46.2788152305305,501.64081289933,48
"273",2020-11-28,8575,512,375,60,40.1,44,2,3,39,2,1,25,24,1,527,41,2597,0.0119400000572205,191,0,1.11220158352229,1.3705745252785,43.5425038183502,506.286876951105,44
"274",2020-11-29,8620,524,377,22,39.6,45,0,4,38,5,1,28,27,2,532,38,898,0.0245000004768372,12,0,2.41769235474723,1.51128443980027,41.0782678377791,511.289798605164,45
"275",2020-11-30,8663,530,378,47,43.4,43,1,7,34,1,1,25,24,1,533,35,1135,0.0229099988937378,61,0,2.17415123280873,1.57746647027955,41.2365547411934,518.4392575095,43
"276",2020-12-01,8717,552,378,34,45.3,54,2,12,39,3,1,27,26,0,536,41,1906,0.0141700005531311,113,0.0176999998092651,1.43675686145195,1.62447041754967,52.4090003216938,544.043126282316,54
"277",2020-12-02,8759,566,379,49,46.9,42,1,5,34,6,1,31,30,1,542,35,2859,0.0101400005817413,81,0.0123500001430511,1.0200888324757,1.59498740892943,39.6417995349343,560.207386764938,42
"278",2020-12-03,8797,565,380,38,43.7,38,0,5,32,3,1,33,32,1,545,32,3327,0.0102199995517731,202,0,0.963500666158941,1.53687099953329,36.690669954473,559.538391383664,38
"279",2020-12-04,8840,569,382,55,43.6,43,1,5,33,2,1,31,30,2,547,34,2994,0.0110199999809265,165,0.0121200001239777,1.10774548791865,1.46173385986907,38.6221329573131,562.67628390327,43
"280",2020-12-05,8875,558,382,46,41.6,35,3,2,29,1,1,31,30,0,548,32,2277,0.0184500002861023,209,0,1.68988940673592,1.54426069175673,33.457464239018,548.539532667877,35
"281",2020-12-06,8914,552,383,33,43.1,39,0,7,30,1,2,31,29,1,549,30,1397,0.0157500004768372,20,0,1.55276998349623,1.42070035300659,36.5326432820462,543.40063638965,39
"282",2020-12-07,8968,555,384,23,39.7,54,0,4,45,2,1,30,29,1,551,45,1068,0.0168499994277954,25,0.04,1.73795053878184,1.3583859681456,48.2153607407368,545.322782469087,54
"283",2020-12-08,9015,559,384,57,43,47,1,1,44,0,1,27,26,0,551,45,2367,0.01942999958992,69,0,1.88796424586785,1.4228441659193,45.1476334715305,548.411713568568,47
"284",2020-12-09,9068,568,386,36,41.1,53,2,3,46,1,3,24,21,2,552,48,2911,0.00962000012397766,167,0.00598999977111816,0.942305078709412,1.41173220109555,50.5462121359093,562.630176941593,53
"285",2020-12-10,9113,567,386,60,44.3,45,2,0,43,1,3,23,20,0,553,45,3091,0.0139100003242493,252,0.00397000014781952,1.3160709255012,1.46209938100158,44.4058283633049,559.513437377642,45
"286",2020-12-11,9152,551,386,48,43.3,39,6,2,30,1,2,23,21,0,554,36,3047,0.0118099999427795,32,0,1.16872587936503,1.47081086549392,37.5778806414551,544.539228706715,39
"287",2020-12-12,9185,540,387,59,45.1,33,2,5,26,0,2,20,18,1,554,28,2616,0.0156700003147125,24,0,1.5527545766397,1.45122017548018,32.5638047246256,531.58766254635,33
"288",2020-12-13,9224,537,388,30,44.7,39,5,2,32,0,2,19,17,1,554,37,1502,0.0119799995422363,47,0,1.16165005244926,1.39534589961632,38.5687817345202,530.741507876685,39
"289",2020-12-14,9267,534,388,16,43.7,43,4,4,35,2,2,20,18,0,556,39,917,0.0174500000476837,20,0,1.70775347318313,1.39103203310222,42.3317947366195,524.850727932175,43
"290",2020-12-15,9313,542,389,54,43.3,46,1,7,37,1,1,20,19,1,557,38,2079,0.0134700000286102,49,0,1.31598355542672,1.30932050589635,44.4982883717157,534.844007828156,46
"291",2020-12-16,9368,560,389,53,45.7,55,3,4,47,0,1,18,17,0,557,50,2312,0.0168700003623962,94,0,1.62109064164007,1.4062898720293,53.1867999233252,550.892159141242,55
"292",2020-12-17,9405,555,390,61,45.9,37,1,5,29,1,0,17,17,1,558,30,3207,0.0134099996089935,83,0.0241000008583069,1.36796865706023,1.41370383368059,34.5882652623231,547.382907352978,37
"293",2020-12-18,9446,542,390,25,42.6,41,3,4,34,0,0,16,16,0,558,37,3298,0.00727999985218048,170,0.00587999999523163,0.72113724082124,1.34976259960291,40.7323053104468,538.078634547627,41
"294",2020-12-19,9485,539,390,46,40.7,39,1,7,28,3,0,19,19,0,561,29,2799,0.0117900002002716,140,0,1.12283805922287,1.28834595425765,35.6733104590258,532.928080600514,39
"295",2020-12-20,9529,533,390,24,39.9,44,5,2,34,0,0,16,16,0,561,39,1360,0.0161800003051758,51,0,1.55951810170369,1.34518424700828,40.3897958808111,524.660543704418,44
"296",2020-12-21,9604,555,390,22,40.7,75,7,8,60,1,0,15,15,0,562,67,1365,0.00658999979496002,32,0.03125,0.715486737302823,1.20343185616824,74.5190537991624,551.016042664703,75
"297",2020-12-22,9688,599,390,73,43.4,84,5,7,70,2,0,15,15,0,564,75,3021,0.0225099992752075,48,0,2.21579367254487,1.33197615861369,80.3327117514668,585.683924521715,84
"298",2020-12-23,9788,666,390,52,43.3,100,5,6,88,1,1,13,12,0,565,93,2652,0.0199800002574921,199,0.0150800001621246,1.96379799070964,1.38093435133791,97.1676861353625,652.878268453241,100
"299",2020-12-24,9863,693,390,49,41.6,75,11,6,56,2,1,13,12,0,567,67,3469,0.01557000041008,144,0,1.49494413015686,1.39907370463743,71.995106879865,682.606105488753,75
"300",2020-12-25,9928,724,390,47,44.7,65,6,2,56,0,1,10,9,0,567,62,2537,0.0295600008964539,161,0,2.77960423551903,1.69314041816568,62.271000919972,703.809752678383,65
"301",2020-12-26,10020,766,390,95,51.7,92,5,4,82,2,2,12,10,0,569,87,951,0.0199800002574921,50,0,1.89819982466283,1.80390638465711,89.3431572586016,751.412166207917,92
"302",2020-12-27,10130,830,391,37,53.6,110,8,6,94,2,4,12,8,1,571,102,1480,0.0270300006866455,32,0.0625,2.77806885028012,1.97798506302517,105.157088864858,806.866507429724,110
"303",2020-12-28,10261,923,391,65,59.7,131,15,6,108,1,2,13,11,0,572,123,1188,0.04125,39,0.0256399989128113,4.07538385962507,2.45797036621406,123.970859827503,885.261005047035,131
"304",2020-12-29,10382,1001,391,112,65.3,121,5,15,101,3,4,12,8,0,575,106,1880,0.0505299997329712,25,0.04,5.03918107600976,2.8613114238519,115.640973092981,950.392585529001,121
"305",2020-12-30,10519,1092,391,88,70.4,137,12,10,115,3,5,13,8,0,578,127,2458,0.0573600006103516,62,0,5.59487625000969,3.38003688946619,129.871234745478,1030.70384521309,137
"306",2020-12-31,10644,1179,391,147,84.4,125,0,9,116,2,5,13,8,0,580,116,2652,0.0331800007820129,144,0,3.14711595400209,3.6160614357298,121.337388609299,1141.77397560658,125
"307",2021-01-01,10760,1233,392,87,90.1,116,0,5,110,2,6,13,7,1,582,110,2759,0.0391400003433228,134,0.0149300003051758,3.80186246070242,3.76209832504171,110.804253948978,1185.96950108263,117
"308",2021-01-02,10873,1293,392,134,95.7,113,2,8,101,2,6,15,9,0,584,103,2369,0.0295499992370605,431,0,2.50014100687844,3.84808992250108,108.416420463537,1260.56729766363,113
"309",2021-01-03,10996,1319,393,106,105.6,123,0,5,118,3,5,18,13,1,587,118,1516,0.0600299978256226,126,0.0238100004196167,5.72506313986087,4.26908910672691,116.222299155438,1243.23908971206,123
"310",2021-01-04,11171,1430,393,117,113,175,4,30,140,5,8,21,13,0,592,144,1386,0.0533900022506714,155,0.00644999980926514,4.86685873393035,4.38215694591337,166.968769415762,1360.17597405931,175
"311",2021-01-05,11312,1503,395,105,112,141,2,19,120,6,8,23,15,2,598,122,2417,0.0575099992752075,97,0.0103100001811981,5.56888378145397,4.45782876097683,134.183709468019,1419.02553549535,141
"312",2021-01-06,11495,1597,395,132,118.3,183,11,42,129,7,7,28,21,0,605,140,2627,0.0513899993896484,211,0.0142200005054474,4.86264793880394,4.35322471651887,175.169995797708,1519.08916634957,183
"313",2021-01-07,11612,1633,395,187,124,117,2,7,107,6,9,32,23,0,611,109,2311,0.048899998664856,91,0.0109899997711182,4.74637747267502,4.58169064775786,110.809503770037,1555.23779501349,117
"314",2021-01-08,11742,1663,395,185,138,130,6,13,110,0,11,30,19,0,611,116,2661,0.0368300008773804,249,0,3.36785678126148,4.51968983640915,125.080490585798,1606.80910210501,130
"315",2021-01-09,11840,1672,397,154,140.9,98,6,2,90,4,11,30,19,2,615,96,3020,0.0324499988555908,375,0.00266999989748001,2.91606027998348,4.57910687542416,95.1914132781163,1623.08378126053,98
"316",2021-01-10,11933,1656,397,115,142.1,93,5,3,83,5,11,34,23,0,620,88,1824,0.0509899997711182,78,0,4.88989272252994,4.45979681580545,86.6828005657653,1574.75815610122,93
"317",2021-01-11,12097,1709,397,65,134.7,164,2,25,135,3,13,34,21,0,623,137,1608,0.0342000007629395,115,0,3.1917354165297,4.22049348474822,157.613000774015,1654.27458629775,164
"318",2021-01-12,12237,1737,398,161,142.7,140,1,22,115,4,13,35,22,1,627,116,2211,0.0705600023269653,74,0.0135099995136261,6.87124311198813,4.40654481768167,130.003251974799,1617.25559207092,140
"319",2021-01-13,12325,1725,402,172,148.4,88,0,9,75,2,11,34,23,4,629,75,2532,0.0375200009346008,173,0.0115600001811981,3.58597125315181,4.22416243401708,81.3017127884967,1662.93939413542,88
"320",2021-01-14,12417,1713,402,129,140.1,92,2,14,75,9,10,41,31,0,638,77,2581,0.0337100005149841,146,0,3.19052113418313,4.00189724280395,88.5352523634205,1658.1673675135,92
"321",2021-01-15,12510,1682,404,144,134.3,93,6,7,78,5,11,41,30,2,643,84,2923,0.0372900009155273,206,0.00485000014305115,3.51542897748658,4.02297898512182,88.0373679125535,1622.67681939185,93
"322",2021-01-16,12571,1633,405,119,129.3,61,0,0,59,2,9,39,30,1,645,59,2470,0.0323900008201599,289,0,2.89972098679938,4.02064480038124,57.2835611677026,1585.49246418404,61
"323",2021-01-17,12651,1573,407,72,123.1,80,2,3,72,2,9,39,30,2,647,74,2036,0.026029999256134,32,0,2.5627213967838,3.68819175384607,75.097374896512,1532.55636097586,80
"324",2021-01-18,12772,1593,408,63,122.9,121,2,45,72,7,10,43,33,1,654,74,1021,0.0391799998283386,48,0,3.74207481990026,3.7668116686133,116.221794963585,1533.19350509448,121
"325",2021-01-19,12846,1538,415,81,111.4,74,3,24,47,8,9,45,36,7,662,50,2337,0.0410799980163574,89,0,3.95729412053699,3.35053324126313,72.0148723337335,1476.93747298564,74
"326",2021-01-20,12907,1499,415,166,110.6,61,1,8,50,2,7,37,30,0,664,51,3065,0.0225099992752075,163,0.00612999975681305,2.16828803404187,3.14800706710457,57.8905512195005,1466.39090741238,61
"327",2021-01-21,12977,1466,417,81,103.7,70,1,9,59,3,7,37,30,2,667,60,2636,0.0242799997329712,117,0,2.32481217929938,3.02433435926404,67.6005440580067,1431.80662648396,70
"328",2021-01-22,13056,1436,418,95,96.7,79,1,3,74,5,6,37,31,1,672,75,2311,0.0307200002670288,111,0.00901000022888184,2.97250332958338,2.94677355242072,75.7633206866016,1393.17504674613,79
"329",2021-01-23,13104,1369,418,84,91.7,48,1,4,40,4,9,39,30,0,676,41,2122,0.0329900002479553,276,0,2.91929860409346,2.9495703548913,43.7991673593571,1328.90390524292,48
"330",2021-01-24,13150,1286,419,44,87.7,46,2,9,35,2,8,37,29,1,678,37,1247,0.0224499988555908,36,0,2.18200690357925,2.8951825701478,45.1900131797502,1257.8474851124,46
"331",2021-01-25,13213,1227,419,29,82.9,63,1,18,43,4,7,38,31,0,682,44,825,0.0206100010871887,48,0,1.94768051511234,2.63884052660667,61.1402137332,1203.02368751446,63
"332",2021-01-26,13275,1166,420,74,81.9,62,1,19,40,8,5,40,35,1,690,41,2354,0.024210000038147,79,0,2.3423896461076,2.40813988740247,59.0364747408142,1138.5982816534,62
"333",2021-01-27,13353,1126,422,80,69.6,78,0,27,50,1,4,30,26,2,691,50,2800,0.0196399998664856,175,0.00570999979972839,1.88205880978528,2.36724999822296,76.0558884684724,1104.73860831,78
"334",2021-01-28,13391,1065,422,66,67.4,38,1,3,33,3,5,30,25,0,694,34,2355,0.0212299990653992,209,0.0287100005149841,2.18397183723271,2.34712994935629,36.2550175212204,1041.6645194147,38
"335",2021-01-29,13420,963,422,73,64.3,29,1,2,26,3,4,31,27,0,697,27,2847,0.0122899997234344,180,0.00555999994277954,1.18898015204223,2.09234092399327,28.677923916144,951.512619675803,29
"336",2021-01-30,13439,866,423,42,58.3,19,1,6,12,2,5,33,28,1,699,13,2155,0.0157799994945526,216,0,1.43424288953019,1.88019010762709,18.8129377448601,853.538775926832,19
"337",2021-01-31,13481,807,424,25,55.6,42,3,5,34,4,6,32,26,1,703,37,922,0.0195200002193451,24,0,1.90247782264653,1.84025738177955,41.2937776871221,791.596718743447,42
"338",2021-02-01,13521,716,424,26,55.1,40,6,7,25,4,5,29,24,0,707,31,548,0.0292000007629395,29,0,2.77324097367259,1.9581945901453,37.1374795319952,696.07855951318,40
"339",2021-02-02,13563,652,425,59,53,42,4,5,31,3,5,27,22,1,710,35,2439,0.0221399998664856,107,0.0280399990081787,2.23879574109322,1.94339546085754,39.2138550583871,637.355242801954,42
"340",2021-02-03,13626,637,425,54,49.3,63,4,22,36,2,4,26,22,0,712,40,2865,0.0129100000858307,212,0,1.20205233168362,1.84625167827158,61.5176042483086,629.317847654315,63
"341",2021-02-04,13708,639,425,51,47.1,82,3,43,33,2,5,25,20,0,714,36,2814,0.0127900004386902,90,0,1.23936161275738,1.71130736048939,78.5523684910044,631.054540715329,82
"342",2021-02-05,13766,638,427,72,47,58,1,8,48,2,5,21,16,2,716,49,2435,0.0160199999809265,149,0,1.50962461120573,1.75711371179847,56.2578611697037,628.337049515734,58
"343",2021-02-06,13791,607,427,61,49.7,25,1,4,19,3,6,21,15,0,719,20,2369,0.0143499994277954,205,0.0146300005912781,1.43722994427581,1.75754043390498,23.7116125475373,598.247440817756,25
"344",2021-02-07,13816,562,429,33,50.9,25,1,2,19,3,4,23,19,2,722,20,1004,0.0249000000953674,75,0,2.31692308579693,1.81674690006933,21.5350976724871,548.936244596887,25
"345",2021-02-08,13863,559,431,24,50.6,47,1,7,38,2,5,21,16,2,724,39,852,0.0140799999237061,29,0,1.36165266004513,1.61509142669397,45.4672161476315,551.363431449385,47
"346",2021-02-09,13918,578,431,43,48.3,55,5,8,39,0,2,19,17,0,724,44,2244,0.0178299999237061,149,0,1.67198160588368,1.5341179788069,51.2619185683038,568.30429391999,55
"347",2021-02-10,13975,595,432,40,46.3,57,0,6,50,3,4,20,16,1,727,50,2791,0.0125399994850159,100,0,1.21062395581734,1.53534249654028,55.3927054611215,587.773194987346,57
"348",2021-02-11,14035,621,433,51,46.3,60,1,11,46,1,3,16,13,1,728,47,2563,0.0152199995517731,58,0,1.48831968146488,1.57090793492707,57.2981986638404,611.7272631967,60
"349",2021-02-12,14086,624,435,52,43.4,51,0,8,41,3,2,16,14,2,731,41,2612,0.0157000005245209,173,0,1.47247401687786,1.56560070716595,48.3943083247852,614.781668162585,51
"350",2021-02-13,14118,622,435,46,41.3,32,0,3,28,6,2,21,19,0,737,28,2099,0.0219199991226196,46,0.0217400002479553,2.19161390068926,1.67336984379644,30.384338231355,608.323513567958,32
"351",2021-02-14,14159,597,437,48,43.4,41,0,4,35,4,2,21,19,2,741,35,1175,0.0170200002193451,10,0,1.6876371525511,1.58347185333275,38.4073923822509,586.891807205823,41
"352",2021-02-15,14221,620,438,34,44.9,62,2,8,51,4,2,23,21,1,745,53,867,0.0265300011634827,26,0,2.57575711184093,1.75691534644643,59.6303774899045,603.978000825298,62
"353",2021-02-16,14272,615,438,60,47.3,51,3,13,32,3,2,24,22,0,748,35,1561,0.0333100008964539,23,0,3.28263329541442,1.98700844495083,46.8473153164477,594.745683417582,51
"354",2021-02-17,14329,630,439,49,48.6,57,5,6,44,2,2,25,23,1,750,49,2063,0.0184200000762939,222,0,1.66303983183345,2.0516392843817,54.1824414981236,619.488533547304,57
"355",2021-02-18,14401,646,439,68,51,72,3,12,53,3,3,26,23,0,753,56,2348,0.0212899994850159,116,0,2.02877105482213,2.12884662343274,66.8601671349185,632.851213734952,72
"356",2021-02-19,14455,650,440,58,51.9,54,2,16,33,1,3,26,23,1,754,35,2576,0.0151400005817413,96,0,1.45960484650321,2.12700817052207,50.4874650930541,640.48149458529,54
"357",2021-02-20,14504,629,440,66,54.7,49,0,3,45,4,3,26,23,0,758,45,2384,0.0255900001525879,68,0,2.48803264126303,2.16935370488975,46.8767182695362,613.29901758974,49
"358",2021-02-21,14546,618,440,53,55.4,42,0,7,33,2,4,24,20,0,760,33,1000,0.03,28,0,2.91828793774319,2.34516095991719,39.0338107795512,599.905910962504,42
"359",2021-02-22,14611,633,440,32,55.1,65,0,11,54,1,6,23,17,0,761,54,863,0.0150600004196167,66,0,1.39900757396439,2.17705388307769,64.242061560181,624.115277177678,65
"360",2021-02-23,14666,639,440,47,53.3,55,0,7,47,3,6,25,19,0,764,47,2036,0.019650000333786,84,0,1.88714154149001,1.97769791823135,53.1101384522198,626.901669595074,55
"361",2021-02-24,14712,646,441,60,54.9,46,2,10,34,1,6,24,18,1,765,36,2874,0.0187899994850159,41,0,1.85257147581254,2.00477386737122,45.3308899059774,633.993191090594,46
"362",2021-02-25,14745,642,441,43,51.3,33,1,5,25,1,6,23,17,0,766,26,2376,0.0185199999809265,128,0.00781000018119812,1.79725239528254,1.97169977315127,30.5311838900211,630.423848361291,33
"363",2021-02-26,14810,645,441,57,51.1,65,5,12,43,1,6,21,15,0,767,48,2639,0.0181900000572205,181,0,1.70224858691506,2.00636316463868,59.1802445218001,633.984535761689,65
"364",2021-02-27,14856,650,442,71,51.9,46,0,4,34,3,6,23,17,1,770,34,2535,0.0209100008010864,47,0.0212800002098083,2.09167358794017,1.94974044273542,37.2865017085953,636.359591487852,46
"365",2021-02-28,14921,661,442,49,51.3,65,2,8,54,7,6,28,22,0,777,56,1552,0.0257699990272522,94,0,2.42983222905804,1.87996105578039,62.6348372702126,644.886204207331,65
"366",2021-03-01,14998,676,442,54,54.4,77,4,7,64,3,6,29,23,0,780,68,996,0.0291199994087219,45,0,2.78612098089213,2.07812011391293,73.0992325275083,657.104135126407,77
"367",2021-03-02,15061,685,443,61,56.4,63,1,6,54,3,4,29,25,1,783,55,2006,0.0259200000762939,41,0,2.54008403287961,2.17139761268287,59.5983780764848,667.543436043493,63
"368",2021-03-03,15120,695,443,65,57.1,59,0,5,51,6,5,32,27,0,789,51,2676,0.0209299993515015,109,0,2.01108360016581,2.19404220187619,54.9709880732371,680.977190409799,59
"369",2021-03-04,15177,691,443,61,59.7,57,3,3,50,1,5,31,26,0,790,53,2414,0.0202999997138977,225,0.00444000005722046,1.89477829944008,2.2079744738987,54.9924783673804,677.864199091695,57
"370",2021-03-05,15250,694,444,51,58.9,73,1,10,57,1,2,28,26,1,791,58,2440,0.0188499999046326,154,0,1.77309174122218,2.218094924514,66.9682385232899,681.654440261434,73
"371",2021-03-06,15306,707,446,46,55.3,56,3,3,47,0,2,26,24,2,791,50,1957,0.0209500002861023,25,0,2.06857470029779,2.21479508342224,51.9623250781413,692.327276604918,56
"372",2021-03-07,15346,698,447,54,56,40,1,0,38,2,5,25,20,1,793,39,1752,0.0194099998474121,16,0.0625,1.97999545999242,2.15053268784143,38.2252726118775,684.134366233089,40
"373",2021-03-08,15429,740,448,38,53.7,83,1,9,65,6,4,29,25,1,799,66,1170,0.0205100011825562,142,0,1.82901687374929,2.01380352967817,73.7888951158108,726.420945237879,83
"374",2021-03-09,15486,747,448,70,55,57,0,8,47,1,3,27,24,0,800,47,2105,0.0318300008773804,57,0,3.09908195406502,2.0936603755618,53.538660824474,723.774034806002,57
"375",2021-03-10,15566,770,448,76,56.6,80,5,8,64,0,2,24,22,0,800,69,2655,0.0180799996852875,173,0,1.69739742448509,2.04884806475027,75.8249597654869,756.887232165579,80
"376",2021-03-11,15627,767,451,73,58.3,61,1,7,52,1,2,20,18,3,801,53,2321,0.0280100011825562,86,0,2.70092283941474,2.16401157046093,58.563822379879,746.216071044663,61
"377",2021-03-12,15709,772,451,93,64.3,82,5,4,67,2,2,17,15,0,803,72,2361,0.0228699994087219,133,0,2.16503883736938,2.22000401276768,74.4360664525514,755.231156963467,82
"378",2021-03-13,15777,790,451,56,65.7,68,5,3,54,5,4,22,18,0,808,59,2353,0.0187000000476837,99,0,1.79449837325448,2.18085025176149,60.9377782530214,775.777030845541,68
"379",2021-03-14,15845,815,451,65,67.3,68,2,10,51,2,3,23,20,0,810,53,1535,0.0299699997901916,36,0,2.92832270387932,2.31632557231676,61.4429057096962,791.056002894385,68
"380",2021-03-15,15952,862,452,58,70.1,107,4,3,97,4,5,25,20,1,814,101,1000,0.0320000004768372,13,0,3.15893390689409,2.50631371990887,100.799026924707,834.680804050467,107
"381",2021-03-16,16038,880,453,85,72.3,86,7,4,72,5,6,27,21,1,819,79,1583,0.0341100001335144,9,0,3.39171672181867,2.54811868673083,80.3117678436452,850.055135473516,86
"382",2021-03-17,16126,907,454,77,72.4,88,3,5,76,3,5,27,22,1,822,79,2842,0.0267400002479553,175,0,2.51889561500461,2.66547557109076,82.00355491153,884.078788667819,88
"383",2021-03-18,16219,945,455,63,71,93,6,3,80,2,5,24,19,1,824,86,2566,0.0284500002861023,161,0,2.67703339692477,2.66206279359219,86.6902107894022,919.619176697501,93
"384",2021-03-19,16344,993,457,117,74.4,125,7,6,104,2,4,24,20,2,826,111,2615,0.0382399988174438,97,0,3.6872270246171,2.87951824891329,112.893772900109,956.265914322597,125
"385",2021-03-20,16447,1047,458,83,78.3,103,5,6,87,4,4,27,23,1,830,92,1997,0.0435699987411499,151,0.00662000000476837,4.09724895189927,3.20848261729112,94.2181849303727,1003.96130024022,103
"386",2021-03-21,16532,1075,459,87,81.4,85,5,1,77,4,4,29,25,1,834,82,1306,0.0421099996566772,87,0,3.94800140356213,3.35415100296009,79.7520356129013,1032.41997907157,85
"387",2021-03-22,16681,1151,460,56,81.1,149,6,7,133,4,7,30,23,1,838,139,1150,0.0547800016403198,131,0,4.91779874210521,3.60541740799025,139.141870844376,1094.21074346674,149
"388",2021-03-23,16805,1190,461,108,84.4,124,2,0,120,5,9,31,22,1,843,122,1966,0.0350999999046326,153,0,3.25656440832976,3.58610993463469,118.013978740729,1151.11995656941,124
"389",2021-03-24,16958,1280,461,85,85.6,153,7,2,137,4,9,33,24,0,847,144,3106,0.0457200002670288,47,0,4.50384779033909,3.86967453111105,139.49321727598,1222.16193134204,153
"390",2021-03-25,17107,1362,462,123,94.1,149,7,4,132,8,10,40,30,1,855,139,3005,0.0379399991035461,282,0,3.46850311244771,3.98274163332861,138.16298987224,1314.60426047475,149
"391",2021-03-26,17256,1446,463,103,92.1,149,10,2,130,4,11,42,31,1,859,140,2390,0.0673600006103516,117,0,6.42163547900839,4.37337141252737,132.980264691339,1352.83901959769,149
"392",2021-03-27,17372,1499,465,138,100,116,7,3,100,5,13,44,31,2,864,107,2476,0.0626000022888184,117,0,5.97753974805686,4.64198438340702,103.583083940469,1409.10320398844,116
"393",2021-03-28,17509,1558,466,139,107.4,137,3,5,124,5,13,45,32,1,869,127,2480,0.0826599979400635,157,0,7.77386404593695,5.18853618946057,122.094856538791,1436.4865077751,137
"394",2021-03-29,17718,1706,466,111,115.3,209,7,1,189,4,12,47,35,0,873,196,1644,0.0839400005340576,40,0,8.19461762933437,5.65665317335045,180.885943837913,1565.74193973203,209
"395",2021-03-30,17927,1837,467,170,124.1,209,9,6,186,6,12,48,36,1,879,195,1968,0.0406500005722046,64,0,3.93696855935525,5.75385376635409,193.297766760734,1764.44101302292,209
"396",2021-03-31,18134,1940,468,163,135.3,207,7,5,190,8,14,54,40,1,887,197,3023,0.0793900012969971,224,0,7.3913142568778,6.16634897585962,187.391420051319,1796.13885735817,207
"397",2021-04-01,18371,2075,469,144,138.3,237,12,4,203,4,15,53,38,1,891,215,2634,0.0721299982070923,100,0.01,6.98575037591372,6.66881287064048,203.931444201676,1929.57091496967,237
"398",2021-04-02,18569,2168,470,242,158.1,198,15,7,162,6,15,57,42,1,897,177,3130,0.0939299964904785,99,0,9.10501359601108,7.05215260164086,167.831342074701,1969.95677750256,198
"399",2021-04-03,18820,2346,470,222,170.1,251,16,3,223,11,14,61,47,0,908,239,2885,0.101909999847412,36,0,10.0654005326869,7.63613271373086,217.864901793247,2109.0922996107,251
"400",2021-04-04,19050,2505,471,152,172,230,9,2,215,12,15,64,49,1,920,224,1818,0.0929599952697754,139,0,8.63573180380438,7.7592566791405,206.592603782256,2287.96639497567,230
"401",2021-04-05,19335,2650,472,184,182.4,285,8,4,269,5,17,67,50,1,925,277,2045,0.105620002746582,162,0,9.78671978326961,7.98669984398839,253.801996169478,2389.80249043002,285
"402",2021-04-06,19609,2787,473,156,180.4,274,7,6,245,10,19,70,51,1,935,252,1749,0.128640003204346,83,0,12.2811880788428,9.17873120391518,226.950040998673,2443.60223914008,274
"403",2021-04-07,19917,2928,474,219,188.4,308,3,6,290,12,23,76,53,1,947,293,3364,0.098100004196167,44,0,9.68334548462165,9.50616423645002,270.534871069261,2643.54301191398,308
"404",2021-04-08,20211,3099,475,170,192.1,294,22,5,255,10,29,83,54,1,957,277,3366,0.0858600044250488,194,0.0103100001811981,8.1742953631985,9.6759563774907,259.283040536201,2844.848890331,294
"405",2021-04-09,20508,3252,477,261,194.9,297,13,2,276,14,30,88,58,2,971,289,3418,0.110299997329712,158,0,10.542656344322,9.8813339129637,260.431931291173,2908.02989812766,297
"406",2021-04-10,20795,3416,480,381,217.6,287,12,2,262,14,26,92,66,3,985,274,3187,0.0875399971008301,97,0,8.49543150914572,9.65705262388639,252.646277594304,3124.84556300052,287
"407",2021-04-11,21064,3554,480,205,225.1,269,8,4,249,13,28,100,72,0,998,257,2714,0.145909996032715,29,0,14.43673821483,10.4857678254615,223.776062304343,3039.23784213865,269
"408",2021-04-12,21379,3649,481,264,236.6,315,16,3,292,16,27,100,73,1,1014,308,2125,0.0804699993133545,107,0,7.66123425362358,10.182127035512,287.326113226346,3368.52593234719,315
"409",2021-04-13,21615,3675,483,245,249.3,236,10,0,219,12,28,104,76,2,1026,229,2670,0.0767799997329712,178,0,7.19812497496605,9.45597516352965,212.462305196945,3409.60249606451,236
"410",2021-04-14,21888,3748,485,389,273.6,273,10,11,248,12,28,101,73,2,1038,258,3971,0.171490001678467,97,0.0103100001811981,16.7646722390061,10.4675932712989,225.605480789279,3117.60210076829,273
"411",2021-04-15,22110,3751,485,313,294,222,15,3,202,19,29,107,78,0,1057,217,3902,0.130959997177124,98,0.0101999998092651,12.8001377241611,11.1284278942935,192.132726223124,3269.29426757115,222
"412",2021-04-16,22346,3790,487,348,306.4,236,1,10,219,20,24,114,90,2,1077,220,2970,0.120539999008179,244,0.00409999996423721,11.1700123536268,11.2180501813371,205.345486215226,3365.26996707139,236
"413",2021-04-17,22527,3737,490,405,309.9,181,5,7,167,16,23,123,100,3,1093,172,2935,0.101870002746582,121,0.00825999975204468,9.81635857431989,11.4067540477905,162.060563123068,3368.96118831921,181
"414",2021-04-18,22689,3679,490,294,322.6,162,5,8,146,11,22,122,100,0,1104,151,1949,0.0646500015258789,188,0.0159599995613098,6.03665572725616,10.2067422638514,149.854794606797,3456.18403548613,162
"415",2021-04-19,22916,3618,491,258,321.7,227,5,4,218,22,22,115,93,1,1126,223,2084,0.112279996871948,88,0.0340899991989136,10.9112077997534,10.6710241990128,202.588312726071,3221.9395311342,227
"416",2021-04-20,23105,3506,492,188,313.6,189,9,2,178,17,27,118,91,1,1143,187,2775,0.100539999008179,221,0,9.31236639678558,10.9730586878442,171.528838853048,3178.43908566197,189
"417",2021-04-21,23300,3407,493,207,287.6,195,3,2,185,12,25,110,85,1,1155,188,2521,0.136850004196167,236,0.0211899995803833,12.6949474239937,10.3916694285567,166.055329575791,2973.06653119533,195
"418",2021-04-22,23476,3299,496,239,277,176,7,4,161,14,22,106,84,3,1169,168,2358,0.163269996643066,213,0.00939000010490417,15.0521478843522,10.7133851657268,146.629567775222,2800.80323863368,176
"419",2021-04-23,23684,3223,499,189,254.3,208,5,8,186,21,29,112,83,3,1190,191,2507,0.0805700016021729,86,0.0116299998760223,7.82835225630487,10.2360051518237,183.998874832968,2969.86583029663,208
"420",2021-04-24,23841,3103,500,227,228.9,157,2,2,151,18,31,118,87,1,1208,153,2464,0.0852299976348877,214,0.00467000007629395,7.87924175461875,9.95927417758068,142.905275933806,2857.70634786013,157
"421",2021-04-25,23989,2972,505,139,206.7,148,2,6,136,21,30,124,94,5,1229,138,1621,0.135719995498657,93,0.0215100002288818,12.9523070434428,10.9472243656073,126.067273478479,2585.79664331913,148
"422",2021-04-26,24152,2836,510,173,194.6,163,4,7,148,12,31,123,92,5,1241,152,1304,0.115030002593994,31,0,11.2358893919527,10.9936074502072,141.865511232834,2516.30651221262,163
"423",2021-04-27,24312,2743,511,189,194.7,160,3,5,148,10,31,120,89,1,1251,151,2425,0.0610300016403198,332,0.00903999984264374,5.47693267774876,10.4456883474877,147.702744611291,2592.27568522365,160
"424",2021-04-28,24478,2640,513,186,191.7,166,2,7,155,13,27,115,88,2,1264,157,2408,0.0689400005340576,38,0,6.78689784489006,9.60168126475859,153.30967096034,2460.23905309108,166
"425",2021-04-29,24604,2544,513,159,180.3,126,2,7,113,13,29,113,84,0,1277,115,2728,0.0652500009536743,111,0.00901000022888184,6.30511139933179,8.35210462404138,114.725373297546,2383.07260581701,126
"426",2021-04-30,24757,2453,516,178,178.7,153,4,3,139,13,27,109,82,3,1290,143,2122,0.0669199991226196,179,0,6.17141408684045,8.11539917126075,137.145973186234,2301.11938619463,153
"427",2021-05-01,24881,2398,520,138,166,124,3,5,113,7,29,110,81,4,1297,116,2051,0.089709997177124,70,0.0285700011253357,8.76921755252498,8.24253857096164,110.794390621493,2187.02541991672,124
"428",2021-05-02,24978,2337,520,128,164.4,97,0,4,91,8,27,108,81,0,1305,91,1279,0.0695900011062622,21,0,6.84658549345457,7.37029263524904,88.7492009740175,2176.47123820087,97
"429",2021-05-03,25085,2220,523,102,154.3,107,4,3,100,10,22,98,76,3,1315,104,976,0.174179992675781,140,0.0071399998664856,15.3225154868164,7.95409636308671,91.012391082131,1878.72604040703,107
"430",2021-05-04,25190,2125,524,141,147.4,105,1,2,99,8,23,94,71,1,1323,100,2386,0.0389800000190735,57,0.0175399994850159,3.84797625935961,7.72138830331683,98.1394205743014,2042.9626872039,105
"431",2021-05-05,25272,2010,525,114,137.1,82,1,2,75,8,23,88,65,1,1331,76,1904,0.0777299976348877,65,0.0307699990272522,7.61797691384447,7.84011388459603,72.1913748300031,1856.37715010929,82
"432",2021-05-06,25378,1940,527,122,131.9,106,3,6,92,12,22,88,66,2,1343,95,2133,0.0534499979019165,246,0,4.79230119902429,7.62399814169496,96.4324025785196,1846.72485265608,106
"433",2021-05-07,25490,1842,530,108,121.9,112,4,4,103,19,23,95,72,3,1362,107,2302,0.0469199991226196,82,0.0122000002861023,4.57257709747193,7.39559285749946,106.091317724863,1757.4972640112,112
"434",2021-05-08,25579,1766,534,136,121.6,89,1,3,85,4,21,86,65,4,1366,86,1901,0.0489200019836426,86,0.0116299998760223,4.73060411475805,6.81864808067561,84.9183556109425,1682.18390708052,89
"435",2021-05-09,25662,1705,537,69,113.1,83,0,5,78,4,22,83,61,3,1370,78,1173,0.172210006713867,123,0.00813000023365021,15.6637598691439,8.0782444200598,70.7422509123868,1437.05817699512,83
"436",2021-05-10,25755,1638,538,82,110.3,93,3,2,87,9,22,85,63,1,1379,90,715,0.104899997711182,14,0,10.2885457288745,7.35910588321096,82.7099808430013,1468.92165134262,93
"437",2021-05-11,25887,1607,540,124,107.9,132,1,6,123,5,21,79,58,2,1384,124,1899,0.0458099985122681,86,0.0232599997520447,4.48330212360065,7.44986672095968,124.422497168382,1534.71736249669,132
"438",2021-05-12,25984,1547,541,115,108,97,3,3,90,8,22,80,58,1,1392,93,2118,0.0495800018310547,174,0.00574999988079071,4.62525933060347,7.02233563763954,91.6844202717886,1475.21288344577,97
"439",2021-05-13,26077,1519,541,78,101.7,93,1,1,90,7,20,77,57,0,1399,91,1684,0.0795699977874756,54,0.0185199999809265,7.76731624125886,7.44733778653019,84.9085917583626,1400.62803165882,93
"440",2021-05-14,26160,1440,541,128,104.6,83,2,4,75,7,21,70,49,0,1406,77,1738,0.0471799993515015,105,0,4.44920449663101,7.4297131292672,77.5628918265925,1375.72161338043,83
"441",2021-05-15,26234,1391,542,85,97.3,74,2,8,63,7,19,64,45,1,1413,65,1779,0.0522800016403198,61,0,5.05468059337657,7.47600976906985,69.7036965715103,1320.45910663032,74
"442",2021-05-16,26303,1363,543,46,94,69,2,3,63,7,19,67,48,1,1420,65,805,0.0409899997711182,20,0,3.99963028069698,5.80970554214886,65.3917253991818,1308.30648798592,69
"443",2021-05-17,26377,1328,545,87,94.7,74,7,5,59,10,19,71,52,2,1430,66,774,0.229969997406006,19,0,22.4459997468157,7.54648468756904,56.1371191189985,1028.94082106106,74
"444",2021-05-18,26456,1296,546,97,90.9,79,1,6,71,5,16,64,48,1,1435,72,1920,0.0265599989891052,56,0,2.58072864671468,7.27468847658533,76.1357895120427,1262.44421121677,79
"445",2021-05-19,26527,1281,550,91,87.4,71,2,5,64,4,14,57,43,4,1439,66,2042,0.0665999984741211,122,0.0163900005817413,6.37693054321293,7.52492722124382,66.7774409641237,1199.04396780367,71
"446",2021-05-20,26587,1236,553,73,86.7,60,5,8,45,11,15,63,48,3,1450,50,1487,0.0511100006103516,65,0.0307699990272522,5.0258131987348,7.13328392945467,55.4788629496808,1173.67749211611,60
"447",2021-05-21,26668,1201,554,77,79.4,81,4,11,63,3,13,58,45,1,1453,67,1682,0.0416200017929077,190,0,3.73957494741831,7.03190827956714,75.4862785430681,1155.94060492873,81
"448",2021-05-22,26727,1169,558,77,78.3,59,0,13,46,8,15,57,42,4,1461,46,1380,0.0623199987411499,101,0.00990000009536743,5.87451034925179,7.14902681612074,56.288874556282,1100.10205122378,59
"449",2021-05-23,26782,1145,559,39,77.3,55,0,4,51,5,12,58,46,1,1466,51,826,0.0375300002098084,14,0.0714300012588501,3.80950002272924,7.12186535069678,53.0507916438338,1101.23836141548,55
"450",2021-05-24,26833,1099,561,65,74.1,51,2,11,38,5,11,56,45,2,1471,40,733,0.0832199954986572,30,0,7.99479117962199,5.05740698395482,47.7916094840001,1010.8494705729,51
"451",2021-05-25,26893,1031,563,56,68.3,60,1,12,46,3,11,53,42,2,1474,47,1035,0.0647300004959106,19,0.0526300001144409,6.45118790469088,5.61032973509428,55.9580108711103,964.270408683291,60
"452",2021-05-26,26949,990,566,76,66.1,56,1,11,44,1,8,46,38,3,1475,45,1371,0.0320900011062622,61,0.0491800022125244,3.28179969634424,5.16816818554161,54.5183531836328,957.403770039921,56
"453",2021-05-27,26996,944,566,62,64.6,47,0,8,38,3,9,41,32,0,1478,38,1368,0.0548199987411499,113,0.00884999990463257,5.13124971418748,5.18323054489199,44.0437387392707,895.402351838724,47
"454",2021-05-28,27031,894,569,65,62.9,35,0,1,30,1,7,33,26,3,1479,30,1589,0.0346099996566772,197,0.0152300000190735,3.24723401221823,5.11289612557769,30.0226391245913,864.874645912821,35
"455",2021-05-29,27066,856,571,45,58.3,35,0,3,31,4,9,35,26,2,1483,31,1074,0.024210000038147,104,0.00962000012397766,2.29219185516668,4.60113634070839,33.2870931843125,836.314573089403,35
"456",2021-05-30,27093,807,573,46,59.3,27,0,3,22,5,8,35,27,2,1488,22,718,0.0905300045013428,34,0,8.6436892595697,5.29173480311417,23.0921600688099,737.016962524071,27
"457",2021-05-31,27141,775,576,40,55.7,48,1,2,41,5,6,34,28,3,1493,42,783,0.0855700016021728,27,0.037039999961853,8.39523348808288,5.34894084718001,40.4624533346166,709.72384129352,48
"458",2021-06-01,27183,739,577,38,53.1,42,1,5,36,2,5,30,25,1,1495,37,1565,0.0172500002384186,27,0.037039999961853,1.75856346558386,4.67856592730758,41.3472004019056,725.961651270493,42
"459",2021-06-02,27215,701,577,48,49.1,32,0,1,30,1,6,29,23,0,1496,30,1688,0.042649998664856,43,0.0232599997520447,4.21683291366925,4.81214210121116,29.7308067443096,671.3431842587,32
"460",2021-06-03,27260,690,577,48,47.1,45,2,4,39,2,5,28,23,0,1498,41,1176,0.0136099994182587,186,0,1.175136513647,4.24698307256252,44.5166159841203,681.865000708367,45
"461",2021-06-04,27290,643,579,44,44.1,30,0,0,27,3,6,28,22,2,1501,27,1195,0.0476999998092651,68,0.0147099995613098,4.59238161062873,4.43914701519259,25.7559958152514,613.374270711358,30
"462",2021-06-05,27309,611,582,39,43.3,19,1,0,18,2,4,29,25,3,1503,19,999,0.0160199999809265,90,0.0222199988365173,1.65323965805621,4.34786812989109,18.6848556513616,600.865621209577,19
"463",2021-06-06,27326,562,582,21,39.7,17,0,1,16,2,4,27,23,0,1505,16,608,0.106909999847412,22,0,10.3176634773375,4.58700730385793,15.3437669400374,503.824813768813,17
"464",2021-06-07,27353,530,583,17,36.4,27,1,3,23,1,4,26,22,1,1506,24,843,0.00949000000953674,30,0.0666699981689453,1.14549483998944,3.55133035413029,26.7241808048633,523.908992774064,27
"465",2021-06-08,27386,502,584,28,35,33,0,2,30,1,3,25,22,1,1507,30,1771,0.0299300003051758,100,0,2.83303209729911,3.70482587294676,31.1473066861647,487.731598548489,33
"466",2021-06-09,27413,476,585,33,32.9,27,1,0,24,2,4,23,19,1,1509,25,1194,0.0594600009918213,26,0,5.81928206428153,3.93374718017708,23.5404145519962,448.209493070007,27
"467",2021-06-10,27442,463,585,20,28.9,29,0,0,28,2,5,20,15,0,1511,28,1216,0.0304299998283386,136,0,2.73689939284466,4.1568561629196,27.2311582253278,450.286652083099,29
"468",2021-06-11,27464,453,585,36,27.7,22,0,1,20,1,4,15,11,0,1512,20,1055,0.017059999704361,96,0,1.56370979045185,3.72418876003719,20.6862337271391,445.893193919701,22
"469",2021-06-12,27482,430,585,29,26.3,18,0,0,18,2,6,16,10,0,1514,18,880,0.011360000371933,44,0,1.08190479732695,3.64256949421873,17.8046193007626,425.332572184885,18
"470",2021-06-13,27503,422,586,18,25.9,21,0,1,18,2,5,15,10,1,1516,18,583,0.132080001831055,17,0,12.8337735112508,4.00201378477776,16.6823546316852,367.664091920621,21
"471",2021-06-14,27522,385,589,22,26.6,19,2,1,16,2,4,14,10,3,1518,18,655,0.0564900016784668,29,0,5.40949577476546,4.61115677546005,18.0231015985819,364.105228636334,19
"472",2021-06-15,27549,371,589,22,25.7,27,1,0,24,0,4,14,10,0,1518,25,1518,0.0144900000095367,36,0,1.41543243336401,4.40864253775504,24.6449829103402,365.731546389448,27
"473",2021-06-16,27566,350,589,24,24.4,17,0,0,17,1,4,12,8,0,1519,17,1251,0.0223799991607666,42,0,2.16530386311825,3.88664565187457,16.6306927104653,342.396614627228,17
"474",2021-06-17,27577,307,590,12,23.3,11,0,0,11,0,5,11,6,1,1519,11,1101,0.0208899998664856,123,0.0243899989128113,2.12417154569252,3.79911310228141,10.7655758337747,300.457434633531,11
"475",2021-06-18,27591,277,590,26,21.9,14,1,0,13,1,4,12,8,0,1520,14,864,0.0196800005435944,63,0,1.83425247784957,3.83776205762394,13.7423635786625,271.902479377822,14
"476",2021-06-19,27600,244,590,18,20.3,9,0,0,9,0,3,10,7,0,1520,9,926,0.0194400000572205,37,0,1.86930841671715,3.9502482889654,8.83121121819088,239.423948582064,9
"477",2021-06-20,27612,231,590,7,18.7,12,0,0,10,0,3,10,7,0,1520,10,562,0.0266899991035461,15,0,2.59961516398491,2.48822566792741,9.73918703909871,224.97522060318,12
"478",2021-06-21,27623,221,591,13,17.4,11,0,0,11,2,2,9,7,1,1522,11,520,0.0230800008773804,7,0,2.27734354008307,2.04077534868707,10.7486717296091,215.950586567601,11
"479",2021-06-22,27634,198,591,13,16.1,11,0,0,10,0,2,6,4,0,1522,10,1297,0.0115699994564056,65,0,1.10178335498958,1.99596833749072,9.88946080055707,195.81132385103,11
"480",2021-06-23,27645,185,591,18,15.3,11,0,0,10,0,1,4,3,0,1522,10,1105,0.00814000010490418,18,0,0.800952815308915,1.80106104494653,9.91964238468946,183.513384116755,11
"481",2021-06-24,27651,173,591,8,14.7,6,1,0,5,1,0,4,4,0,1523,6,904,0.00995999991893768,51,0,0.942810463530855,1.63229517606629,5.94324609458303,171.363595727144,6
"482",2021-06-25,27655,152,591,7,12,4,0,0,4,2,0,6,6,0,1525,4,1024,0.00194999992847443,64,0,0.183529405032887,1.39647759423534,3.99263477945471,151.720121619279,4
"483",2021-06-26,27659,137,591,9,10.7,4,0,0,4,1,0,6,6,0,1526,4,764,0.00523999989032745,19,0,0.511284791342296,1.20247421918179,3.97948162448947,136.297245638764,4
"484",2021-06-27,27664,123,591,8,10.9,5,0,0,5,0,0,5,5,0,1526,5,398,0.0200999999046326,13,0,1.94642334842914,1.10916110267382,4.90236007934863,120.598057951976,5
"485",2021-06-28,27673,115,591,1,9.1,9,0,0,9,0,0,4,4,0,1526,9,555,0.00180000007152557,5,0,0.178392864231552,0.809311006123604,8.98389205656605,114.794176278344,9
"486",2021-06-29,27676,109,591,8,8.4,3,0,0,3,0,0,3,3,0,1526,3,929,0.00646000027656555,14,0,0.636409359165366,0.742829006720144,2.9808451868251,108.304041787979,3
"487",2021-06-30,27678,94,591,8,7,2,0,1,1,0,0,2,2,0,1526,1,1221,0.000820000022649765,51,0,0.0787122663251072,0.639651785436743,1.99921029929645,93.9257681338666,2
"488",2021-07-01,27681,90,591,7,6.9,3,0,0,3,0,0,1,1,0,1526,3,884,0.00225999996066093,74,0,0.208542793864746,0.53475640405587,2.99372322515701,89.8116967547104,3
"489",2021-07-02,27685,79,591,6,6.7,4,0,0,4,2,0,2,2,0,1528,4,785,0.0140100002288818,29,0,1.35108724565998,0.701550381288312,3.94577950308054,77.9291451858407,4
"490",2021-07-03,27691,73,591,6,6.3,6,0,0,6,0,0,1,1,0,1528,6,627,0.00158999994397163,16,0,0.155043540415274,0.650658774013024,5.99066691899527,72.8864475144425,6
"491",2021-07-04,27693,68,592,2,5.4,2,0,0,2,1,0,2,2,1,1529,2,437,0.00685999989509583,34,0,0.636479820415472,0.463523984296785,1.98722871070947,67.565776164122,2
"492",2021-07-05,27699,67,592,2,5.6,6,0,0,6,0,0,2,2,0,1529,6,505,0.00197999998927116,27,0,0.187951126801116,0.464889450378152,5.98868599693566,66.8736602991148,6
"493",2021-07-06,27704,63,592,12,6.1,5,0,2,3,0,0,2,2,0,1529,3,1174,0.00596000015735626,28,0,0.58211648791483,0.457133325913789,4.98247930767917,62.6320654612625,5
"494",2021-07-07,27710,62,592,6,5.9,6,0,0,6,0,0,2,2,0,1529,6,1218,0.0320199990272522,23,0,3.14265582717109,0.894839548891786,5.81082306733699,60.0451716958156,6
"495",2021-07-08,27712,53,593,5,5.6,2,0,0,2,1,0,3,3,1,1530,2,933,0.00321999996900558,87,0,0.29453529128257,0.907124191380047,1.99409000051442,52.843385013632,2
"496",2021-07-09,27714,51,593,3,5.1,2,0,0,2,0,0,2,2,0,1530,2,823,0.00486000001430511,56,0,0.455037544001491,0.77911709114312,1.99086944169149,50.767170763133,2
"497",2021-07-10,27715,47,593,0,4.3,1,0,0,1,0,0,2,2,0,1530,1,930,0,22,0,0,0.756968013940938,1,47,1
"498",2021-07-11,27720,49,593,0,4,5,0,0,5,0,0,2,2,0,1530,5,422,0.00237000003457069,8,0,0.23259070106717,0.699269568319752,4.98833237506384,48.8856572756257,5
"499",2021-07-12,27723,47,593,1,3.9,3,0,1,2,0,0,1,1,0,1530,2,460,0.00216999992728233,16,0,0.209705875325604,0.702377389537536,2.99579214562064,46.9011154220851,3
"500",2021-07-13,27725,46,593,2,2.4,2,0,0,2,0,0,1,1,0,1530,2,1188,0.000839999988675117,14,0,0.0830216294963427,0.631078124049181,1.99833412904281,45.9616849679846,2
"501",2021-07-14,27730,48,593,0,1.6,5,0,0,5,0,0,0,0,0,1530,5,1098,0,15,0,0,0.182127291596168,5,48,5
"502",2021-07-15,27741,54,593,1,1,11,0,0,11,0,0,0,0,0,1530,11,947,0.00105999998748302,31,0,0.102640080587569,0.154713690068311,10.9886726119829,53.9443928224613,11
"503",2021-07-16,27744,54,593,8,1.7,3,0,0,3,0,0,0,0,0,1530,3,867,0.00460999995470047,34,0,0.443603769225894,0.153080293671797,2.98664829924194,53.759669386355,3
"504",2021-07-17,27746,51,593,5,2.4,2,0,0,2,0,0,0,0,0,1530,2,761,0.00263000011444092,18,0,0.256922989356809,0.189783577865627,1.99484471036282,50.8685401142519,2
"505",2021-07-18,27754,56,593,4,3,8,0,0,8,0,0,0,0,0,1530,8,214,0.00467000007629395,17,0,0.432632041699959,0.21836091224174,7.96527607767803,55.7569325437462,8
"506",2021-07-19,27762,60,593,2,3.1,8,0,0,8,0,0,0,0,0,1530,8,367,0,10,0,0,0.188402930052368,8,60,8
"507",2021-07-20,27766,61,593,10,4.3,4,0,0,4,0,0,0,0,0,1530,4,1142,0.00437999993562698,22,0,0.429721643168902,0.237931503434162,3.98275483607405,60.7370112501293,4
"508",2021-07-21,27771,64,593,12,6,5,0,0,5,0,0,0,0,0,1530,5,1058,0.0103999996185303,8,0,1.03219508409053,0.385387944018523,4.94822120984693,63.3372314860408,5
"509",2021-07-22,27776,66,593,5,6.6,5,0,0,5,1,0,1,1,0,1531,5,1046,0.00477999985218048,28,0,0.46553816064998,0.437230526884582,4.97664685377786,65.6917384698678,5
"510",2021-07-23,27788,74,593,3,5.9,12,0,0,12,0,0,1,1,0,1531,12,928,0.00647000014781952,38,0,0.621548668444774,0.462651226772993,11.9251698709222,73.5385475373536,12
"511",2021-07-24,27791,76,593,2,5.4,3,0,0,3,0,0,1,1,0,1531,3,713,0.0028099998831749,16,0,0.274832636036173,0.465209747727188,2.99172801637528,75.790443081507,3
"512",2021-07-25,27798,78,593,7,5.9,7,0,0,7,0,0,1,1,0,1531,7,410,0.00244000002741814,14,0,0.235943398877697,0.43711137018115,6.98342986757299,77.8153613815276,7
"513",2021-07-26,27807,82,593,5,6.3,9,0,0,9,1,0,2,2,0,1532,9,410,0,10,0,0,0.43711137018115,9,82,9
"514",2021-07-27,27815,89,593,7,5.9,8,0,0,8,0,0,2,2,0,1532,8,1125,0.0106700003147125,5,0,1.06227879239395,0.5274766772133,7.91473935650623,88.0514753411318,8
"515",2021-07-28,27821,89,593,8,5.3,6,0,0,6,0,0,1,1,0,1532,6,1074,0.00372000008821487,11,0,0.368228580160624,0.432624319509028,5.97783392227957,88.6712031804803,6
"516",2021-07-29,27825,85,593,9,5.9,4,0,0,4,0,0,1,1,0,1532,4,1234,0.00243000000715256,15,0,0.240081666038932,0.400416248850307,3.99036528005449,84.795262201158,4
"517",2021-07-30,27828,80,593,4,6,3,0,0,3,0,0,1,1,0,1532,3,940,0.00745000004768372,21,0,0.72872008791079,0.415726451631166,2.97806679468223,79.4151145248594,3
"518",2021-07-31,27835,81,593,8,6.9,7,0,0,7,0,0,0,0,0,1532,7,936,0.00962000012397766,8,0,0.953847469919819,0.512728570757401,6.9330119894563,80.2248530208514,7
"519",2021-08-01,27844,83,593,1,6,9,0,0,7,0,0,0,0,0,1532,7,563,0.00178000003099442,13,0,0.173982641918378,0.503877034048927,6.98778132624053,82.8551214397091,9
"520",2021-08-02,27855,86,593,3,5.7,11,0,0,11,1,0,1,1,0,1533,11,462,0.0043299999833107,4,0,0.429283260147971,0.565203214070066,10.9526241792765,85.6296072197982,11
"521",2021-08-03,27872,98,593,10,6.1,17,0,0,16,0,0,1,1,0,1533,16,550,0.0109099996089935,3,0,1.08508133543335,0.568460720218552,15.8258183566037,96.9331374341974,17
"522",2021-08-04,27884,107,593,15,7.1,12,0,0,10,2,0,3,3,0,1535,10,1289,0.00776000022888184,22,0,0.762977901985407,0.624853480479236,9.92345231383632,106.180939758049,12
"523",2021-08-05,27904,120,593,9,7.1,20,0,0,20,0,1,3,2,0,1535,20,1482,0.00472000002861023,19,0,0.466025319280504,0.657131145228032,19.90648966427,119.43893798562,20
"524",2021-08-06,27918,122,593,15,8.7,14,0,0,12,1,1,4,3,0,1536,12,1109,0.00541000008583069,44,0,0.520354735055181,0.627364666248659,11.9373529154397,121.363087973637,14
"525",2021-08-07,27931,132,593,13,9.4,13,0,0,13,0,1,4,3,0,1536,13,846,0.01182000041008,14,0,1.16275817987531,0.657209053385157,12.8483463513066,130.460132182497,13
"526",2021-08-08,27951,144,593,5,10,20,0,0,19,1,1,3,2,0,1537,19,612,0.00653999984264374,4,0,0.6497532311198,0.725176280413932,18.8761425436421,143.061290857077,20
"527",2021-08-09,27965,152,593,13,11.4,14,0,0,14,1,1,3,2,0,1538,14,556,0.0143900001049042,9,0,1.41607788642951,0.866146941311294,13.8010997703966,149.840511792877,14
"528",2021-08-10,27985,167,593,18,12.6,20,3,0,17,1,1,4,3,0,1539,20,1264,0.0102799999713898,16,0,1.01514999717474,0.856156750131492,19.7963050222278,165.299146935602,20
"529",2021-08-11,28000,173,593,20,13.3,15,2,0,13,0,1,4,3,0,1539,15,1296,0.0108000004291534,8,0,1.07337427578089,0.900499089245133,14.8384665198333,171.136980528744,15
"530",2021-08-12,28019,187,593,18,14.6,19,3,0,16,0,1,3,2,0,1539,19,1053,0.0133000004291534,38,0,1.28367556846,1.01730626769935,18.755302808692,184.591664485548,19
"531",2021-08-13,28036,201,593,26,16.1,17,3,0,14,0,1,3,2,0,1539,17,1077,0.0213599991798401,14,0,2.10859020317945,1.24419704885996,16.6403656106011,196.74785221946,17
"532",2021-08-14,28053,210,593,16,16.6,17,2,0,15,1,1,4,3,0,1540,17,1005,0.0119400000572205,12,0,1.17991151007931,1.24664752460339,16.7987580731276,207.514070315106,17
"533",2021-08-15,28071,207,593,8,17,18,1,0,17,0,1,4,3,0,1540,18,543,0.0221000003814697,2,0,2.20188994626386,1.46838134105254,17.6023616880083,202.427159412096,18
"534",2021-08-16,28090,210,593,21,18.1,19,0,0,19,0,1,3,2,0,1540,19,611,0.0114600002765656,8,0,1.1311890418387,1.42768293468242,18.7843701413525,207.616722614949,19
"535",2021-08-17,28111,206,593,18,18.1,21,0,0,21,0,1,3,2,0,1540,21,1323,0.0158700001239777,10,0,1.57509453593567,1.50767501164827,20.6681467864371,202.744678000287,21
"536",2021-08-18,28142,218,593,24,18.7,31,0,0,31,0,1,2,1,0,1540,31,1295,0.015440000295639,12,0,1.52982405377602,1.57288212279043,30.5242012607796,214.654060479031,31
"537",2021-08-19,28165,226,593,19,18.9,23,0,0,23,3,1,5,4,0,1543,23,1279,0.0172000002861023,17,0,1.69743829983988,1.63199108441613,22.6083104897055,222.151224811888,23
"538",2021-08-20,28184,226,593,17,17.6,19,0,0,19,0,2,5,3,0,1543,19,1142,0.014889999628067,50,0,1.42654191067555,1.53455561405843,18.7280692977244,222.765455857142,19
"539",2021-08-21,28207,235,593,27,19.1,23,1,0,22,1,2,6,4,0,1544,23,879,0.0182000005245209,12,0,1.79548826723388,1.62249515079479,22.5856851349479,230.766782900555,23
"540",2021-08-22,28238,252,593,17,20.4,31,0,0,31,1,1,5,4,0,1545,31,520,0.0173099994659424,6,0,1.71125470005514,1.5524044013364,30.4677735477086,247.673514000728,31
"541",2021-08-23,28279,271,593,16,19.7,41,1,0,40,0,1,3,2,0,1545,41,575,0.0139100003242493,11,0.0909099960327148,1.5355392735159,1.61016872014743,40.3683668816745,266.825059144726,41
"542",2021-08-24,28311,285,593,26,20.9,32,1,0,31,0,1,3,2,0,1545,32,1233,0.0154100000858307,23,0,1.51278105938131,1.60126679492538,31.5143245350973,280.674452890711,32
"543",2021-08-25,28337,301,593,27,21.3,26,0,0,25,2,1,5,4,0,1547,25,1318,0.0197300004959106,68,0,1.8762006243586,1.65074916215147,24.5294135773796,295.33413947165,26
"544",2021-08-26,28365,309,593,44,24.9,28,2,0,24,3,1,8,7,0,1550,26,1198,0.0125199997425079,22,0,1.2294229255348,1.58388982296503,25.6793030990077,305.188640676669,28
"545",2021-08-27,28398,326,593,24,25.9,33,0,0,33,2,1,9,8,0,1552,33,896,0.0278999996185303,9,0,2.7622541058788,1.7747058508512,32.0854705916016,316.965557965518,33
"546",2021-08-28,28430,330,593,38,27.4,32,0,0,29,2,1,11,10,0,1554,29,1115,0.0242199993133545,16,0,2.38773644866404,1.85931273391266,28.3052884893113,322.09466211975,32
"547",2021-08-29,28469,351,593,28,29,39,0,0,35,1,0,10,10,0,1555,35,537,0.0260700011253357,2,0,2.59732664272825,1.98589444000881,34.0879582427202,341.853524091279,39
"548",2021-08-30,28506,373,593,20,29.6,37,0,0,36,1,1,9,8,0,1556,36,627,0.0111600005626678,9,0,1.10020760264037,1.92370420131231,35.6026280108171,368.882784667633,37
"549",2021-08-31,28537,382,593,22,29,31,0,0,25,0,1,7,6,0,1556,25,553,0.0361700010299683,16,0,3.51529183999516,2.20977716997143,24.118298656352,368.527603469059,31
"550",2021-09-01,28575,392,593,55,33,38,0,0,36,2,1,9,8,0,1558,36,807,0.0309800004959106,5,0,3.0789236946059,2.38159475143533,34.8879571181551,379.891088619911,38
"551",2021-09-02,28620,419,593,34,31.6,45,0,1,39,1,1,10,9,0,1559,39,1298,0.0169500005245209,8,0,1.68461720373875,2.44662250546447,39.3408474349513,411.918335262682,45
"552",2021-09-03,28672,451,593,50,35.3,52,0,1,49,1,2,5,3,0,1560,49,1050,0.035239999294281,45,0.0222199988365173,3.47049307823181,2.5477995015149,48.2938886564831,435.296811919875,52
"553",2021-09-04,28727,482,593,38,35.3,55,0,0,52,0,2,5,3,0,1560,52,911,0.0318300008773804,8,0,3.1552917083018,2.65745025289172,50.3538744047109,466.741681982128,55
"554",2021-09-05,28753,476,593,23,34.6,26,0,0,25,2,1,7,6,0,1562,25,412,0.0388299989700317,6,0,3.82726305637633,2.83315545484145,24.0400504046612,457.722559704748,26
"555",2021-09-06,28813,493,593,29,35.9,60,0,1,53,1,1,8,7,0,1563,53,519,0.0346799993515015,2,0,3.45468707551425,3.169509665252,52.1630188800765,475.912609582599,60
"556",2021-09-07,28878,518,593,50,39.9,65,1,2,56,1,1,8,7,0,1564,57,825,0.0460599994659424,11,0.0909099960327148,4.66501309997157,3.33375555953435,56.3322333983172,493.756085970672,65
"557",2021-09-08,28930,531,594,66,41.4,52,0,1,50,2,1,7,6,1,1566,50,1376,0.03125,17,0,3.08686288585786,3.3348897297132,49.4515134003089,514.555072311281,52
"558",2021-09-09,29001,577,594,58,44.9,71,0,3,64,3,2,10,8,0,1569,64,1485,0.0343400001525879,13,0,3.40419894703558,3.58054426446989,64.8141768817507,557.293438449534,71
"559",2021-09-10,29067,607,594,62,46.6,66,0,0,58,0,1,7,6,0,1569,58,1263,0.0332500004768372,35,0,3.23534288152892,3.54695137922662,56.1173550857504,587.297147190526,66
"560",2021-09-11,29120,628,594,44,47.4,53,0,0,48,1,1,7,6,0,1570,48,1162,0.0309800004959106,15,0,3.05851831573901,3.5331266088605,46.5271028193094,608.729595219299,53
"561",2021-09-12,29175,640,594,53,51.7,55,0,1,50,2,1,8,7,0,1572,50,585,0.0598299980163574,3,0,5.95247429244372,3.83672821401299,48.0140148695677,601.779390330467,55
"562",2021-09-13,29237,669,594,36,52.7,62,0,0,55,5,4,13,9,0,1577,55,530,0.0301900005340576,20,0,2.90921823328192,3.75880409369408,53.3946893081977,649.473584494259,62
"563",2021-09-14,29299,687,594,63,54.6,62,0,2,55,2,5,10,5,0,1579,55,1224,0.0334999990463257,29,0,3.27246598824442,3.55986879201878,55.1942486887407,664.44452453027,62
"564",2021-09-15,29345,699,594,58,53.4,46,0,1,42,2,6,11,5,0,1581,42,1537,0.0305800008773804,13,0,3.03235234506669,3.55208157190575,41.7222406688527,677.734433988763,46
"565",2021-09-16,29405,727,594,63,54.1,60,1,1,50,1,7,11,4,0,1582,51,1708,0.0316199994087219,39,0,3.09141150487104,3.50739765159653,50.418216274658,704.451828072086,60
"566",2021-09-17,29465,724,595,90,58.1,60,1,2,45,0,7,9,2,1,1582,46,1417,0.0310500001907349,4,0,3.0962596953041,3.48752862499299,46.5710556384727,701.509658309874,60
"567",2021-09-18,29527,740,595,44,58.1,62,0,5,50,0,7,8,1,0,1582,50,1575,0.0298399996757507,28,0,2.93187769739909,3.46943710808728,53.5292598038108,718.2330450964,62
"568",2021-09-19,29570,731,595,60,59.1,43,2,1,39,3,7,9,2,0,1585,41,1058,0.0321399998664856,3,0,3.20491233352891,3.07692825681374,40.6816821906796,707.495358082605,43
"569",2021-09-20,29621,710,595,60,62.6,51,2,0,40,2,8,11,3,0,1587,42,1220,0.0385199999809265,66,0.0606099987030029,3.965370131503,3.22780709941675,40.3290897262569,681.753659658153,51
"570",2021-09-21,29681,709,595,36,58.7,60,0,0,51,1,7,12,5,0,1588,51,1196,0.0200699996948242,23,0,1.96913204552992,3.04161653617182,49.9924534414908,694.993127255235,60
"571",2021-09-22,29732,696,595,63,59.4,51,0,0,42,4,9,15,6,0,1592,42,2381,0.0180599999427795,28,0,1.78500871165455,2.86342458854152,41.2478408582016,683.53564850734,51
"572",2021-09-23,29768,668,595,44,56.7,36,0,0,29,3,9,16,7,0,1595,29,1527,0.0268499994277954,48,0,2.60317137309483,2.79367599828777,28.242607734955,650.553860929308,36
"573",2021-09-24,29811,661,595,56,51.9,43,1,0,33,2,8,16,8,0,1597,34,2089,0.0181900000572205,48,0,1.7781427290376,2.60537357453541,33.393451346158,649.20798058266,43
"574",2021-09-25,29854,656,595,62,54.4,43,0,0,35,2,10,16,6,0,1599,35,1933,0.0274200010299683,31,0,2.69872006063791,2.57206534071239,34.0523543146175,638.23841229683,43
"575",2021-09-26,29902,634,595,38,51.3,48,1,0,38,3,11,17,6,0,1602,39,1059,0.033989999294281,4,0,3.38620971332489,2.59796496639753,37.6750528171164,612.461115026969,48
"576",2021-09-27,29943,615,595,31,47.1,41,0,0,29,0,11,17,6,0,1602,29,851,0.0164499998092651,15,0.0666699981689453,1.73198612127238,2.27891010779316,28.4960789347274,604.31339809853,41
"577",2021-09-28,29985,588,596,44,48.3,42,1,0,32,3,11,18,7,1,1605,33,1723,0.0203099989891052,35,0,1.99056474733949,2.28197192233738,32.3409621522912,576.257143804461,42
"578",2021-09-29,30030,577,596,65,48.6,45,1,0,37,0,11,18,7,0,1605,38,2040,0.0215700006484985,8,0,2.14857428334653,2.33390986115052,37.1808676500992,564.562121950191,45
"579",2021-09-30,30078,580,596,61,51,48,2,0,38,3,12,20,8,0,1608,40,1835,0.0174399995803833,29,0,1.71686691148087,2.20729493806281,39.3110039534154,570.009557324523,48
"580",2021-10-01,30120,562,596,48,49.9,42,0,0,23,1,11,19,8,0,1609,23,1836,0.020699999332428,12,0,2.05655837523473,2.24706860180526,22.5254423427563,550.404286809957,42
"581",2021-10-02,30155,543,596,60,49.6,35,0,0,28,0,9,14,5,0,1609,28,1403,0.0192400002479553,13,0,1.90633618275998,2.13387090496555,27.4644776137162,532.614690865995,35
"582",2021-10-03,30181,528,597,37,49.4,26,5,0,17,2,7,13,6,1,1611,22,1014,0.0217000007629395,12,0,2.14461995844255,1.95650093998236,21.5266382824424,516.639318778618,26
"583",2021-10-04,30224,524,598,25,48.6,43,1,0,39,0,4,9,5,1,1611,40,1255,0.0199199998378754,8,0,1.97938240669308,1.99184326647103,39.2056538315399,513.594065193173,43
"584",2021-10-05,30274,521,598,33,47,50,1,0,42,0,4,8,4,0,1611,43,1637,0.0116100001335144,13,0,1.15185274051897,1.87202726549667,42.5030810905638,514.979191818227,50
"585",2021-10-06,30314,511,598,28,41.7,40,1,0,32,0,4,7,3,0,1611,33,1958,0.0127699995040894,36,0,1.25394478580777,1.74422305156256,32.5848429075774,504.571355326425,40
"586",2021-10-07,30351,500,598,53,40.6,37,1,0,32,2,3,7,4,0,1613,33,1678,0.016690000295639,9,0,1.66009605785906,1.73611292961659,32.4503740034462,491.672333385549,37
"587",2021-10-08,30379,483,600,59,42.1,28,0,0,19,0,2,5,3,2,1613,19,2152,0.0241599988937378,13,0,2.4014927306847,1.78538926610945,18.5422219285126,471.362799551137,28
"588",2021-10-09,30406,460,600,37,38.9,27,1,0,25,3,3,6,3,0,1616,26,1521,0.0190699994564056,12,0,1.89207235311109,1.7833515761596,25.5064499551024,451.267960744119,28
"589",2021-10-10,30427,421,601,20,36.4,21,0,0,19,2,3,6,3,1,1618,19,1008,0.0168700003623962,24,0,1.64776747725731,1.712372650276,18.68589877106,414.040178032436,20
"590",2021-10-11,30445,397,601,18,35.4,18,0,0,16,1,4,7,3,0,1619,16,634,0.0220799994468689,7,0,2.18388762079795,1.74158768086241,15.6494335287487,388.301569432077,18
"591",2021-10-12,30478,397,601,31,35.1,33,0,0,25,2,5,7,2,0,1621,25,1118,0.0143099999427795,13,0,1.41455171848166,1.77911610628565,24.6452038102058,391.365836506069,33
"592",2021-10-13,30499,391,601,24,34.6,21,0,0,19,0,5,7,2,0,1621,19,1673,0.0203200006484985,9,0,2.02112729399156,1.88871360745476,18.6147280634865,383.07150909596,26
"593",2021-10-14,30514,372,601,39,32.6,15,0,0,13,0,5,6,1,0,1621,13,1287,0.0116600000858307,33,0,1.13685000836849,1.81396417181325,12.8517254449203,367.75706657772,20
"594",2021-10-15,30544,351,601,33,28.9,30,1,0,18,2,5,8,3,0,1623,19,1605,0.0155799996852875,15,0,1.54357404289422,1.69140435927175,18.7057603633251,345.564309869848,37
"595",2021-10-16,30563,334,602,21,26.6,19,0,0,14,1,4,8,4,1,1624,14,1410,0.0155999994277954,8,0,1.55119881475258,1.64270813950625,13.7821208823529,328.802026764705,25
"596",2021-10-17,30581,317,602,34,28.6,18,0,0,15,0,4,8,4,0,1624,15,812,0.0357100009918213,8,0,3.53616107382425,1.91247865330153,14.4678385558763,305.753654814187,26
"597",2021-10-18,30601,304,602,23,29.3,20,1,0,15,1,3,9,6,0,1625,16,811,0.0135599994659424,20,0,1.3233645688182,1.78954678873299,15.7875681685031,299.963795201558,32
"598",2021-10-19,30613,279,602,23,28.1,12,0,0,11,3,2,11,9,0,1628,11,1037,0.00963999986648559,9,0,0.955705531696516,1.72399733347798,10.8945280700708,276.324848322705,28
"599",2021-10-20,30632,267,602,33,29.4,19,0,0,19,0,2,10,8,0,1628,19,NA,NA,NA,NA,NA,NA,NA,NA,27
"600",2021-10-21,30632,239,602,30,28.1,0,0,0,0,0,2,10,8,0,1628,0,NA,NA,NA,NA,NA,NA,NA,NA,NA
