"","date","observed_cumulative_cases","observed_active_cases","observed_cumulative_deaths","observed_new_cases","observed_daily_average_cases","observed_new_episodes","observed_new_cases_community_outbreak","observed_new_cases_institution_outbreak","observed_new_cases_sporadic","observed_new_ICU_p_acute_care","observed_census_ICU","observed_census_ICU_p_acute_care","observed_census_acute_care","observed_new_deaths","cumulative_hosp","observed_new_community_cases","num_non_ltch_tests","non_ltch_pct_positivity","num_ltch_tests","ltch_pct_positivity","observed_pct_positivity","pct_positivity_7_day","adjusted_new_episodes","adjusted_active_cases","adjusted_episode_cases"
"1",2020-03-01,7,7,0,0,0,2,0,0,2,0,0,1,1,0,0,2,NA,NA,NA,NA,NA,NA,NA,NA,2
"2",2020-03-02,10,10,0,0,0,3,2,0,1,0,0,1,1,0,0,3,NA,NA,NA,NA,NA,NA,NA,NA,3
"3",2020-03-03,11,11,0,0,0,1,0,0,1,0,0,1,1,0,0,1,NA,NA,NA,NA,NA,NA,NA,NA,1
"4",2020-03-04,12,12,0,0,0,1,0,0,1,0,0,1,1,0,0,1,NA,NA,NA,NA,NA,NA,NA,NA,1
"5",2020-03-05,18,18,0,0,0,6,2,0,4,0,0,1,1,0,0,6,NA,NA,NA,NA,NA,NA,NA,NA,6
"6",2020-03-06,23,23,0,0,0,5,0,1,4,0,0,1,1,0,0,4,NA,NA,NA,NA,NA,NA,NA,NA,5
"7",2020-03-07,27,27,0,0,0,4,0,0,4,0,0,1,1,0,0,4,NA,NA,NA,NA,NA,NA,NA,NA,4
"8",2020-03-08,36,36,0,0,0,9,1,0,8,0,0,1,1,0,0,9,NA,NA,NA,NA,NA,NA,NA,NA,9
"9",2020-03-09,45,45,0,1,0.1,9,0,0,9,0,0,1,1,0,0,9,NA,NA,NA,NA,NA,NA,NA,NA,9
"10",2020-03-10,52,52,0,0,0.1,7,1,0,6,0,0,1,1,0,0,7,NA,NA,NA,NA,NA,NA,NA,NA,7
"11",2020-03-11,61,61,0,0,0.1,9,0,0,9,0,0,1,1,0,0,9,NA,NA,NA,NA,NA,NA,NA,NA,9
"12",2020-03-12,75,75,0,3,0.6,14,1,0,13,0,0,1,1,0,0,14,NA,NA,NA,NA,NA,NA,NA,NA,14
"13",2020-03-13,97,97,0,1,0.7,22,2,2,18,0,0,1,1,0,0,20,NA,NA,NA,NA,NA,NA,NA,NA,22
"14",2020-03-14,115,115,0,4,1.3,18,1,1,16,1,0,2,2,0,1,17,NA,NA,NA,NA,NA,NA,NA,NA,18
"15",2020-03-15,142,142,0,4,1.9,27,1,0,26,0,0,2,2,0,1,27,NA,NA,NA,NA,NA,NA,NA,NA,27
"16",2020-03-16,156,156,0,0,1.7,14,0,0,14,0,0,2,2,0,1,14,NA,NA,NA,NA,NA,NA,NA,NA,14
"17",2020-03-17,179,178,0,5,2.4,23,1,0,22,2,0,4,4,0,3,23,127,0,4,0,0,0,23,178,23
"18",2020-03-18,195,193,0,4,3,16,0,0,16,0,0,3,3,0,3,16,210,0.0190499997138977,1,0,1.89597153550641,0.947985767753203,16.4710745122975,198.682336304589,16
"19",2020-03-19,220,218,0,1,2.7,25,0,0,25,4,0,7,7,0,7,25,110,0.0272699999809265,9,0,2.52075630075791,1.47224261208811,25.9786078195618,226.533460186579,25
"20",2020-03-20,242,240,0,2,2.9,22,1,1,20,3,1,10,9,0,10,21,137,0.00730000019073486,4,0,0.709290798674238,1.28150465873464,22.2313030887763,242.64346387173,22
"21",2020-03-21,262,260,0,4,2.9,20,0,2,18,3,1,10,9,0,13,18,204,0.0147099995613098,3,0,1.44968111618705,1.31513995022512,20.4052124668047,265.853068964957,20
"22",2020-03-22,288,286,0,6,3.1,26,0,1,25,3,5,13,8,0,16,25,159,0.0314499998092651,2,0,3.10593165818208,1.61360523488461,27.2057845523614,299.794175279014,26
"23",2020-03-23,309,307,0,9,4.4,21,1,0,20,4,5,17,12,0,20,21,138,0.0362299990653992,3,0,3.54591480214545,1.88964945877902,22.1563396110692,323.904583838012,21
"24",2020-03-24,327,323,1,8,4.9,18,1,3,14,3,7,20,13,1,23,15,253,0.0197599995136261,4,0,1.94524508830638,2.16754161425136,18.4531097402335,332.756963073029,18
"25",2020-03-25,350,346,1,8,5.4,23,0,1,22,4,8,23,15,0,27,22,153,0.0588199996948242,2,0,5.80610319568265,2.7261318514194,24.9835595485201,377.195981990361,23
"26",2020-03-26,364,356,1,19,8,14,1,3,10,2,7,25,18,0,29,11,274,0.025550000667572,3,0,2.52732858588979,2.72707074929538,14.4317100971024,369.971708597132,14
"27",2020-03-27,381,364,1,27,11.6,17,3,2,12,5,9,26,17,0,34,15,577,0.0294600009918213,4,0,2.92571782655437,3.04370318184968,17.6814931714033,380.537567626055,17
"28",2020-03-28,406,386,2,26,14.7,25,1,1,23,3,8,25,17,1,37,24,367,0.0817399978637695,3,0,8.10772411243335,3.99485218131344,28.0216768373745,434.598635801106,25
"29",2020-03-29,425,398,2,11,15.4,19,5,4,10,7,8,31,23,0,44,15,184,0.0434800004959106,0,0,4.34800004959106,4.17229052294329,20.0127881493436,424.872645562585,19
"30",2020-03-30,450,407,3,48,21,25,8,3,14,4,12,32,20,1,48,22,549,0.0783199977874756,0,0,7.83199977874756,4.78458837674359,27.67567375597,456.499964485445,25
"31",2020-03-31,467,404,3,51,27.1,17,2,3,12,6,13,34,21,0,54,14,943,0.064689998626709,0,0,6.4689998626709,5.43083905879567,18.4063809957084,444.584137304729,17
"32",2020-04-01,494,407,3,37,31.3,27,6,4,16,3,15,33,18,0,57,22,575,0.0573899984359741,4,0.25,5.87206374795943,5.44026199483521,28.0060938850423,444.112736873282,27
"33",2020-04-02,511,403,6,32,33.1,17,5,4,7,6,14,34,20,3,63,12,107,0.0841100025177002,9,0,7.75842264602924,6.1875611462837,17.4457476400879,451.553024912951,17
"34",2020-04-03,538,409,6,26,33,27,3,4,19,5,14,37,23,0,68,22,217,0.110600004196167,2,0,10.9589958495745,7.33517229242944,29.7439604717635,478.603628770511,27
"35",2020-04-04,555,416,7,18,31.9,17,3,7,6,7,14,43,29,1,75,9,315,0.0253999996185303,3,0,2.51603769806196,6.53635994751924,16.3516393470334,432.253552040655,17
"36",2020-04-05,582,427,8,40,36,27,4,8,13,4,13,43,30,1,79,17,422,0.0663500022888184,5,0.2,6.79149905524154,6.88543123404074,26.7928847681171,472.033046822706,27
"37",2020-04-06,601,427,9,40,34.9,19,3,7,9,4,12,44,32,1,83,12,238,0.117650003433228,4,0.25,11.9837606682266,7.47853993253774,21.2331206349442,506.461875926765,19
"38",2020-04-07,624,425,9,25,31.1,23,2,11,10,4,14,45,31,0,87,12,285,0.108769998550415,6,0,10.6527318167932,8.07621592598378,24.9850893135475,495.305246521475,23
"39",2020-04-08,644,428,11,26,29.6,20,1,11,7,5,16,44,28,2,92,8,368,0.0434800004959106,6,0.333330001831055,4.813000051733,7.92492111223715,19.5979208046107,459.988763046674,20
"40",2020-04-09,680,436,11,25,28.6,36,1,20,13,6,16,47,31,0,98,14,295,0.0949199962615967,5,0,9.33379963239034,8.14997496743159,36.0291975111164,499.195008203339,36
"41",2020-04-10,714,452,11,37,30.1,34,0,20,13,4,16,48,32,0,102,13,331,0.090629997253418,8,0,8.84912362562872,7.84856464972505,34.78641117284,514.112142317207,34
"42",2020-04-11,757,481,11,31,32,43,0,34,7,5,19,52,33,0,107,7,225,0.102220001220703,11,0.363639984130859,11.4404830932617,9.12348542046787,42.243598573632,566.452987702431,43
"43",2020-04-12,790,496,13,35,31.3,33,0,18,14,1,18,48,30,2,108,14,227,0.101319999694824,12,0.5,12.1337405567887,9.88666277783175,34.6379135087628,589.457507167597,33
"44",2020-04-13,814,503,16,16,27.9,24,0,19,5,3,20,50,30,3,111,5,165,0.0606099987030029,26,0.0384599995613098,5.75948155737672,8.99748004771035,24.4471890985238,547.987223311496,24
"45",2020-04-14,847,504,18,32,28.9,33,0,26,7,5,20,50,30,2,116,7,208,0.0673099994659424,18,0.166669998168945,7.52236276812258,8.55028446932883,33.8176927086488,562.873875022714,33
"46",2020-04-15,876,502,24,60,33.7,29,2,18,9,4,16,50,34,6,120,11,390,0.1,24,0.208330001831055,10.6280000106148,9.38099874916909,30.8154405969224,584.850107241368,29
"47",2020-04-16,946,551,24,21,33.1,70,1,55,13,7,13,52,39,0,127,14,310,0.0354800009727478,11,0,3.42641753942424,8.5370870216025,69.7449139918236,580.317686392485,70
"48",2020-04-17,978,555,26,73,38.3,32,0,26,6,0,13,49,36,2,127,6,378,0.0846599960327148,66,0.5,14.6399726352176,9.36435116582948,33.3640469753958,681.174345224111,32
"49",2020-04-18,1018,577,31,31,38.3,40,0,31,9,1,11,46,35,5,128,9,421,0.0617600011825562,8,0,6.06082995288022,8.59582928863213,40.8470565797774,631.305738503505,40
"50",2020-04-19,1035,580,35,37,38.6,17,0,13,4,4,15,47,32,4,132,4,452,0.0442500019073486,47,0.127659997940063,5.21062540386864,7.60681283821498,17.3236589757447,626.930551482982,17
"51",2020-04-20,1096,617,39,16,38.6,61,1,47,13,3,13,45,32,4,135,14,325,0.0523099994659424,43,0.0232599997520447,4.89155701515467,7.48282361789754,62.0634399399566,663.8673173538,61
"52",2020-04-21,1132,628,47,51,41.3,36,0,26,10,2,11,43,32,8,137,10,543,0.069980001449585,25,0.36,8.27449661745152,7.59027131065882,37.2849297792636,708.693590137757,36
"53",2020-04-22,1173,645,54,35,37.7,41,1,31,9,4,9,45,36,7,141,10,656,0.0243899989128113,122,0.106560001373291,3.72752692215241,6.60448944087848,41.5788400874053,682.335185637642,41
"54",2020-04-23,1218,661,57,50,41.9,45,0,35,10,5,11,48,37,3,146,10,775,0.0361299991607666,105,0.0285700011253357,3.522795394063,6.61825770582687,45.5470477440933,697.159855884566,45
"55",2020-04-24,1259,668,65,38,36.9,41,0,36,5,7,10,48,38,8,153,5,517,0.0406199979782104,94,0.106379995346069,5.07369206501886,5.25164619579848,41.3939416696,720.630607058556,41
"56",2020-04-25,1360,742,78,53,40,101,0,95,6,5,9,49,40,13,158,6,557,0.0502699995040894,28,0.0357100009918213,4.95731106864082,5.09400064090713,101.461886462343,799.119959176389,101
"57",2020-04-26,1414,759,87,87,47.1,54,0,41,13,5,9,50,41,9,163,13,358,0.0502799987792969,81,0.0123500001430511,4.32815252268233,4.96793308645194,54.8737430226291,810.013150321192,54
"58",2020-04-27,1475,782,95,87,57.3,61,0,54,7,8,11,54,43,8,171,7,269,0.0632000017166138,80,0.1,7.16355314090806,5.29250396155957,61.7786895357083,868.990745274842,61
"59",2020-04-28,1494,776,103,65,59.3,19,0,12,7,7,13,60,47,8,178,7,503,0.0616300010681152,11,0.272730007171631,6.61477054788908,5.05540023733636,19.7190360014695,855.710276734331,19
"60",2020-04-29,1519,765,111,27,58.1,25,0,17,8,7,13,61,48,8,185,8,668,0.0314400005340576,74,0.148649997711182,4.31294072606172,5.13903078075198,25.5357982467165,816.23570734227,25
"61",2020-04-30,1539,755,122,30,55.3,20,0,10,10,2,11,55,44,11,187,10,603,0.0414599990844727,6,0.333330001831055,4.43355656139957,5.26913951894292,20.688477996568,806.980088740887,20
"62",2020-05-01,1562,738,135,43,56,23,0,16,7,6,11,57,46,13,193,7,516,0.031010000705719,55,0.0909099960327148,3.67797025323123,5.06975068868754,23.3998011730356,780.150466528606,23
"63",2020-05-02,1583,739,139,22,51.6,21,0,15,6,4,12,57,45,4,197,6,508,0.0511800003051758,28,0.0357100009918213,5.03718660126871,5.08116147906296,21.4693286879127,796.80565006125,21
"64",2020-05-03,1602,720,148,23,42.4,19,0,13,6,3,12,52,40,9,200,6,826,0.0205800008773804,231,0.0043299999833107,1.70286761786764,4.70612077837514,19.1586609129353,739.039309552239,19
"65",2020-05-04,1620,717,152,14,32,18,0,11,7,6,10,51,41,4,206,7,637,0.0109899997711182,24,0.125,1.51295459216374,3.89889241426881,18.1644605527098,733.845459470418,18
"66",2020-05-05,1645,716,156,29,26.9,25,0,24,1,3,9,49,40,4,209,1,923,0.0292499995231628,29,0.172409992218018,3.36109656871868,3.4340818458159,25.0521937861817,753.370750906122,25
"67",2020-05-06,1661,690,161,23,26.3,16,0,11,5,4,10,52,42,5,213,5,598,0.0167200005054474,149,0.0134200000762939,1.60617674881196,3.04740127763736,16.1247099630784,707.209974904818,16
"68",2020-05-07,1684,668,167,32,26.6,23,0,16,7,6,10,54,44,6,219,7,813,0.0356699991226196,234,0.0128199994564056,3.05631224063884,2.85065208895726,23.3322259656387,699.703849292383,23
"69",2020-05-08,1697,635,173,16,22.7,13,0,8,5,4,8,54,46,6,223,5,715,0.00978999972343445,127,0.0472399997711182,1.54386339349022,2.54577968042283,13.1198717058647,650.223706644812,13
"70",2020-05-09,1714,618,179,12,21.3,17,0,12,5,5,6,51,45,6,228,5,1100,0.0154499995708466,164,0.0304900002479553,1.74013920637626,2.0747729097239,17.1351113420979,634.699761883302,17
"71",2020-05-10,1726,549,185,25,21.6,12,0,8,4,3,5,52,47,6,231,4,907,0.0176400005817413,316,0.0126600003242493,1.63532629845479,2.06512414980778,12.1015786002143,562.941662879418,12
"72",2020-05-11,1746,529,188,14,21.6,20,0,14,6,1,5,51,46,3,232,6,517,0.00967000007629395,197,0.0152300000190735,1.12040616851561,2.00904580357234,20.104391359428,538.203838189565,20
"73",2020-05-12,1769,512,193,13,19.3,23,0,17,6,4,6,50,44,5,236,6,835,0.0131700003147125,322,0.00310999989509583,1.03702422031165,1.67703546808562,23.0966224313648,520.245114143126,23
"74",2020-05-13,1790,495,195,21,19,21,0,15,6,2,7,47,40,2,238,6,1249,0.0144099998474121,224,0.0133899998664856,1.42548878340193,1.65122290159847,21.1328167553253,505.957382314333,21
"75",2020-05-14,1804,467,198,25,18,14,0,10,4,2,6,45,39,3,240,4,1046,0.0267700004577637,127,0.0236199998855591,2.64289518024611,1.59216332154237,14.1641639305723,486.166138894319,14
"76",2020-05-15,1824,452,201,17,18.1,20,0,12,8,1,5,43,38,3,241,8,1163,0.012039999961853,137,0.0146000003814697,1.23097846214588,1.54746547420746,20.1529249168156,460.640257800081,20
"77",2020-05-16,1840,433,207,19,19.1,16,0,6,10,1,4,41,37,6,242,10,967,0.0134399998188019,25,0.04,1.41093546620781,1.50043636846911,16.2191013037973,442.487086454421,16
"78",2020-05-17,1851,393,212,15,17.7,11,0,8,3,1,2,41,39,5,243,3,353,0.0254999995231628,10,0.1,2.7552341134095,1.66042319917693,11.1283564133809,409.814690152904,11
"79",2020-05-18,1866,385,213,25,19.3,15,0,8,7,2,1,42,41,1,245,7,376,0.0398900008201599,17,0.0588199996948242,4.07088557333133,2.08192025700774,15.4425116886363,409.338142874996,15
"80",2020-05-19,1878,348,219,23,20.7,12,0,8,4,0,1,39,38,6,245,4,359,0.0390000009536743,31,0.225809993743896,5.38490003805894,2.70304537382878,12.3344840773838,377.100114732394,12
"81",2020-05-20,1893,334,223,17,20.1,15,0,9,6,3,1,40,39,4,248,6,675,0.0296300005912781,36,0.0555600023269653,3.09429120715661,2.94144572007945,15.2883037193637,350.048907044578,15
"82",2020-05-21,1901,320,229,11,18.1,8,0,1,7,0,1,37,36,6,248,7,478,0.0209200000762939,36,0,1.94547860631683,2.8418147809467,8.21147659588538,329.667501526189,8
"83",2020-05-22,1908,304,233,7,16.7,7,0,3,4,1,1,35,34,4,249,4,514,0.00583999991416931,14,0,0.568515143159664,2.74717716394867,7.03531342490938,306.683820293113,7
"84",2020-05-23,1917,300,236,6,14.9,9,1,3,5,1,0,34,34,3,250,6,582,0.00859000027179718,43,0,0.799900825309753,2.65988650096323,9.07452898503073,303.726449251536,9
"85",2020-05-24,1927,297,237,8,13.9,10,0,3,7,1,1,35,34,1,251,7,332,0.0150600004196167,25,0.04,1.68064989896716,2.50637447032861,10.1826892973044,304.751245899914,10
"86",2020-05-25,1942,293,240,6,11.1,15,1,7,7,0,1,34,33,3,251,8,401,0.0174600005149841,8,0,1.71184846124905,2.16936916860257,15.212663577461,300.78880352451,15
"87",2020-05-26,1948,284,243,16,10.1,6,0,2,4,1,1,34,33,3,252,4,1123,0.00800999999046326,41,0.0731699991226196,1.03051545990701,1.54731422886658,6.06401066136801,288.544756957129,6
"88",2020-05-27,1953,258,243,8,8.9,5,0,1,4,1,1,32,31,0,253,4,1150,0.00957000017166138,13,0.0769199991226196,1.03228376491871,1.25274173711831,5.06412049996598,262.135772247806,5
"89",2020-05-28,1957,233,244,4,7.9,4,0,2,2,1,1,30,29,1,254,2,1403,0.00284999996423721,88,0,0.268179071081476,1.01312751779898,4.00832899668799,233.970328114151,4
"90",2020-05-29,1964,224,247,7,7.9,7,0,3,4,2,1,31,30,3,256,4,1380,0.0065200001001358,37,0,0.634975309681539,1.0226218273021,7.03944161063701,226.208730195673,7
"91",2020-05-30,1967,207,248,15,9.1,3,1,1,1,0,1,31,30,1,256,2,1020,0.0127499997615814,119,0,1.1417910234252,1.07146328417574,3.03546128194918,210.67024268174,3
"92",2020-05-31,1971,192,249,10,9.4,4,0,1,3,3,1,34,33,1,259,3,1309,0.00535000026226044,11,0.0909099960327148,0.606300022701423,0.917984730423488,4.02824532984983,193.807701110389,4
"93",2020-06-01,1982,183,250,5,9.3,11,0,5,6,2,1,33,32,1,261,6,763,0.00130999997258186,20,0,0.127653892602805,0.691671220616881,11.011893868277,183.362762982449,11
"94",2020-06-02,1985,165,251,8,8.1,3,0,1,2,0,1,28,27,1,261,2,858,0.0104900002479553,9,0,1.03811075118174,0.692756262227556,3.03224122215613,167.659900827881,3
"95",2020-06-03,1995,155,251,8,8.1,10,0,7,3,0,1,23,22,0,261,3,1110,0.00449999988079071,141,0,0.399280564962245,0.602327233662346,10.0186010404712,155.961053757681,10
"96",2020-06-04,2002,144,254,8,8.7,7,0,2,5,0,0,20,20,3,261,5,1430,0.00559000015258789,21,0,0.550909732474203,0.642717328147021,7.04277482689698,145.231915014633,7
"97",2020-06-05,2006,135,256,15,9.9,4,0,1,3,1,0,21,21,2,262,3,1366,0.00952000021934509,29,0,0.932209340474939,0.685179332546079,4.04342826871997,136.954272092399,4
"98",2020-06-06,2009,127,256,2,8,3,0,0,3,0,0,21,21,0,262,3,1404,0.000710000023245811,68,0,0.0677201109128477,0.5317406307586,3.00315483555761,127.133554705272,3
"99",2020-06-07,2010,117,257,4,7.1,1,0,0,1,0,0,20,20,1,262,1,870,0.00230000004172325,22,0,0.22432735832951,0.477173107276898,1.00348353400028,117.407573478033,1
"100",2020-06-08,2013,109,257,0,6.4,3,0,0,3,0,0,19,19,0,262,3,701,0.0014300000667572,12,0,0.140593274445554,0.47902159039729,3.00654973323882,109.23797364101,3
"101",2020-06-09,2023,106,258,3,5.7,10,0,3,7,0,0,18,18,1,262,7,1338,0.00224000006914139,10,0,0.222338285794598,0.362482666770557,10.0241685226772,106.365980486255,10
"102",2020-06-10,2033,104,258,7,5.6,10,0,4,6,0,0,17,17,0,262,6,1281,0.00233999997377396,12,0,0.231828303666237,0.338560915156841,10.0216000879446,104.374401524373,10
"103",2020-06-11,2040,103,259,5,5.1,7,0,2,5,0,0,16,16,1,262,5,1529,0.00326999992132187,6,0,0.325721816267175,0.306391212841551,7.0252903397528,103.520980998908,7
"104",2020-06-12,2044,106,259,10,4.4,4,0,2,2,0,0,16,16,0,262,2,1596,0.00814999997615814,13,0,0.808415162333648,0.288706330249938,4.02510742983204,107.330693781098,4
"105",2020-06-13,2047,104,259,6,5,3,0,3,0,0,0,16,16,0,262,0,1479,0.00270000010728836,23,0.0434800004959106,0.332446083228058,0.326524326294968,3,104.536898723598,3
"106",2020-06-14,2050,101,259,1,4.6,3,0,1,2,0,0,16,16,0,262,2,768,0,13,0,0,0.294477560819324,3,101,3
"107",2020-06-15,2055,99,259,2,4.9,5,0,2,3,0,0,14,14,0,262,3,720,0.00555999994277954,17,0,0.543175028331244,0.351989239945851,5.02530456418762,99.8350506181915,5
"108",2020-06-16,2059,98,259,3,4.9,4,0,1,3,1,0,14,14,0,263,3,1250,0.000799999982118607,14,0,0.0791139222822989,0.331528616586952,4.00368563210772,98.1203973155187,4
"109",2020-06-17,2062,88,259,8,5,3,0,0,3,1,1,6,5,0,264,3,1098,0.0091100001335144,26,0,0.889927059305944,0.425542724535481,3.04145848984202,89.2161157020325,3
"110",2020-06-18,2064,74,259,2,4.6,2,0,0,2,0,1,6,5,0,264,2,1304,0.00230000004172325,122,0,0.210322584460527,0.409057119991674,2.00653211342077,74.2416881965686,2
"111",2020-06-19,2067,72,259,5,3.9,3,0,0,3,0,1,5,4,0,264,3,1875,0.0010700000077486,19,0,0.105926611115556,0.308701612674804,3.00493473851032,72.1184337242477,3
"112",2020-06-20,2073,73,259,1,3.1,6,0,0,6,1,1,5,4,0,265,6,1792,0.000560000017285347,158,0,0.0514625656910432,0.268561110169516,6.00479491040223,73.0583380765605,6
"113",2020-06-21,2079,77,259,1,3.1,6,0,0,6,0,1,4,3,0,265,6,1102,0.00363000005483627,86,0,0.336722227308886,0.316664285499357,6.03137334660068,77.4026246147088,6
"114",2020-06-22,2081,76,260,6,3.7,2,0,1,1,0,1,1,0,1,265,1,509,0.0039300000667572,10,0,0.385427752211833,0.294128960339441,2.00598522930721,76.4548774273478,2
"115",2020-06-23,2090,81,260,4,3.9,9,0,0,9,0,1,1,0,0,265,9,1255,0.00158999994397163,20,0,0.156505876837992,0.305184953847397,9.0218731318615,81.1968581867535,9
"116",2020-06-24,2092,75,261,3,3.1,2,0,0,2,1,1,2,1,1,266,2,1733,0.00289000004529953,24,0,0.285052366448724,0.218774283439223,2.00885304064363,75.3319890241363,2
"117",2020-06-25,2098,73,261,6,3.7,6,0,0,6,0,1,2,1,0,266,6,1796,0.00277999997138977,21,0.0476200008392334,0.32982388366758,0.235845897611659,6.03073060873405,73.3738890729309,6
"118",2020-06-26,2102,67,261,6,3.9,4,0,0,4,0,1,2,1,0,266,4,2028,0.00196999996900558,23,0,0.194790830674954,0.248540786120145,4.01209946903761,67.20266610638,4
"119",2020-06-27,2105,69,261,3,4.1,3,0,0,3,0,1,1,0,0,266,3,1574,0.000640000030398369,80,0,0.0609044768952257,0.249889630577885,3.00283731976715,69.0652583546446,3
"120",2020-06-28,2107,68,261,2,4.3,2,0,0,2,0,1,1,0,0,266,2,880,0.00114000000059605,12,0,0.112466367771808,0.217853079215445,2.00349293478012,68.1187597825243,2
"121",2020-06-29,2111,69,261,1,3.6,4,0,0,4,2,1,3,2,0,268,4,854,0.00351000010967255,8,0,0.347742470262222,0.212469467508358,4.02160008886159,69.3726015328624,4
"122",2020-06-30,2114,68,261,10,4.4,3,0,0,3,0,1,3,2,0,268,3,1605,0.00435999989509583,11,0,0.433032167798812,0.251973223359904,3.02017340583391,68.4572638655685,3
"123",2020-07-01,2116,67,261,4,4.6,2,0,0,2,0,2,3,1,0,268,2,1601,0.00312000006437302,15,0,0.309103966773589,0.255409166263456,2.00960002547969,67.3216008535698,2
"124",2020-07-02,2122,66,261,4,4.3,6,0,1,5,0,1,3,2,0,268,5,1012,0.00197999998927116,12,0,0.195679686439689,0.236245709516614,6.01519335060051,66.2005522279267,6
"125",2020-07-03,2130,74,261,4,4,8,0,0,8,0,1,3,2,0,268,8,1334,0.00300000011920929,14,0,0.296884284794154,0.2508304886765,8.03688204623569,74.3411589276801,8
"126",2020-07-04,2134,75,261,4,4.1,4,0,0,4,0,1,3,2,0,268,4,1257,0.00317999988794327,40,0,0.308192741645697,0.286157383640853,4.0191434500394,75.3589396882388,4
"127",2020-07-05,2136,72,261,5,4.6,2,0,0,2,0,1,2,1,0,268,2,734,0.00272000014781952,47,0,0.255631255889824,0.306609510514855,2.00793929173916,72.2858145026099,2
"128",2020-07-06,2142,72,261,0,4.4,6,0,1,5,0,1,2,1,0,268,5,602,0,10,0,0,0.256932014763109,6,72,6
"129",2020-07-07,2149,73,261,6,3.9,7,0,1,6,0,1,1,0,0,268,6,1272,0.0039300000667572,21,0,0.386617175940847,0.250301301640543,7.03602219776078,73.4382700727561,7
"130",2020-07-08,2162,79,261,5,4,13,0,1,12,0,1,1,0,0,268,12,1684,0.00296999990940094,39,0,0.29027741424441,0.247611794136374,13.0540919083378,79.3561050632236,13
"131",2020-07-09,2170,83,261,5,4.1,8,0,0,8,1,0,2,2,0,269,8,1504,0.00266000002622604,41,0,0.258941102876632,0.256649139341652,8.0321683504913,83.3337466363472,8
"132",2020-07-10,2186,96,261,12,5.3,16,0,0,16,0,0,2,2,0,269,16,1900,0.00684000015258789,14,0.0714300012588501,0.73124453017455,0.318700602967423,16.181685565406,97.0901133924361,16
"133",2020-07-11,2193,101,261,7,5.7,7,0,0,7,1,1,2,1,0,270,7,1571,0.00381999999284744,25,0,0.376016290022765,0.328389681307004,7.04087356435238,101.589747142799,7
"134",2020-07-12,2216,121,261,9,6.3,23,0,2,21,1,1,3,2,0,271,21,1068,0.00842999994754791,13,0,0.832862159480219,0.410851238962775,23.2716002947913,122.564935031893,23
"135",2020-07-13,2239,139,261,6,7.1,23,0,2,21,0,0,3,3,0,271,21,808,0.00619000017642975,65,0,0.572911814725686,0.492695783923587,23.1868292561953,140.236631743388,23
"136",2020-07-14,2258,149,261,4,6.9,19,0,2,17,1,0,4,4,0,272,17,1406,0.00356000006198883,66,0,0.340038049399205,0.486041622989067,19.0897664910779,149.786776892389,19
"137",2020-07-15,2279,168,261,15,8.3,21,0,0,21,1,0,5,5,0,273,21,1404,0.00782999992370605,46,0,0.758159992612641,0.552881991327385,21.2472395643729,169.977916514983,21
"138",2020-07-16,2301,186,261,7,8.6,22,0,1,21,0,0,5,5,0,273,21,1695,0.00708000004291534,25,0.04,0.755848841438459,0.623868811121932,22.246485887029,188.183160713685,22
"139",2020-07-17,2331,213,261,17,9.3,30,0,0,29,0,1,5,4,0,273,29,1787,0.00726999998092651,21,0,0.718555860946663,0.622056144089377,29.3235909340222,215.376719618853,30
"140",2020-07-18,2357,232,261,16,10.6,26,0,0,24,2,1,6,5,0,275,24,1551,0.00708999991416931,81,0,0.673810653607635,0.664598196030073,24.2511232519197,234.427524768557,26
"141",2020-07-19,2375,250,261,28,13.3,18,0,0,18,0,1,6,5,0,275,18,2025,0.0212299990653992,22,0,2.10018310246377,0.845644045027723,18.5870397056211,258.153329244738,18
"142",2020-07-20,2405,275,261,47,19.1,30,0,0,27,2,3,8,5,0,277,27,1548,0.0148599994182587,35,0.0285700011253357,1.51631264301018,0.980415591925508,27.6357558013904,281.475290569717,30
"143",2020-07-21,2429,294,261,23,21.9,24,0,0,23,0,3,8,5,0,277,23,1428,0.0161099994182587,15,0,1.59425358068423,1.15958923925194,23.5694073236499,301.278511006655,24
"144",2020-07-22,2456,314,261,13,21.6,27,0,1,23,2,3,9,6,0,279,23,1771,0.00902999997138977,16,0,0.894914938406899,1.17912566007969,24.3196299046441,318.363643046011,27
"145",2020-07-23,2475,322,261,29,24.7,19,0,1,17,1,3,10,7,0,280,17,1667,0.0101999998092651,32,0,1.0007886805206,1.21411706566285,18.2641977517503,327.004216239036,19
"146",2020-07-24,2498,337,261,34,27.1,23,0,1,18,0,3,7,4,0,280,18,2036,0.0122800004482269,83,0,1.17989999587494,1.28002337065261,19.3298036944627,343.174658057441,23
"147",2020-07-25,2510,336,261,26,28.6,12,0,1,10,0,3,7,4,0,280,10,2126,0.00800000011920929,320,0,0.695339339878943,1.28309889726279,11.1079778342793,339.628055231785,12
"148",2020-07-26,2517,338,261,21,27.6,7,0,0,6,2,4,9,5,0,282,6,1816,0.0121099996566772,73,0,1.16420113163186,1.14938718714395,6.10847185796882,344.110581332244,7
"149",2020-07-27,2532,340,262,22,24,15,0,1,13,1,4,9,5,1,283,13,1601,0.00874000012874603,24,0,0.861091704992147,1.05578419599852,14.1738323372704,344.546384205534,15
"150",2020-07-28,2552,330,262,14,22.7,20,0,1,18,1,4,10,6,0,284,18,1488,0.00739000022411346,24,0,0.727269863325452,0.931929379232976,19.203285268781,333.726896594318,20
"151",2020-07-29,2568,324,262,20,23.7,16,2,2,12,2,4,11,7,0,286,14,2254,0.00620999991893768,52,0,0.606996522865808,0.89079817701282,16.1319629606341,327.053999946103,16
"152",2020-07-30,2588,334,262,19,22.3,20,1,0,18,1,4,12,8,0,287,19,1891,0.00898999989032745,134,0,0.83951060704243,0.867758452230225,19.247695205503,338.354220980947,20
"153",2020-07-31,2598,321,262,18,20,10,0,1,9,1,3,13,10,0,288,9,2129,0.00797999978065491,207,0,0.727286795077667,0.803099423544901,10.1016450007582,324.625338360375,10
"154",2020-08-01,2616,309,262,15,18.4,18,0,0,18,1,2,13,11,0,289,18,1629,0.00551999986171722,83,0.0120500004291534,0.58365828331525,0.787144986892945,18.1631431975711,311.800624891637,18
"155",2020-08-02,2624,294,262,2,15.7,8,0,0,8,0,2,13,11,0,289,8,1340,0.00149000003933907,11,0,0.147786828476266,0.641942943585003,8.01835961322327,294.674715785955,8
"156",2020-08-03,2633,280,262,10,14,9,0,1,7,0,1,12,11,0,289,7,1046,0.0114699995517731,47,0,1.09767790769942,0.675740972543185,8.11931932150019,284.772772860008,9
"157",2020-08-04,2645,268,262,20,14.9,12,0,1,11,1,1,11,10,0,290,11,1699,0.0058899998664856,12,0,0.584869069150148,0.655398001946713,12.0999054432592,270.434059890315,12
"158",2020-08-05,2654,248,262,12,13.7,9,1,0,8,1,1,12,11,0,291,9,1599,0.005,70,0,0.479029358897543,0.637116978522675,9.06694874687383,249.844809913857,9
"159",2020-08-06,2664,224,262,13,12.9,10,0,0,10,1,2,10,8,0,292,10,1639,0.00305000007152557,10,0,0.303150401287472,0.560494091986252,10.0470756103022,225.054493670769,10
"160",2020-08-07,2676,225,262,6,11.1,12,0,3,9,1,2,10,8,0,293,9,1689,0,39,0,0,0.456595978403729,12,225,12
"161",2020-08-08,2682,208,262,14,11,6,1,1,4,0,1,10,9,0,293,5,1518,0.00725000023841858,95,0,0.682300084433937,0.470687664277827,6.05297649738802,210.203822291342,6
"162",2020-08-09,2684,199,262,16,13,2,0,1,1,2,2,12,10,0,295,1,1589,0.00441000014543533,102,0,0.414399185753799,0.508775143888903,2.00643512081635,200.280589042453,2
"163",2020-08-10,2696,200,262,8,12.7,12,2,0,10,0,1,12,11,0,295,12,1384,0.00578000009059906,27,0,0.566939767922686,0.432955409635084,12.1056467105418,201.76077850903,12
"164",2020-08-11,2709,204,262,8,11,13,2,1,10,0,1,12,11,0,295,12,1460,0.00342000007629395,41,0,0.332658235269098,0.396925290509219,13.0619893863145,205.053819567347,13
"165",2020-08-12,2716,187,262,12,11,7,3,0,4,0,2,10,8,0,295,7,1486,0.00268999993801117,7,0,0.267738774808078,0.366740921353581,7.02910362750795,187.77748262057,7
"166",2020-08-13,2738,190,262,11,10.7,22,0,0,22,0,2,9,7,0,295,22,1689,0.00532999992370605,56,0,0.515895121555273,0.397133024248982,22.1762470731069,191.522133813196,22
"167",2020-08-14,2749,185,262,6,10.7,11,4,1,6,1,2,10,8,0,296,10,1882,0.00477999985218048,36,0,0.469028139822923,0.464137044223685,11.0728344275228,186.347436909171,11
"168",2020-08-15,2753,177,262,2,9,4,0,0,4,1,2,11,9,0,297,4,2044,0.00734000027179718,21,0,0.726535620123653,0.470456406465073,4.04512889651915,178.996953670973,4
"169",2020-08-16,2757,158,262,26,10.4,4,0,1,3,0,2,11,9,0,297,3,1196,0.00501999974250793,22,0,0.492932651234769,0.481675472962354,4.02296395316932,159.209434866918,4
"170",2020-08-17,2781,173,263,8,10.4,24,1,4,19,1,1,9,8,1,298,20,1358,0.00662999987602234,32,0,0.647736678535132,0.493217888764132,24.2011714273025,174.740132846166,24
"171",2020-08-18,2807,192,263,15,11.4,26,1,1,24,0,1,7,6,0,298,25,1888,0.00583000004291534,77,0.0519500017166138,0.763724692783889,0.554798811266245,26.2964931422074,194.277067332153,26
"172",2020-08-19,2831,201,263,23,13,24,4,3,15,2,1,7,6,0,300,19,1519,0.0118499994277954,25,0.04,1.23057960691847,0.69234750156773,22.363078996342,204.840993592881,24
"173",2020-08-20,2848,209,264,24,14.9,17,1,0,16,3,0,6,6,1,303,17,1607,0.00995999991893768,103,0,0.936007009925898,0.752363485620677,17.2470960677896,212.037828127531,17
"174",2020-08-21,2869,216,264,16,16.3,21,3,2,16,0,0,6,6,0,303,19,1804,0.00721000015735626,116,0.00861999988555908,0.729518764093518,0.789576431945047,21.2152424265692,218.446966533629,21
"175",2020-08-22,2888,226,264,16,18.3,19,1,0,18,1,0,7,7,0,304,19,1864,0.00589999973773956,73,0,0.56776455917122,0.766894851808986,19.1675173106587,227.992574326783,19
"176",2020-08-23,2905,236,264,13,16.4,17,1,1,15,0,0,7,7,0,304,16,694,0.0172899997234344,5,0,1.71663230444399,0.941709087981731,17.4265157521967,242.291107344902,17
"177",2020-08-24,2924,252,264,19,18,19,2,0,17,1,1,8,7,0,305,19,1142,0.00962999999523163,58,0,0.91645499954621,0.980097419554742,19.270397428624,255.586323790171,19
"178",2020-08-25,2938,254,264,23,19.1,14,0,1,13,4,2,11,9,0,309,13,1647,0.0145700001716614,73,0,1.3951622257399,1.0703027814056,14.2816474821041,259.502958496495,14
"179",2020-08-26,2956,262,264,15,18,18,1,4,13,0,2,11,9,0,309,14,1832,0.0049099999666214,41,0,0.480251998870817,0.963113123113079,18.1044083009277,263.953926774504,18
"180",2020-08-27,2969,265,264,16,16.9,13,1,3,9,1,2,9,7,0,310,10,1469,0.00612999975681305,9,0,0.609267228874044,0.916436011534243,13.0946118709214,267.507214579416,13
"181",2020-08-28,2997,275,264,20,17.4,28,0,3,21,1,1,9,8,0,311,21,2137,0.00607999980449677,35,0,0.598202559033591,0.897676553668539,24.1950766876957,277.554575672205,28
"182",2020-08-29,3018,289,264,12,16.9,21,0,2,18,0,1,9,8,0,311,18,1790,0.00726000010967255,11,0.0909099960327148,0.777091068999096,0.927580340786807,20.2172112097516,292.487446645456,21
"183",2020-08-30,3038,303,265,16,17.3,20,0,6,12,2,1,10,9,1,313,12,1402,0.00428000003099442,33,0,0.418157494317364,0.742083939340146,18.0779217939234,304.967525296565,20
"184",2020-08-31,3059,313,265,13,16.4,21,1,3,17,1,1,11,10,0,314,18,1353,0.00517000019550323,54,0,0.497157801315982,0.682184339592971,21.1389647259753,315.416442179459,21
"185",2020-09-01,3084,317,265,18,15.7,25,1,2,22,0,1,11,10,0,314,23,1361,0.0154299998283386,22,0.0909099960327148,1.66306939111269,0.720456791789084,25.5939857388504,325.186673009373,25
"186",2020-09-02,3120,327,265,15,15.7,36,1,9,26,0,1,9,8,0,314,27,1528,0.00261999994516373,51,0,0.253537676770752,0.688069031489075,36.1063026478221,328.287443179178,36
"187",2020-09-03,3142,328,265,24,16.9,22,1,4,17,1,1,8,7,0,315,18,1493,0.00938000023365021,133,0.00751999974250793,0.922785997207461,0.732857426965277,22.2579356150025,332.700160095602,22
"188",2020-09-04,3164,332,265,24,17.4,22,0,3,19,3,1,11,10,0,318,19,2705,0.00813000023365021,258,0.00774999976158142,0.809691210614641,0.763070091476856,22.2388970778031,336.174412096349,22
"189",2020-09-05,3189,339,265,17,18.1,25,1,11,13,2,1,13,12,0,320,14,2256,0.00398999989032745,164,0,0.371960320354493,0.705194270241913,25.0808653480923,340.958096643093,25
"190",2020-09-06,3210,341,265,27,19.7,21,1,3,16,1,1,14,13,0,321,17,1310,0.00611000001430511,192,0.03125,0.932363516560565,0.778652273419513,20.2461342236217,345.937162956177,21
"191",2020-09-07,3251,366,265,29,22,41,2,6,33,0,1,12,11,0,321,35,1290,0.0147300004959106,44,0,1.4244153403092,0.911117636132829,41.7741809812697,374.09572111842,41
"192",2020-09-08,3303,403,265,24,22.9,52,0,14,36,3,1,14,13,0,324,36,1097,0.0127600002288818,4,0,1.27136423715562,0.855159756996104,50.7107392556787,410.956331112181,52
"193",2020-09-09,3348,434,265,15,22.9,45,2,10,31,0,1,13,12,0,324,33,1587,0.0144900000095367,29,0,1.42299690687715,1.02222536129702,43.7292151914169,443.590284638634,45
"194",2020-09-10,3425,496,265,33,24.1,77,1,21,52,2,2,14,12,0,326,53,1959,0.0127600002288818,61,0,1.23746734892968,1.06717984011448,75.0184680979878,505.53132408683,77
"195",2020-09-11,3455,510,265,60,29.3,30,0,1,25,0,1,12,11,0,326,25,2314,0.0155599999427795,93,0.0752699995040894,1.78670335776785,1.20675300399351,26.693633841805,524.150130372823,30
"196",2020-09-12,3504,535,267,47,33.6,49,0,4,42,1,0,12,12,2,327,42,1900,0.0168400001525879,26,0,1.66126688940379,1.39093965671483,47.0834940013861,548.801649779561,49
"197",2020-09-13,3539,548,268,31,34.1,35,1,5,29,1,1,11,10,1,328,30,1199,0.0166799998283386,44,0,1.6089557356539,1.48759568801388,35.7495544081431,561.691860522081,35
"198",2020-09-14,3607,598,270,59,38.4,68,0,19,49,1,1,11,10,2,329,49,2394,0.0141999995708466,218,0.0412799978256226,1.6460121936674,1.51925238135077,69.2524688683837,613.285232312111,68
"199",2020-09-15,3679,646,271,41,40.9,72,0,14,55,1,1,11,10,1,330,55,2961,0.0121599996089935,28,0,1.20460886056306,1.5097158989804,70.0288369527166,658.084157662817,72
"200",2020-09-16,3755,684,272,41,44.6,76,0,7,66,1,0,11,11,1,331,66,1887,0.0190799999237061,162,0.00616999983787537,1.80592971350753,1.56442058564189,74.8508984458876,703.182038439198,76
"201",2020-09-17,3805,709,276,57,48,50,2,4,38,2,2,11,9,4,333,40,2512,0.0191100001335144,208,0.00481000006198883,1.80164707162801,1.6450176888845,45.1190964628231,728.83598480354,50
"202",2020-09-18,3893,777,276,46,46,88,1,6,78,0,2,11,9,0,333,79,2409,0.0128699994087219,281,0.0213499999046326,1.37558284568077,1.58628618715778,86.6875305903684,793.597610996409,88
"203",2020-09-19,3963,828,278,46,45.9,70,2,4,60,0,2,10,8,2,333,62,2101,0.0214199995994568,161,0,1.98954107685494,1.6331824996508,67.9155011245313,853.581208566321,70
"204",2020-09-20,4006,860,278,76,52.3,43,1,4,34,2,2,11,9,0,335,35,2847,0.0186199998855591,112,0,1.79152212484578,1.6592634123925,39.9737064164715,883.925357661871,43
"205",2020-09-21,4115,940,278,56,51.9,109,2,22,82,1,3,12,9,0,336,84,2949,0.0189900004863739,73,0,1.85312744653596,1.68885130565944,108.41725454824,967.050229468397,109
"206",2020-09-22,4225,1020,278,85,58.1,110,0,27,82,3,3,15,12,0,339,82,2507,0.0135599994659424,64,0.03125,1.40003573166541,1.71676943010263,110.782751390437,1042.17568802739,110
"207",2020-09-23,4332,1080,279,67,61.9,107,0,26,76,2,3,16,13,1,341,76,1896,0.0168799996376038,7,0.571430015563965,1.89198578149472,1.7290631541008,104.23289999209,1111.73068409812,107
"208",2020-09-24,4433,1133,280,38,59.1,101,2,18,75,2,3,18,15,1,343,77,2730,0.0128199994564056,55,0,1.25668217292593,1.65121102571479,96.5026366977003,1155.11022569473,101
"209",2020-09-25,4552,1196,282,57,60.7,119,5,16,86,3,3,20,17,2,346,91,3291,0.0133700001239777,59,0.0339000010490417,1.37315732745982,1.6508645231118,108.940436801353,1221.50288367492,119
"210",2020-09-26,4637,1243,284,76,65,85,3,14,66,3,4,21,17,2,349,69,3437,0.0299699997901917,12,0,2.98657260883992,1.79329759910965,86.2000736959722,1300.64770440715,85
"211",2020-09-27,4719,1273,285,109,69.7,82,2,12,64,2,4,22,18,1,351,66,2684,0.0331599998474121,13,0,3.30001629923819,2.00879676687999,81.382188683191,1338.23524535912,82
"212",2020-09-28,4834,1343,286,86,74,115,3,11,97,6,4,27,23,1,357,100,3135,0.0258400011062622,192,0.0104200005531311,2.49501182970644,2.10049453590435,114.874453211865,1395.03390663534,115
"213",2020-09-29,4941,1374,289,58,70.1,107,5,18,74,4,3,27,24,3,361,79,2165,0.0263299989700317,79,0.0253200006484985,2.62944419881239,2.27612431692535,100.225736301594,1430.10331238469,107
"214",2020-09-30,5024,1404,289,108,76,83,1,10,67,5,5,30,25,0,366,68,3170,0.0305999994277954,281,0.0142299997806549,2.92670611777674,2.42394150782278,81.0904793045755,1467.80930799447,83
"215",2020-10-01,5125,1440,291,105,85.6,101,2,11,78,3,5,29,24,2,369,80,3844,0.0226300001144409,120,0.00833000004291534,2.21971040476944,2.56151696951471,93.7575545750195,1489.63598235035,101
"216",2020-10-02,5221,1490,292,115,93.9,96,0,13,79,1,5,29,24,1,370,79,3362,0.021710000038147,197,0,2.05082945007727,2.65832727274577,94.515906216409,1537.45190205632,96
"217",2020-10-03,5293,1502,293,65,92.3,72,2,6,63,5,6,31,25,1,375,65,3113,0.0301999998092651,485,0.0103100001811981,2.75188853513406,2.62480097650208,73.7776786908797,1566.18574451848,72
"218",2020-10-04,5350,1482,293,77,87.7,57,1,7,47,3,6,32,26,0,378,48,3118,0.0291899991035461,102,0,2.826534695803,2.55716074743991,57.1068488029201,1547.04895679016,57
"219",2020-10-05,5428,1483,293,82,87.1,78,3,13,59,3,6,33,27,0,381,62,3821,0.0177999997138977,238,0.00839999973773956,1.72488294763206,2.44714233571499,76.66069213866,1522.72268454246,78
"220",2020-10-06,5503,1454,294,139,98.7,75,5,15,52,2,7,34,27,1,383,57,2158,0.0194599997997284,55,0,1.89763576899295,2.34259827431222,73.6796760320627,1496.84647281788,75
"221",2020-10-07,5604,1468,294,174,108.1,101,12,22,63,3,10,36,26,0,386,75,2268,0.0313100004196167,76,0,3.02948297575472,2.35728068259479,100.528316952033,1537.0609238078,101
"222",2020-10-08,5684,1427,294,85,105.3,80,5,14,55,2,9,36,27,0,388,60,2434,0.0271199989318848,182,0,2.52332100153699,2.40065362499015,76.3510483700081,1482.91576706669,80
"223",2020-10-09,5767,1428,294,96,102.6,83,5,19,57,2,9,37,28,0,390,62,2508,0.0207299995422363,247,0.00810000002384186,1.95976547578285,2.38764448580523,82.8868336101981,1471.45803863489,83
"224",2020-10-10,5832,1413,295,68,103,65,5,8,50,6,9,43,34,1,396,55,2628,0.0300600004196167,21,0,2.98216991705371,2.42054182607947,65.5470231129717,1478.4353392478,65
"225",2020-10-11,5896,1378,295,138,111.7,64,6,6,48,5,10,46,36,0,401,54,2660,0.0233100008964539,238,0.0168099999427795,2.2776184393012,2.34212521800778,61.9099084121133,1426.73803318319,64
"226",2020-10-12,5957,1349,295,62,108.9,61,2,13,43,3,10,46,36,0,404,45,1994,0.0150499999523163,237,0.0126600003242493,1.47961093598233,2.30708635920068,59.0339460012723,1379.99540346036,61
"227",2020-10-13,6042,1370,296,74,99.6,85,4,10,68,1,7,45,38,1,405,72,2117,0.0302300000190735,18,0,2.9975133508374,2.4642117280356,85.3514398873253,1433.77045341161,85
"228",2020-10-14,6109,1375,298,84,86.7,67,1,16,49,2,7,45,38,2,407,50,3004,0.0296300005912781,110,0.0363599991798401,2.98677333609447,2.45811035094128,68.3190498352276,1438.77387046876,67
"229",2020-10-15,6195,1400,298,107,89.9,86,3,25,52,5,8,49,41,0,412,55,2119,0.021710000038147,105,0.00952000021934509,2.11344829603708,2.39955710729844,81.8050620212129,1445.94703326724,86
"230",2020-10-16,6270,1420,299,77,87.1,75,2,10,59,4,8,47,39,1,416,61,3126,0.0214299988746643,280,0.0035699999332428,1.99617664308598,2.40475870262745,72.8908915291074,1464.01747493988,75
"231",2020-10-17,6317,1402,300,64,86.6,47,1,10,36,6,8,50,42,1,422,37,3037,0.0214000010490417,149,0,2.03991849296735,2.2701513563294,48.1720667634836,1446.411827092,47
"232",2020-10-18,6374,1369,303,74,77.4,57,1,11,40,2,6,49,43,3,424,41,1144,0.0271000003814697,37,0.0540500020980835,2.79443272769098,2.34398196895651,53.7791613164217,1428.40663029711,57
"233",2020-10-19,6438,1349,304,69,78.4,64,1,6,57,3,6,48,42,1,427,58,1334,0.0374799990653992,27,0,3.67364575703472,2.65741551482114,67.3087433459092,1425.95680644192,64
"234",2020-10-20,6516,1353,306,46,74.4,78,3,14,57,4,5,46,41,2,431,60,1595,0.0250799989700317,48,0.0208299994468689,2.49558358677117,2.58571126281168,76.325204649081,1405.43336483678,78
"235",2020-10-21,6604,1376,309,69,72.3,88,1,46,40,4,4,45,41,3,435,41,2258,0.0305599999427795,446,0.00897000014781952,2.69989274913919,2.54472832181807,88.7189695390252,1433.69029477314,88
"236",2020-10-22,6669,1361,309,88,69.6,65,1,24,36,1,3,44,41,0,436,37,2238,0.0268099999427795,87,0.0114900004863739,2.62367354469914,2.6176176430555,62.5074722693943,1416.45053401745,65
"237",2020-10-23,6748,1363,310,92,71.7,79,1,13,64,2,3,37,34,1,438,65,2768,0.0245700001716614,65,0.0153799998760223,2.4359145946735,2.68043735042515,80.4587435050664,1414.55795996008,79
"238",2020-10-24,6813,1354,313,63,71.6,65,2,17,41,2,3,36,33,3,440,43,2358,0.0211999988555908,191,0,1.96114544140773,2.6691840573452,61.309531862931,1395.23502656764,65
"239",2020-10-25,6883,1335,315,69,70.9,70,1,24,42,3,3,38,35,2,443,43,1751,0.0308400011062622,77,0,2.95409419787008,2.69199283879936,68.9725617470949,1396.24116121795,70
"240",2020-10-26,6956,1295,316,77,72,73,1,16,51,4,3,39,36,1,447,52,995,0.0392000007629395,121,0.0165299999713898,3.67420526484435,2.69207276848645,70.9669113526298,1368.88750387799,73
"241",2020-10-27,7034,1265,318,61,74.1,78,0,15,60,2,3,32,29,2,449,60,1354,0.0288000011444092,116,0,2.65273479928776,2.71452294170311,77.4716268053611,1317.11013181303,78
"242",2020-10-28,7146,1271,321,93,77.6,112,2,69,38,2,2,30,28,3,451,40,1900,0.0405299997329712,166,0.01807000041008,3.87253724882471,2.88204358451533,111.405433786427,1347.4326585637,112
"243",2020-10-29,7210,1255,322,65,74.3,64,0,18,42,9,2,38,36,1,460,42,2190,0.0292199993133545,96,0,2.79929127280168,2.90713183138712,61.8257242840141,1309.55438039137,64
"244",2020-10-30,7260,1224,324,122,78.6,50,1,9,36,4,2,41,39,2,464,37,2789,0.0358599996566772,105,0.0571400022506714,3.66320799166528,3.0824594595288,48.1047528857453,1293.62750086898,50
"245",2020-10-31,7299,1154,325,83,81.4,39,0,5,32,2,2,40,38,1,466,32,2352,0.0276399993896484,322,0,2.43116224997955,3.1496047178962,38.2080967986889,1197.56699080272,39
"246",2020-11-01,7349,1113,328,50,78.7,50,1,6,40,1,2,38,36,3,467,41,1714,0.0256699991226196,104,0,2.42015283257261,3.07332737999656,48.5408645400097,1154.82883495197,50
"247",2020-11-02,7413,1066,328,56,75.7,64,3,8,47,6,2,43,41,0,473,50,1030,0.0174800002574921,14,0.0714300012588501,1.82034677038705,2.80849045221695,59.4133897697919,1096.13346989196,64
"248",2020-11-03,7484,996,329,36,72.1,71,1,36,33,2,2,44,42,1,475,34,1456,0.0219799995422363,13,0,2.1785486271951,2.74074957048942,71.1502281362422,1029.69491834404,71
"249",2020-11-04,7549,919,333,53,66.4,65,5,1,51,1,1,41,40,4,476,56,1466,0.0272900009155273,295,0.0033899998664856,2.32863096551824,2.52019153001707,59.0250068977871,952.231809626184,65
"250",2020-11-05,7596,876,333,45,63.6,47,0,6,34,5,2,44,42,0,481,34,2536,0.0240499997138977,41,0,2.36673648717286,2.45839798921295,41.2495873925578,908.195251643549,47
"251",2020-11-06,7670,870,337,79,57.4,74,1,12,58,5,3,47,44,4,486,59,2342,0.0234800004959106,116,0.0258599996566772,2.35923194148076,2.27211569632945,73.1615259943777,901.87334940862,74
"252",2020-11-07,7705,836,342,75,56.3,35,3,4,25,3,4,47,43,5,489,28,2499,0.0276099991798401,142,0,2.61254782091709,2.2980279207491,33.1359522905293,869.916289817231,35
"253",2020-11-08,7742,774,342,47,55.9,37,1,5,29,1,4,48,44,0,490,30,1176,0.0204099988937378,92,0.0108700001239777,1.97178223268467,2.23397497790797,35.9185821782763,797.699420199528,37
"254",2020-11-09,7813,744,346,31,52.3,71,3,24,42,7,4,47,43,4,497,45,711,0.0210999989509583,20,0.1,2.3258685710166,2.3061923779979,70.6253073358714,770.871747953073,71
"255",2020-11-10,7880,753,346,52,54.6,67,0,11,54,3,5,48,43,0,500,54,1374,0.0334800004959106,17,0,3.30708272332,2.46741153458718,67.7731708717467,791.670327156024,67
"256",2020-11-11,7936,751,349,77,58,56,0,6,48,2,5,47,42,3,502,48,2375,0.0261100006103516,241,0.0290499997138977,2.63808491516187,2.51161924167912,55.9663816806364,781.765680044958,56
"257",2020-11-12,7978,741,351,60,60.1,42,1,8,31,3,3,44,41,2,505,32,2318,0.0215700006484985,214,0.00467000007629395,2.0141643570121,2.4612517945133,41.0008815790719,764.176664065384,42
"258",2020-11-13,8017,717,353,79,60.1,39,1,7,27,0,3,36,33,2,505,28,2719,0.0217000007629395,200,0,2.02131901591067,2.41297851943186,35.878882272558,739.505663908003,39
"259",2020-11-14,8038,693,353,50,56.6,21,3,2,14,3,3,37,34,0,508,17,1710,0.015789999961853,245,0.0163300001621246,1.58576726212221,2.26629558246116,19.4186259832935,710.065165083672,21
"260",2020-11-15,8068,650,355,30,54.1,30,1,1,25,0,2,35,33,2,508,26,984,0.0152400004863739,306,0.00653999984264374,1.31762794034426,2.17284496926967,27.5319905956473,663.299764891181,30
"261",2020-11-16,8112,612,358,11,51.3,44,0,3,39,3,2,33,31,3,511,39,735,0.0122399997711182,53,0,1.14167510555481,2.0036744742037,42.6914247954712,622.850050636624,44
"262",2020-11-17,8153,589,358,40,49.6,41,1,10,29,1,2,32,30,0,512,30,1828,0.020789999961853,38,0,2.03666237568421,1.82218585311287,40.9488074952994,607.628253824378,41
"263",2020-11-18,8195,582,358,66,48,42,3,6,31,1,2,32,30,0,513,34,2684,0.0204900002479553,20,0.05,2.07082694768905,1.74114900061676,41.0933533412046,600.715636605326,42
"264",2020-11-19,8215,563,359,53,47,20,2,1,17,0,2,30,28,1,513,19,2476,0.0121200001239777,187,0.0160399997234344,1.23952685900304,1.63048650090118,20.3657188575006,573.836827198571,20
"265",2020-11-20,8240,520,359,28,39.7,25,1,2,20,1,2,30,28,0,514,21,2643,0.00757000029087067,222,0.0225200009346008,0.872842966012306,1.46641849377284,23.2846382251577,527.048184622953,25
"266",2020-11-21,8269,488,360,27,36.4,29,4,4,19,2,2,31,29,1,516,23,1495,0.0187300002574921,71,0,1.7880811229215,1.49532047388702,27.6386352202732,501.550173369276,29
"267",2020-11-22,8296,475,363,26,35.9,27,3,4,19,3,4,31,27,3,519,22,1220,0.0147500002384186,36,0,1.4327229530948,1.51176261856567,26.4894662044774,485.568020323944,27
"268",2020-11-23,8336,457,365,20,37.1,40,2,9,26,1,3,27,24,2,520,28,922,0.0173500001430511,13,0,1.71087701945381,1.5930771776941,37.7439001320865,469.141512870126,40
"269",2020-11-24,8379,466,365,21,34.4,43,2,7,33,1,3,23,20,0,521,35,1403,0.00855000019073486,41,0.0975599956512451,1.10772923056108,1.46037244267651,42.6020595808177,474.01599327603,43
"270",2020-11-25,8434,474,366,38,30.4,55,4,10,39,2,2,23,21,1,523,43,2618,0.0122200000286102,72,0.0138900005817413,1.22646989281736,1.33975000626627,53.8189608836033,483.027615321581,55
"271",2020-11-26,8479,490,366,60,31.4,45,3,4,37,3,2,23,21,0,526,40,3059,0.0143799996376038,224,0.00446000009775162,1.37031553193196,1.35843410239897,44.8511740667116,500.426882317217,45
"272",2020-11-27,8527,503,367,56,35.4,48,2,3,42,3,1,24,23,1,529,44,3154,0.0177600002288818,336,0.00298000007867813,1.63370546556817,1.46712874519267,48.1162571406264,515.760848675797,48
"273",2020-11-28,8571,505,368,60,40.1,44,2,3,39,2,1,25,24,1,531,41,2597,0.0119400000572205,191,0,1.1122015835223,1.3705745252785,44.7081172553762,513.721932047926,44
"274",2020-11-29,8616,517,370,22,39.6,45,0,4,38,5,1,28,27,2,536,38,898,0.0245000004768372,12,0,2.41769235474723,1.51128443980027,43.4266664402534,536.410172358185,45
"275",2020-11-30,8659,523,371,47,43.4,43,1,7,34,1,1,25,24,1,537,35,1135,0.0229099988937378,61,0,2.17415123280873,1.57746647027955,43.181668356983,540.657501448632,43
"276",2020-12-01,8713,544,371,34,45.3,54,2,12,39,3,1,27,26,0,540,41,1906,0.0141700005531311,113,0.0176999998092651,1.43675686145195,1.62447041754967,53.9147553289325,556.137241437544,54
"277",2020-12-02,8755,558,372,49,46.9,42,1,5,34,6,1,31,30,1,546,35,2859,0.0101400005817413,81,0.0123500001430511,1.0200888324757,1.59498740892943,40.5544263326572,566.839139817792,42
"278",2020-12-03,8793,557,373,38,43.7,38,0,5,32,3,1,33,32,1,549,32,3327,0.0102199995517731,202,0,0.963500666158943,1.53687099953329,37.4787841989283,565.333837462596,38
"279",2020-12-04,8836,561,375,55,43.6,43,1,5,33,2,1,31,30,2,551,34,2994,0.0110199999809265,165,0.0121200001239777,1.10774548791865,1.46173385986907,39.5848664620536,570.650296623885,43
"280",2020-12-05,8871,550,375,46,41.6,35,3,2,29,1,1,31,30,0,552,32,2277,0.0184500002861023,209,0,1.68988940673592,1.54426069175673,34.8397423834765,564.433072216002,35
"281",2020-12-06,8910,544,376,33,43.1,39,0,7,30,1,2,31,29,1,553,30,1397,0.0157500004768372,20,0,1.55276998349623,1.42070035300659,37.7233794940225,557.117281491608,39
"282",2020-12-07,8964,547,377,23,39.7,54,0,4,45,2,1,30,29,1,555,45,1068,0.0168499994277954,25,0.04,1.73795053878184,1.3583859681456,50.2144726470202,561.762589731557,54
"283",2020-12-08,9011,551,377,57,43,47,1,1,44,0,1,27,26,0,555,45,2367,0.01942999958992,69,0,1.88796424586784,1.4228441659193,47.3193016049616,567.154115207418,47
"284",2020-12-09,9064,562,377,36,41.1,53,2,3,46,1,3,24,21,0,556,48,2911,0.00962000012397766,167,0.00598999977111816,0.942305078709412,1.41173220109555,51.7023774836418,570.223669704306,53
"285",2020-12-10,9109,561,377,60,44.3,45,2,0,43,1,3,23,20,0,557,45,3091,0.0139100003242493,252,0.00397000014781952,1.3160709255012,1.46209938100158,45.9196649184735,572.465155983636,45
"286",2020-12-11,9148,544,377,48,43.3,39,6,2,30,1,2,23,21,0,558,36,3047,0.0118099999427795,32,0,1.16872587936503,1.47081086549392,38.6533606478115,553.873005344707,39
"287",2020-12-12,9181,533,378,59,45.1,33,2,5,26,0,2,20,18,1,558,28,2616,0.0156700003147125,24,0,1.55275457663969,1.45122017548018,33.6751474954225,545.851914823578,33
"288",2020-12-13,9220,530,379,30,44.7,39,5,2,32,0,2,19,17,1,558,37,1502,0.0119799995422363,47,0,1.16165005244925,1.39534589961632,39.6674440287534,539.560684736197,39
"289",2020-12-14,9263,526,379,16,43.7,43,4,4,35,2,2,20,18,0,560,39,917,0.0174500000476837,20,0,1.70775347318313,1.39103203310222,44.0342549208314,539.949181752752,43
"290",2020-12-15,9309,534,380,54,43.3,46,1,7,37,1,1,20,19,1,561,38,2079,0.0134700000286102,49,0,1.31598355542672,1.30932050589635,45.7765543745738,544.912632526906,46
"291",2020-12-16,9364,552,380,53,45.7,55,3,4,47,0,1,18,17,0,561,50,2312,0.0168700003623962,94,0,1.62109064164007,1.4062898720293,55.2586793714652,565.895820260976,55
"292",2020-12-17,9401,547,381,61,45.9,37,1,5,29,1,0,17,17,1,562,30,3207,0.0134099996089935,83,0.0241000008583069,1.36796865706023,1.41370383368059,35.6372872257324,558.619870415854,37
"293",2020-12-18,9442,534,381,25,42.6,41,3,4,34,0,0,16,16,0,562,37,3298,0.00727999985218048,170,0.00587999999523163,0.72113724082124,1.34976259960291,41.4143405703663,539.979942285827,41
"294",2020-12-19,9481,531,381,46,40.7,39,1,6,29,3,0,19,19,0,565,30,2799,0.0117900002002716,140,0,1.12283805922287,1.28834595425765,36.5230897272505,540.258688172334,39
"295",2020-12-20,9525,525,381,24,39.9,44,5,2,34,0,0,16,16,0,565,39,1360,0.0161800003051758,51,0,1.55951810170369,1.34518424700828,41.9444801583722,537.714155978088,44
"296",2020-12-21,9600,547,381,22,40.7,75,7,8,60,1,0,15,15,0,566,67,1365,0.00658999979496002,32,0.03125,0.715486737302822,1.20343185616823,75.7444134342119,553.077524604685,75
"297",2020-12-22,9684,591,381,73,43.4,84,5,7,70,2,0,15,15,0,568,75,3021,0.0225099992752075,48,0,2.21579367254486,1.33197615861368,84.5806457536208,611.335488538532,84
"298",2020-12-23,9784,658,381,52,43.3,100,5,6,88,1,1,13,12,0,569,93,2652,0.0199800002574921,199,0.0150800001621246,1.96379799070964,1.38093435133791,101.836074085112,678.065986537677,100
"299",2020-12-24,9859,685,381,49,41.6,75,11,6,56,2,1,13,12,0,571,67,3469,0.01557000041008,144,0,1.49494413015686,1.39907370463743,74.5553838189651,700.902058447628,75
"300",2020-12-25,9925,717,381,47,44.7,66,6,3,56,0,1,10,9,0,571,62,2537,0.0295600008964539,161,0,2.77960423551903,1.69314041816568,67.6761624079184,747.948523330282,66
"301",2020-12-26,10018,760,381,95,51.7,93,5,5,82,2,2,12,10,0,573,87,951,0.0199800002574921,50,0,1.89819982466284,1.80390638465711,94.5644780911574,782.402337348041,93
"302",2020-12-27,10128,824,382,37,53.6,110,8,6,94,2,4,12,8,1,575,102,1480,0.0270300006866455,32,0.0625,2.77806885028012,1.97798506302517,112.400286846189,859.547415306471,110
"303",2020-12-28,10260,918,382,65,59.7,132,15,7,108,1,2,13,11,0,576,123,1188,0.04125,39,0.0256399989128113,4.07538385962507,2.45797036621406,137.784154444762,976.096372197489,132
"304",2020-12-29,10381,996,382,112,65.3,121,5,15,101,3,4,12,8,0,579,106,1880,0.0505299997329712,25,0.04,5.03918107600976,2.8613114238519,129.294756496548,1073.93941009964,121
"305",2020-12-30,10518,1087,382,88,70.4,137,12,10,115,3,5,13,8,0,582,127,2458,0.0573600006103516,62,0,5.59487625000969,3.3800368894662,148.033975558112,1181.44040497376,137
"306",2020-12-31,10643,1174,382,147,84.4,125,0,9,116,2,5,13,8,0,584,116,2652,0.0331800007820129,144,0,3.14711595400208,3.6160614357298,130.669027260818,1231.37446555345,125
"307",2021-01-01,10760,1229,383,87,90.1,117,0,5,111,2,6,13,7,1,586,111,2759,0.0391400003433228,134,0.0149300003051758,3.80186246070242,3.76209832504171,122.553256875048,1301.55813242733,117
"308",2021-01-02,10873,1290,383,134,95.7,113,2,8,101,2,6,15,9,0,588,103,2369,0.0295499992370605,431,0,2.50014100687844,3.84808992250108,114.998890753161,1340.08319486969,113
"309",2021-01-03,10996,1317,384,106,105.6,123,0,5,118,4,5,19,14,1,592,118,1516,0.0600299978256226,126,0.0238100004196167,5.72506313986088,4.26908910672691,133.490594484318,1434.08570284616,123
"310",2021-01-04,11171,1429,384,117,113,175,4,30,140,5,8,21,13,0,597,144,1386,0.0533900022506714,155,0.00644999980926514,4.86685873393035,4.38215694591337,184.883010400814,1536.99876293586,175
"311",2021-01-05,11312,1502,386,105,112,141,2,19,120,6,8,23,15,2,603,122,2417,0.0575099992752075,97,0.0103100001811981,5.56888378145397,4.45782876097683,151.550323996033,1631.89005444296,141
"312",2021-01-06,11495,1596,386,132,118.3,183,11,42,129,7,7,28,21,0,610,140,2627,0.0513899993896484,211,0.0142200005054474,4.86264793880394,4.35322471651887,192.571550154789,1716.51567176459,183
"313",2021-01-07,11613,1633,386,186,123.9,118,2,7,108,6,9,32,23,0,616,110,2311,0.048899998664856,91,0.0109899997711182,4.74637747267502,4.58169064775786,125.107608528045,1753.36113387543,118
"314",2021-01-08,11743,1662,386,185,137.9,130,6,13,110,0,11,30,19,0,616,116,2661,0.0368300008773804,249,0,3.36785678126149,4.51968983640915,135.066656641368,1748.92054601684,130
"315",2021-01-09,11841,1671,388,155,140.9,98,6,2,90,4,11,30,19,2,620,96,3020,0.0324499988555908,375,0.00266999989748001,2.91606027998348,4.57910687542416,102.347159169317,1746.66773929092,98
"316",2021-01-10,11933,1655,388,114,142,92,5,3,82,5,11,34,23,0,625,87,1824,0.0509899997711182,78,0,4.88989272252995,4.45979681580546,96.606271158657,1780.67102031698,92
"317",2021-01-11,12097,1707,388,66,134.7,164,2,25,135,3,13,34,21,0,628,137,1608,0.0342000007629395,115,0,3.1917354165297,4.22049348474822,168.790242139376,1791.6054257804,164
"318",2021-01-12,12237,1735,389,161,142.7,140,1,22,115,4,13,35,22,1,632,116,2211,0.0705600023269653,74,0.0135099995136261,6.87124311198812,4.40654481768167,150.377448142015,1920.12821143445,140
"319",2021-01-13,12325,1723,393,172,148.4,88,0,9,75,3,11,35,24,4,635,75,2532,0.0375200009346008,173,0.0115600001811981,3.58597125315181,4.22416243401708,88.1764364623463,1818.94666699497,88
"320",2021-01-14,12417,1711,393,128,140.1,92,2,14,75,9,10,41,31,0,644,77,2581,0.0337100005149841,146,0,3.19052113418313,4.00189724280395,94.8149615267077,1795.77141782074,92
"321",2021-01-15,12511,1681,395,145,134.4,94,6,7,79,5,11,41,30,2,649,85,2923,0.0372900009155273,206,0.00485000014305115,3.51542897748657,4.02297898512182,96.6401825398685,1772.76643352375,94
"322",2021-01-16,12573,1635,396,119,129.3,62,0,0,60,2,9,39,30,1,651,60,2470,0.0323900008201599,289,0,2.89972098679938,4.02064480038124,62.7017507068425,1708.62270676146,62
"323",2021-01-17,12653,1576,398,72,123.3,80,2,3,72,2,9,39,30,2,653,74,2036,0.026029999256134,32,0,2.56272139678379,3.68819175384607,79.9449025376197,1638.71846485525,80
"324",2021-01-18,12774,1597,399,63,122.9,121,2,45,72,7,10,43,33,1,660,74,1021,0.0391799998283386,48,0,3.74207481990025,3.7668116686133,123.300134086724,1689.80154238511,121
"325",2021-01-19,12848,1541,406,81,111.4,74,3,24,47,8,9,45,36,7,668,50,2337,0.0410799980163574,89,0,3.95729412053698,3.35053324126313,77.0726008456264,1635.69755806221,74
"326",2021-01-20,12909,1500,406,166,110.6,61,1,8,50,2,7,37,30,0,670,51,3065,0.0225099992752075,163,0.00612999975681305,2.16828803404187,3.14800706710457,60.7172161363067,1550.5063569502,61
"327",2021-01-21,12980,1467,408,81,103.9,71,1,9,60,3,7,37,30,2,673,61,2636,0.0242799997329712,117,0,2.32481217929939,3.02433435926403,72.2021937145838,1519.96095375893,71
"328",2021-01-22,13061,1439,409,95,96.7,81,1,4,75,5,6,37,31,1,678,76,2311,0.0307200002670288,111,0.00901000022888184,2.97250332958338,2.94677355242072,83.5081144509815,1505.42337756529,81
"329",2021-01-23,13109,1372,409,84,91.7,48,1,4,40,4,9,39,30,0,682,41,2122,0.0329900002479553,276,0,2.91929860409346,2.9495703548913,46.8586610069439,1434.19714393968,48
"330",2021-01-24,13155,1291,410,44,87.7,46,2,9,35,3,8,38,30,1,685,37,1247,0.0224499988555908,36,0,2.18200690357925,2.8951825701478,47.2537058604027,1334.7441693454,46
"331",2021-01-25,13218,1232,410,29,82.9,63,1,18,43,4,7,39,32,0,689,44,825,0.0206100010871887,48,0,1.94768051511233,2.63884052660667,63.3307859516139,1269.26200664519,63
"332",2021-01-26,13281,1171,411,74,81.9,63,1,19,41,8,5,40,35,1,697,42,2354,0.024210000038147,79,0,2.34238964610761,2.40813988740247,62.5277287151478,1213.59453155805,63
"333",2021-01-27,13359,1132,413,80,69.6,78,1,26,50,1,4,30,26,2,698,51,2800,0.0196399998664856,175,0.00570999979972839,1.88205880978528,2.36724999822296,78.4905315654106,1165.08395553029,78
"334",2021-01-28,13397,1071,413,66,67.4,38,1,3,33,3,5,30,25,0,701,34,2355,0.0212299990653992,209,0.0287100005149841,2.18397183723271,2.34712994935629,38.1530914777789,1107.32238155004,38
"335",2021-01-29,13427,970,413,73,64.3,30,1,2,27,3,4,31,27,0,704,28,2847,0.0122899997234344,180,0.00555999994277954,1.18898015204222,2.09234092399327,30.5169760784061,987.909528430498,30
"336",2021-01-30,13446,873,414,42,58.3,19,1,6,12,2,5,33,28,1,706,13,2155,0.0157799994945526,216,0,1.43424288953019,1.88019010762709,19.2895368661144,892.443514162911,19
"337",2021-01-31,13489,815,415,25,55.6,43,3,5,35,4,6,32,26,1,710,38,922,0.0195200002193451,24,0,1.90247782264653,1.84025738177955,44.1226412895614,839.077701341909,43
"338",2021-02-01,13529,724,415,26,55.1,40,6,7,25,4,5,29,24,0,714,31,548,0.0292000007629395,29,0,2.77324097367259,1.95819459014531,39.3350179761213,755.179129506833,40
"339",2021-02-02,13571,660,416,59,53,42,4,5,31,3,5,27,22,1,717,35,2439,0.0221399998664856,107,0.0280399990081787,2.23879574109322,1.94339546085754,41.2168031575156,682.945430970295,42
"340",2021-02-03,13634,645,416,54,49.3,63,5,21,36,2,4,26,22,0,719,41,2865,0.0129100000858307,212,0,1.20205233168362,1.84625167827158,62.7653234904006,657.039845153863,63
"341",2021-02-04,13716,647,416,51,47.1,82,3,43,33,2,5,25,20,0,721,36,2814,0.0127900004386902,90,0,1.23936161275738,1.71130736048939,79.6928486144448,659.45202926516,82
"342",2021-02-05,13774,647,417,72,47,58,1,8,48,2,5,21,16,1,723,49,2435,0.0160199999809265,149,0,1.50962461120573,1.75711371179847,58.1486900496577,662.167397186297,58
"343",2021-02-06,13799,616,417,61,49.7,25,2,3,19,3,6,21,15,0,726,21,2369,0.0143499994277954,205,0.0146300005912781,1.43722994427581,1.75754043390498,24.4686874918076,629.748166426356,25
"344",2021-02-07,13824,571,419,33,50.9,25,1,2,19,3,4,23,19,2,729,20,1004,0.0249000000953674,75,0,2.31692308579693,1.81674690006933,22.719580563469,591.544025087039,25
"345",2021-02-08,13871,568,421,24,50.6,47,1,7,38,2,5,21,16,2,731,39,852,0.0140799999237061,29,0,1.36165266004513,1.61509142669397,46.8246482798773,580.010262127443,47
"346",2021-02-09,13926,586,421,43,48.3,55,5,8,39,0,2,19,17,0,731,44,2244,0.0178299999237061,149,0,1.67198160588368,1.5341179788069,53.1424099667283,601.214823647791,55
"347",2021-02-10,13983,602,422,40,46.3,57,0,6,50,3,4,20,16,1,734,50,2791,0.0125399994850159,100,0,1.21062395581734,1.53534249654029,56.9399766802967,613.317319230772,57
"348",2021-02-11,14043,628,423,51,46.3,60,1,11,46,1,3,16,13,1,735,47,2563,0.0152199995517731,58,0,1.48831968146488,1.57090793492707,59.0862552648824,642.514219283961,60
"349",2021-02-12,14094,630,425,52,43.4,51,1,7,41,3,2,16,14,2,738,42,2612,0.0157000005245209,173,0,1.47247401687787,1.56560070716595,49.9603615016108,644.405422524162,51
"350",2021-02-13,14126,628,425,46,41.3,32,0,3,28,6,2,21,19,0,744,28,2099,0.0219199991226196,46,0.0217400002479553,2.19161390068925,1.67336984379644,31.952927563856,649.372803932198,32
"351",2021-02-14,14167,603,427,48,43.4,41,0,4,35,4,2,21,19,2,748,35,1175,0.0170200002193451,10,0,1.6876371525511,1.58347185333275,39.9172441139995,618.802805735477,41
"352",2021-02-15,14229,626,428,34,44.9,62,2,8,51,4,2,23,21,1,752,53,867,0.0265300011634827,26,0,2.57575711184093,1.75691534644644,63.1199156881548,651.039004165752,62
"353",2021-02-16,14280,621,428,60,47.3,51,3,13,32,3,2,24,22,0,755,35,1561,0.0333100008964539,23,0,3.28263329541443,1.98700844495083,49.7841371079596,652.655689829797,51
"354",2021-02-17,14337,637,428,49,48.6,57,5,6,44,2,2,25,23,0,757,49,2063,0.0184200000762939,222,0,1.66303983183345,2.0516392843817,56.2654253864381,653.450530023696,57
"355",2021-02-18,14409,652,428,68,51,72,3,12,53,3,3,26,23,0,760,56,2348,0.0212899994850159,116,0,2.02877105482213,2.12884662343274,69.7642449322713,672.540851711444,72
"356",2021-02-19,14463,656,429,58,51.9,54,3,15,33,1,3,26,23,1,761,36,2576,0.0151400005817413,96,0,1.4596048465032,2.12700817052207,51.8159726629637,670.868835191783,54
"357",2021-02-20,14512,635,429,66,54.7,49,0,3,45,4,3,26,23,0,765,45,2384,0.0255900001525879,68,0,2.48803264126303,2.16935370488975,49.7386269173261,659.533957611157,49
"358",2021-02-21,14554,625,429,53,55.4,42,0,7,33,2,4,24,20,0,767,33,1000,0.03,28,0,2.91828793774319,2.34516095991719,41.4954775283393,653.323438036728,42
"359",2021-02-22,14619,640,429,32,55.1,65,0,11,54,1,6,23,17,0,768,54,863,0.0150600004196167,66,0,1.39900757396439,2.17705388307769,66.1731448463969,653.90393892026,65
"360",2021-02-23,14674,646,429,47,53.3,55,0,7,47,4,6,26,20,0,772,47,2036,0.019650000333786,84,0,1.88714154149001,1.97769791823134,55.3773367782143,664.931054440989,55
"361",2021-02-24,14720,653,430,60,54.9,46,2,10,34,1,6,24,18,1,773,36,2874,0.0187899994850159,41,0,1.85257147581255,2.00477386737122,47.0356554269266,671.785638716196,46
"362",2021-02-25,14753,649,430,43,51.3,33,1,5,25,1,6,23,17,0,774,26,2376,0.0185199999809265,128,0.00781000018119812,1.79725239528254,1.97169977315127,31.7256383558814,667.113049729501,33
"363",2021-02-26,14818,652,430,57,51.1,65,5,12,43,1,6,21,15,0,775,48,2639,0.0181900000572205,181,0,1.70224858691507,2.00636316463868,61.2688258887958,669.234884989476,65
"364",2021-02-27,14864,657,431,71,51.9,46,0,4,34,3,6,23,17,1,778,34,2535,0.0209100008010864,47,0.0212800002098083,2.09167358794016,1.94974044273542,39.104359931493,678.34013161738,46
"365",2021-02-28,14929,668,431,49,51.3,65,2,8,54,7,6,28,22,0,785,56,1552,0.0257699990272522,94,0,2.42983222905804,1.87996105578039,66.1130127947143,693.205224051234,65
"366",2021-03-01,15006,682,431,54,54.4,77,4,7,64,3,6,29,23,0,788,68,996,0.0291199994087219,45,0,2.78612098089212,2.07812011391293,77.9420272774198,711.50680298824,77
"367",2021-03-02,15069,691,432,61,56.4,63,1,6,54,3,4,29,25,1,791,55,2006,0.0259200000762939,41,0,2.54008403287961,2.17139761268287,63.1694447065668,718.256114404321,63
"368",2021-03-03,15128,701,432,65,57.1,59,0,5,51,6,5,32,27,0,797,51,2676,0.0209299993515015,109,0,2.01108360016582,2.19404220187619,57.5927151538207,722.89202593781,59
"369",2021-03-04,15185,697,432,61,59.7,57,3,3,50,1,5,31,26,0,798,53,2414,0.0202999997138977,225,0.00444000005722046,1.89477829944008,2.2079744738987,57.5594522573937,717.508268366102,57
"370",2021-03-05,15258,702,432,51,58.9,73,1,11,56,1,2,28,26,0,799,57,2440,0.0188499999046326,154,0,1.77309174122219,2.218094924514,69.5694369536255,721.328855113073,73
"371",2021-03-06,15314,715,434,46,55.3,56,3,3,47,1,2,27,25,2,800,50,1957,0.0209500002861023,25,0,2.06857470029779,2.21479508342224,54.6061238259728,737.967570711411,56
"372",2021-03-07,15354,706,435,54,56,40,1,0,38,2,5,26,21,1,802,39,1752,0.0194099998474121,16,0.0625,1.97999545999242,2.15053268784143,40.1991309517902,727.70734492215,40
"373",2021-03-08,15437,747,436,38,53.7,83,1,9,65,6,4,29,25,1,808,66,1170,0.0205100011825562,142,0,1.8290168737493,2.01380352967817,76.8745604902583,768.216616457924,83
"374",2021-03-09,15494,753,436,70,55,57,0,8,47,1,3,27,24,0,809,47,2105,0.0318300008773804,57,0,3.09908195406502,2.0936603755618,57.261875678209,789.238135865774,57
"375",2021-03-10,15574,776,436,76,56.6,80,5,8,64,0,2,24,22,0,809,69,2655,0.0180799996852875,173,0,1.69739742448509,2.04884806475027,78.8187392577124,796.454227014273,80
"376",2021-03-11,15635,773,439,73,58.3,61,1,7,52,1,2,20,18,3,810,53,2321,0.0280100011825562,86,0,2.70092283941475,2.16401157046094,62.2229303661627,805.421229680072,61
"377",2021-03-12,15717,778,439,93,64.3,82,5,4,67,2,2,17,15,0,812,72,2361,0.0228699994087219,133,0,2.16503883736938,2.22000401276768,78.4206722932997,804.156708947044,82
"378",2021-03-13,15785,796,439,56,65.7,68,5,3,54,5,4,22,18,0,817,59,2353,0.0187000000476837,99,0,1.79449837325448,2.18085025176149,63.644117652215,818.18165510446,68
"379",2021-03-14,15853,821,439,65,67.3,68,2,10,51,2,3,23,20,0,819,53,1535,0.0299699997901917,36,0,2.92832270387933,2.31632557231676,65.4100864213461,858.333602866513,68
"380",2021-03-15,15960,868,440,58,70.1,107,4,3,97,4,5,25,20,1,823,101,1000,0.0320000004768372,13,0,3.1589339068941,2.50631371990888,108.954498768571,910.579256743758,107
"381",2021-03-16,16047,887,441,85,72.3,87,7,4,73,5,6,27,21,1,828,80,1583,0.0341100001335144,9,0,3.39171672181867,2.54811868673083,88.2135424257709,933.717651645735,87
"382",2021-03-17,16135,915,442,78,72.6,88,3,5,76,3,5,27,22,1,831,79,2842,0.0267400002479553,175,0,2.51889561500461,2.66547557109076,87.0901180671249,950.790607992649,88
"383",2021-03-18,16228,953,443,63,71.1,93,6,3,80,2,5,24,19,1,833,86,2566,0.0284500002861023,161,0,2.67703339692477,2.66206279359219,92.5751152947503,992.617265998803,93
"384",2021-03-19,16353,1000,445,117,74.6,125,8,5,104,2,4,24,20,2,835,112,2615,0.0382399988174438,97,0,3.68722702461709,2.87951824891329,123.412918379186,1057.25819981416,125
"385",2021-03-20,16456,1054,446,83,78.4,103,6,5,87,4,4,27,23,1,839,93,1997,0.0435699987411499,151,0.00662000000476837,4.09724895189927,3.20848261729112,103.917157277738,1121.06111581437,103
"386",2021-03-21,16541,1082,447,87,81.6,85,5,1,77,4,4,29,25,1,843,82,1306,0.0421099996566772,87,0,3.94800140356213,3.35415100296009,88.0272324001876,1148.3349445976,85
"387",2021-03-22,16690,1158,448,56,81.3,149,6,7,133,4,7,30,23,1,847,139,1150,0.0547800016403198,131,0,4.91779874210521,3.60541740799025,156.615082244365,1246.43356287033,149
"388",2021-03-23,16814,1197,449,108,84.6,124,2,0,120,5,9,31,22,1,852,122,1966,0.0350999999046326,153,0,3.25656440832976,3.58610993463469,128.169604353434,1257.53292140214,124
"389",2021-03-24,16967,1287,449,85,85.6,153,7,2,137,4,9,33,24,0,856,144,3106,0.0457200002670288,47,0,4.50384779033909,3.86967453111105,156.071264654596,1377.01192785045,153
"390",2021-03-25,17116,1369,450,123,94.1,149,7,4,132,8,10,40,30,1,864,139,3005,0.0379399991035461,282,0,3.4685031124477,3.98274163332861,150.486773602229,1442.73664072987,149
"391",2021-03-26,17265,1453,451,103,92.1,149,10,2,130,4,11,42,31,1,868,140,2390,0.0673600006103516,117,0,6.42163547900839,4.37337141252737,155.960838291494,1597.893557411,149
"392",2021-03-27,17381,1507,452,138,100,116,7,3,100,5,13,44,31,1,873,107,2476,0.0626000022888184,117,0,5.97753974805686,4.64198438340702,119.932168114865,1646.88576961777,116
"393",2021-03-28,17518,1566,453,139,107.4,137,3,5,124,5,13,45,32,1,878,127,2480,0.0826599979400635,157,0,7.77386404593695,5.18853618946057,147.331282059153,1755.04557247743,137
"394",2021-03-29,17727,1714,453,111,115.3,209,7,1,189,4,12,47,35,0,882,196,1644,0.0839400005340576,40,0,8.19461762933437,5.65665317335045,221.941500454336,1932.1108764221,209
"395",2021-03-30,17936,1844,454,170,124.1,209,9,6,186,6,12,48,36,1,888,195,1968,0.0406500005722046,64,0,3.93696855935525,5.75385376635409,212.921595152965,1956.73549467727,209
"396",2021-03-31,18144,1948,455,163,135.3,208,7,5,191,8,14,54,40,1,896,198,3023,0.0793900012969971,224,0,7.3913142568778,6.16634897585962,225.726087237168,2171.58796938385,208
"397",2021-04-01,18381,2083,456,144,138.3,237,12,4,203,3,15,52,37,1,899,215,2634,0.0721299982070923,100,0.01,6.98575037591372,6.66881287064048,242.323264329581,2308.96446324892,237
"398",2021-04-02,18579,2177,457,242,158.1,198,15,7,162,6,15,56,41,1,905,177,3130,0.0939299964904785,99,0,9.10501359601108,7.05215260164086,209.026013620248,2484.8058285383,198
"399",2021-04-03,18830,2356,457,223,170.3,251,16,3,223,12,14,61,47,0,917,239,2885,0.101909999847412,36,0,10.0654005326869,7.63613271373086,279.356551127422,2724.25119019333,251
"400",2021-04-04,19060,2515,458,152,172.1,230,9,2,215,12,16,64,48,1,929,224,1818,0.0929599952697754,139,0,8.63573180380438,7.7592566791405,256.038965777046,2852.26785236281,230
"401",2021-04-05,19345,2660,459,184,182.6,285,8,4,269,5,18,67,49,1,934,277,2045,0.105620002746582,162,0,9.7867197832696,7.98669984398839,323.09734768655,3064.25611857842,285
"402",2021-04-06,19619,2797,460,156,180.6,274,7,6,245,10,20,70,50,1,944,252,1749,0.128640003204346,83,0,12.2811880788429,9.17873120391519,306.059443181088,3330.42167689486,274
"403",2021-04-07,19927,2938,461,219,188.6,308,3,6,290,12,24,76,52,1,956,293,3364,0.098100004196167,44,0,9.68334548462165,9.50616423645002,343.058616838455,3379.78913403202,308
"404",2021-04-08,20222,3109,462,170,192.3,295,23,5,255,10,30,83,53,1,966,278,3366,0.0858600044250488,194,0.0103100001811981,8.1742953631985,9.67595637749071,318.288478492287,3503.64704903784,295
"405",2021-04-09,20519,3262,464,261,195,297,13,2,276,14,31,88,57,2,980,289,3418,0.110299997329712,158,0,10.542656344322,9.8813339129637,338.313568472174,3796.03757908731,297
"406",2021-04-10,20806,3426,467,381,217.6,287,12,2,262,14,27,92,65,3,994,274,3187,0.0875399971008301,97,0,8.49543150914572,9.65705262388639,312.147129694293,3877.97104500966,287
"407",2021-04-11,21075,3564,467,205,225.1,269,7,5,249,13,29,100,71,0,1007,256,2714,0.145909996032715,29,0,14.4367382148301,10.4857678254615,318.391405188171,4362.99596910407,269
"408",2021-04-12,21390,3658,468,265,236.7,315,16,4,291,16,27,101,74,1,1023,307,2125,0.0804699993133545,107,0,7.66123425362358,10.1821270355121,347.523713616771,4093.1913498702,315
"409",2021-04-13,21626,3684,470,245,249.4,236,10,0,219,12,28,105,77,2,1035,229,2670,0.0767799997329712,178,0,7.19812497496605,9.45597516352965,254.597212662975,4095.79096703231,236
"410",2021-04-14,21899,3755,472,389,273.7,273,10,11,248,12,28,101,73,2,1047,258,3971,0.171490001678467,97,0.0103100001811981,16.7646722390061,10.4675932712989,336.166479359575,4732.55864339226,273
"411",2021-04-15,22121,3758,472,312,294,222,15,3,202,19,29,107,78,0,1066,217,3902,0.130959997177124,98,0.0101999998092651,12.8001377241611,11.1284278942935,263.133250534544,4504.9804401328,222
"412",2021-04-16,22357,3797,474,348,306.4,236,1,10,219,20,24,114,90,2,1086,220,2970,0.120539999008179,244,0.00409999996423721,11.1700123536268,11.2180501813371,268.160507855938,4455.61567422271,236
"413",2021-04-17,22538,3744,477,405,309.9,181,5,7,167,16,23,123,100,3,1102,172,2935,0.101870002746582,121,0.00825999975204468,9.81635857431988,11.4067540477905,205.219033141775,4314.72127955119,181
"414",2021-04-18,22700,3685,477,294,322.6,162,5,8,146,11,22,122,100,0,1113,151,1949,0.0646500015258789,188,0.0159599995613098,6.03665572725616,10.2067422638514,173.155042167857,4030.43927409639,162
"415",2021-04-19,22927,3625,478,258,321.6,227,5,4,218,22,22,116,94,1,1135,223,2084,0.112279996871948,88,0.0340899991989136,10.9112077997534,10.6710241990128,264.784658506174,4239.21249813849,227
"416",2021-04-20,23116,3513,479,188,313.4,189,8,2,179,17,27,119,92,1,1152,187,2775,0.100539999008179,221,0,9.3123663967856,10.9730586878442,216.042041389287,4021.01439251639,189
"417",2021-04-21,23311,3414,480,207,287.4,195,3,2,185,12,25,111,86,1,1164,188,2521,0.136850004196167,236,0.0211899995803833,12.6949474239937,10.3916694285567,227.06180506367,4087.02660897537,195
"418",2021-04-22,23487,3306,483,239,277,176,7,4,161,14,22,107,85,3,1178,168,2358,0.163269996643066,213,0.00939000010490417,15.0521478843522,10.7133851657268,211.268613718113,4078.75021995286,176
"419",2021-04-23,23695,3230,486,189,254.3,208,5,8,186,21,29,113,84,3,1199,191,2507,0.0805700016021729,86,0.0116299998760223,7.82835225630488,10.2360051518237,222.218894510828,3622.65460350773,208
"420",2021-04-24,23851,3109,487,227,228.9,156,2,2,150,17,31,119,88,1,1216,152,2464,0.0852299976348877,214,0.00467000007629395,7.87924175461875,9.95927417758067,172.597982102869,3489.40214709092,156
"421",2021-04-25,24000,2979,492,139,206.7,149,2,6,137,20,30,125,95,5,1236,139,1621,0.135719995498657,93,0.0215100002288818,12.9523070434428,10.9472243656073,172.957590729214,3578.17743008869,149
"422",2021-04-26,24163,2843,497,173,194.6,163,4,7,148,12,31,124,93,5,1248,152,1304,0.115030002593994,31,0,11.2358893919527,10.9936074502072,185.520936446563,3339.04619945775,163
"423",2021-04-27,24323,2750,498,189,194.7,160,3,5,148,10,31,121,90,1,1258,151,2425,0.0610300016403198,332,0.00903999984264374,5.47693267774876,10.4456883474877,168.842576503744,2983.88798268407,160
"424",2021-04-28,24489,2647,500,186,191.7,166,2,7,155,12,27,116,89,2,1270,157,2408,0.0689400005340576,38,0,6.78689784489005,9.60168126475858,180.546600304583,2925.9735732881,166
"425",2021-04-29,24615,2550,500,159,180.3,126,2,7,113,12,29,113,84,0,1282,115,2728,0.0652500009536743,111,0.00901000022888184,6.30511139933178,8.35210462404138,133.259741394676,2799.6725265776,126
"426",2021-04-30,24768,2459,503,178,178.7,153,4,3,139,13,27,109,82,3,1295,143,2122,0.0669199991226196,179,0,6.17141408684045,8.11539917126075,159.704352993247,2694.65737070205,153
"427",2021-05-01,24892,2404,507,138,166,124,3,5,113,7,29,110,81,4,1302,116,2051,0.089709997177124,70,0.0285700011253357,8.76921755252498,8.24253857096164,136.796346270016,2731.36565890618,124
"428",2021-05-02,24989,2343,507,128,164.4,97,0,4,91,8,27,108,81,0,1310,91,1279,0.0695900011062622,21,0,6.84658549345456,7.37029263524904,104.675050476323,2592.10596995632,97
"429",2021-05-03,25096,2226,510,102,154.3,107,4,3,100,10,22,98,76,3,1320,104,976,0.174179992675781,140,0.0071399998664856,15.3225154868163,7.9540963630867,131.745784120261,2755.65495626635,107
"430",2021-05-04,25201,2131,511,141,147.4,105,1,2,99,8,23,94,71,1,1328,100,2386,0.0389800000190735,57,0.0175399994850159,3.84797625935961,7.72138830331683,107.97544420421,2258.33671599172,105
"431",2021-05-05,25283,2016,512,114,137.1,82,1,2,75,8,23,88,65,1,1336,76,1904,0.0777299976348877,65,0.0307699990272522,7.61797691384447,7.84011388459603,86.9906492728629,2254.48880176436,82
"432",2021-05-06,25389,1946,514,122,131.9,106,3,6,92,12,22,88,66,2,1348,95,2133,0.0534499979019165,246,0,4.79230119902429,7.62399814169496,108.069773868054,2090.81873628666,106
"433",2021-05-07,25501,1848,517,108,121.9,112,4,4,103,19,23,95,72,3,1367,107,2302,0.0469199991226196,82,0.0122000002861023,4.57257709747193,7.39559285749945,118.597708482831,1979.22023622684,112
"434",2021-05-08,25590,1773,521,136,121.6,89,1,3,85,4,21,86,65,4,1371,86,1901,0.0489200019836426,86,0.0116299998760223,4.73060411475805,6.81864808067561,95.3176108088559,1903.24562748955,89
"435",2021-05-09,25673,1711,524,69,113.1,83,0,5,78,4,22,83,61,3,1375,78,1173,0.172210006713867,123,0.00813000023365021,15.6637598691439,8.0782444200598,101.972669038919,2127.18252212295,83
"436",2021-05-10,25766,1645,524,82,110.3,93,3,2,87,9,22,85,63,0,1384,90,715,0.104899997711182,14,0,10.2885457288745,7.35910588321097,106.379186388231,1907.81957342933,93
"437",2021-05-11,25898,1614,526,124,107.9,132,1,6,123,5,21,79,58,2,1389,124,1899,0.0458099985122681,86,0.0232599997520447,4.48330212360065,7.44986672095969,138.6329157606,1726.36714546458,132
"438",2021-05-12,25995,1554,527,115,108,97,3,3,90,8,22,80,58,1,1397,93,2118,0.0495800018310547,174,0.00574999988079071,4.62525933060347,7.02233563763954,102.679698312406,1665.61560405891,97
"439",2021-05-13,26088,1526,527,78,101.7,93,1,1,90,7,20,77,57,0,1404,91,1684,0.0795699977874756,54,0.0185199999809265,7.76731624125886,7.44733778653019,102.976153992613,1710.06165926073,93
"440",2021-05-14,26171,1447,527,128,104.6,83,2,4,75,7,21,70,49,0,1411,77,1738,0.0471799993515015,105,0,4.44920449663102,7.42971312926721,86.319991081472,1546.97437785571,83
"441",2021-05-15,26245,1399,528,85,97.3,74,2,8,63,7,19,64,45,1,1418,65,1779,0.0522800016403198,61,0,5.05468059337657,7.47600976906985,78.1020520614006,1508.81185898307,74
"442",2021-05-16,26314,1371,529,46,94,69,2,3,63,7,19,67,48,1,1425,65,805,0.0409899997711182,20,0,3.99963028069699,5.80970554214887,72.0371140256043,1456.15205121698,69
"443",2021-05-17,26388,1336,531,87,94.7,74,7,5,59,10,19,71,52,2,1435,66,774,0.229969997406006,19,0,22.4459997468157,7.54648468756904,94.0049185951338,1801.67532186513,74
"444",2021-05-18,26467,1304,532,97,90.9,79,1,6,71,5,16,64,48,1,1440,72,1920,0.0265599989891052,56,0,2.58072864671468,7.27468847658533,80.8854440039596,1356.2585969606,79
"445",2021-05-19,26538,1290,536,91,87.4,71,2,5,64,4,14,57,43,4,1444,66,2042,0.0665999984741211,122,0.0163900005817413,6.37693054321293,7.52492722124382,77.5357199362103,1417.74361693502,71
"446",2021-05-20,26598,1245,539,73,86.7,60,5,8,45,11,15,63,48,3,1455,50,1487,0.0511100006103516,65,0.0307699990272522,5.02581319873481,7.13328392945467,61.9022416363375,1342.1658167448,60
"447",2021-05-21,26679,1209,540,77,79.4,81,4,11,63,4,13,59,46,1,1459,67,1682,0.0416200017929077,190,0,3.73957494741831,7.03190827956714,81.8907637052706,1279.20795999511,81
"448",2021-05-22,26738,1177,544,77,78.3,59,0,13,46,8,15,58,43,4,1467,46,1380,0.0623199987411499,101,0.00990000009536743,5.87451034925179,7.14902681612074,63.1963076090889,1284.3707403456,59
"449",2021-05-23,26793,1153,545,39,77.3,55,0,4,51,5,12,59,47,1,1472,51,826,0.0375300002098083,14,0.0714300012588501,3.80950002272923,7.12186535069678,58.017004571158,1221.20796608912,55
"450",2021-05-24,26844,1107,547,65,74.1,51,2,11,38,5,11,57,46,2,1477,40,733,0.0832199954986572,30,0,7.99479117962198,5.05740698395482,55.9659795589376,1244.4334842936,51
"451",2021-05-25,26904,1041,548,56,68.3,60,1,12,46,3,11,54,43,1,1480,47,1035,0.0647300004959106,19,0.0526300001144409,6.45118790469088,5.61032973509427,63.7084217950534,1145.28653380108,60
"452",2021-05-26,26960,1000,551,76,66.1,56,1,11,44,1,8,47,39,3,1481,45,1371,0.0320900011062622,61,0.0491800022125244,3.28179969634424,5.1681681855416,58.2933080517947,1050.96240115099,56
"453",2021-05-27,27007,954,551,62,64.6,47,0,8,38,3,9,42,33,0,1484,38,1368,0.0548199987411499,113,0.00884999990463257,5.13124971418748,5.18323054489199,49.0279211287643,1030.01675675898,47
"454",2021-05-28,27042,904,554,65,62.9,35,0,1,30,1,7,34,27,3,1485,30,1589,0.0346099996566772,197,0.0152300000190735,3.24723401221823,5.11289612557769,32.5127691298116,949.584776444988,35
"455",2021-05-29,27077,865,556,45,58.3,35,0,3,31,5,9,36,27,2,1490,31,1074,0.024210000038147,104,0.00962000012397766,2.29219185516668,4.60113634070839,35.1034444393463,895.789659355953,35
"456",2021-05-30,27104,816,558,46,59.3,27,0,3,22,5,8,36,28,2,1495,22,718,0.0905300045013428,34,0,8.6436892595697,5.29173480311417,27.9529741011164,925.528493932316,27
"457",2021-05-31,27152,784,561,40,55.7,48,1,2,41,5,6,35,29,3,1500,42,783,0.0855700016021729,27,0.037039999961853,8.39523348808289,5.34894084718001,49.4754508035961,886.20841500046,48
"458",2021-06-01,27194,748,562,38,53.1,42,1,5,36,2,5,31,26,1,1502,37,1565,0.0172500002384186,27,0.037039999961853,1.75856346558387,4.67856592730758,43.010409874999,768.42666449998,42
"459",2021-06-02,27225,709,562,48,49.1,31,0,0,30,1,6,30,24,0,1503,30,1688,0.042649998664856,43,0.0232599997520447,4.21683291366926,4.81214210121116,31.964470264037,755.426980573407,31
"460",2021-06-03,27270,697,562,48,47.1,45,2,4,39,2,5,29,24,0,1505,41,1176,0.0136099994182587,186,0,1.17513651364701,4.24698307256252,45.7481867091941,709.7191740563,45
"461",2021-06-04,27300,649,564,43,44,30,0,0,27,3,6,29,23,2,1508,27,1195,0.0476999998092651,68,0.0147099995613098,4.59238161062873,4.43914701519259,28.925482363162,695.282890877487,30
"462",2021-06-05,27319,617,567,39,43.1,19,1,0,18,2,4,30,26,3,1510,19,999,0.0160199999809265,90,0.0222199988365173,1.65323965805621,4.34786812989109,19.4877836365768,632.840131777255,19
"463",2021-06-06,27336,568,567,21,39.6,17,0,1,16,3,4,29,25,0,1513,16,608,0.106909999847412,22,0,10.3176634773375,4.58700730385793,19.5635344200136,659.005471910482,17
"464",2021-06-07,27363,535,568,17,36.3,27,1,3,23,1,4,27,23,1,1514,24,843,0.00949000000953674,30,0.0666699981689453,1.14549483998944,3.55133035413029,27.4269157629599,544.516663882648,27
"465",2021-06-08,27396,507,569,28,34.9,33,0,2,30,1,3,26,23,1,1515,30,1771,0.0299300003051758,100,0,2.83303209729911,3.70482587294676,33.3198074066833,529.304745172947,33
"466",2021-06-09,27423,481,570,33,32.7,27,1,0,24,2,4,24,20,1,1517,25,1194,0.0594600009918213,26,0,5.81928206428153,3.93374718017708,27.2591612408662,524.466262274266,27
"467",2021-06-10,27452,468,570,20,28.7,29,0,0,28,2,5,21,16,0,1519,28,1216,0.0304299998283386,136,0,2.73689939284465,4.1568561629196,29.1900211392719,487.89035332783,29
"468",2021-06-11,27474,458,570,36,27.7,22,0,1,20,1,4,16,12,0,1520,20,1055,0.017059999704361,96,0,1.56370979045186,3.72418876003719,21.4856506368351,469.121399583524,22
"469",2021-06-12,27492,435,570,29,26.3,18,0,0,18,2,6,17,11,0,1522,18,880,0.011360000371933,44,0,1.08190479732695,3.64256949421873,18.3024122387176,442.308295769008,18
"470",2021-06-13,27513,428,571,18,25.9,21,0,1,18,2,5,16,11,1,1524,18,583,0.132080001831055,17,0,12.8337735112508,4.00201378477777,22.5872751357796,513.297431006314,21
"471",2021-06-14,27532,391,574,22,26.6,19,2,1,16,2,4,15,11,3,1526,18,655,0.0564900016784668,29,0,5.40949577476546,4.61115677546006,20.5120533078528,423.845157965025,19
"472",2021-06-15,27559,377,574,22,25.7,27,1,0,24,0,4,15,11,0,1526,25,1518,0.0144900000095367,36,0,1.41543243336401,4.40864253775504,25.5494990717409,385.286446001852,27
"473",2021-06-16,27576,356,574,24,24.4,17,0,0,17,1,4,13,9,0,1527,17,1251,0.0223799991607666,42,0,2.16530386311825,3.88664565187458,17.5716175888346,367.970344801478,17
"474",2021-06-17,27587,314,574,12,23.3,11,0,0,11,0,5,12,7,0,1527,11,1101,0.0208899998664856,123,0.0243899989128113,2.12417154569252,3.79911310228141,11.3628441150758,324.357550193983,11
"475",2021-06-18,27601,284,574,26,21.9,14,1,0,13,1,4,13,9,0,1528,14,864,0.0196800005435944,63,0,1.83425247784958,3.83776205762395,14.3987722802507,292.089380542229,14
"476",2021-06-19,27610,251,574,18,20.3,9,0,0,9,0,3,11,8,0,1528,9,926,0.0194400000572205,37,0,1.86930841671715,3.9502482889654,9.26125299774514,258.286055826003,9
"477",2021-06-20,27622,238,574,7,18.7,12,0,0,10,0,3,11,8,0,1528,10,562,0.0266899991035461,15,0,2.59961516398491,2.48822566792741,10.4036889605809,247.607797261826,12
"478",2021-06-21,27633,228,575,13,17.4,11,0,0,11,2,2,10,8,1,1530,11,520,0.0230800008773804,7,0,2.27734354008308,2.04077534868707,11.3890084598868,236.063084441289,11
"479",2021-06-22,27644,205,575,13,16.1,11,0,0,10,0,2,7,5,0,1530,10,1297,0.0115699994564056,65,0,1.10178335498958,1.99596833749072,10.1710937001457,208.507420852987,11
"480",2021-06-23,27655,192,575,18,15.3,11,0,0,10,0,1,5,4,0,1530,10,1105,0.00814000010490417,18,0,0.800952815308914,1.80106104494653,10.1243783364422,194.388064059691,11
"481",2021-06-24,27661,180,575,8,14.7,6,1,0,5,1,0,5,5,0,1531,6,904,0.00995999991893768,51,0,0.942810463530855,1.63229517606629,6.0878442735649,182.635328206947,6
"482",2021-06-25,27665,159,575,7,12,4,0,0,4,2,0,7,7,0,1533,4,1024,0.00194999992847443,64,0,0.183529405032888,1.39647759423534,4.01139996346847,159.453148547872,4
"483",2021-06-26,27669,144,575,9,10.7,4,0,0,4,1,0,7,7,0,1534,4,764,0.00523999989032745,19,0,0.511284791342295,1.20247421918179,4.03175855085588,145.143307830812,4
"484",2021-06-27,27674,130,575,8,10.9,5,0,0,5,0,0,6,6,0,1534,5,398,0.0200999999046326,13,0,1.94642334842914,1.10916110267382,5.15112806488892,133.929329687112,5
"485",2021-06-28,27683,122,575,1,9.1,9,0,0,9,0,0,5,5,0,1534,9,555,0.00180000007152557,5,0,0.178392864231552,0.809311006123604,9.02493203911139,122.337967641288,9
"486",2021-06-29,27686,116,575,8,8.4,3,0,0,3,0,0,4,4,0,1534,3,929,0.00646000027656555,14,0,0.636409359165365,0.742829006720145,3.02964801516756,117.146389919812,3
"487",2021-06-30,27688,101,575,8,7,2,0,1,1,0,0,3,3,0,1534,1,1221,0.000820000022649765,51,0,0.0787122663251072,0.639651785436743,2.0012223068021,101.123452987012,2
"488",2021-07-01,27691,97,575,7,6.9,3,0,0,3,0,0,2,2,0,1534,3,884,0.00225999996066093,74,0,0.208542793864746,0.534756404055871,3.00971525611078,97.3141266142484,3
"489",2021-07-02,27695,86,575,6,6.7,4,0,0,4,2,0,3,3,0,1536,4,785,0.0140100002288818,29,0,1.35108724565998,0.701550381288312,4.08392303805746,87.8043453182354,4
"490",2021-07-03,27701,80,575,6,6.3,6,0,0,6,0,0,2,2,0,1536,6,627,0.00158999994397163,16,0,0.155043540415274,0.650658774013023,6.01444583795528,80.1926111727371,6
"491",2021-07-04,27703,75,576,2,5.4,2,0,0,2,1,0,3,3,1,1537,2,437,0.00685999989509583,34,0,0.636479820415473,0.463523984296785,2.01976753180193,75.7412824425724,2
"492",2021-07-05,27709,74,576,2,5.6,6,0,0,6,0,0,3,3,0,1537,6,505,0.00197999998927116,27,0,0.187951126801116,0.464889450378151,6.01751192932004,74.2159804616139,6
"493",2021-07-06,27714,70,576,12,6.1,5,0,2,3,0,0,3,3,0,1537,3,1174,0.00596000015735626,28,0,0.582116487914829,0.457133325913789,5.02711870624533,70.632769812391,5
"494",2021-07-07,27720,69,576,6,5.9,6,0,0,6,0,0,3,3,0,1537,6,1218,0.0320199990272522,23,0,3.14265582717109,0.894839548891786,6.29280998554947,72.3673148338189,6
"495",2021-07-08,27722,60,577,5,5.6,2,0,0,2,1,0,4,4,1,1538,2,933,0.00321999996900558,87,0,0.294535291282569,0.907124191380046,2.00914755747231,60.2744267241695,2
"496",2021-07-09,27724,58,577,3,5.1,2,0,0,2,0,0,3,3,0,1538,2,823,0.00486000001430511,56,0,0.455037544001491,0.77911709114312,2.01413237126081,58.4098387665634,2
"497",2021-07-10,27725,54,577,0,4.3,1,0,0,1,0,0,3,3,0,1538,1,930,0,22,0,0,0.756968013940938,1,54,1
"498",2021-07-11,27730,56,577,0,4,5,0,0,5,0,0,3,3,0,1538,5,422,0.00237000003457069,8,0,0.23259070106717,0.699269568319752,5.01805926885937,56.202263811225,5
"499",2021-07-12,27733,54,577,1,3.9,3,0,1,2,0,0,2,2,0,1538,2,460,0.00216999992728233,16,0,0.209705875325603,0.702377389537536,3.00651295991889,54.1758499178101,3
"500",2021-07-13,27735,53,577,2,2.4,2,0,0,2,0,0,2,2,0,1538,2,1188,0.000839999988675117,14,0,0.0830216294963427,0.63107812404918,2.00257845205563,53.0683289794742,2
"501",2021-07-14,27740,55,577,0,1.6,5,0,0,5,0,0,1,1,0,1538,5,1098,0,15,0,0,0.182127291596168,5,55,5
"502",2021-07-15,27751,61,577,1,1,11,0,0,11,0,0,1,1,0,1538,11,947,0.00105999998748302,31,0,0.102640080587569,0.154713690068311,11.0175326466865,61.0972264952614,11
"503",2021-07-16,27754,61,577,8,1.7,3,0,0,3,0,0,1,1,0,1538,3,867,0.00460999995470047,34,0,0.443603769225894,0.153080293671797,3.02066589859025,61.4202066046683,3
"504",2021-07-17,27756,58,577,5,2.4,2,0,0,2,0,0,1,1,0,1538,2,761,0.00263000011444092,18,0,0.256922989356809,0.189783577865627,2.00797940987264,58.2314028863065,2
"505",2021-07-18,27764,63,577,4,3,8,0,0,8,0,0,1,1,0,1538,8,214,0.00467000007629395,17,0,0.432632041699959,0.21836091224174,8.05374604107483,63.4232500734643,8
"506",2021-07-19,27773,68,577,2,3.1,9,0,0,9,0,0,1,1,0,1538,9,367,0,10,0,0,0.188402930052368,9,68,9
"507",2021-07-20,27777,69,577,10,4.3,4,0,0,4,0,0,1,1,0,1538,4,1142,0.00437999993562698,22,0,0.429721643168901,0.237931503434162,4.02669224058596,69.4604411501078,4
"508",2021-07-21,27782,72,577,12,6,5,0,0,5,0,0,1,1,0,1538,5,1058,0.0103999996185303,8,0,1.03219508409053,0.385387944018523,5.08014373942459,73.1540698477142,5
"509",2021-07-22,27787,74,577,5,6.6,5,0,0,5,1,0,2,2,0,1539,5,1046,0.00477999985218048,28,0,0.46553816064998,0.437230526884582,5.03614623787151,74.5349643204983,5
"510",2021-07-23,27799,82,577,3,5.9,12,0,0,12,0,0,2,2,0,1539,12,928,0.00647000014781952,38,0,0.621548668444774,0.462651226772993,12.1158228368834,82.7914560520368,12
"511",2021-07-24,27802,84,577,2,5.4,3,0,0,3,0,0,2,2,0,1539,3,713,0.0028099998831749,16,0,0.274832636036173,0.465209747727188,3.01280346060973,84.3584968970726,3
"512",2021-07-25,27809,86,577,7,5.9,7,0,0,7,0,0,2,2,0,1539,7,410,0.00244000002741814,14,0,0.235943398877698,0.437111370181151,7.02564741994812,86.3150968736483,7
"513",2021-07-26,27818,90,577,5,6.3,9,0,0,9,1,0,3,3,0,1540,9,410,0,10,0,0,0.437111370181151,9,90,9
"514",2021-07-27,27826,97,577,7,5.9,8,0,0,8,0,0,3,3,0,1540,8,1125,0.0106700003147125,5,0,1.06227879239394,0.5274766772133,8.13196729346396,98.6001034332505,8
"515",2021-07-28,27832,97,577,8,5.3,6,0,0,6,0,0,2,2,0,1540,6,1074,0.00372000008821487,11,0,0.368228580160624,0.432624319509027,6.03430888113917,97.5546602450833,6
"516",2021-07-29,27836,93,577,9,5.9,4,0,0,4,0,0,2,2,0,1540,4,1234,0.00243000000715256,15,0,0.240081666038932,0.400416248850306,4.01491271778385,93.3467206884745,4
"517",2021-07-30,27839,88,577,4,6,3,0,0,3,0,0,2,2,0,1540,3,940,0.00745000004768372,21,0,0.72872008791079,0.415726451631166,3.03394843885957,88.995820873214,3
"518",2021-07-31,27846,89,577,8,6.9,7,0,0,7,0,0,1,1,0,1540,7,936,0.00962000012397766,8,0,0.953847469919819,0.512728570757401,7.10368472584462,90.3182772285959,7
"519",2021-08-01,27855,91,577,1,6,9,0,0,7,0,0,1,1,0,1540,7,563,0.00178000003099442,13,0,0.173982641918378,0.503877034048927,7.01891218784755,91.2458584420181,9
"520",2021-08-02,27866,93,577,3,5.7,11,0,0,11,1,0,2,2,0,1541,11,462,0.0043299999833107,4,0,0.429283260147971,0.565203214070065,11.0733287784412,93.6199614904577,11
"521",2021-08-03,27883,105,577,10,6.1,17,0,0,16,0,0,2,2,0,1541,16,550,0.0109099996089935,3,0,1.08508133543335,0.568460720218552,16.2696001239047,106.769250813125,17
"522",2021-08-04,27895,114,577,15,7.1,12,0,0,10,2,0,4,4,0,1543,10,1289,0.00776000022888184,22,0,0.762977901985408,0.624853480479235,10.1184812892561,115.35068669752,12
"523",2021-08-05,27915,127,577,9,7.1,20,0,0,20,0,1,4,3,0,1543,20,1482,0.00472000002861023,19,0,0.466025319280504,0.657131145228031,20.1447362512353,127.919075195344,20
"524",2021-08-06,27929,129,577,15,8.7,14,0,0,12,1,1,5,4,0,1544,12,1109,0.00541000008583069,44,0,0.520354735055181,0.627364666248658,12.09696579634,130.042382310655,14
"525",2021-08-07,27942,139,577,13,9.4,13,0,0,13,0,1,5,4,0,1544,13,846,0.01182000041008,14,0,1.16275817987531,0.657209053385157,13.2347310639694,141.509816760903,13
"526",2021-08-08,27962,151,577,5,10,20,0,0,19,1,1,4,3,0,1545,19,612,0.00653999984264374,4,0,0.6497532311198,0.725176280413932,19.1917078340147,152.523572786117,20
"527",2021-08-09,27976,159,577,13,11.4,14,0,0,14,1,1,4,3,0,1546,14,556,0.0143900001049042,9,0,1.41607788642951,0.866146941311295,14.3078598037093,162.496407770699,14
"528",2021-08-10,27996,174,577,18,12.6,20,3,0,17,1,1,5,4,0,1547,20,1264,0.0102799999713898,16,0,1.01514999717474,0.856156750131494,20.3152811638204,176.742946125238,20
"529",2021-08-11,28011,180,577,20,13.3,15,2,0,13,0,1,5,4,0,1547,15,1296,0.0108000004291534,8,0,1.07337427578089,0.900499089245134,15.2500231678754,183.000278014505,15
"530",2021-08-12,28030,194,577,18,14.6,19,3,0,16,0,1,4,3,0,1547,19,1053,0.0133000004291534,38,0,1.28367556845999,1.01730626769935,19.3787448080603,197.867183829668,19
"531",2021-08-13,28047,208,577,26,16.1,17,3,0,14,0,1,4,3,0,1547,17,1077,0.0213599991798401,14,0,2.10859020317945,1.24419704885996,17.5566457753629,214.810724780911,17
"532",2021-08-14,28064,216,577,16,16.6,17,2,0,15,1,1,5,4,0,1548,17,1005,0.0119400000572205,12,0,1.17991151007931,1.24664752460339,17.3114843066222,219.957682954729,17
"533",2021-08-15,28082,213,577,8,17,18,1,0,17,0,1,5,4,0,1548,18,543,0.0221000003814697,2,0,2.20188994626386,1.46838134105254,18.6154686343055,220.283045505948,18
"534",2021-08-16,28101,216,577,21,18.1,19,0,0,19,0,1,4,3,0,1548,19,611,0.0114600002765656,8,0,1.1311890418387,1.42768293468242,19.3337540941478,219.794257070312,19
"535",2021-08-17,28122,212,577,18,18.1,21,0,0,21,0,1,4,3,0,1548,21,1323,0.0158700001239777,10,0,1.57509453593567,1.50767501164827,21.5136457880993,217.185376527479,21
"536",2021-08-18,28153,225,577,24,18.7,31,0,0,31,0,1,3,2,0,1548,31,1295,0.015440000295639,12,0,1.52982405377601,1.57288212279043,31.7364461406284,230.345173601335,31
"537",2021-08-19,28175,232,577,19,18.9,22,0,0,22,3,1,6,5,0,1551,22,1279,0.0172000002861023,17,0,1.69743829983988,1.63199108441613,22.5799018436625,238.115328533168,22
"538",2021-08-20,28194,232,577,17,17.6,19,0,0,19,0,2,6,4,0,1551,19,1142,0.014889999628067,50,0,1.42654191067555,1.53455561405843,19.4208971140558,237.139375287418,19
"539",2021-08-21,28217,241,577,27,19.1,23,1,0,22,1,2,7,5,0,1552,23,879,0.0182000005245209,12,0,1.79548826723388,1.62249515079479,23.6412807731952,247.719507232176,23
"540",2021-08-22,28248,258,577,17,20.4,31,0,0,31,1,1,6,5,0,1553,31,520,0.0173099994659424,6,0,1.71125470005514,1.55240440133641,31.8237855303538,264.856021510686,31
"541",2021-08-23,28289,277,577,16,19.7,41,1,0,40,0,1,4,3,0,1553,41,575,0.0139100003242493,11,0.0909099960327148,1.53553927351591,1.61016872014743,41.9776481817629,283.605086496301,41
"542",2021-08-24,28321,291,577,26,20.9,32,1,0,31,0,1,4,3,0,1553,32,1233,0.0154100000858307,23,0,1.51278105938131,1.60126679492538,32.7517334373595,297.836075945988,32
"543",2021-08-25,28348,308,577,27,21.3,27,0,0,26,2,1,6,5,0,1555,26,1318,0.0197300004959106,68,0,1.8762006243586,1.65074916215147,26.7575136023948,316.973622674524,27
"544",2021-08-26,28376,316,577,44,24.9,28,2,0,24,3,1,9,8,0,1558,26,1198,0.0125199997425079,22,0,1.22942292553479,1.58388982296503,26.4963779337335,322.032901040761,28
"545",2021-08-27,28409,333,577,24,25.9,33,0,0,33,2,1,10,9,0,1560,33,896,0.0278999996185303,9,0,2.7622541058788,1.7747058508512,34.4155179444353,347.283862893847,33
"546",2021-08-28,28441,337,577,38,27.4,32,0,0,29,2,1,12,11,0,1562,29,1115,0.0242199993133545,16,0,2.38773644866404,1.85931273391266,30.0752815607184,349.495513309038,32
"547",2021-08-29,28480,358,577,28,29,39,0,0,35,1,0,11,11,0,1563,35,537,0.0260700011253357,2,0,2.59732664272825,1.98589444000881,36.4116675326656,372.439342191265,39
"548",2021-08-30,28517,380,577,20,29.6,37,0,0,36,1,1,10,9,0,1564,36,627,0.0111600005626678,9,0,1.10020760264036,1.92370420131231,36.6150564171461,386.492262180987,37
"549",2021-08-31,28547,388,577,22,29,30,0,0,24,0,1,8,7,0,1564,24,553,0.0361700010299683,16,0,3.51529183999516,2.20977716997143,25.3101180778014,409.180242257789,30
"550",2021-09-01,28586,399,577,55,33,39,0,0,37,2,1,10,9,0,1566,37,807,0.0309800004959106,5,0,3.07892369460589,2.38159475143533,38.7690432937348,418.076980383789,39
"551",2021-09-02,28631,427,577,34,31.6,45,0,1,39,1,1,11,10,0,1567,39,1298,0.0169500005245209,8,0,1.68461720373875,2.44662250546447,41.0202430620367,438.170353525376,45
"552",2021-09-03,28683,459,577,50,35.3,52,0,1,49,1,2,6,4,0,1568,49,1050,0.035239999294281,45,0.0222199988365173,3.47049307823181,2.5477995015149,52.6407365359437,483.736695306085,52
"553",2021-09-04,28738,490,577,38,35.3,55,0,0,52,0,2,6,4,0,1568,52,911,0.0318300008773804,8,0,3.1552917083018,2.65745025289172,54.5478899831188,514.008963302466,55
"554",2021-09-05,28764,484,577,23,34.6,26,0,0,25,2,1,8,7,0,1570,25,412,0.0388299989700317,6,0,3.82726305637633,2.83315545484145,26.4858197729641,512.765470804584,26
"555",2021-09-06,28824,501,577,29,35.9,60,0,1,53,1,1,9,8,0,1571,53,519,0.0346799993515015,2,0,3.45468707551426,3.169509665252,56.8432981104394,527.877214213776,60
"556",2021-09-07,28889,526,577,50,39.9,65,1,2,56,1,1,9,8,0,1572,57,825,0.0460599994659424,11,0.0909099960327148,4.66501309997157,3.33375555953435,63.1291963512255,564.104513697274,65
"557",2021-09-08,28941,538,578,66,41.4,52,0,1,50,2,1,8,7,1,1574,50,1376,0.03125,17,0,3.08686288585786,3.3348897297132,53.3967633500369,563.789173646397,52
"558",2021-09-09,29011,583,578,58,44.9,70,0,3,63,3,2,11,9,0,1577,63,1485,0.0343400001525879,13,0,3.40419894703558,3.58054426446989,69.3303761985785,613.819195615417,70
"559",2021-09-10,29077,613,578,62,46.6,66,0,0,58,0,1,8,7,0,1577,58,1263,0.0332500004768372,35,0,3.23534288152892,3.54695137922662,60.913976996964,643.797722398947,66
"560",2021-09-11,29131,635,578,44,47.4,54,0,0,49,1,1,8,7,0,1578,49,1162,0.0309800004959106,15,0,3.05851831573901,3.5331266088605,51.3272603863945,665.159394803275,54
"561",2021-09-12,29186,647,578,53,51.7,55,0,1,50,2,1,9,8,0,1580,50,585,0.0598299980163574,3,0,5.95247429244372,3.83672821401299,55.6217382351278,706.805292762553,55
"562",2021-09-13,29248,676,578,36,52.7,62,0,0,55,5,4,14,10,0,1585,55,530,0.0301900005340576,20,0,2.90921823328191,3.75880409369408,57.484716259283,706.539421659551,62
"563",2021-09-14,29310,696,578,63,54.6,62,0,2,55,2,5,11,6,0,1587,55,1224,0.0334999990463257,29,0,3.27246598824443,3.55986879201878,59.7949602941161,731.368952085541,62
"564",2021-09-15,29357,708,578,58,53.4,47,0,1,42,2,6,12,6,0,1589,42,1537,0.0305800008773804,13,0,3.03235234506669,3.55208157190575,44.9777289229836,741.338858987437,47
"565",2021-09-16,29417,736,578,63,54.1,60,1,1,50,1,7,12,5,0,1590,51,1708,0.0316199994087219,39,0,3.09141150487104,3.50739765159653,54.4483009806742,771.332343564239,60
"566",2021-09-17,29477,733,579,90,58.1,60,1,2,46,0,7,10,3,1,1590,47,1417,0.0310500001907349,4,0,3.09625969530411,3.48752862499299,51.2598158428954,768.243510911538,60
"567",2021-09-18,29539,749,579,44,58.1,62,0,5,50,0,7,9,2,0,1590,50,1575,0.0298399996757507,28,0,2.93187769739909,3.46943710808728,57.2764266738605,783.10087157443,62
"568",2021-09-19,29582,740,579,60,59.1,43,2,1,39,3,7,10,3,0,1593,41,1058,0.0321399998664856,3,0,3.20491233352891,3.07692825681374,44.0405057491039,776.82864034968,43
"569",2021-09-20,29633,719,579,60,62.6,51,2,0,40,2,8,12,4,0,1595,42,1220,0.0385199999809265,66,0.0606099987030029,3.965370131503,3.22780709941675,44.5862519611771,763.274170478246,51
"570",2021-09-21,29693,718,579,36,58.7,60,0,0,51,1,7,13,6,0,1596,51,1196,0.0200699996948242,23,0,1.96913204552992,3.04161653617182,52.5594908379397,739.955184738054,60
"571",2021-09-22,29744,705,579,63,59.4,51,0,0,42,5,9,17,8,0,1601,42,2383,0.0180400002002716,29,0,1.7823101358726,2.86303907771552,43.1624395532982,724.512378216077,51
"572",2021-09-23,29780,677,579,44,56.7,36,0,0,29,3,9,18,9,0,1604,29,1528,0.0274900007247925,48,0,2.66527418194689,2.80216231729779,30.2002665468837,705.020015594493,36
"573",2021-09-24,29824,671,579,56,51.9,44,1,0,34,2,8,17,9,0,1606,35,2089,0.0181900000572205,48,0,1.77814272903761,2.61385989354543,35.9664346092377,689.527932079957,44
"574",2021-09-25,29868,666,579,62,54.4,44,0,1,35,2,10,17,7,0,1608,35,1935,0.0273900008201599,32,0,2.6944408534321,2.57994034440729,37.464449872767,693.86638900751,44
"575",2021-09-26,29916,644,579,38,51.3,48,1,0,38,3,11,18,7,0,1611,39,1060,0.0339599990844727,4,0,3.38323299149822,2.60541472411719,41.0489639896642,677.834174598558,48
"576",2021-09-27,29957,625,579,31,47.1,41,0,0,29,0,11,18,7,0,1611,29,852,0.0164300000667572,15,0.0666699981689453,1.72992041861722,2.28606476513351,29.7790439052393,641.789739337054,41
"577",2021-09-28,30002,601,580,44,48.3,45,1,1,32,3,11,19,8,1,1614,33,1723,0.0203099989891052,35,0,1.99056474733949,2.28912657967773,35.0200655013681,619.577556555219,45
"578",2021-09-29,30047,589,580,65,48.6,45,1,0,37,0,11,19,8,0,1614,38,2041,0.0215599989891052,8,0,2.14758213454191,2.34130829377335,39.267275943121,608.642777118376,45
"579",2021-09-30,30095,592,580,61,51,48,2,0,38,3,12,21,9,0,1617,40,1837,0.017960000038147,29,0,1.76808789228703,2.21313882382194,41.0982511155366,608.254116509942,48
"580",2021-10-01,30138,575,580,48,49.9,43,0,0,24,1,11,20,9,0,1618,24,1834,0.0196300005912781,13,0,1.94918359958874,2.23757323390067,24.7264434325824,592.404373905621,43
"581",2021-10-02,30174,557,580,60,49.6,36,0,0,28,0,9,15,6,0,1618,28,1477,0.0189600002765656,13,0,1.87945774553607,2.12114707562981,28.8172000963585,573.256444773989,36
"582",2021-10-03,30201,543,581,37,49.4,27,5,0,18,2,7,14,7,1,1620,23,1029,0.0213800001144409,12,0,2.11335447817096,1.9397358594402,23.7548106097541,560.820093960716,27
"583",2021-10-04,30245,540,582,25,48.6,44,1,0,40,0,4,10,6,1,1620,41,1256,0.0199000000953674,8,0,1.97740507276752,1.9750908100331,42.2589755972659,556.581629817648,44
"584",2021-10-05,30295,537,582,33,47,50,1,0,42,0,4,9,5,0,1620,43,1637,0.0116100001335144,13,0,1.15185274051897,1.85527480905874,43.769136155466,546.605258499656,50
"585",2021-10-06,30336,528,582,28,41.7,41,1,0,33,0,4,8,4,0,1620,34,1958,0.0127699995040894,36,0,1.25394478580778,1.72761233066815,34.6620566352872,538.28135010093,41
"586",2021-10-07,30373,517,582,53,40.6,37,1,0,31,2,3,8,5,0,1622,32,1681,0.0184399998188019,9,0,1.83417986363349,1.7370540408605,32.9114434141505,531.725507659869,37
"587",2021-10-08,30401,499,584,58,42,28,0,0,19,0,2,6,4,2,1622,19,2154,0.0246099996566772,13,0,2.44623623721655,1.80806156052162,19.7217550110782,517.955565817265,28
"588",2021-10-09,30430,479,584,37,38.7,29,1,0,26,3,3,7,4,0,1625,27,1520,0.0184200000762939,12,0,1.82757180913621,1.80064928389307,27.7662597720014,492.594015955136,29
"589",2021-10-10,30451,441,585,20,36.3,21,0,0,19,2,3,7,4,1,1627,19,1009,0.0178400003910065,24,0,1.7425518290925,1.74767747688186,19.5141349374098,452.933342494618,21
"590",2021-10-11,30470,419,585,18,35.3,19,0,0,17,1,4,8,4,0,1628,17,635,0.0220499992370605,7,0,2.18095786846315,1.77675644769552,17.5757500826353,433.190546154363,19
"591",2021-10-12,30504,419,585,31,35,34,0,0,27,2,5,8,3,0,1630,27,1118,0.0143099999427795,12,0,1.41580353416172,1.8144637039302,27.5936145917015,428.212019034183,34
"592",2021-10-13,30526,414,585,24,34.4,22,0,0,20,0,5,8,3,0,1630,20,1674,0.0203099989891052,9,0,2.02013893688426,1.92392001122684,20.6274065476752,426.987315536876,22
"593",2021-10-14,30546,401,585,39,32.4,20,0,0,17,0,5,7,2,0,1630,17,1288,0.0116499996185303,33,0,1.13589701049713,1.82416531792165,17.2998649387573,408.073284731863,20
"594",2021-10-15,30582,386,585,33,28.9,36,1,0,20,2,5,9,4,0,1632,21,1605,0.0155799996852875,15,0,1.54357404289422,1.6952135758756,21.5033668060318,395.252361291823,36
"595",2021-10-16,30612,380,586,22,26.7,30,0,0,24,1,4,9,5,1,1633,24,1409,0.0156099998950958,8,0,1.55218700438885,1.65587288948312,24.5784863240774,389.159366797893,30
"596",2021-10-17,30637,371,586,34,28.7,25,1,0,20,0,4,9,5,0,1633,21,815,0.0368099999427795,8,0,3.64521870636273,1.92768244337887,22.1887230845556,392.000774493816,25
"597",2021-10-18,30673,376,586,23,29.4,36,3,0,23,1,3,10,7,0,1634,26,812,0.0135500001907349,20,0,1.32242790323038,1.80503530548847,26.5339285745233,383.721428616183,36
"598",2021-10-19,30695,360,586,23,28.3,22,0,0,19,3,2,12,10,0,1637,19,1138,0.0105400002002716,9,0,1.04572974959975,1.75216762197962,19.3085395741934,365.846012984717,22
"599",2021-10-20,30721,355,586,35,29.9,26,1,0,20,1,3,12,9,0,1638,21,1788,0.0134200000762939,19,0,1.32788932686295,1.653274820548,21.4330309986124,362.320285928925,26
"600",2021-10-21,30739,344,586,44,30.6,18,0,0,15,0,3,12,9,0,1638,15,1305,0.0214599990844727,7,0,2.13455021381379,1.79593956387895,15.4972049530986,355.402566924394,18
"601",2021-10-22,30765,330,586,34,30.7,26,0,0,12,0,2,9,7,0,1638,12,1417,0.0218799996376038,19,0,2.15905010351564,1.8838647153963,12.4023294082318,341.064058726375,26
"602",2021-10-23,30789,331,586,22,30.7,24,0,1,20,0,1,7,6,0,1638,20,1331,0.0120200002193451,9,0,1.19392688745883,1.83268469869201,21.370804964431,337.136822161334,24
"603",2021-10-24,30809,324,587,14,27.9,20,0,0,12,1,1,7,6,1,1639,12,822,0.00243000000715256,8,0,0.240657832033663,1.34631885950214,12.0448455193285,325.21082902187,20
"604",2021-10-25,30835,316,587,15,26.7,26,0,2,19,3,1,7,6,0,1642,19,815,0.0135000002384186,5,0,1.34176831637941,1.34908177566629,21.3958849073198,322.584191090161,26
"605",2021-10-26,30857,303,587,30,27.7,22,0,6,14,3,2,9,7,0,1645,14,1386,0.0180400002002716,10,0,1.79107738378055,1.45556000912069,20.3893858784768,311.427422941318,22
"606",2021-10-27,30883,312,587,35,27.7,26,1,5,19,2,2,10,8,0,1647,20,1365,0.014650000333786,9,0,1.45540396329097,1.47377638575326,25.4520134528418,319.051409864332,26
"607",2021-10-28,30908,304,587,26,25.1,25,1,6,17,4,3,14,11,0,1651,18,1856,0.0113100004196167,41,0,1.10655565518232,1.32692002023448,24.3093026057154,309.223777340972,25
"608",2021-10-29,30929,299,587,12,22,21,0,1,17,1,3,15,12,0,1652,17,1548,0.0148599994182587,18,0,1.46891948272442,1.22832993155002,18.3877793907863,305.820355167358,21
"609",2021-10-30,30952,290,587,28,22.9,23,0,2,20,1,2,16,14,0,1653,20,1178,0.0118799996376038,7,0,1.18098224245547,1.22648069654954,22.3667846691513,295.318377702693,23
"610",2021-10-31,30973,276,588,32,25.4,21,0,2,16,0,1,15,14,1,1653,16,936,0.0181599998474121,7,0,1.80251960309414,1.44960380670104,18.4478553749529,283.725505217938,21
"611",2021-11-01,31024,302,588,13,25.1,51,0,10,37,1,1,14,13,0,1654,37,773,0.0116400003433228,14,0,1.14329355341659,1.42125026913492,47.6568970179369,307.361699984242,51
"612",2021-11-02,31074,330,588,31,25.3,50,1,6,37,3,0,16,16,0,1657,38,1531,0.0267799997329712,17,0,2.64859041286685,1.54375213043296,45.5629180646556,343.572709508851,50
"613",2021-11-03,31117,352,588,44,26.6,43,0,19,22,2,0,17,17,0,1659,22,1657,0.0169000005722046,11,0,1.67885497291025,1.57567370323572,41.573553156026,361.176850496416,43
"614",2021-11-04,31150,371,588,33,27.6,33,2,5,23,4,0,20,20,0,1663,25,1511,0.0258100008964539,35,0,2.52256865165212,1.77796127415998,30.9793114102883,385.532981328678,33
"615",2021-11-05,31189,388,590,45,32.3,39,0,7,23,2,1,20,19,2,1665,23,1264,0.0213599991798401,15,0.0666699981689453,2.18913908802596,1.88084978920306,30.7818780175957,401.189942209876,39
"616",2021-11-06,31222,394,591,40,34,33,3,4,21,3,1,21,20,1,1668,24,1414,0.0212199997901917,10,0.1,2.17732301287437,2.02318418497718,28.8114689676472,407.321615552209,33
"617",2021-11-07,31260,413,592,39,35,38,3,3,27,6,3,25,22,1,1674,30,1016,0.0255900001525879,10,0,2.53405849464223,2.12768974091263,34.1805263955131,429.25191337823,38
"618",2021-11-08,31324,449,593,36,38.3,64,6,7,45,1,2,24,22,1,1675,51,849,0.0270900011062622,13,0.0769199991226196,2.7841497596068,2.36209777036837,60.2049593126145,468.412288850273,64
"619",2021-11-09,31366,465,593,39,39.4,42,0,9,29,3,2,26,24,0,1678,29,1627,0.0215100002288818,21,0.0476200008392334,2.18427126153001,2.29576646303454,38.9836540429094,480.772383791478,42
"620",2021-11-10,31407,483,593,34,38,41,1,5,28,5,2,30,28,0,1683,29,1507,0.00995000004768372,72,0.0555600023269653,1.20297468267263,2.22778356442916,34.5417417382948,492.022802055047,41
"621",2021-11-11,31454,488,594,48,40.1,47,1,5,35,3,5,33,28,1,1686,36,1632,0.0208299994468689,24,0,2.05281153969143,2.16067540557763,42.1475969695617,503.556314476281,47
"622",2021-11-12,31513,509,594,50,40.9,59,1,2,36,1,5,34,29,0,1687,37,1517,0.0184599995613098,29,0.0344799995422363,1.87605040887657,2.11594845141344,40.0779138178533,523.828598196955,59
"623",2021-11-13,31549,526,595,43,41.3,36,1,5,28,1,3,32,29,1,1688,29,1627,0.0196700000762939,20,0,1.94311415447056,2.08249004307004,34.8750525301242,541.871642442942,36
"624",2021-11-14,31582,535,595,43,41.9,33,1,2,27,0,3,28,25,0,1688,28,912,0.037279999256134,8,0,3.69558253495589,2.24842204882913,31.606862623456,565.702553698177,33
"625",2021-11-15,31622,533,597,41,42.6,40,1,3,34,1,2,24,22,2,1689,35,921,0.0217199993133545,18,0,2.1303641499041,2.15502410458589,39.1578697317852,550.632701915472,40
"626",2021-11-16,31672,549,598,42,43,50,1,3,37,1,1,24,23,1,1690,38,1729,0.0208200001716614,24,0,2.0534957385512,2.13634188701748,42.2117560985962,566.506686792877,50
"627",2021-11-17,31694,517,598,44,44.4,22,0,1,12,1,2,23,21,0,1691,12,1886,0.0148500001430511,19,0.0526300001144409,1.52268085417159,2.18201419723162,13.2837448218488,529.224672741321,22
"628",2021-11-18,31731,506,598,39,43.1,37,2,1,21,1,3,21,18,0,1692,23,1686,0.0183899998664856,42,0.0238100004196167,1.85217359910409,2.15335163429057,24.6615266384086,520.553586044989,37
"629",2021-11-19,31767,505,599,25,39.6,36,0,2,24,2,2,19,17,1,1694,24,1564,0.0140699994564056,40,0,1.37191266520065,2.08133195662258,26.5112996774249,515.75859737915,36
"630",2021-11-20,31808,488,600,50,40.6,41,1,0,36,1,2,16,14,1,1695,37,1680,0.0166700005531311,76,0.0131599998474121,1.65180870829519,2.03971689288324,37.9490722758287,500.517493800119,41
"631",2021-11-21,31850,490,600,25,38,42,2,2,30,1,1,16,15,0,1696,32,924,0.0238100004196167,5,0,2.36818518705337,1.85008870032574,35.1768021419408,508.019782798469,42
"632",2021-11-22,31904,483,600,31,36.6,54,2,2,41,2,0,18,18,0,1698,43,1048,0.0152699995040894,18,0,1.50121571109622,1.76021035192462,46.0024191808038,494.259731728564,54
"633",2021-11-23,31951,492,601,27,34.4,47,3,1,30,2,0,17,17,1,1700,33,1457,0.0102999997138977,9,0,1.0236766427796,1.61309333824296,34.5245834023995,499.821061635774,47
"634",2021-11-24,32000,502,601,46,34.7,49,1,1,36,1,0,15,15,0,1701,37,1743,0.0183599996566772,16,0,1.81929956802663,1.65546744022225,39.0453067433112,516.182269868709,49
"635",2021-11-25,32044,508,602,60,37.7,44,2,0,37,0,0,13,13,1,1701,39,1548,0.0219600009918213,6,0,2.18752133432042,1.70337425953887,40.3248134112868,525.256543921377,44
"636",2021-11-26,32084,500,602,51,41.4,40,8,1,27,3,1,15,14,0,1704,35,1853,0.0221300005912781,40,0,2.16623830404851,1.81684935080285,37.1773676177401,516.819537396287,40
"637",2021-11-27,32113,499,602,43,40.4,29,6,0,18,2,1,16,15,0,1706,24,1818,0.0203500008583069,2,0,2.03276382200011,1.87127150990355,24.7575930398731,514.751621954027,29
"638",2021-11-28,32178,533,602,22,40,65,13,1,39,1,2,15,13,0,1707,52,1272,0.0117900002002716,46,0,1.13785130916127,1.69550952734754,53.9188120214885,542.417823220257,65
"639",2021-11-29,32228,539,602,26,39.3,50,7,0,35,1,2,16,14,0,1708,42,989,0.0161800003051758,16,0,1.59224082605163,1.70851311519831,43.0384745490282,552.327090045861,50
"640",2021-11-30,32296,570,602,61,44.1,68,6,1,49,2,2,17,15,0,1710,55,1907,0.0272699999809265,25,0,2.69171273103659,1.94680398494931,58.298948326259,593.825464472139,68
"641",2021-12-01,32374,608,602,62,46.4,78,4,0,54,0,2,17,15,0,1710,58,1958,0.0194099998474121,72,0.0138900005817413,1.92142166222257,1.96139285554873,59.730567278402,626.141119056352,78
"642",2021-12-02,32445,634,602,64,47,71,6,0,50,0,2,15,13,0,1710,56,2077,0.0245499992370605,19,0,2.43274563050452,1.99642489786074,58.1155463254078,657.951006612653,71
"643",2021-12-03,32536,694,602,59,48.1,91,7,0,68,1,2,12,10,0,1711,75,1911,0.0245900011062622,12,0,2.44365533614493,2.03605590244594,77.8460270668129,720.335237124908,91
"644",2021-12-04,32590,715,602,70,52,54,2,0,45,0,2,12,10,0,1711,47,1446,0.0242000007629395,6,0.166669998168945,2.4788719760485,2.09978563873857,48.809213281586,742.523138219873,54
"645",2021-12-05,32668,751,602,35,53.9,78,5,1,58,0,2,11,9,0,1711,63,1461,0.0246399998664856,10,0,2.44724947688208,2.28684251984155,66.3941789350734,779.540133019685,78
"646",2021-12-06,32777,812,602,69,60,109,4,3,82,0,2,10,8,0,1711,86,1178,0.0348000001907349,14,0,3.439127535628,2.55068347835246,93.592874137224,855.36527673751,109
"647",2021-12-07,32875,858,602,70,61.3,98,4,2,72,2,1,11,10,0,1713,76,1905,0.0278200006484985,22,0.0454500007629395,2.80212772455497,2.56645704885508,81.3070391094852,895.334730999188,98
"648",2021-12-08,32984,912,602,44,58.7,109,5,4,87,2,1,12,11,0,1715,92,2324,0.0249600005149841,13,0,2.48211558394622,2.64655618052989,99.5460727421744,947.15237327025,109
"649",2021-12-09,33108,999,602,147,70.6,124,5,3,94,1,1,13,12,0,1716,99,1969,0.0304699993133545,15,0,3.02396313749975,2.73101582438635,106.64889244838,1045.91155107001,124
"650",2021-12-10,33277,1135,603,87,74.6,169,6,6,128,3,0,14,14,1,1719,134,2152,0.0399600005149841,23,0,3.95374349922969,2.94674270482703,148.227181924712,1204.68545883991,169
"651",2021-12-11,33405,1220,603,150,86,128,3,4,104,0,0,13,13,0,1719,107,1669,0.0437400007247925,12,0,4.34277580069475,3.21301467977649,118.215874951177,1302.27446206015,128
"652",2021-12-12,33590,1343,604,106,96.1,185,4,4,157,1,0,14,14,1,1720,161,1977,0.0364199995994568,14,0.0714300012588501,3.66661774112255,3.38721014609656,174.167044152077,1419.46795215056,185
"653",2021-12-13,33887,1578,604,100,100.6,297,5,9,262,1,0,15,15,0,1721,267,2090,0.0377999997138977,79,0.0126600003242493,3.68843427513425,3.42282539459745,291.292944838939,1668.38302230654,297
"654",2021-12-14,34194,1815,604,199,119,307,4,3,266,2,0,16,16,0,1723,270,2041,0.0494899988174438,12,0,4.9200724591526,3.7253889281114,293.628757687845,1953.67109334607,307
"655",2021-12-15,34520,2064,604,252,148.7,326,1,4,304,0,0,13,13,0,1723,305,2780,0.0460400009155273,20,0.05,4.60682866232735,4.02891936788013,330.819244613987,2211.6554783058,326
"656",2021-12-16,34931,2415,605,308,171.7,411,7,2,387,3,0,16,16,1,1726,394,2938,0.0871300029754639,58,0.0172399997711182,8.57769922325226,4.82231023727335,448.481331754169,2736.68125935614,411
"657",2021-12-17,35403,2817,605,355,210,472,7,9,431,2,0,18,18,0,1728,438,3115,0.102089996337891,10,0.1,10.208330834961,5.71582271380639,516.433116418627,3263.55956381569,472
"658",2021-12-18,35905,3272,605,308,232.6,502,23,15,435,1,0,18,18,0,1729,458,2673,0.0912800025939941,3,0,9.1177670752521,6.39796432445744,537.847282771107,3735.27578433856,502
"659",2021-12-19,36451,3753,605,402,274.9,546,21,8,497,1,0,19,19,0,1730,518,2673,0.0939000034332275,46,0.0217400002479553,9.26792016139842,7.19815038449685,600.550378926122,4293.1304480883,546
"660",2021-12-20,37363,4538,605,386,315.7,912,8,20,857,1,0,18,18,0,1731,865,2474,0.100240001678467,11,0,9.9796283361178,8.09689239320879,1019.05045318327,5241.26122144007,912
"661",2021-12-21,38224,5293,605,488,357,861,5,17,815,3,0,19,19,0,1734,820,2743,0.117749996185303,96,0.0208299994468689,11.4472673294535,9.02934880325178,982.765077895653,6233.89580158743,861
"662",2021-12-22,39054,5999,605,670,416.7,830,6,29,771,2,0,21,21,0,1736,777,4020,0.182089996337891,124,0.0161300003528595,17.7124011902045,10.9015734500914,1019.71562293789,7649.03863835829,830
"663",2021-12-23,39919,6747,605,736,477.9,865,1,45,803,2,1,21,20,0,1738,804,3597,0.217959995269775,96,0.0104200005531311,21.2564966974948,12.712830232126,1114.39060833824,8974.10253042055,865
"664",2021-12-24,40689,7367,605,860,550,770,0,33,720,3,1,23,22,0,1741,720,3803,0.26636999130249,68,0.0735300016403198,26.2982463713488,15.0113895944671,1047.03369239715,10375.5364054025,770
"665",2021-12-25,41229,7783,606,504,578,540,0,32,500,3,1,23,22,1,1744,500,2656,0.250380001068115,57,0.035090000629425,24.5856768475043,17.2210909905032,722.89299195605,10754.4403127879,540
"666",2021-12-26,42035,8409,606,428,581.7,806,0,51,743,7,1,26,25,0,1751,743,2040,0.21863000869751,54,0.0185199999809265,21.34695786733,18.9466678056362,1040.29898282039,11196.5210585958,806
"667",2021-12-27,43178,9247,606,548,604.9,1143,1,57,1078,5,2,30,28,0,1756,1079,1898,0.272390003204346,183,0.0546400022506714,25.3241396681269,21.1387408530661,1560.32044354297,12883.4144035606,1143
"668",2021-12-28,44437,10204,606,873,659.9,1259,0,77,1176,7,1,36,35,0,1763,1176,2597,0.388139991760254,90,0.1,37.848885694134,24.910400619449,1944.19124950289,16201.3771342921,1259
"669",2021-12-29,45852,11274,606,1241,741.4,1415,0,80,1328,5,4,40,36,0,1768,1328,3486,0.304360008239746,144,0.0347199988365173,29.3663545056808,26.5752510930885,2013.60007996694,16415.2163415266,1415
"670",2021-12-30,47293,12312,607,1339,827.6,1441,0,76,1362,11,5,46,41,1,1779,1362,3324,0.314680004119873,129,0.0542600011825562,30.4951020517523,27.8950518579824,2082.97816186414,18142.3752781727,1441
"671",2021-12-31,48203,12742,610,1339,896,910,0,67,842,13,5,54,49,3,1792,842,3305,0.357639999389648,182,0.0164800000190735,33.9833541148912,28.9929243927742,1353.34075033769,19466.2159629487,910
"672",2022-01-01,48636,12637,610,1178,992.3,433,0,59,373,17,6,70,64,0,1809,373,2500,0.400400009155273,169,0.118339996337891,38.2540083278114,30.9455431756752,653.576445642685,20143.8674090794,433
"673",2022-01-02,49247,12596,611,504,1003.1,611,0,76,535,9,5,75,70,1,1818,535,2226,0.312220001220703,64,0.0468800020217896,30.4804385522567,32.2503261306648,864.228629733695,18557.9959254685,611
"674",2022-01-03,49989,12364,611,568,1006,742,0,108,634,8,4,72,68,0,1826,634,1773,0.250990009307861,105,0.1428600025177,24.4944401899465,32.1317976337819,983.154065433866,17066.8846451488,742
"675",2022-01-04,50760,12194,613,808,996.7,771,0,105,666,12,4,79,75,2,1838,666,2135,0.333019981384277,300,0.146669998168945,31.006105121401,31.1542575519629,1091.67068231248,18065.2587088865,771
"676",2022-01-05,51413,11923,614,696,918.9,653,0,124,528,17,7,93,86,1,1855,528,2678,0.314409999847412,314,0.0541400003433228,28.7095568081274,31.0604293094552,887.39553585428,17238.5700264973,653
"677",2022-01-06,52033,11622,618,845,848.3,620,2,119,499,12,7,92,85,4,1867,501,2294,0.282040004730225,121,0.0743800020217896,27.1635507700113,30.5844934120637,831.330449587449,16524.3602497112,620
"678",2022-01-07,52606,11460,619,663,751.7,573,4,148,421,19,8,99,91,1,1886,425,2309,0.298400001525879,444,0.0427899980545044,25.7175576701582,29.4036653485304,742.729160841205,16036.6969017417,573
"679",2022-01-08,53042,11364,620,709,684.7,436,0,96,340,21,10,111,101,1,1907,340,2371,0.309150009155273,280,0.0964299964904785,28.6682410684454,28.0342700257638,587.362320224887,16423.0629618695,436
"680",2022-01-09,53427,11040,620,507,685.1,385,0,88,297,18,13,121,108,0,1925,297,1324,0.273409996032715,172,0.0581400012969971,24.865970252032,27.2322031257317,499.683165174309,15302.9701802167,385
"681",2022-01-10,54069,10603,621,411,662.7,642,0,144,498,14,14,123,109,1,1939,498,1342,0.175109996795654,126,0.0714300012588501,16.6211032601078,26.1074407071833,770.536657420904,13339.695137819,642
"682",2022-01-11,54570,9888,624,603,633.4,501,1,116,383,15,9,126,117,3,1954,384,2155,0.292339992523193,415,0.101199998855591,26.1474974090487,25.413353891133,655.919044467868,13902.9153950476,501
"683",2022-01-12,55079,8976,627,485,603.3,509,1,156,352,18,9,126,117,3,1972,353,1537,0.297329998016357,163,0.208589992523193,28.882139748966,25.438008596967,667.322224037561,13001.7798384169,509
"684",2022-01-13,55495,7975,630,402,540,416,0,110,306,15,11,125,114,3,1987,306,2030,0.139409999847412,163,0.134969997406006,13.9079985986058,23.5443582867663,482.088192829448,9697.39652880669,416
"685",2022-01-14,55917,7466,632,436,507.6,422,0,100,322,20,15,136,121,2,2007,322,1747,0.215230007171631,275,0.167269992828369,20.8707255468171,22.8519536977175,526.359317540955,9885.71013900861,422
"686",2022-01-15,56234,7365,636,380,460.6,317,0,79,238,15,11,139,128,4,2022,238,1535,0.18371000289917,208,0.144230003356934,17.8998677652592,21.3136146544052,383.15529209273,9412.20053051664,317
"687",2022-01-16,56512,7046,642,385,443.1,278,0,63,215,12,14,141,127,6,2034,215,1342,0.225779991149902,85,0.188239994049072,22.3543901623924,20.9548174987424,352.634408993732,9491.9257942783,278
"688",2022-01-17,56821,6633,646,295,426.6,309,1,101,207,14,15,136,121,4,2048,208,892,0.177129993438721,183,0.0819699954986572,16.0930663556831,20.8793836552532,360.980439662588,8290.62623212474,309
"689",2022-01-18,57252,6276,647,205,369.7,431,2,116,313,17,16,134,118,1,2065,315,991,0.16548999786377,18,0.166669998168945,16.5511048414308,19.5084704313078,511.960905166954,7889.0496534216,431
"690",2022-01-19,57611,5985,651,501,372,359,0,105,254,23,21,140,119,4,2088,254,1685,0.216620006561279,290,0.1,19.9496056230762,18.2323941276092,437.687517293565,7839.11335040152,359
"691",2022-01-20,57912,5680,654,486,384,301,0,91,210,18,19,138,119,3,2106,210,1748,0.206520004272461,159,0.226420001983643,20.8179207018176,19.2195258566395,368.888225382756,7516.21485797169,301
"692",2022-01-21,58201,5402,657,359,373,289,1,92,196,13,20,136,116,3,2119,197,1221,0.239969997406006,87,0.241380004882812,24.0063782306986,19.6674762400511,362.439664142459,7415.81251623129,289
"693",2022-01-22,58444,5191,660,389,374.3,243,0,48,195,12,22,132,110,3,2131,195,1273,0.18068000793457,94,0.223400001525879,18.361759344853,19.7334607514217,298.601526378802,6671.14114580699,243
"694",2022-01-23,58658,4994,667,249,354.9,214,1,65,148,21,20,136,116,7,2152,149,955,0.221989994049072,120,0.0666699981689453,20.4651947997337,19.4635756996133,261.352178366852,6581.09247492656,214
"695",2022-01-24,58980,4681,673,238,346.7,322,0,104,218,11,19,127,108,6,2163,218,923,0.17443000793457,71,0.323940010070801,18.5109293801444,19.8089847031078,384.664637130746,6026.56498352762,322
"696",2022-01-25,59255,4461,678,266,355.4,275,1,104,170,11,22,120,98,5,2174,171,1417,0.175020008087158,62,0.338709983825684,18.1881927286474,20.0428544012815,323.297368586794,5720.96819453618,275
"697",2022-01-26,59461,4200,682,388,339.3,206,0,72,134,10,23,119,96,4,2184,134,1320,0.201520004272461,272,0.10293999671936,18.467718891163,19.8311562967225,244.428715236999,5404.48211936862,206
"698",2022-01-27,59651,3978,683,293,311.7,190,0,48,142,6,21,103,82,1,2190,142,1248,0.158649997711182,121,0.148760004043579,15.77758638662,19.1111085374086,224.790984845468,4952.63758954417,190
"699",2022-01-28,59828,3733,685,228,293,177,0,44,133,3,20,92,72,2,2193,133,1042,0.182339992523193,126,0.0793699979782104,17.1231928043169,18.1277963336398,212.365043722701,4725.61434749507,177
"700",2022-01-29,59978,3543,688,196,265.4,150,0,35,115,8,18,92,74,3,2201,115,905,0.140329999923706,82,0.0609800004959106,13.3737598755439,17.4152249808813,173.883016196839,4278.80457726436,150
"701",2022-01-30,60154,3453,688,191,257.1,176,0,40,136,3,17,87,70,0,2204,136,694,0.167150001525879,110,0.0363599991798401,14.9255846976048,16.6238521091486,207.521586903763,4253.32382043156,176
"702",2022-01-31,60371,3351,691,225,255.3,217,0,29,188,5,18,81,63,3,2209,188,822,0.10706000328064,56,0.178570003509521,11.1621005573143,15.5740194201729,249.586790723874,3931.84221125373,217
"703",2022-02-01,60571,3148,695,274,256.4,200,0,48,152,4,15,70,55,4,2213,152,1315,0.112550001144409,101,0,10.452207027182,14.4688786056778,224.671150509256,3658.95251186274,200
"704",2022-02-02,60710,2949,698,275,240.3,139,0,27,112,9,16,70,54,3,2222,112,1054,0.144209995269775,204,0.0833300018310547,13.4337563901334,13.7497411055308,162.364328445368,3564.19111236955,139
"705",2022-02-03,60850,2805,700,208,228.1,140,0,18,122,6,15,66,51,2,2228,122,972,0.148149995803833,129,0.0542600011825562,13.7149260739215,13.4550753465738,165.983108885015,3402.398528053,140
"706",2022-02-04,60989,2681,706,185,222,139,0,17,122,6,15,64,49,6,2234,122,925,0.108109998703003,84,0.0714300012588501,10.5056361651161,12.5097101124023,158.903066696335,3118.3780476465,139
"707",2022-02-05,61099,2556,712,146,214.9,110,0,9,101,4,15,58,43,6,2238,101,834,0.121099996566772,116,0.0948299980163574,11.7892291480616,12.2833485799048,128.490327122387,3023.93342697843,110
"708",2022-02-06,61197,2437,715,138,207.3,98,0,5,93,3,12,52,40,3,2241,93,650,0.150769996643066,115,0.017389999628067,13.0719408856498,12.0185423210541,116.878210978572,2931.69032424495,98
"709",2022-02-07,61339,2247,716,167,199,142,0,7,135,4,10,49,39,1,2245,135,692,0.0924899959564209,29,0.103450002670288,9.29308284039967,11.7515397900663,161.481903536914,2571.26546109219,142
"710",2022-02-08,61444,2080,717,215,190.6,105,0,6,99,2,9,46,37,1,2247,99,919,0.130579996109009,113,0.00884999990463257,11.725103334632,11.933382119702,123.025598153921,2458.71963798137,105
"711",2022-02-09,61534,1937,720,174,176.1,90,0,7,83,5,9,39,30,3,2252,83,753,0.095620002746582,84,0.0357100009918213,8.96075294521974,11.2943816275715,101.549426187585,2206.53299428135,90
"712",2022-02-10,61621,1825,724,182,172.4,87,0,7,80,0,7,31,24,4,2252,80,856,0.100469999313354,41,0.121949996948242,10.1451805225317,10.7844179773729,99.6033958773157,2112.51496845126,87
"713",2022-02-11,61706,1726,724,117,162.7,85,0,8,77,3,5,27,22,0,2255,77,689,0.0899899959564209,59,0.0169500005245209,8.42288198461507,10.4868816658728,95.0713862607066,1951.75600890883,85
"714",2022-02-12,61775,1654,727,137,161.4,69,0,5,64,4,5,28,23,3,2259,64,635,0.111809997558594,47,0,10.4104616495172,10.2899148803664,79.3463644943982,1921.3888574021,69
"715",2022-02-13,61869,1592,728,144,162.3,94,0,6,88,0,4,25,21,1,2259,88,457,0.0940900039672852,30,0.0666699981689453,9.24008865669768,9.74250741908758,106.62689653728,1820.43203735626,94
"716",2022-02-14,61966,1488,728,174,163.3,97,0,3,94,2,2,23,21,0,2261,94,579,0.0690799999237061,36,0.0277800011634827,6.66624390206686,9.36724471361146,106.730762316444,1642.03589709435,97
"717",2022-02-15,62043,1384,731,177,157.9,77,0,4,73,1,2,19,17,3,2262,73,649,0.123269996643066,71,0.0140799999237061,11.2502649744351,9.29941066215476,89.7533248797663,1625.78906347392,77
"718",2022-02-16,62153,1355,731,200,161.6,110,0,14,96,4,3,18,15,0,2266,96,890,0.0809000015258789,52,0.0576900005340576,7.96187700486234,9.15671409924656,121.8692836579,1522.5299932964,110
"719",2022-02-17,62249,1321,732,181,161.4,96,0,9,87,2,4,19,15,1,2268,87,591,0.123520002365112,16,0.125,12.3559013834895,9.47253136509768,112.69288869526,1574.46328697056,96
"720",2022-02-18,62348,1288,735,126,162.7,99,0,15,84,2,3,18,15,3,2270,84,627,0.105260000228882,21,0.0476200008392334,10.3392037285699,9.74629161423408,112.486653216853,1494.79534932508,99
"721",2022-02-19,62444,1278,736,120,160.3,96,0,4,92,2,3,19,16,1,2272,92,643,0.124420003890991,24,0,11.9943122191765,9.97255598132827,113.135666000666,1516.03675161795,96
"722",2022-02-20,62512,1238,738,119,156.7,68,0,5,63,3,5,19,14,2,2275,63,558,0.0914000034332275,27,0.037039999961853,8.88910801960871,9.92241589031556,76.6963406768214,1408.88999615722,69
"723",2022-02-21,62587,1183,740,76,142.7,75,0,3,72,4,3,22,19,2,2279,72,430,0.0814000034332275,11,0,7.93696178600631,10.1039470165926,83.8741057004357,1328.80648671688,77
"724",2022-02-22,62701,1195,740,117,134.1,114,0,4,110,2,3,23,20,0,2281,110,574,0.123690004348755,36,0.0277800011634827,11.802974186569,10.1829054754689,134.161458864625,1414.0267576657,116
"725",2022-02-23,62808,1213,741,154,127.6,107,0,7,100,2,4,22,18,1,2283,100,777,0.105530004501343,40,0.075,10.4035267438854,10.5317125810436,123.155425448347,1408.96531068845,110
"726",2022-02-24,62900,1220,741,142,122,92,0,5,87,5,4,26,22,0,2288,87,769,0.0858300018310547,34,0.0882400035858154,8.59320442465738,9.99418444406759,103.609465027627,1382.79939464028,97
"727",2022-02-25,62976,1209,742,141,124.1,76,0,3,73,1,3,25,22,1,2289,73,740,0.113509998321533,16,0,11.1107670314728,10.1044077730537,88.5951897077769,1417.59704598222,83
"728",2022-02-26,63044,1202,742,124,124.7,68,0,4,64,4,2,26,24,0,2293,64,671,0.0894200038909912,12,0,8.78489350085726,9.6459193847224,76.7308049598891,1365.97543065292,79
"729",2022-02-27,63121,1183,743,68,117.4,77,0,2,75,0,1,22,21,1,2293,75,561,0.0623899984359741,36,0.0555600023269653,6.19781393741243,9.26144880155151,84.2183445676807,1296.85735498088,92
"730",2022-02-28,63207,1166,743,77,117.6,86,0,6,80,3,1,20,19,0,2296,80,465,0.0860200023651123,32,0,8.0481491146433,9.27733270564251,95.9982458810112,1311.72443371574,102
"731",2022-03-01,63289,1168,744,120,118,82,0,6,76,2,0,16,16,1,2298,76,915,0.172679996490479,52,0.0576900005340576,16.6496459996442,9.96971439322468,101.649721887196,1469.98519952954,107
"732",2022-03-02,63335,1094,748,153,117.9,46,0,12,34,0,0,9,9,4,2298,34,634,0.14826000213623,55,0.01817999958992,13.7876257375639,10.4531571066073,53.2795781821686,1328.23113327331,87
"733",2022-03-03,63375,1048,749,147,118.6,40,0,9,31,2,0,10,10,1,2300,31,377,0.140579996109009,63,0.111110000610352,13.6360428571701,11.1735625969663,46.5642915672685,1269.91540524185,93
"734",2022-03-04,63403,989,749,121,115.7,28,0,3,25,0,0,10,10,0,2300,25,NA,NA,NA,NA,NA,NA,NA,NA,90
"735",2022-03-05,63403,900,749,51,105.3,0,0,0,0,0,0,10,10,0,2300,0,NA,NA,NA,NA,NA,NA,NA,NA,99
