"","date","observed_cumulative_cases","observed_active_cases","observed_cumulative_deaths","observed_new_cases","observed_daily_average_cases","observed_new_episodes","observed_new_cases_community_outbreak","observed_new_cases_institution_outbreak","observed_new_cases_sporadic","observed_new_ICU_p_acute_care","observed_census_ICU","observed_census_ICU_p_acute_care","observed_census_acute_care","observed_new_deaths","cumulative_hosp","observed_new_community_cases","num_non_ltch_tests","non_ltch_pct_positivity","num_ltch_tests","ltch_pct_positivity","observed_pct_positivity","pct_positivity_7_day","adjusted_new_episodes","adjusted_active_cases","adjusted_episode_cases"
"1",2020-03-01,7,7,0,0,0,2,0,0,2,0,0,1,1,0,0,2,NA,NA,NA,NA,NA,NA,NA,NA,2
"2",2020-03-02,10,10,0,0,0,3,2,0,1,0,0,1,1,0,0,3,NA,NA,NA,NA,NA,NA,NA,NA,3
"3",2020-03-03,11,11,0,0,0,1,0,0,1,0,0,1,1,0,0,1,NA,NA,NA,NA,NA,NA,NA,NA,1
"4",2020-03-04,12,12,0,0,0,1,0,0,1,0,0,1,1,0,0,1,NA,NA,NA,NA,NA,NA,NA,NA,1
"5",2020-03-05,18,18,0,0,0,6,2,0,4,0,0,1,1,0,0,6,NA,NA,NA,NA,NA,NA,NA,NA,6
"6",2020-03-06,23,23,0,0,0,5,0,1,4,0,0,1,1,0,0,4,NA,NA,NA,NA,NA,NA,NA,NA,5
"7",2020-03-07,27,27,0,0,0,4,0,0,4,0,0,1,1,0,0,4,NA,NA,NA,NA,NA,NA,NA,NA,4
"8",2020-03-08,36,36,0,0,0,9,1,0,8,0,0,1,1,0,0,9,NA,NA,NA,NA,NA,NA,NA,NA,9
"9",2020-03-09,45,45,0,1,0.1,9,0,0,9,0,0,1,1,0,0,9,NA,NA,NA,NA,NA,NA,NA,NA,9
"10",2020-03-10,52,52,0,0,0.1,7,1,0,6,0,0,1,1,0,0,7,NA,NA,NA,NA,NA,NA,NA,NA,7
"11",2020-03-11,61,61,0,0,0.1,9,0,0,9,0,0,1,1,0,0,9,NA,NA,NA,NA,NA,NA,NA,NA,9
"12",2020-03-12,75,75,0,3,0.6,14,1,0,13,0,0,1,1,0,0,14,NA,NA,NA,NA,NA,NA,NA,NA,14
"13",2020-03-13,97,97,0,1,0.7,22,2,2,18,0,0,1,1,0,0,20,NA,NA,NA,NA,NA,NA,NA,NA,22
"14",2020-03-14,115,115,0,4,1.3,18,1,1,16,1,0,2,2,0,1,17,NA,NA,NA,NA,NA,NA,NA,NA,18
"15",2020-03-15,142,142,0,4,1.9,27,1,0,26,0,0,2,2,0,1,27,NA,NA,NA,NA,NA,NA,NA,NA,27
"16",2020-03-16,157,157,0,0,1.7,15,0,0,15,0,0,2,2,0,1,15,NA,NA,NA,NA,NA,NA,NA,NA,15
"17",2020-03-17,180,179,0,5,2.4,23,1,0,22,2,0,4,4,0,3,23,127,0,4,0,0,0,23,179,23
"18",2020-03-18,196,194,0,4,3,16,0,0,16,0,0,3,3,0,3,16,210,0.0190499997138977,1,0,1.89597153550641,0.947985767753204,15.6892210752988,190.231805537998,16
"19",2020-03-19,221,219,0,1,2.7,25,0,0,25,4,0,7,7,0,7,25,110,0.0272699999809265,9,0,2.52075630075791,1.47224261208811,24.354389426878,213.344451379451,25
"20",2020-03-20,243,241,0,2,2.9,22,1,1,20,3,1,10,9,0,10,21,137,0.00730000019073486,4,0,0.709290798674238,1.28150465873464,21.8474039173561,239.248778289659,22
"21",2020-03-21,263,261,0,4,2.9,20,0,2,18,3,1,10,9,0,13,18,204,0.0147099995613098,3,0,1.44968111618705,1.31513995022512,19.732671814285,257.123741307133,20
"22",2020-03-22,289,287,0,7,3.3,26,0,1,25,3,5,13,8,0,16,25,159,0.0314499998092651,2,0,3.10593165818208,1.61360523488462,25.2045155982299,277.867839067679,26
"23",2020-03-23,310,308,0,9,4.6,21,1,0,20,4,5,17,12,0,20,21,138,0.0362299990653992,3,0,3.54591480214545,1.88964945877902,20.2371355878187,296.811321954674,21
"24",2020-03-24,328,324,1,8,5,18,1,3,14,3,7,20,13,1,23,15,253,0.0197599995136261,4,0,1.94524508830638,2.16754161425136,17.7010728575515,317.543173723113,18
"25",2020-03-25,351,347,1,8,5.6,23,0,1,22,4,8,23,15,0,27,22,153,0.0588199996948242,2,0,5.80610319568265,2.7261318514194,21.6913991577187,326.359795805836,23
"26",2020-03-26,365,357,1,19,8.1,14,1,3,10,2,7,25,18,0,29,11,274,0.025550000667572,3,0,2.5273285858898,2.72707074929538,13.7151907049571,347.756643788155,14
"27",2020-03-27,382,365,1,27,11.7,17,3,2,12,5,9,26,17,0,34,15,577,0.0294600009918213,4,0,2.92571782655437,3.04370318184968,16.5504029416345,354.059804913107,17
"28",2020-03-28,407,387,2,26,14.9,25,1,1,23,3,8,25,17,1,37,24,367,0.0817399978637695,3,0,8.10772411243336,3.99485218131344,23.0065287893977,354.855276729038,25
"29",2020-03-29,426,399,2,11,15.4,19,5,4,10,7,8,31,23,0,44,15,184,0.0434800004959106,0,0,4.34800004959107,4.1722905229433,18.3318398601784,381.226940280746,19
"30",2020-03-30,451,408,3,48,21,25,8,3,14,4,12,32,20,1,48,22,549,0.0783199977874756,0,0,7.83199977874756,4.7845883767436,23.2347951523086,375.263473733722,25
"31",2020-03-31,468,405,3,51,27.1,17,2,3,12,6,13,34,21,0,54,14,943,0.064689998626709,0,0,6.4689998626709,5.43083905879567,16.0721774110964,378.159417963859,17
"32",2020-04-01,495,408,3,37,31.3,27,6,4,16,3,15,33,18,0,57,22,575,0.0573899984359741,4,0.25,5.87206374795943,5.44026199483521,24.6765327264209,383.455697835442,27
"33",2020-04-02,512,404,6,32,33.1,17,5,4,7,6,14,34,20,3,63,12,107,0.0841100025177002,9,0,7.75842264602924,6.1875611462837,15.0462063107928,371.88894579669,17
"34",2020-04-03,539,409,6,26,33,27,3,4,19,5,14,37,23,0,68,22,217,0.110600004196167,2,0,10.9589958495745,7.33517229242944,23.5300213041384,363.080850608754,27
"35",2020-04-04,556,416,7,18,31.9,17,3,7,6,7,14,43,29,1,75,9,315,0.0253999996185303,3,0,2.51603769806196,6.53635994751924,15.7680152602172,405.277149805594,17
"36",2020-04-05,583,427,8,40,36,27,4,8,13,4,13,43,30,1,79,17,422,0.0663500022888184,5,0.2,6.79149905524153,6.88543123404074,23.8171917906766,397.290640859937,27
"37",2020-04-06,602,427,9,40,34.9,19,3,7,9,4,12,44,32,1,83,12,238,0.117650003433228,4,0.25,11.9837606682265,7.47853993253773,17.5267578450145,374.577133318434,19
"38",2020-04-07,625,425,9,25,31.1,23,2,11,10,4,14,45,31,0,87,12,285,0.108769998550415,6,0,10.6527318167932,8.07621592598378,21.6903899357849,378.617976892381,23
"39",2020-04-08,645,428,11,26,29.6,20,1,11,7,5,16,44,28,2,92,8,368,0.0434800004959106,6,0.333330001831055,4.81300005173301,7.92492111223715,18.6055375957254,406.896261371308,20
"40",2020-04-09,681,436,11,25,28.6,36,1,20,13,6,16,47,31,0,98,14,295,0.0949199962615967,5,0,9.33379963239034,8.14997496743159,32.661290721429,394.308768181645,36
"41",2020-04-10,715,452,11,37,30.1,34,0,20,13,4,16,48,32,0,102,13,331,0.090629997253418,8,0,8.84912362562872,7.84856464972504,31.8214625735924,411.023160251057,34
"42",2020-04-11,759,482,11,31,32,44,0,34,8,5,19,52,33,0,107,8,225,0.102220001220703,11,0.363639984130859,11.4404830932617,9.12348542046786,41.0623643427126,425.507451648433,44
"43",2020-04-12,792,497,13,35,31.3,33,0,18,14,1,18,48,30,2,108,14,227,0.101319999694824,12,0.5,12.1337405567887,9.88666277783175,30.2597064746518,435.219579850137,33
"44",2020-04-13,816,504,16,16,27.9,24,0,19,5,3,20,50,30,3,111,5,165,0.0606099987030029,26,0.0384599995613098,5.75948155737672,8.99748004771035,23.704978844006,474.261867475807,24
"45",2020-04-14,849,505,18,32,28.9,33,0,26,7,5,20,50,30,2,116,7,208,0.0673099994659424,18,0.166669998168945,7.52236276812258,8.55028446932883,32.4605489066041,466.082456833579,33
"46",2020-04-15,878,503,24,60,33.7,29,2,18,9,4,16,50,34,6,120,11,390,0.1,24,0.208330001831055,10.6280000106148,9.38099874916909,27.8023111804146,448.232956704415,29
"47",2020-04-16,948,552,24,21,33.1,70,1,55,13,7,13,52,39,0,127,14,310,0.0354800009727478,11,0,3.42641753942424,8.5370870216025,68.5085627361907,532.623330741235,70
"48",2020-04-17,980,556,26,73,38.3,32,0,26,6,0,13,49,36,2,127,6,378,0.0846599960327148,66,0.5,14.6399726352176,9.36435116582949,31.1001061590281,472.609837403272,32
"49",2020-04-18,1020,578,31,31,38.3,40,0,31,9,1,11,46,35,5,128,9,421,0.0617600011825562,8,0,6.06082995288022,8.59582928863213,39.4411768708514,542.111136816901,40
"50",2020-04-19,1037,581,35,38,38.7,17,0,13,4,5,15,47,32,4,133,4,452,0.0442500019073486,47,0.127659997940063,5.21062540386865,7.60681283821498,16.7864745686171,549.985431091634,17
"51",2020-04-20,1098,617,39,16,38.7,61,1,47,13,3,13,45,32,4,136,14,325,0.0523099994659424,43,0.0232599997520447,4.89155701515467,7.48282361789754,60.2984236837351,586.080529490327,61
"52",2020-04-21,1134,629,47,51,41.4,36,0,26,10,2,11,43,32,8,138,10,543,0.069980001449585,25,0.36,8.27449661745152,7.59027131065882,35.1523016323502,575.679772674826,36
"53",2020-04-22,1175,646,54,35,37.9,41,1,31,9,4,9,45,36,7,142,10,656,0.0243899989128113,122,0.106560001373291,3.7275269221524,6.60448944087848,40.6181255932095,621.330913321333,41
"54",2020-04-23,1220,661,57,50,42,45,0,35,10,5,11,48,37,3,147,10,775,0.0361299991607666,105,0.0285700011253357,3.522795394063,6.61825770582687,44.6390997491239,637.144493417091,45
"55",2020-04-24,1261,668,65,38,37,41,0,36,5,7,10,48,38,8,154,5,517,0.0406199979782104,94,0.106379995346069,5.07369206501887,5.25164619579848,40.7401074240333,633.278351850849,41
"56",2020-04-25,1362,740,78,53,40.1,101,0,95,6,4,9,48,39,13,158,6,557,0.0502699995040894,28,0.0357100009918213,4.95731106864081,5.09400064090713,100.695282647748,702.4181932222,101
"57",2020-04-26,1416,758,87,87,47.1,54,0,41,13,5,9,50,41,9,163,13,358,0.0502799987792969,81,0.0123500001430511,4.32815252268233,4.96793308645194,53.4235711974451,724.389766743335,54
"58",2020-04-27,1477,782,95,87,57.3,61,0,54,7,8,11,56,45,8,171,7,269,0.0632000017166138,80,0.1,7.16355314090805,5.29250396155957,60.4862802162588,724.610161302056,61
"59",2020-04-28,1497,777,103,65,59.3,20,0,13,7,7,13,61,48,8,178,7,503,0.0616300010681152,11,0.272730007171631,6.61477054788909,5.05540023733637,19.525635054488,724.345491048168,20
"60",2020-04-29,1522,766,111,28,58.3,25,0,17,8,7,13,62,49,8,185,8,668,0.0314400005340576,74,0.148649997711182,4.31294072606172,5.13903078075198,24.6465213068752,732.1544151333,25
"61",2020-04-30,1542,756,122,30,55.4,20,0,10,10,2,11,56,45,11,187,10,603,0.0414599990844727,6,0.333330001831055,4.43355656139956,5.26913951894292,19.5457948883495,721.662093559219,20
"62",2020-05-01,1565,739,135,43,56.1,23,0,16,7,6,11,57,46,13,193,7,516,0.031010000705719,55,0.0909099960327148,3.67797025323123,5.06975068868754,22.7362417719348,711.154667065693,23
"63",2020-05-02,1586,740,139,22,51.7,21,0,15,6,4,12,57,45,4,197,6,508,0.0511800003051758,28,0.0357100009918213,5.03718660126871,5.08116147906296,20.6903728366675,701.812649855659,21
"64",2020-05-03,1605,721,148,23,42.6,19,0,13,6,3,12,52,40,9,200,6,826,0.0205800008773804,231,0.0043299999833107,1.70286761786764,4.70612077837514,18.8953276676472,708.421874728937,19
"65",2020-05-04,1623,718,152,14,32.1,18,0,11,7,6,10,52,42,4,206,7,637,0.0109899997711182,24,0.125,1.51295459216373,3.89889241426881,17.8915015090126,706.871154781578,18
"66",2020-05-05,1648,718,156,29,27,25,0,24,1,3,9,50,41,4,209,1,923,0.0292499995231628,29,0.172409992218018,3.36109656871868,3.4340818458159,24.9655665328474,693.276770584406,25
"67",2020-05-06,1664,691,161,23,26.3,16,0,11,5,4,10,52,42,5,213,5,598,0.0167200005054474,149,0.0134200000762939,1.60617674881196,3.04740127763736,15.9177259070205,679.629720350237,16
"68",2020-05-07,1687,669,167,32,26.6,23,0,16,7,6,10,54,44,6,219,7,813,0.0356699991226196,234,0.0128199994564056,3.05631224063884,2.85065208895726,22.7808227240836,648.052914630276,23
"69",2020-05-08,1700,636,173,16,22.7,13,0,8,5,4,8,54,46,6,223,5,715,0.00978999972343445,127,0.0472399997711182,1.54386339349022,2.54577968042283,12.92091781899,625.940746575527,13
"70",2020-05-09,1717,620,179,12,21.3,17,0,12,5,5,6,51,45,6,228,5,1100,0.0154499995708466,164,0.0304900002479553,1.74013920637626,2.0747729097239,16.9108638728779,608.947120236863,17
"71",2020-05-10,1729,551,185,25,21.6,12,0,8,4,3,5,52,47,6,231,4,907,0.0176400005817413,316,0.0126600003242493,1.6353262984548,2.06512414980778,11.9329862106245,541.768850513528,12
"72",2020-05-11,1749,532,188,14,21.6,20,0,14,6,1,5,51,46,3,232,6,517,0.00967000007629394,197,0.0152300000190735,1.12040616851561,2.00904580357234,19.9311305672793,525.893576965431,20
"73",2020-05-12,1772,515,193,13,19.3,23,0,17,6,4,6,50,44,5,236,6,835,0.0131700003147125,322,0.00310999989509583,1.03702422031165,1.67703546808562,22.9362559116707,509.528632418406,23
"74",2020-05-13,1793,497,195,21,19,21,0,15,6,2,7,46,39,2,238,6,1249,0.0144099998474121,224,0.0133899998664856,1.42548878340193,1.65122290159847,20.9123776656883,489.74194997451,21
"75",2020-05-14,1807,469,198,25,18,14,0,10,4,2,6,44,38,3,240,4,1046,0.0267700004577637,127,0.0236199998855591,2.6428951802461,1.59216332154237,13.8916971976065,456.30149641936,14
"76",2020-05-15,1827,455,201,17,18.1,20,0,12,8,1,5,43,38,3,241,8,1163,0.012039999961853,137,0.0146000003814697,1.23097846214588,1.54746547420746,19.8991118390673,449.261985846953,20
"77",2020-05-16,1843,436,207,19,19.1,16,0,6,10,1,4,41,37,6,242,10,967,0.0134399998188019,25,0.04,1.4109354662078,1.50043636846911,15.8554537216148,429.697782262405,16
"78",2020-05-17,1855,397,212,15,17.7,12,0,9,3,1,2,41,39,5,243,3,353,0.0254999995231628,10,0.1,2.7552341134095,1.66042319917693,11.9153202580745,385.794047485194,12
"79",2020-05-18,1870,389,213,26,19.4,15,0,8,7,2,1,42,41,1,245,7,376,0.0398900008201599,17,0.0588199996948242,4.07088557333133,2.08192025700774,14.7080646412149,372.776735061801,15
"80",2020-05-19,1882,352,219,23,20.9,12,0,8,4,0,1,39,38,6,245,4,359,0.0390000009536743,31,0.225809993743896,5.38490003805894,2.70304537382879,11.779332994706,332.581303534132,12
"81",2020-05-20,1897,338,223,17,20.3,15,0,9,6,3,1,40,39,4,248,6,675,0.0296300005912781,36,0.0555600023269653,3.0942912071566,2.94144572007945,14.8097992620017,327.285358426094,15
"82",2020-05-21,1905,324,229,11,18.3,8,0,1,7,0,1,37,36,6,248,7,478,0.0209200000762939,36,0,1.94547860631683,2.8418147809467,7.86048392058365,317.542398609872,8
"83",2020-05-22,1912,308,233,7,16.9,7,0,3,4,1,1,35,34,4,249,4,514,0.00583999991416931,14,0,0.568515143159664,2.74717716394867,6.97670290382019,306.206123594155,7
"84",2020-05-23,1921,304,236,6,15,9,1,3,5,1,0,34,34,3,250,6,582,0.00859000027179718,43,0,0.799900825309753,2.65988650096323,8.95083147735174,301.508794852488,9
"85",2020-05-24,1931,301,237,8,14,10,0,3,7,1,1,35,34,1,251,7,332,0.0150600004196167,25,0.04,1.68064989896716,2.50637447032861,9.87947557787885,295.817449848791,10
"86",2020-05-25,1946,297,240,6,11.1,15,1,7,7,0,1,34,33,3,251,8,401,0.0174600005149841,8,0,1.71184846124906,2.16936916860257,14.8597008409474,291.791393720173,15
"87",2020-05-26,1952,287,243,16,10.1,6,0,2,4,1,1,34,33,3,252,4,1123,0.00800999999046326,41,0.0731699991226196,1.03051545990701,1.54731422886658,5.95777066262333,283.970045043224,6
"88",2020-05-27,1957,261,243,8,8.9,5,0,1,4,1,1,32,31,0,253,4,1150,0.00957000017166138,13,0.0769199991226196,1.03228376491871,1.25274173711831,4.95769819951935,258.239807518638,5
"89",2020-05-28,1961,236,244,4,7.9,4,0,2,2,1,1,30,29,1,254,2,1403,0.00284999996423721,88,0,0.268179071081476,1.01312751779898,3.99450516517672,235.351609490852,4
"90",2020-05-29,1968,226,247,7,7.9,7,0,3,4,2,1,31,30,3,256,4,1380,0.0065200001001358,37,0,0.634975309681539,1.0226218273021,6.97397944269481,224.529838512257,7
"91",2020-05-30,1971,208,248,15,9.1,3,1,1,1,0,1,30,29,1,256,2,1020,0.0127499997615814,119,0,1.1417910234252,1.07146328417574,2.97660535905681,205.566957341908,3
"92",2020-05-31,1975,193,249,10,9.4,4,0,1,3,3,1,33,32,1,259,3,1309,0.00535000026226044,11,0.0909099960327148,0.606300022701422,0.917984730423489,3.98136589221152,191.801205732274,4
"93",2020-06-01,1986,184,250,5,9.3,11,0,5,6,1,1,31,30,1,260,6,763,0.00130999997258186,20,0,0.127653892602805,0.691671220616882,10.9921533356249,183.759368959163,11
"94",2020-06-02,1989,165,251,8,8.1,3,0,1,2,0,1,26,25,1,260,2,858,0.0104900002479553,9,0,1.03811075118174,0.692756262227556,2.97872970816471,163.245200923589,3
"95",2020-06-03,1999,156,251,8,8.1,10,0,7,3,0,0,22,22,0,260,3,1110,0.00449999988079071,141,0,0.399280564962245,0.602327233662347,9.9877284565285,155.361879739482,10
"96",2020-06-04,2006,146,254,8,8.7,7,0,2,5,0,0,20,20,3,260,5,1430,0.00559000015258789,21,0,0.550909732474203,0.642717328147022,6.97178044160681,145.175988894919,7
"97",2020-06-05,2010,137,256,15,9.9,4,0,1,3,1,0,21,21,2,261,3,1366,0.00952000021934509,29,0,0.932209340474939,0.685179332546079,3.97134935068212,135.691620347817,4
"98",2020-06-06,2013,128,257,2,8,3,0,0,3,0,0,21,21,1,261,3,1404,0.000710000023245811,68,0,0.0677201109128478,0.5317406307586,2.9979186808528,127.911197049719,3
"99",2020-06-07,2014,118,258,4,7.1,1,0,0,1,0,0,20,20,1,261,1,870,0.00230000004172325,22,0,0.22432735832951,0.477173107276898,0.997701830766671,117.728816030467,1
"100",2020-06-08,2017,110,258,0,6.4,3,0,0,3,0,0,19,19,0,261,3,701,0.0014300000667572,12,0,0.140593274445554,0.479021590397291,2.99567898708187,109.841562859669,3
"101",2020-06-09,2027,107,259,3,5.7,10,0,3,7,0,0,18,18,1,261,7,1338,0.00224000006914139,10,0,0.222338285794598,0.362482666770557,9.98405545769689,106.756276281938,10
"102",2020-06-10,2037,105,259,7,5.6,10,0,4,6,0,0,17,17,0,261,6,1281,0.00233999997377396,12,0,0.231828303666236,0.338560915156841,9.98574991444107,104.750623502719,10
"103",2020-06-11,2044,104,260,5,5.1,7,0,2,5,0,0,16,16,1,261,5,1529,0.00326999992132187,6,0,0.325721816267175,0.306391212841551,6.98331536861256,103.652959667141,7
"104",2020-06-12,2048,107,260,10,4.4,4,0,2,2,0,0,16,16,0,261,2,1596,0.00814999997615814,13,0,0.808415162333648,0.288706330249938,3.98343603858516,106.113828064306,4
"105",2020-06-13,2051,105,260,6,5,3,0,3,0,0,0,16,16,0,261,0,1479,0.00270000010728836,23,0.0434800004959106,0.332446083228058,0.326524326294968,3,104.642389481961,3
"106",2020-06-14,2054,102,260,1,4.6,3,0,1,2,0,0,16,16,0,261,2,768,0,13,0,0,0.294477560819324,3,102,3
"107",2020-06-15,2059,100,260,2,4.9,5,0,2,3,0,0,14,14,0,261,3,720,0.00555999994277954,17,0,0.543175028331244,0.351989239945851,4.98330598441867,99.4435328139558,5
"108",2020-06-16,2063,99,260,3,4.9,4,0,1,3,1,0,14,14,0,262,3,1250,0.000799999982118607,14,0,0.0791139222822989,0.331528616586951,3.99756850189645,98.919760562583,4
"109",2020-06-17,2066,89,260,8,5,3,0,0,3,1,1,6,5,0,263,3,1098,0.0091100001335144,26,0,0.889927059305944,0.425542724535481,2.97264886009223,88.1885828494027,3
"110",2020-06-18,2068,75,260,2,4.6,2,0,0,2,0,1,6,5,0,263,2,1304,0.00230000004172325,122,0,0.210322584460527,0.409057119991674,1.99569061128985,74.8383979233694,2
"111",2020-06-19,2071,73,260,5,3.9,3,0,0,3,0,1,5,4,0,263,3,1875,0.0010700000077486,19,0,0.105926611115556,0.308701612674804,2.99674443705214,72.920781301602,3
"112",2020-06-20,2077,73,261,1,3.1,6,0,0,6,1,1,5,4,1,264,6,1792,0.000560000017285347,158,0,0.0514625656910432,0.268561110169516,5.99683668494061,72.9615130001108,6
"113",2020-06-21,2083,77,261,1,3.1,6,0,0,6,0,1,4,3,0,264,6,1102,0.00363000005483627,86,0,0.336722227308887,0.316664285499357,5.9793022660613,76.73437908112,6
"114",2020-06-22,2085,76,262,6,3.7,2,0,1,1,0,1,1,0,1,264,1,509,0.0039300000667572,10,0,0.385427752211834,0.294128960339441,1.99605140358982,75.6999066728265,2
"115",2020-06-23,2094,81,262,4,3.9,9,0,0,9,0,1,1,0,0,264,9,1255,0.00158999994397163,20,0,0.156505876837992,0.305184953847398,8.98556978095332,80.8701280285799,9
"116",2020-06-24,2096,75,263,3,3.1,2,0,0,2,1,1,2,1,1,265,2,1733,0.00289000004529953,24,0,0.285052366448724,0.218774283439223,1.99415944106561,74.7809790399603,2
"117",2020-06-25,2102,73,263,6,3.7,6,0,0,6,0,1,2,1,0,265,6,1796,0.00277999997138977,21,0.0476200008392334,0.32982388366758,0.235845897611659,5.97972629533447,72.753336593236,6
"118",2020-06-26,2106,67,263,6,3.9,4,0,0,4,0,1,2,1,0,265,4,2028,0.00196999996900558,23,0,0.194790830674955,0.248540786120145,3.99201769597208,66.8662964075323,4
"119",2020-06-27,2109,69,263,3,4.1,3,0,0,3,0,1,1,0,0,265,3,1574,0.000640000030398369,80,0,0.0609044768952257,0.249889630577885,2.9981281534805,68.9569475300515,3
"120",2020-06-28,2111,68,263,2,4.3,2,0,0,2,0,1,1,0,0,265,2,880,0.00114000000059605,12,0,0.112466367771807,0.217853079215445,1.99769562885132,67.9216513809448,2
"121",2020-06-29,2115,69,263,1,3.6,4,0,0,4,2,1,3,2,0,267,4,854,0.00351000010967255,8,0,0.347742470262222,0.212469467508358,3.98574991383611,68.7541860136729,4
"122",2020-06-30,2118,68,263,10,4.4,3,0,0,3,0,1,3,2,0,267,3,1605,0.00435999989509583,11,0,0.433032167798812,0.251973223359904,2.98669113015254,67.6983322834577,3
"123",2020-07-01,2120,67,263,4,4.6,2,0,0,2,0,2,3,1,0,267,2,1601,0.00312000006437302,15,0,0.309103966773589,0.255409166263456,1.9936666376172,66.787832360176,2
"124",2020-07-02,2126,66,263,4,4.3,6,0,1,5,0,1,3,2,0,267,5,1012,0.00197999998927116,12,0,0.195679686439689,0.236245709516614,5.98997658960744,65.8676909828182,6
"125",2020-07-03,2134,74,263,4,4,8,0,0,8,0,1,3,2,0,267,8,1334,0.00300000011920929,14,0,0.296884284794154,0.2508304886765,7.97566804747299,73.7749294391252,8
"126",2020-07-04,2138,75,263,4,4.1,4,0,0,4,0,1,3,2,0,267,4,1257,0.00317999988794327,40,0,0.308192741645697,0.286157383640853,3.98737061619127,74.7631990535863,4
"127",2020-07-05,2140,72,263,5,4.6,2,0,0,2,0,1,2,1,0,267,2,734,0.00272000014781952,47,0,0.255631255889824,0.306609510514855,1.99476226268844,71.8114414567838,2
"128",2020-07-06,2146,72,263,0,4.4,6,0,1,5,0,1,2,1,0,267,5,602,0,10,0,0,0.256932014763109,6,72,6
"129",2020-07-07,2153,73,263,6,3.9,7,0,1,6,0,1,1,0,0,267,6,1272,0.0039300000667572,21,0,0.386617175940848,0.250301301640543,6.97623530971594,72.7108629348772,7
"130",2020-07-08,2166,79,263,5,4,13,0,1,12,0,1,1,0,0,267,12,1684,0.00296999990940094,39,0,0.29027741424441,0.247611794136374,12.9643142970604,78.7650691223146,13
"131",2020-07-09,2174,83,263,5,4.1,8,0,0,8,1,0,2,2,0,268,8,1504,0.00266000002622604,41,0,0.258941102876632,0.256649139341652,7.97877778331428,82.7798195018857,8
"132",2020-07-10,2190,96,263,12,5.3,16,0,0,16,0,0,2,2,0,268,16,1900,0.00684000015258789,14,0.0714300012588501,0.73124453017455,0.318700602967423,15.8801377633971,95.2808265803826,16
"133",2020-07-11,2197,101,263,7,5.7,7,0,0,7,1,1,2,1,0,269,7,1571,0.00381999999284744,25,0,0.376016290022765,0.328389681307004,6.97303474918186,100.610929952481,7
"134",2020-07-12,2220,121,263,9,6.3,23,0,2,21,1,1,3,2,0,270,21,1068,0.00842999994754791,13,0,0.832862159480219,0.410851238962775,22.820818903676,119.967575587847,23
"135",2020-07-13,2243,139,263,6,7.1,23,0,2,21,0,0,3,3,0,270,21,808,0.00619000017642975,65,0,0.572911814725686,0.492695783923587,22.876744349721,138.184164981486,23
"136",2020-07-14,2262,149,263,4,6.9,19,0,2,17,1,0,4,4,0,271,17,1406,0.00356000006198883,66,0,0.340038049399205,0.486041622989067,18.9407789365735,148.480944797026,19
"137",2020-07-15,2283,168,263,15,8.3,21,0,0,21,1,0,5,5,0,272,21,1404,0.00782999992370606,46,0,0.758159992612641,0.552881991327386,20.8368902499423,166.695121999538,21
"138",2020-07-16,2305,186,263,7,8.6,22,0,1,21,0,0,5,5,0,272,21,1695,0.00708000004291534,25,0.04,0.75584884143846,0.623868811121932,21.8373874685954,184.559717578988,22
"139",2020-07-17,2335,213,263,17,9.3,30,0,0,29,0,1,5,4,0,272,29,1787,0.00726999998092651,21,0,0.718555860946664,0.622056144089377,28.7865194573402,211.432022221154,30
"140",2020-07-18,2361,232,263,16,10.6,26,0,0,24,2,1,6,5,0,274,24,1551,0.00708999991416931,81,0,0.673810653607635,0.664598196030073,23.8343280900118,230.398504870114,26
"141",2020-07-19,2379,250,263,28,13.3,18,0,0,18,0,1,6,5,0,274,18,2025,0.0212299990653992,22,0,2.10018310246377,0.845644045027723,17.6127161124043,244.621057116727,18
"142",2020-07-20,2409,275,263,47,19.1,30,0,0,27,2,3,8,5,0,276,27,1548,0.0148599994182587,35,0.0285700011253357,1.51631264301018,0.980415591925508,26.5805769593328,270.728098659872,30
"143",2020-07-21,2433,294,263,23,21.9,24,0,0,23,0,3,8,5,0,276,23,1428,0.0161099994182587,15,0,1.59425358068423,1.15958923925194,22.6243486091026,289.198195264181,24
"144",2020-07-22,2460,314,263,13,21.6,27,0,1,23,2,3,9,6,0,278,23,1771,0.00902999997138977,16,0,0.894914938406899,1.17912566007969,23.7891326414941,311.121202149094,27
"145",2020-07-23,2479,322,263,29,24.7,19,0,1,17,1,3,10,7,0,279,17,1667,0.0101999998092651,32,0,1.0007886805206,1.21411706566285,17.8257025352593,318.69860096197,19
"146",2020-07-24,2502,337,263,34,27.1,23,0,1,18,0,3,7,4,0,279,18,2036,0.0122800004482269,83,0,1.17989999587494,1.28002337065261,18.782420753295,332.926432992246,23
"147",2020-07-25,2514,336,263,26,28.6,12,0,1,10,0,3,7,4,0,279,10,2126,0.00800000011920929,320,0,0.695339339878943,1.28309889726279,10.9287644855477,333.606486714402,12
"148",2020-07-26,2521,338,263,21,27.6,7,0,0,6,2,4,9,5,0,281,6,1816,0.0121099996566772,73,0,1.16420113163186,1.14938718714395,5.92843856651154,333.968705913483,7
"149",2020-07-27,2536,340,264,22,24,15,0,1,13,1,4,9,5,1,282,13,1601,0.00874000012874603,24,0,0.861091704992148,1.05578419599852,13.8853187225271,337.000643512248,15
"150",2020-07-28,2556,330,264,14,22.7,20,0,2,17,1,4,10,6,0,283,17,1488,0.00739000022411346,24,0,0.727269863325452,0.931929379232978,18.8733386020173,327.541278745042,20
"151",2020-07-29,2572,324,264,20,23.7,16,2,2,12,2,4,11,7,0,285,14,2254,0.00620999991893768,52,0,0.606996522865808,0.890798177012822,15.9129409341078,321.985204475066,16
"152",2020-07-30,2592,334,264,19,22.3,20,1,0,18,1,4,12,8,0,286,19,1891,0.00898999989032745,134,0,0.839510607042431,0.867758452230227,18.8365896527825,331.127418106808,20
"153",2020-07-31,2602,321,264,18,20,10,0,1,9,1,3,13,10,0,287,9,2129,0.00797999978065491,207,0,0.727286795077667,0.803099423544901,9.93294240462552,318.60827909831,10
"154",2020-08-01,2620,309,264,15,18.4,18,0,0,18,1,2,13,11,0,288,18,1629,0.00551999986171722,83,0.0120500004291534,0.583658283315251,0.787144986892945,17.8923705991518,307.152361952105,18
"155",2020-08-02,2628,294,264,2,15.7,8,0,0,8,0,2,13,11,0,288,8,1340,0.00149000003933907,11,0,0.147786828476266,0.641942943585003,7.98788773175685,293.554874142064,8
"156",2020-08-03,2637,280,264,10,14,9,0,1,7,0,1,12,11,0,288,7,1046,0.0114699995517731,47,0,1.09767790769942,0.675740972543185,7.92128223993473,276.851289597389,9
"157",2020-08-04,2649,268,264,20,14.9,12,0,1,11,1,1,11,10,0,289,11,1699,0.0058899998664856,12,0,0.584869069150148,0.655398001946712,11.9340900315823,266.394193496734,12
"158",2020-08-05,2658,248,264,12,13.7,9,1,0,8,1,1,12,11,0,290,9,1599,0.005,70,0,0.479029358897543,0.637116978522675,8.95583233857832,246.782935551936,9
"159",2020-08-06,2668,224,264,13,12.9,10,0,0,10,1,2,10,8,0,291,10,1639,0.00305000007152557,10,0,0.303150401287472,0.560494091986252,9.96894311373797,223.30432574773,10
"160",2020-08-07,2680,225,264,6,11.1,12,0,3,9,1,2,10,8,0,292,9,1689,0,39,0,0,0.456595978403728,12,225,12
"161",2020-08-08,2686,208,264,14,11,6,1,1,4,0,1,10,9,0,292,5,1518,0.00725000023841858,95,0,0.682300084433937,0.470687664277826,5.96505015987304,206.546086650718,6
"162",2020-08-09,2688,199,264,16,13,2,0,1,1,2,2,12,10,0,294,1,1589,0.00441000014543533,102,0,0.414399185753799,0.508775143888902,1.99575459959005,198.155165318419,2
"163",2020-08-10,2700,200,264,8,12.7,12,2,0,10,0,1,12,11,0,294,12,1384,0.00578000009059906,27,0,0.566939767922686,0.432955409635084,11.9303023826522,198.838373044204,12
"164",2020-08-11,2713,204,264,8,11,13,2,1,10,0,1,12,11,0,294,12,1460,0.00342000007629395,41,0,0.332658235269098,0.396925290509219,12.9591041452704,203.304770469598,13
"165",2020-08-12,2720,187,264,12,11,7,3,0,4,0,2,10,8,0,294,7,1486,0.00268999993801117,7,0,0.267738774808078,0.366740921353581,6.98079965307885,186.487076446535,7
"166",2020-08-13,2742,190,264,11,10.7,22,0,0,22,0,2,9,7,0,294,22,1689,0.00532999992370605,56,0,0.515895121555274,0.397133024248982,21.8837256645562,188.995812557531,22
"167",2020-08-14,2753,185,264,6,10.7,11,4,1,6,1,2,10,8,0,295,10,1882,0.00477999985218048,36,0,0.469028139822923,0.464137044223685,10.9519494167571,184.111064210007,11
"168",2020-08-15,2757,177,264,2,9,4,0,0,4,1,2,11,9,0,296,4,2044,0.00734000027179718,21,0,0.726535620123653,0.470456406465073,3.97022740656299,175.682562740412,4
"169",2020-08-16,2761,158,264,26,10.4,4,0,1,3,0,2,11,9,0,296,3,1196,0.00501999974250793,22,0,0.492932651234769,0.481675472962354,3.98485014050528,157.202107399945,4
"170",2020-08-17,2785,173,265,8,10.4,24,1,4,19,1,1,9,8,1,297,20,1358,0.00662999987602234,32,0,0.647736678535132,0.493217888764132,23.8672824824405,171.851993473111,24
"171",2020-08-18,2811,192,265,15,11.4,26,1,1,24,0,1,7,6,0,297,25,1888,0.00583000004291534,77,0.0519500017166138,0.76372469278389,0.554798811266246,25.8043965073231,190.497765176241,26
"172",2020-08-19,2835,201,265,23,13,24,4,3,15,2,1,7,6,0,299,19,1519,0.0118499994277954,25,0.04,1.23057960691847,0.692347501567731,21.7604682547684,198.466006274129,24
"173",2020-08-20,2852,209,266,24,14.9,17,1,0,16,3,0,6,6,1,302,17,1607,0.00995999991893768,103,0,0.936007009925898,0.752363485620677,16.8369849180101,206.995873403771,17
"174",2020-08-21,2873,216,266,16,16.3,21,3,2,16,0,0,6,6,0,302,19,1804,0.00721000015735626,116,0.00861999988555908,0.729518764093518,0.789576431945048,20.857999513595,214.385678680869,21
"175",2020-08-22,2892,226,266,16,18.3,19,1,0,18,1,0,7,7,0,303,19,1864,0.00589999973773956,73,0,0.567764559171221,0.766894851808986,18.8894848939684,224.685451896677,19
"176",2020-08-23,2909,236,266,13,16.4,17,1,1,15,0,0,7,7,0,303,16,694,0.0172899997234344,5,0,1.71663230444399,0.941709087981732,16.718617536344,231.849608661075,17
"177",2020-08-24,2928,252,266,19,18,19,2,0,17,1,1,8,7,0,304,19,1142,0.00962999999523163,58,0,0.91645499954621,0.980097419554743,18.8216124627506,249.634017927008,19
"178",2020-08-25,2942,254,266,23,19.1,14,0,1,13,4,2,11,9,0,308,13,1647,0.0145700001716614,73,0,1.3951622257399,1.0703027814056,13.8141905381249,250.36956897567,14
"179",2020-08-26,2960,262,266,15,18,18,1,4,13,0,2,11,9,0,308,14,1832,0.0049099999666214,41,0,0.480251998870817,0.96311312311308,17.9311193905738,260.710948595025,18
"180",2020-08-27,2973,265,266,16,16.9,13,1,3,9,1,2,9,7,0,309,10,1469,0.00612999975681305,9,0,0.609267228874044,0.916436011534243,12.9375823256378,263.345931629402,13
"181",2020-08-28,3001,275,266,20,17.4,28,0,3,21,1,1,9,8,0,310,21,2137,0.00607999980449677,35,0,0.598202559033591,0.897676553668539,23.8713033253686,273.314686403636,28
"182",2020-08-29,3022,289,266,12,16.9,21,0,2,18,0,1,9,8,0,310,18,1790,0.00726000010967255,11,0.0909099960327148,0.777091068999096,0.927580340786807,19.8567006610687,286.699249502713,21
"183",2020-08-30,3042,303,267,16,17.3,20,0,6,12,2,1,10,9,1,312,12,1402,0.00428000003099442,33,0,0.418157494317364,0.742083939340146,17.9485931616037,301.701977330493,20
"184",2020-08-31,3063,313,267,13,16.4,21,1,3,17,1,1,11,10,0,313,18,1353,0.00517000019550324,54,0,0.497157801315983,0.682184339592971,20.9083217049903,311.405816314553,21
"185",2020-09-01,3088,317,267,18,15.7,25,1,2,22,0,1,11,10,0,313,23,1361,0.0154299998283386,22,0.0909099960327148,1.6630693911127,0.720456791789084,24.6081336510706,311.599059451712,25
"186",2020-09-02,3124,327,267,15,15.7,36,1,9,26,0,1,9,8,0,313,27,1528,0.00261999994516373,51,0,0.253537676770752,0.688069031489075,35.9298696454158,326.150643483369,36
"187",2020-09-03,3146,328,267,24,16.9,22,1,4,17,1,1,8,7,0,314,18,1493,0.00938000023365021,133,0.00751999974250793,0.922785997207461,0.732857426965278,21.8298338140146,324.899193944265,22
"188",2020-09-04,3168,332,267,24,17.4,22,0,3,19,3,1,11,10,0,317,19,2705,0.00813000023365021,258,0.00774999976158142,0.809691210614641,0.763070091476856,21.8423939843576,329.246042252985,22
"189",2020-09-05,3193,339,267,17,18.1,25,1,11,13,2,1,13,12,0,319,14,2256,0.00398999989032745,164,0,0.371960320354493,0.705194270241913,24.9466512297531,337.708197634736,25
"190",2020-09-06,3214,341,267,27,19.7,21,1,3,16,1,1,14,13,0,320,17,1310,0.00611000001430511,192,0.03125,0.932363516560566,0.778652273419513,19.8376194692083,337.742837588237,21
"191",2020-09-07,3255,366,267,29,22,41,2,6,33,0,1,12,11,0,320,35,1290,0.0147300004959106,44,0,1.4244153403092,0.91111763613283,40.4892546155604,360.659062551289,41
"192",2020-09-08,3307,403,267,24,22.9,52,0,14,36,3,1,14,13,0,323,36,1097,0.0127600002288818,4,0,1.27136423715562,0.855159756996105,49.5311086126366,397.751021413682,52
"193",2020-09-09,3352,434,267,15,22.9,45,2,10,31,0,1,13,12,0,323,33,1587,0.0144900000095367,29,0,1.42299690687715,1.02222536129702,42.5189196036971,427.673063878925,45
"194",2020-09-10,3429,496,267,33,24.1,77,1,21,52,2,2,14,12,0,325,53,1959,0.0127600002288818,61,0,1.23746734892968,1.06717984011448,73.3280926645949,489.71196154036,77
"195",2020-09-11,3459,510,267,60,29.3,30,0,1,25,0,1,12,11,0,325,25,2314,0.0155599999427795,93,0.0752699995040894,1.78670335776785,1.20675300399351,25.5423934560986,500.664826504412,30
"196",2020-09-12,3508,535,269,47,33.6,49,0,4,42,1,0,12,12,2,326,42,1900,0.0168400001525879,26,0,1.66126688940379,1.39093965671484,45.2851935481955,525.894727340109,49
"197",2020-09-13,3543,548,270,31,34.1,35,1,5,29,1,1,11,10,1,327,30,1199,0.0166799998283386,44,0,1.6089557356539,1.48759568801389,34.5055013445079,538.96715789301,35
"198",2020-09-14,3611,598,272,59,38.4,68,0,19,49,1,1,11,10,2,328,49,2394,0.0141999995708466,218,0.0412799978256226,1.6460121936674,1.51925238135077,67.1737168579986,587.91597308333,68
"199",2020-09-15,3683,646,273,41,40.9,72,0,14,55,1,1,11,10,1,329,55,2961,0.0121599996089935,28,0,1.20460886056306,1.5097158989804,68.3212520874911,638.027797245805,72
"200",2020-09-16,3759,684,274,41,44.6,76,0,7,66,1,0,11,11,1,330,66,1887,0.0190799999237061,162,0.00616999983787537,1.80592971350752,1.56442058564189,71.7789188042917,671.345158517204,76
"201",2020-09-17,3809,709,278,57,48,50,2,4,38,2,2,11,9,4,332,40,2512,0.0191100001335144,208,0.00481000006198883,1.80164707162801,1.6450176888845,43.2617057678269,695.913734734731,50
"202",2020-09-18,3897,777,278,46,46,88,1,6,78,0,2,11,9,0,332,79,2409,0.0128699994087219,281,0.0213499999046326,1.37558284568078,1.58628618715778,83.886696417267,766.050166028057,88
"203",2020-09-19,3967,828,280,46,45.9,70,2,4,60,0,2,10,8,2,332,62,2101,0.0214199995994568,161,0,1.98954107685494,1.6331824996508,64.7362988992074,811.123475621674,70
"204",2020-09-20,4010,860,280,76,52.3,43,1,4,34,2,2,11,9,0,334,35,2847,0.0186199998855591,112,0,1.79152212484578,1.6592634123925,38.357622997666,844.215879371222,43
"205",2020-09-21,4119,940,280,56,51.9,109,2,22,82,1,3,12,9,0,335,84,2949,0.0189900004863739,73,0,1.85312744653596,1.68885130565944,104.40528037578,922.154328014676,109
"206",2020-09-22,4228,1019,280,85,58.1,109,0,27,81,3,3,15,12,0,338,81,2507,0.0135599994659424,64,0.03125,1.4000357316654,1.71676943010263,106.838219981233,1004.38452050464,109
"207",2020-09-23,4334,1078,281,67,61.9,106,0,26,75,2,3,16,13,1,340,75,1896,0.0168799996376038,7,0.571430015563965,1.89198578149472,1.7290631541008,99.5462862581811,1057.10528781759,106
"208",2020-09-24,4435,1131,282,38,59.1,101,2,18,75,2,3,18,15,1,342,77,2730,0.0128199994564056,55,0,1.25668217292594,1.65121102571479,94.0086752627515,1116.43911327496,101
"209",2020-09-25,4554,1194,284,57,60.7,119,5,16,86,3,3,20,17,2,345,91,3291,0.0133700001239777,59,0.0339000010490417,1.37315732745982,1.65086452311179,105.719848247289,1177.2032835963,119
"210",2020-09-26,4639,1241,286,75,64.9,85,3,14,66,3,4,21,17,2,348,69,3437,0.0299699997901916,12,0,2.98657260883992,1.79329759910965,80.8888361899517,1203.02964799609,85
"211",2020-09-27,4721,1271,287,109,69.6,82,2,12,64,2,4,22,18,1,350,66,2684,0.0331599998474121,13,0,3.30001629923819,2.00879676687999,75.7686906536886,1228.03039122482,82
"212",2020-09-28,4836,1341,288,86,73.9,115,3,11,97,6,4,27,23,1,356,100,3135,0.0258400011062622,192,0.0104200005531311,2.49501182970644,2.10049453590435,108.443932177278,1306.7231304973,115
"213",2020-09-29,4943,1372,291,58,70,107,5,18,74,4,3,27,24,3,360,79,2165,0.0263299989700317,79,0.0253200006484985,2.62944419881239,2.27612431692535,94.8719059660231,1335.04120234663,107
"214",2020-09-30,5026,1402,291,107,75.7,83,1,10,67,5,5,30,25,0,365,68,3170,0.0305999994277954,281,0.0142299997806549,2.92670611777675,2.42394150782278,75.9611381851189,1359.96346669907,83
"215",2020-10-01,5127,1438,293,105,85.3,101,2,11,78,3,5,29,24,2,368,80,3844,0.0226300001144409,120,0.00833000004291534,2.21971040476944,2.56151696951471,89.1807764520105,1405.29945672489,101
"216",2020-10-02,5223,1488,294,115,93.6,96,0,13,79,1,5,29,24,1,369,79,3362,0.021710000038147,197,0,2.05082945007727,2.65832727274577,90.340197552249,1456.73688554109,96
"217",2020-10-03,5296,1501,295,65,92.1,73,2,6,64,5,6,31,25,1,374,66,3113,0.0301999998092651,485,0.0103100001811981,2.75188853513406,2.62480097650208,70.1393077937617,1458.68334846116,73
"218",2020-10-04,5353,1482,295,77,87.6,57,1,7,47,3,6,32,26,0,377,48,3118,0.0291899991035461,102,0,2.82653469580301,2.55716074743991,53.6100623396371,1439.08567473629,57
"219",2020-10-05,5431,1483,295,82,87,78,3,13,59,3,6,33,27,0,380,62,3821,0.0177999997138977,238,0.00839999973773956,1.72488294763206,2.447142335715,73.904402374488,1456.79401163493,78
"220",2020-10-06,5506,1455,296,139,98.6,75,5,15,52,2,7,34,27,1,382,57,2158,0.0194599997997284,55,0,1.89763576899295,2.34259827431222,70.8918782539416,1426.71373437693,75
"221",2020-10-07,5607,1469,296,174,108.1,101,12,22,63,3,10,36,26,0,385,75,2268,0.0313100004196167,76,0,3.02948297575472,2.35728068259479,94.6722864011263,1423.40784964339,101
"222",2020-10-08,5687,1428,296,85,105.3,80,5,14,55,2,9,36,27,0,387,60,2434,0.0271199989318848,182,0,2.52332100153698,2.40065362499015,72.4489581472197,1391.08520390383,80
"223",2020-10-09,5770,1429,296,96,102.6,83,5,19,57,2,9,37,28,0,389,62,2508,0.0207299995422363,247,0.00810000002384186,1.95976547578285,2.38764448580523,79.7552115320198,1400.30963353639,83
"224",2020-10-10,5835,1414,297,68,103,65,5,7,51,6,9,43,34,1,395,56,2628,0.0300600004196167,21,0,2.98216991705371,2.42054182607947,61.2891175317794,1370.80021767743,65
"225",2020-10-11,5899,1379,297,139,111.9,64,6,6,48,5,10,46,36,0,400,54,2660,0.0233100008964539,238,0.0168099999427795,2.2776184393012,2.34212521800778,58.7399885430028,1346.82304075557,64
"226",2020-10-12,5960,1350,297,62,109,61,2,13,43,3,10,46,36,0,403,45,1994,0.0150499999523163,237,0.0126600003242493,1.47961093598233,2.30708635920068,57.3178815281105,1329.53644584332,61
"227",2020-10-13,6045,1371,298,74,99.7,85,4,10,68,1,7,45,38,1,404,72,2117,0.0302300000190735,18,0,2.9975133508374,2.4642117280356,79.7889763568323,1328.89842479468,85
"228",2020-10-14,6112,1376,300,84,86.9,67,1,16,49,2,7,45,38,2,406,50,3004,0.0296300005912781,110,0.0363599991798401,2.98677333609447,2.45811035094128,64.4700683324908,1333.89628051015,67
"229",2020-10-15,6198,1401,300,107,90,86,3,25,52,5,8,49,41,0,411,55,2119,0.021710000038147,105,0.00952000021934509,2.11344829603708,2.39955710729843,78.8091581706778,1370.66601085672,86
"230",2020-10-16,6273,1421,301,77,87.3,75,2,10,59,4,8,47,39,1,415,61,3126,0.0214299988746643,280,0.0035699999332428,1.99617664308598,2.40475870262745,69.7525344275655,1391.94018723886,75
"231",2020-10-17,6320,1402,302,64,86.7,47,1,10,36,6,8,49,41,1,421,37,3037,0.0214000010490417,149,0,2.03991849296735,2.2701513563294,46.2267600158267,1372.70047411322,47
"232",2020-10-18,6377,1370,305,74,77.4,57,1,11,40,2,6,48,42,3,423,41,1144,0.0271000003814697,37,0.0540500020980835,2.79443272769098,2.34398196895651,50.8262454742229,1330.77942194355,57
"233",2020-10-19,6441,1349,307,69,78.4,64,1,6,57,3,6,47,41,2,426,58,1334,0.0374799990653992,27,0,3.67364575703472,2.65741551482114,61.8171442684543,1298.22978651974,64
"234",2020-10-20,6519,1353,309,46,74.4,78,3,14,57,4,5,45,40,2,430,60,1595,0.0250799989700317,48,0.0208299994468689,2.49558358677117,2.58571126281168,72.4660078571708,1318.4084771792,78
"235",2020-10-21,6607,1377,312,69,72.3,88,1,46,40,4,4,44,40,3,434,41,2258,0.0305599999427795,446,0.00897000014781952,2.69989274913919,2.54472832181807,85.8659554041105,1338.91269735269,88
"236",2020-10-22,6672,1363,312,88,69.6,65,1,24,36,1,3,43,40,0,435,37,2238,0.0268099999427795,87,0.0114900004863739,2.62367354469915,2.61761764305551,60.0054851224825,1326.36422221469,65
"237",2020-10-23,6751,1365,313,92,71.7,79,1,13,64,2,3,36,33,1,437,65,2768,0.0245700001716614,65,0.0153799998760223,2.4359145946735,2.68043735042515,76.3779091360861,1330.93609185781,79
"238",2020-10-24,6816,1356,317,63,71.6,65,2,17,41,2,3,36,33,4,439,43,2358,0.0211999988555908,191,0,1.96114544140773,2.6691840573452,59.1360710596744,1328.75610132369,65
"239",2020-10-25,6886,1337,319,69,70.9,70,1,24,42,3,3,38,35,2,442,43,1751,0.0308400011062622,77,0,2.95409419787008,2.69199283879936,65.6986546657366,1296.5372392579,70
"240",2020-10-26,6959,1297,320,77,72,73,1,16,51,4,3,39,36,1,446,52,995,0.0392000007629395,121,0.0165299999713898,3.67420526484435,2.69207276848645,66.04265886652,1248.17939518993,73
"241",2020-10-27,7037,1267,322,61,74.1,78,0,15,60,2,3,32,29,2,448,60,1354,0.0288000011444092,116,0,2.65273479928776,2.71452294170311,73.3694097201601,1232.56736859071,78
"242",2020-10-28,7149,1273,325,93,77.6,112,2,69,38,2,2,30,28,3,450,40,1900,0.0405299997329712,166,0.01807000041008,3.87253724882471,2.88204358451532,107.413078810103,1222.49623313152,112
"243",2020-10-29,7213,1257,326,65,74.3,64,0,18,42,9,2,38,36,1,459,42,2190,0.0292199993133545,96,0,2.79929127280168,2.90713183138712,58.7955267904022,1220.95183751275,64
"244",2020-10-30,7263,1226,328,122,78.6,50,1,9,36,4,2,41,39,2,463,37,2789,0.0358599996566772,105,0.0571400022506714,3.66320799166528,3.0824594595288,44.6114450654455,1179.99004460098,50
"245",2020-10-31,7302,1156,329,83,81.4,39,0,5,32,2,2,40,38,1,465,32,2352,0.0276399993896484,322,0,2.43116224997955,3.1496047178962,36.2029901549963,1127.20801934924,39
"246",2020-11-01,7352,1115,332,50,78.7,50,1,6,40,1,2,38,36,3,466,41,1714,0.0256699991226196,104,0,2.42015283257261,3.07332737999656,45.9834554569322,1087.35494718243,50
"247",2020-11-02,7416,1068,332,56,75.7,64,3,8,47,6,2,43,41,0,472,50,1030,0.0174800002574921,14,0.0714300012588501,1.82034677038704,2.80849045221695,57.0675535581468,1048.08294400202,64
"248",2020-11-03,7487,995,333,36,72.1,71,1,36,33,1,2,44,42,1,473,34,1456,0.0219799995422363,13,0,2.17854862719511,2.74074957048943,69.2411674713647,972.792989235526,71
"249",2020-11-04,7552,919,337,53,66.4,65,5,1,51,1,1,41,40,4,474,56,1466,0.0272900009155273,295,0.0033899998664856,2.32863096551825,2.52019153001707,55.6640553675101,897.076194334674,65
"250",2020-11-05,7599,876,337,45,63.6,47,0,6,34,5,2,44,42,0,479,34,2536,0.0240499997138977,41,0,2.36673648717286,2.45839798921296,39.1756178353076,854.760035992043,47
"251",2020-11-06,7673,870,341,79,57.4,74,1,12,58,4,3,46,43,4,483,59,2342,0.0234800004959106,116,0.0258599996566772,2.35923194148077,2.27211569632945,69.5739905116708,848.972402460231,74
"252",2020-11-07,7708,837,346,75,56.3,35,3,4,25,3,4,46,42,5,486,28,2499,0.0276099991798401,142,0,2.61254782091709,2.2980279207491,31.2505855822241,814.597861868628,35
"253",2020-11-08,7745,775,346,47,55.9,37,1,5,29,1,4,47,43,0,487,30,1176,0.0204099988937378,92,0.0108700001239777,1.97178223268467,2.23397497790797,34.3939897528694,759.344735282459,37
"254",2020-11-09,7816,745,350,31,52.3,71,3,24,42,7,4,46,42,4,494,45,711,0.0210999989509583,20,0.1,2.3258685710166,2.30619237799791,67.9277465603319,727.248248609939,71
"255",2020-11-10,7883,754,350,52,54.6,67,0,11,54,3,5,47,42,0,497,54,1374,0.0334800004959106,17,0,3.30708272332,2.46741153458718,63.1704740141201,728.45439641938,67
"256",2020-11-11,7939,752,353,77,58,56,0,6,48,2,5,46,41,3,499,48,2375,0.0261100006103516,241,0.0290499997138977,2.63808491516186,2.51161924167912,52.7027318007936,731.676131545766,56
"257",2020-11-12,7981,742,355,60,60.1,42,1,8,31,3,3,43,40,2,502,32,2318,0.0215700006484985,214,0.00467000007629395,2.01416435701211,2.4612517945133,39.3396949043579,726.689175594799,42
"258",2020-11-13,8020,719,357,79,60.1,39,1,7,27,0,3,36,33,2,502,28,2719,0.0217000007629395,200,0,2.02131901591067,2.41297851943186,34.4201807135089,704.111069036175,39
"259",2020-11-14,8041,696,357,50,56.6,21,3,2,14,3,3,37,34,0,505,17,1710,0.015789999961853,245,0.0163300001621246,1.58576726212221,2.26629558246116,18.7238226022771,684.692972422637,21
"260",2020-11-15,8071,652,360,30,54.1,30,1,1,25,0,2,35,33,3,505,26,984,0.0152400004863739,306,0.00653999984264374,1.31762794034426,2.17284496926967,26.6490333037548,643.198835155697,30
"261",2020-11-16,8115,614,363,11,51.3,44,0,3,39,3,2,33,31,3,508,39,735,0.0122399997711182,53,0,1.1416751055548,2.0036744742037,41.5438508158715,606.818574383208,44
"262",2020-11-17,8156,591,363,40,49.6,41,1,10,29,1,2,32,30,0,509,30,1828,0.020789999961853,38,0,2.03666237568421,1.82218585311287,39.3740494010185,578.668773200065,41
"263",2020-11-18,8198,584,363,66,48,42,3,6,31,1,2,32,30,0,510,34,2684,0.0204900002479553,20,0.05,2.07082694768906,1.74114900061676,39.2786891100502,571.610424713804,42
"264",2020-11-19,8218,565,364,53,47,20,2,1,17,0,2,30,28,1,510,19,2476,0.0121200001239777,187,0.0160399997234344,1.23952685900304,1.63048650090118,19.7587266763327,557.825293269893,20
"265",2020-11-20,8243,522,364,28,39.7,25,1,2,20,1,2,30,28,0,511,21,2643,0.00757000029087067,222,0.0225200009346008,0.872842966012306,1.46641849377284,22.8122174746582,517.332262941505,25
"266",2020-11-21,8272,490,365,27,36.4,29,4,4,19,2,2,31,29,1,513,23,1495,0.0187300002574921,71,0,1.7880811229215,1.49532047388702,26.5786773390375,481.023995483842,29
"267",2020-11-22,8299,477,368,26,35.9,27,3,4,19,3,4,31,27,3,516,22,1220,0.0147500002384186,36,0,1.4327229530948,1.51176261856567,25.6770876438142,469.998673004518,27
"268",2020-11-23,8339,460,370,20,37.1,40,2,10,25,1,3,27,24,2,517,27,922,0.0173500001430511,13,0,1.71087701945381,1.5930771776941,36.5267590460221,451.937376339636,40
"269",2020-11-24,8382,469,370,21,34.4,43,2,7,33,1,3,23,20,0,518,35,1403,0.00855000019073486,41,0.0975599956512451,1.10772923056108,1.46037244267651,41.6028071478119,463.67761578068,43
"270",2020-11-25,8437,477,371,38,30.4,55,4,10,39,2,2,23,21,1,520,43,2618,0.0122200000286102,72,0.0138900005817413,1.22646989281736,1.33975000626627,52.459712261788,471.006575555183,55
"271",2020-11-26,8482,492,372,60,31.4,45,3,4,37,3,2,23,21,1,523,40,3059,0.0143799996376038,224,0.00446000009775162,1.37031553193196,1.35843410239897,43.4384604679714,485.093063756049,45
"272",2020-11-27,8530,504,374,56,35.4,48,2,3,42,3,1,24,23,2,526,44,3154,0.0177600002288818,336,0.00298000007867813,1.63370546556817,1.46712874519267,46.2635789353962,495.564631441811,48
"273",2020-11-28,8574,506,375,60,40.1,44,2,3,39,2,1,25,24,1,528,41,2597,0.0119400000572205,191,0,1.11220158352229,1.3705745252785,43.5328384078459,500.234542301708,44
"274",2020-11-29,8619,518,377,22,39.6,45,0,4,38,5,1,28,27,2,533,38,898,0.0245000004768372,12,0,2.41769235474723,1.51128443980027,41.0587946266786,505.169884647882,45
"275",2020-11-30,8662,524,378,47,43.4,43,1,7,34,1,1,25,24,1,534,35,1135,0.0229099988937378,61,0,2.17415123280873,1.57746647027955,41.2204256189844,512.328657838509,43
"276",2020-12-01,8716,546,378,34,45.3,54,2,12,39,3,1,27,26,0,537,41,1906,0.0141700005531311,113,0.0176999998092651,1.43675686145195,1.62447041754967,52.3965144153018,537.963338311092,54
"277",2020-12-02,8758,560,379,49,46.9,42,1,5,34,6,1,31,30,1,543,35,2859,0.0101400005817413,81,0.0123500001430511,1.0200888324757,1.59498740892943,39.634231920872,554.147710733952,42
"278",2020-12-03,8796,559,380,38,43.7,38,0,5,32,3,1,33,32,1,546,32,3327,0.0102199995517731,202,0,0.963500666158941,1.53687099953329,36.6841348138724,553.482230029833,38
"279",2020-12-04,8839,563,382,55,43.6,43,1,5,33,2,1,31,30,2,548,34,2994,0.0110199999809265,165,0.0121200001239777,1.10774548791865,1.46173385986907,38.614149852251,556.610775494627,43
"280",2020-12-05,8874,552,382,46,41.6,35,3,2,29,1,1,31,30,0,549,32,2277,0.0184500002861023,209,0,1.68988940673592,1.54426069175673,33.4460022180143,542.443538260747,35
"281",2020-12-06,8913,546,383,33,43.1,39,0,7,30,1,2,31,29,1,550,30,1397,0.0157500004768372,20,0,1.55276998349623,1.42070035300659,36.5227695503908,537.314405817113,39
"282",2020-12-07,8967,549,384,23,39.7,54,0,4,45,2,1,30,29,1,552,45,1068,0.0168499994277954,25,0.04,1.73795053878184,1.3583859681456,48.1987838580374,539.225163068057,54
"283",2020-12-08,9014,553,384,57,43,47,1,1,44,0,1,27,26,0,552,45,2367,0.01942999958992,69,0,1.88796424586785,1.4228441659193,45.1296257312951,542.304067320138,47
"284",2020-12-09,9067,562,386,36,41.1,53,2,3,46,1,3,24,21,2,553,48,2911,0.00962000012397766,167,0.00598999977111816,0.942305078709412,1.41173220109555,50.5366250701277,556.574651862745,53
"285",2020-12-10,9112,561,386,60,44.3,45,2,0,43,1,3,23,20,0,554,45,3091,0.0139100003242493,252,0.00397000014781952,1.3160709255012,1.46209938100158,44.3932754437199,553.436167198375,45
"286",2020-12-11,9151,545,386,48,43.3,39,6,2,30,1,2,23,21,0,555,36,3047,0.0118099999427795,32,0,1.16872587936503,1.47081086549392,37.568962628484,538.474573125661,39
"287",2020-12-12,9184,534,387,59,45.1,33,2,5,26,0,2,20,18,1,555,28,2616,0.0156700003147125,24,0,1.5527545766397,1.45122017548018,32.5545893331848,525.505382282882,33
"288",2020-12-13,9223,531,388,30,44.7,39,5,2,32,0,2,19,17,1,555,37,1502,0.0119799995422363,47,0,1.16165005244926,1.39534589961632,38.5596714911564,524.680690859569,39
"289",2020-12-14,9266,528,388,16,43.7,43,4,4,35,2,2,20,18,0,557,39,917,0.0174500000476837,20,0,1.70775347318313,1.39103203310222,42.3176777266186,518.76240614499,43
"290",2020-12-15,9312,536,389,54,43.3,46,1,7,37,1,1,20,19,1,558,38,2079,0.0134700000286102,49,0,1.31598355542672,1.30932050589635,44.4876888322296,528.77371615987,46
"291",2020-12-16,9367,554,389,53,45.7,55,3,4,47,0,1,18,17,0,558,50,2312,0.0168700003623962,94,0,1.62109064164007,1.4062898720293,53.1696196431863,544.799385646504,55
"292",2020-12-17,9404,549,390,61,45.9,37,1,5,29,1,0,17,17,1,559,30,3207,0.0134099996089935,83,0.0241000008583069,1.36796865706023,1.41370383368059,34.5795666427102,541.306069561597,37
"293",2020-12-18,9445,536,390,25,42.6,41,3,4,34,0,0,16,16,0,559,37,3298,0.00727999985218048,170,0.00587999999523163,0.72113724082124,1.34976259960291,40.7266497898804,532.040115875025,41
"294",2020-12-19,9484,533,390,46,40.7,39,1,7,28,3,0,19,19,0,562,29,2799,0.0117900002002716,140,0,1.12283805922287,1.28834595425765,35.666408568589,526.868819553722,39
"295",2020-12-20,9528,527,390,24,39.9,44,5,2,34,0,0,16,16,0,562,39,1360,0.0161800003051758,51,0,1.55951810170369,1.34518424700828,40.3769042468697,518.58021892565,44
"296",2020-12-21,9603,549,390,22,40.7,75,7,8,60,1,0,15,15,0,563,67,1365,0.00658999979496002,32,0.03125,0.715486737302823,1.20343185616824,74.5088929658089,544.975854301927,75
"297",2020-12-22,9687,593,390,73,43.4,84,5,7,70,2,0,15,15,0,565,75,3021,0.0225099992752075,48,0,2.21579367254487,1.33197615861369,80.2974873583516,579.5388000467,84
"298",2020-12-23,9787,660,390,52,43.3,100,5,6,88,1,1,13,12,0,566,93,2652,0.0199800002574921,199,0.0150800001621246,1.96379799070964,1.38093435133791,97.1289752862125,646.721760095702,100
"299",2020-12-24,9862,687,390,49,41.6,75,11,6,56,2,1,13,12,0,568,67,3469,0.01557000041008,144,0,1.49494413015686,1.39907370463743,71.9738767474428,676.478407843182,75
"300",2020-12-25,9927,718,390,47,44.7,65,6,2,56,0,1,10,9,0,568,62,2537,0.0295600008964539,161,0,2.77960423551903,1.69314041816568,62.2344727771363,697.554055709417,65
"301",2020-12-26,10019,760,390,95,51.7,92,5,4,82,2,2,12,10,0,570,87,951,0.0199800002574921,50,0,1.89819982466283,1.80390638465711,89.3081535451738,745.220651658989,92
"302",2020-12-27,10129,824,391,37,53.6,110,8,6,94,2,4,12,8,1,572,102,1480,0.0270300006866455,32,0.0625,2.77806885028012,1.97798506302517,105.097027373089,800.548534857107,110
"303",2020-12-28,10260,917,391,65,59.7,131,15,6,108,1,2,13,11,0,573,123,1188,0.04125,39,0.0256399989128113,4.07538385962507,2.45797036621406,123.86461040685,878.714209293347,131
"304",2020-12-29,10381,995,391,112,65.3,121,5,15,101,3,4,12,8,0,576,106,1880,0.0505299997329712,25,0.04,5.03918107600976,2.8613114238519,115.527754235562,943.633164758338,121
"305",2020-12-30,10518,1086,391,88,70.4,137,12,10,115,3,5,13,8,0,579,127,2458,0.0573600006103516,62,0,5.59487625000969,3.38003688946619,129.720627056632,1023.75276364962,137
"306",2020-12-31,10643,1173,391,147,84.4,125,0,9,116,2,5,13,8,0,581,116,2652,0.0331800007820129,144,0,3.14711595400209,3.6160614357298,121.260009509693,1135.18095823164,125
"307",2021-01-01,10760,1228,392,87,90.1,117,0,5,111,2,6,13,7,1,583,111,2759,0.0391400003433228,134,0.0149300003051758,3.80186246070242,3.76209832504171,111.676662456254,1180.17064411063,117
"308",2021-01-02,10873,1288,392,134,95.7,113,2,8,101,2,6,15,9,0,585,103,2369,0.0295499992370605,431,0,2.50014100687844,3.84808992250108,108.361837807349,1255.01016597928,113
"309",2021-01-03,10996,1315,393,106,105.6,123,0,5,118,3,5,18,13,1,588,118,1516,0.0600299978256226,126,0.0238100004196167,5.72506313986087,4.26908910672691,116.079108318955,1237.87311389344,123
"310",2021-01-04,11171,1426,393,117,113,175,4,30,140,5,8,21,13,0,593,144,1386,0.0533900022506714,155,0.00644999980926514,4.86685873393035,4.38215694591337,166.820222318162,1354.90025712291,175
"311",2021-01-05,11312,1499,395,105,112,141,2,19,120,6,8,23,15,2,599,122,2417,0.0575099992752075,97,0.0103100001811981,5.56888378145397,4.45782876097683,134.0397033566,1413.47963386511,141
"312",2021-01-06,11495,1593,395,132,118.3,183,11,42,129,7,7,28,21,0,606,140,2627,0.0513899993896484,211,0.0142200005054474,4.86264793880394,4.35322471651887,175.025699960913,1513.64242884096,183
"313",2021-01-07,11613,1630,395,186,123.9,118,2,7,108,6,9,32,23,0,612,110,2311,0.048899998664856,91,0.0109899997711182,4.74637747267502,4.58169064775786,111.651220147839,1550.74080764525,118
"314",2021-01-08,11743,1660,395,185,137.9,130,6,13,110,0,11,30,19,0,612,116,2661,0.0368300008773804,249,0,3.36785678126148,4.51968983640915,124.997684064162,1602.72547884922,130
"315",2021-01-09,11841,1669,397,155,140.9,98,6,2,90,4,11,30,19,2,616,96,3020,0.0324499988555908,375,0.00266999989748001,2.91606027998348,4.57910687542416,95.1320769498738,1619.13996280562,98
"316",2021-01-10,11933,1652,397,114,142,92,5,3,82,5,11,34,23,0,621,87,1824,0.0509899997711182,78,0,4.88989272252994,4.45979681580545,85.6416876876689,1569.24216160953,92
"317",2021-01-11,12097,1705,397,66,134.7,164,2,25,135,3,13,34,21,0,624,137,1608,0.0342000007629395,115,0,3.1917354165297,4.22049348474822,157.520317708883,1649.24920944267,164
"318",2021-01-12,12237,1733,398,161,142.7,140,1,22,115,4,13,35,22,1,628,116,2211,0.0705600023269653,74,0.0135099995136261,6.87124311198813,4.40654481768167,129.834306625169,1611.00735673636,140
"319",2021-01-13,12325,1721,402,172,148.4,88,0,9,75,2,11,34,23,4,630,75,2532,0.0375200009346008,173,0.0115600001811981,3.58597125315181,4.22416243401708,81.2447067311701,1657.77520379125,88
"320",2021-01-14,12417,1709,402,128,140.1,92,2,14,75,9,10,41,31,0,639,77,2581,0.0337100005149841,146,0,3.19052113418313,4.00189724280395,88.4831802398647,1653.13967571336,92
"321",2021-01-15,12510,1678,404,145,134.4,93,6,7,78,5,11,41,30,2,644,84,2923,0.0372900009155273,206,0.00485000014305115,3.51542897748658,4.02297898512182,87.9747771053575,1617.56757122369,93
"322",2021-01-16,12571,1630,405,119,129.3,61,0,0,59,2,9,39,30,1,646,59,2470,0.0323900008201599,289,0,2.89972098679938,4.02064480038124,57.2472983821642,1581.5779044564,61
"323",2021-01-17,12651,1571,407,72,123.3,80,2,3,72,2,9,39,30,2,648,74,2036,0.026029999256134,32,0,2.5627213967838,3.68819175384607,75.057178598928,1529.75442674211,80
"324",2021-01-18,12772,1591,408,63,122.9,121,2,45,72,7,10,43,33,1,655,74,1021,0.0391799998283386,48,0,3.74207481990026,3.7668116686133,116.163100501819,1530.0066607891,121
"325",2021-01-19,12846,1536,415,81,111.4,74,3,24,47,8,9,45,36,7,663,50,2337,0.0410799980163574,89,0,3.95729412053699,3.35053324126313,71.9729330245816,1473.72850251515,74
"326",2021-01-20,12907,1497,415,166,110.6,61,1,8,50,2,7,37,30,0,665,51,3065,0.0225099992752075,163,0.00612999975681305,2.16828803404187,3.14800706710457,57.8671121650839,1463.74641002217,61
"327",2021-01-21,12977,1463,417,81,103.9,70,1,9,59,3,7,37,30,2,668,60,2636,0.0242799997329712,117,0,2.32481217929938,3.02433435926404,67.5709780928584,1428.15568249753,70
"328",2021-01-22,13056,1433,418,95,96.7,79,1,3,74,5,6,37,31,1,673,75,2311,0.0307200002670288,111,0.00901000022888184,2.97250332958338,2.94677355242072,75.7160669070124,1389.36165170332,79
"329",2021-01-23,13104,1366,418,84,91.7,48,1,4,40,4,9,39,30,0,677,41,2122,0.0329900002479553,276,0,2.91929860409346,2.9495703548913,43.7737976603643,1325.14652692823,48
"330",2021-01-24,13150,1285,419,44,87.7,46,2,9,35,2,8,37,29,1,679,37,1247,0.0224499988555908,36,0,2.18200690357925,2.8951825701478,45.1729007852979,1256.27506781372,46
"331",2021-01-25,13213,1226,419,29,82.9,63,1,18,43,4,7,38,31,0,683,44,825,0.0206100010871887,48,0,1.94768051511234,2.63884052660667,61.1220492379584,1201.5370992213,63
"332",2021-01-26,13275,1165,420,74,81.9,62,1,19,40,8,5,40,35,1,691,41,2354,0.024210000038147,79,0,2.3423896461076,2.40813988740247,59.0161185771239,1137.04336932559,62
"333",2021-01-27,13353,1126,422,80,69.6,78,0,27,50,1,4,30,26,2,692,50,2800,0.0196399998664856,175,0.00570999979972839,1.88205880978528,2.36724999822296,76.0359424538823,1104.28942406143,78
"334",2021-01-28,13391,1065,422,66,67.4,38,1,3,33,3,5,30,25,0,695,34,2355,0.0212299990653992,209,0.0287100005149841,2.18397183723271,2.34712994935629,36.2392784576724,1041.17151639474,38
"335",2021-01-29,13420,963,422,73,64.3,29,1,2,26,3,4,31,27,0,698,27,2847,0.0122899997234344,180,0.00555999994277954,1.18898015204223,2.09234092399327,28.6711194930932,951.269928586989,29
"336",2021-01-30,13439,866,423,42,58.3,19,1,6,12,2,5,33,28,1,700,13,2155,0.0157799994945526,216,0,1.43424288953019,1.88019010762709,18.8089857261147,853.275510678105,19
"337",2021-01-31,13481,807,424,25,55.6,42,3,5,34,4,6,32,26,1,704,37,922,0.0195200002193451,24,0,1.90247782264653,1.84025738177955,41.2788575001674,791.271297368515,42
"338",2021-02-01,13521,716,424,26,55.1,40,6,7,25,4,5,29,24,0,708,31,548,0.0292000007629395,29,0,2.77324097367259,1.9581945901453,37.1192572719501,695.657684087622,40
"339",2021-02-02,13563,652,425,59,53,42,4,5,31,3,5,27,22,1,711,35,2439,0.0221399998664856,107,0.0280399990081787,2.23879574109322,1.94339546085754,39.1972463655031,637.045846580229,42
"340",2021-02-03,13626,637,425,54,49.3,63,4,22,36,2,4,26,22,0,713,40,2865,0.0129100000858307,212,0,1.20205233168362,1.84625167827158,61.507412790647,629.155548691053,63
"341",2021-02-04,13708,639,425,51,47.1,82,3,43,33,2,5,25,20,0,715,36,2814,0.0127900004386902,90,0,1.23936161275738,1.71130736048939,78.5429114890388,630.886678930439,82
"342",2021-02-05,13766,638,427,72,47,58,1,8,48,2,5,21,16,2,717,49,2435,0.0160199999809265,149,0,1.50962461120573,1.75711371179847,56.2421821832252,628.132902712198,58
"343",2021-02-06,13791,607,427,61,49.7,25,1,4,19,3,6,21,15,0,720,20,2369,0.0143499994277954,205,0.0146300005912781,1.43722994427581,1.75754043390498,23.7055198560042,598.062527629727,25
"344",2021-02-07,13816,562,429,33,50.9,25,1,2,19,3,4,23,19,2,723,20,1004,0.0249000000953674,75,0,2.31692308579693,1.81674690006933,21.5252757941413,548.660249815369,25
"345",2021-02-08,13863,559,431,24,50.6,47,1,7,38,2,5,21,16,2,725,39,852,0.0140799999237061,29,0,1.36165266004513,1.61509142669397,45.4559601528281,551.20209552387,47
"346",2021-02-09,13918,578,431,43,48.3,55,5,8,39,0,2,19,17,0,725,44,2244,0.0178299999237061,149,0,1.67198160588368,1.5341179788069,51.2463253014982,568.099455096954,55
"347",2021-02-10,13975,595,432,40,46.3,57,0,6,50,3,4,20,16,1,728,50,2791,0.0125399994850159,100,0,1.21062395581734,1.53534249654028,55.3798752971754,587.620516036387,57
"348",2021-02-11,14035,621,433,51,46.3,60,1,11,46,1,3,16,13,1,729,47,2563,0.0152199995517731,58,0,1.48831968146488,1.57090793492707,57.283371877785,611.531360342648,60
"349",2021-02-12,14086,624,435,52,43.4,51,0,8,41,3,2,16,14,2,732,41,2612,0.0157000005245209,173,0,1.47247401687786,1.56560070716595,48.3815120241497,614.58691470901,51
"350",2021-02-13,14118,622,435,46,41.3,32,0,3,28,6,2,21,19,0,738,28,2099,0.0219199991226196,46,0.0217400002479553,2.19161390068926,1.67336984379644,30.3713312949816,608.034573767092,32
"351",2021-02-14,14159,597,437,48,43.4,41,0,4,35,4,2,21,19,2,742,35,1175,0.0170200002193451,10,0,1.6876371525511,1.58347185333275,38.3948725053136,586.678253876349,41
"352",2021-02-15,14221,620,438,34,44.9,62,2,8,51,4,2,23,21,1,746,53,867,0.0265300011634827,26,0,2.57575711184093,1.75691534644643,59.6014418084124,603.639507947465,62
"353",2021-02-16,14272,615,438,60,47.3,51,3,13,32,3,2,24,22,0,749,35,1561,0.0333100008964539,23,0,3.28263329541442,1.98700844495083,46.8229628276282,594.317775399752,51
"354",2021-02-17,14329,630,439,49,48.6,57,5,6,44,2,2,25,23,1,751,49,2063,0.0184200000762939,222,0,1.66303983183345,2.0516392843817,54.165169138596,619.266460353378,57
"355",2021-02-18,14401,646,439,68,51,72,3,12,53,3,3,26,23,0,754,56,2348,0.0212899994850159,116,0,2.02877105482213,2.12884662343274,66.8360861633404,632.573422527106,72
"356",2021-02-19,14455,650,440,58,51.9,54,2,16,33,1,3,26,23,1,755,35,2576,0.0151400005817413,96,0,1.45960484650321,2.12700817052207,50.4766368927933,640.280399437589,54
"357",2021-02-20,14504,629,440,66,54.7,49,0,3,45,4,3,26,23,0,759,45,2384,0.0255900001525879,68,0,2.48803264126303,2.16935370488975,46.8529869697518,612.967306754975,49
"358",2021-02-21,14546,618,440,53,55.4,42,0,7,33,2,4,24,20,0,761,33,1000,0.03,28,0,2.91828793774319,2.34516095991719,39.0133983349995,599.523641546355,42
"359",2021-02-22,14611,633,440,32,55.1,65,0,11,54,1,6,23,17,0,762,54,863,0.0150600004196167,66,0,1.39900757396439,2.17705388307769,64.2260487791968,623.927571800585,65
"360",2021-02-23,14666,639,440,47,53.3,55,0,7,47,3,6,25,19,0,765,47,2036,0.019650000333786,84,0,1.88714154149001,1.97769791823135,53.0913385638354,626.64607111257,55
"361",2021-02-24,14712,646,441,60,54.9,46,2,10,34,1,6,24,18,1,766,36,2874,0.0187899994850159,41,0,1.85257147581254,2.00477386737122,45.3167537798397,633.739526160456,46
"362",2021-02-25,14745,642,441,43,51.3,33,1,5,25,1,6,23,17,0,767,26,2376,0.0185199999809265,128,0.00781000018119812,1.79725239528254,1.97169977315127,30.5212793261455,630.179281822516,33
"363",2021-02-26,14810,645,441,57,51.1,65,5,12,43,1,6,21,15,0,768,48,2639,0.0181900000572205,181,0,1.70224858691506,2.00636316463868,59.1629257472884,633.751814729187,65
"364",2021-02-27,14856,650,442,71,51.9,46,0,4,34,3,6,23,17,1,771,34,2535,0.0209100008010864,47,0.0212800002098083,2.09167358794017,1.94974044273542,37.2714278038127,636.07141389642,46
"365",2021-02-28,14921,661,442,49,51.3,65,2,8,54,7,6,28,22,0,778,56,1552,0.0257699990272522,94,0,2.42983222905804,1.87996105578039,62.6059958094138,644.545771964688,65
"366",2021-03-01,14998,676,442,54,54.4,77,4,7,64,3,6,29,23,0,781,68,996,0.0291199994087219,45,0,2.78612098089213,2.07812011391293,73.0590754756425,656.704926787269,77
"367",2021-03-02,15061,685,443,61,56.4,63,1,6,54,3,4,29,25,1,784,55,2006,0.0259200000762939,41,0,2.54008403287961,2.17139761268287,59.568766351172,667.174635464597,63
"368",2021-03-03,15120,695,443,65,57.1,59,0,5,51,6,5,32,27,0,790,51,2676,0.0209299993515015,109,0,2.01108360016581,2.19404220187619,54.9492483886562,680.680933923844,59
"369",2021-03-04,15177,691,443,61,59.7,57,3,3,50,1,5,31,26,0,791,53,2414,0.0202999997138977,225,0.00444000005722046,1.89477829944008,2.2079744738987,54.9711927030144,677.58668222232,57
"370",2021-03-05,15250,695,444,51,58.9,73,1,10,57,1,2,28,26,1,792,58,2440,0.0188499999046326,154,0,1.77309174122218,2.218094924514,66.9464407496363,682.375453810297,73
"371",2021-03-06,15306,708,446,46,55.3,56,3,3,47,1,2,27,25,2,793,50,1957,0.0209500002861023,25,0,2.06857470029779,2.21479508342224,51.940402372571,692.996097595605,56
"372",2021-03-07,15346,699,447,54,56,40,1,0,38,2,5,26,21,1,795,39,1752,0.0194099998474121,16,0.0625,1.97999545999242,2.15053268784143,38.2089051348678,684.821145878784,40
"373",2021-03-08,15429,740,448,38,53.7,83,1,9,65,6,4,29,25,1,801,66,1170,0.0205100011825562,142,0,1.82901687374929,2.01380352967817,73.7633083976282,726.134063852195,83
"374",2021-03-09,15486,747,448,70,55,57,0,8,47,1,3,27,24,0,802,47,2105,0.0318300008773804,57,0,3.09908195406502,2.0936603755618,53.5077874673093,723.283345491065,57
"375",2021-03-10,15566,770,448,76,56.6,80,5,8,64,0,2,24,22,0,802,69,2655,0.0180799996852875,173,0,1.69739742448509,2.04884806475027,75.8001349763822,756.610201910352,80
"376",2021-03-11,15627,767,451,73,58.3,61,1,7,52,1,2,20,18,3,803,53,2321,0.0280100011825562,86,0,2.70092283941474,2.16401157046093,58.5334806047726,745.776974035105,61
"377",2021-03-12,15709,772,451,93,64.3,82,5,4,67,2,2,17,15,0,805,72,2361,0.0228699994087219,133,0,2.16503883736938,2.22000401276768,74.403025609056,754.8768856971,82
"378",2021-03-13,15777,790,451,56,65.7,68,5,3,54,5,4,22,18,0,810,59,2353,0.0187000000476837,99,0,1.79449837325448,2.18085025176149,60.9153369526499,775.476545637177,68
"379",2021-03-14,15845,815,451,65,67.3,68,2,10,51,2,3,23,20,0,812,53,1535,0.0299699997901916,36,0,2.92832270387932,2.31632557231676,61.4100093575223,790.550143893975,68
"380",2021-03-15,15952,862,452,58,70.1,107,4,3,97,4,5,25,20,1,816,101,1000,0.0320000004768372,13,0,3.15893390689409,2.50631371990887,100.731400745457,834.103638045389,107
"381",2021-03-16,16038,880,453,85,72.3,86,7,4,72,5,6,27,21,1,821,79,1583,0.0341100001335144,9,0,3.39171672181867,2.54811868673083,80.254974217022,849.422497607333,86
"382",2021-03-17,16126,907,454,77,72.4,88,3,5,76,3,5,27,22,1,824,79,2842,0.0267400002479553,175,0,2.51889561500461,2.66547557109076,81.9613765019532,883.594537813564,88
"383",2021-03-18,16219,945,455,63,71,93,6,3,80,2,5,24,19,1,826,86,2566,0.0284500002861023,161,0,2.67703339692477,2.66206279359219,86.6414124348052,919.082962219661,93
"384",2021-03-19,16344,993,457,117,74.4,125,7,6,104,2,4,24,20,2,828,111,2615,0.0382399988174438,97,0,3.6872270246171,2.87951824891329,112.807021639363,955.489842233222,125
"385",2021-03-20,16447,1047,458,83,78.3,103,5,6,87,4,4,27,23,1,832,92,1997,0.0435699987411499,151,0.00662000000476837,4.09724895189927,3.20848261729112,94.1382874436491,1003.05203210327,103
"386",2021-03-21,16532,1075,459,87,81.4,85,5,1,77,4,4,29,25,1,836,82,1306,0.0421099996566772,87,0,3.94800140356213,3.35415100296009,79.6834166596422,1031.52040133068,85
"387",2021-03-22,16681,1151,460,56,81.1,149,6,7,133,4,7,30,23,1,840,139,1150,0.0547800016403198,131,0,4.91779874210521,3.60541740799025,138.996980818536,1093.01097066284,149
"388",2021-03-23,16805,1190,461,108,84.4,124,2,0,120,5,9,31,22,1,845,122,1966,0.0350999999046326,153,0,3.25656440832976,3.58610993463469,117.929767039527,1150.29854735277,124
"389",2021-03-24,16958,1280,461,85,85.6,153,7,2,137,4,9,33,24,0,849,144,3106,0.0457200002670288,47,0,4.50384779033909,3.86967453111105,139.355750060705,1220.9400005396,153
"390",2021-03-25,17107,1362,462,123,94.1,149,7,4,132,8,10,40,30,1,857,139,3005,0.0379399991035461,282,0,3.46850311244771,3.98274163332861,138.06079953629,1313.6029422189,149
"391",2021-03-26,17256,1446,463,103,92.1,149,10,2,130,4,11,42,31,1,861,140,2390,0.0673600006103516,117,0,6.42163547900839,4.37337141252737,132.789706938301,1350.87083023416,149
"392",2021-03-27,17372,1499,465,138,100,116,7,3,100,5,13,44,31,2,866,107,2476,0.0626000022888184,117,0,5.97753974805686,4.64198438340702,103.447515316347,1407.20397625424,116
"393",2021-03-28,17509,1558,466,139,107.4,137,3,5,124,5,13,45,32,1,871,127,2480,0.0826599979400635,157,0,7.77386404593695,5.18853618946057,121.885592983166,1433.91932179349,137
"394",2021-03-29,17718,1706,466,111,115.3,209,7,1,189,4,12,47,35,0,875,196,1644,0.0839400005340576,40,0,8.19461762933437,5.65665317335045,180.545506094509,1562.77874182261,209
"395",2021-03-30,17927,1837,467,170,124.1,209,9,6,186,6,12,48,36,1,881,195,1968,0.0406500005722046,64,0,3.93696855935525,5.75385376635409,193.13504355332,1762.90807696128,209
"396",2021-03-31,18134,1940,468,163,135.3,207,7,5,190,8,14,54,40,1,889,197,3023,0.0793900012969971,224,0,7.3913142568778,6.16634897585962,187.082788137539,1793.09953800419,207
"397",2021-04-01,18371,2075,469,144,138.3,237,12,4,203,3,15,52,37,1,892,215,2634,0.0721299982070923,100,0.01,6.98575037591372,6.66881287064048,203.613094490049,1926.49847007838,237
"398",2021-04-02,18569,2168,470,242,158.1,198,15,7,162,6,15,56,41,1,898,177,3130,0.0939299964904785,99,0,9.10501359601108,7.05215260164086,167.489750773133,1965.77276653193,198
"399",2021-04-03,18820,2347,470,222,170.1,251,16,3,223,11,14,60,46,0,909,239,2885,0.101909999847412,36,0,10.0654005326869,7.63613271373086,217.355005446375,2104.98409114076,251
"400",2021-04-04,19050,2506,471,152,172,230,9,2,215,12,15,63,48,1,921,224,1818,0.0929599952697754,139,0,8.63573180380438,7.7592566791405,206.182588444885,2284.29270822715,230
"401",2021-04-05,19335,2651,472,184,182.4,285,8,4,269,5,17,66,49,1,926,277,2045,0.105620002746582,162,0,9.78671978326961,7.98669984398839,253.227390560808,2385.20509883286,285
"402",2021-04-06,19609,2788,473,156,180.4,274,7,6,245,10,19,69,50,1,936,252,1749,0.128640003204346,83,0,12.2811880788428,9.17873120391518,226.29405607043,2437.22154096967,274
"403",2021-04-07,19917,2929,474,219,188.4,308,3,6,290,12,23,75,52,1,948,293,3364,0.098100004196167,44,0,9.68334548462165,9.50616423645002,269.933495216936,2638.43415525736,308
"404",2021-04-08,20211,3100,475,170,192.1,294,22,5,255,10,29,82,53,1,958,277,3366,0.0858600044250488,194,0.0103100001811981,8.1742953631985,9.6759563774907,258.803104861467,2840.39575837743,294
"405",2021-04-09,20508,3253,477,261,194.9,297,13,2,276,14,30,87,57,2,972,289,3418,0.110299997329712,158,0,10.542656344322,9.8813339129637,259.786127141878,2901.65491900529,297
"406",2021-04-10,20795,3417,480,381,217.6,287,12,2,262,14,26,91,65,3,986,274,3187,0.0875399971008301,97,0,8.49543150914572,9.65705262388639,252.152889183844,3119.60738080728,287
"407",2021-04-11,21064,3555,480,205,225.1,269,8,4,249,13,28,99,71,0,999,257,2714,0.145909996032715,29,0,14.43673821483,10.4857678254615,222.989641230577,3029.21468706109,269
"408",2021-04-12,21379,3649,481,264,236.6,315,16,4,291,16,27,100,73,1,1015,307,2125,0.0804699993133545,107,0,7.66123425362358,10.182127035512,286.904447921512,3362.60042496937,315
"409",2021-04-13,21615,3675,483,245,249.3,236,10,0,219,12,28,104,76,2,1027,229,2670,0.0767799997329712,178,0,7.19812497496605,9.45597516352965,212.11291734306,3403.99550757967,236
"410",2021-04-14,21888,3748,485,389,273.6,273,10,11,248,12,28,101,73,2,1039,258,3971,0.171490001678467,97,0.0103100001811981,16.7646722390061,10.4675932712989,224.68869534137,3104.28383774982,273
"411",2021-04-15,22110,3751,485,312,293.9,222,15,3,202,19,29,107,78,0,1058,217,3902,0.130959997177124,98,0.0101999998092651,12.8001377241611,11.1284278942935,191.543981111156,3259.11738777855,222
"412",2021-04-16,22346,3790,487,348,306.3,236,1,10,219,20,24,114,90,2,1078,220,2970,0.120539999008179,244,0.00409999996423721,11.1700123536268,11.2180501813371,204.82461630183,3356.29679901789,236
"413",2021-04-17,22527,3737,490,405,309.7,181,5,7,167,16,23,123,100,3,1094,172,2935,0.101870002746582,121,0.00825999975204468,9.81635857431989,11.4067540477905,161.702687762146,3361.18572190199,181
"414",2021-04-18,22689,3679,490,294,322.4,162,5,8,146,11,22,122,100,0,1105,151,1949,0.0646500015258789,188,0.0159599995613098,6.03665572725616,10.2067422638514,149.661586077814,3451.47665682303,162
"415",2021-04-19,22916,3618,491,258,321.6,227,5,4,218,22,22,115,93,1,1127,223,2084,0.112279996871948,88,0.0340899991989136,10.9112077997534,10.6710241990128,202.072572949281,3213.5720579843,227
"416",2021-04-20,23105,3506,492,188,313.4,189,9,2,178,17,27,118,91,1,1144,187,2775,0.100539999008179,221,0,9.31236639678558,10.9730586878442,171.159729882862,3171.51878593216,189
"417",2021-04-21,23300,3407,493,207,287.4,195,3,2,185,12,25,110,85,1,1156,188,2521,0.136850004196167,236,0.0211899995803833,12.6949474239937,10.3916694285567,165.549456350343,2963.8989243916,195
"418",2021-04-22,23476,3299,496,239,277,176,7,4,161,14,22,106,84,3,1170,168,2358,0.163269996643066,213,0.00939000010490417,15.0521478843522,10.7133851657268,146.093572827153,2790.27795688558,176
"419",2021-04-23,23684,3223,499,189,254.3,208,5,8,186,21,29,112,83,3,1191,191,2507,0.0805700016021729,86,0.0116299998760223,7.82835225630487,10.2360051518237,183.68194971188,2964.51792629,208
"420",2021-04-24,23841,3103,500,227,228.9,157,2,2,151,18,31,118,87,1,1209,153,2464,0.0852299976348877,214,0.00467000007629395,7.87924175461875,9.95927417758068,142.649753641543,2852.52408856019,157
"421",2021-04-25,23989,2972,505,139,206.7,148,2,6,136,21,30,124,94,5,1230,138,1621,0.135719995498657,93,0.0215100002288818,12.9523070434428,10.9472243656073,125.68841312894,2577.63741897978,148
"422",2021-04-26,24152,2836,510,173,194.6,163,4,7,148,12,31,123,92,5,1242,152,1304,0.115030002593994,31,0,11.2358893919527,10.9936074502072,141.503515058091,2509.55242568912,163
"423",2021-04-27,24312,2743,511,189,194.7,160,3,5,148,10,31,120,89,1,1252,151,2425,0.0610300016403198,332,0.00903999984264374,5.47693267774876,10.4456883474877,147.527450515716,2589.09136930204,160
"424",2021-04-28,24478,2640,513,186,191.7,166,2,7,155,13,27,115,88,2,1265,157,2408,0.0689400005340576,38,0,6.78689784489006,9.60168126475859,153.083818980063,2456.44128730807,166
"425",2021-04-29,24604,2544,513,159,180.3,126,2,7,113,13,29,113,84,0,1278,115,2728,0.0652500009536743,111,0.00901000022888184,6.30511139933179,8.35210462404138,114.571684029383,2379.67273191956,126
"426",2021-04-30,24757,2453,516,178,178.7,153,4,3,139,13,27,109,82,3,1291,143,2122,0.0669199991226196,179,0,6.17141408684045,8.11539917126075,136.958916316244,2297.9106414248,153
"427",2021-05-01,24881,2398,520,138,166,124,3,5,113,7,29,110,81,4,1298,116,2051,0.089709997177124,70,0.0285700011253357,8.76921755252498,8.24253857096164,110.578779195547,2182.56821130105,124
"428",2021-05-02,24978,2337,520,128,164.4,97,0,4,91,8,27,108,81,0,1306,91,1279,0.0695900011062622,21,0,6.84658549345457,7.37029263524904,88.617141864041,2173.07978611279,97
"429",2021-05-03,25085,2220,523,102,154.3,107,4,3,100,10,22,98,76,3,1316,104,976,0.174179992675781,140,0.0071399998664856,15.3225154868164,7.95409636308671,90.6746247588866,1871.516028507,107
"430",2021-05-04,25190,2125,524,141,147.4,105,1,2,99,8,23,94,71,1,1324,100,2386,0.0389800000190735,57,0.0175399994850159,3.84797625935961,7.72138830331683,98.0578590521932,2041.22950485911,105
"431",2021-05-05,25272,2010,525,114,137.1,82,1,2,75,8,23,88,65,1,1332,76,1904,0.0777299976348877,65,0.0307699990272522,7.61797691384447,7.84011388459603,72.0686574194851,1853.13159754165,82
"432",2021-05-06,25378,1940,527,122,131.9,106,3,6,92,12,22,88,66,2,1344,95,2133,0.0534499979019165,246,0,4.79230119902429,7.62399814169496,96.3359040592576,1844.75425131537,106
"433",2021-05-07,25490,1842,530,108,121.9,112,4,4,103,19,23,95,72,3,1363,107,2302,0.0469199991226196,82,0.0122000002861023,4.57257709747193,7.39559285749946,105.987613188896,1755.71199527053,112
"434",2021-05-08,25579,1766,534,136,121.6,89,1,3,85,4,21,86,65,4,1367,86,1901,0.0489200019836426,86,0.0116299998760223,4.73060411475805,6.81864808067561,84.8321237031465,1680.41314488089,89
"435",2021-05-09,25662,1705,537,69,113.1,83,0,5,78,4,22,83,61,3,1371,78,1173,0.172210006713867,123,0.00813000023365021,15.6637598691439,8.0782444200598,70.4832844301664,1431.39743530043,83
"436",2021-05-10,25755,1638,538,82,110.3,93,3,2,87,9,22,85,63,1,1380,90,715,0.104899997711182,14,0,10.2885457288745,7.35910588321096,82.513712868869,1465.34957421342,93
"437",2021-05-11,25887,1607,540,124,107.9,132,1,6,123,5,21,79,58,2,1385,124,1899,0.0458099985122681,86,0.0232599997520447,4.48330212360065,7.44986672095968,124.304662623266,1533.19026480313,132
"438",2021-05-12,25984,1547,541,115,108,97,3,3,90,8,22,80,58,1,1393,93,2118,0.0495800018310547,174,0.00574999988079071,4.62525933060347,7.02233563763954,91.5932460690073,1473.69625450273,97
"439",2021-05-13,26077,1519,541,78,101.7,93,1,1,90,7,20,77,57,0,1400,91,1684,0.0795699977874756,54,0.0185199999809265,7.76731624125886,7.44733778653019,84.7587733020376,1398.12721588786,93
"440",2021-05-14,26160,1440,541,128,104.6,83,2,4,75,7,21,70,49,0,1407,77,1738,0.0471799993515015,105,0,4.44920449663101,7.4297131292672,77.4902768785856,1374.36361954757,83
"441",2021-05-15,26234,1392,542,85,97.3,74,2,8,63,7,19,64,45,1,1414,65,1779,0.0522800016403198,61,0,5.05468059337657,7.47600976906985,69.6340563710864,1319.91702259311,74
"442",2021-05-16,26303,1364,543,46,94,69,2,3,63,7,19,67,48,1,1421,65,805,0.0409899997711182,20,0,3.99963028069698,5.80970554214886,65.3366210163779,1308.11001640522,69
"443",2021-05-17,26377,1329,545,87,94.7,74,7,5,59,10,19,71,52,2,1431,66,774,0.229969997406006,19,0,22.4459997468157,7.54648468756904,55.823114651302,1023.39271775122,74
"444",2021-05-18,26456,1297,546,97,90.9,79,1,6,71,5,16,64,48,1,1436,72,1920,0.0265599989891052,56,0,2.58072864671468,7.27468847658533,76.0964047906935,1262.70884741013,79
"445",2021-05-19,26527,1283,550,91,87.4,71,2,5,64,4,14,57,43,4,1440,66,2042,0.0665999984741211,122,0.0163900005817413,6.37693054321293,7.52492722124382,66.688231986874,1199.18184301757,71
"446",2021-05-20,26587,1238,553,73,86.7,60,5,8,45,11,15,63,48,3,1451,50,1487,0.0511100006103516,65,0.0307699990272522,5.0258131987348,7.13328392945467,55.4255995007025,1174.25784363739,60
"447",2021-05-21,26668,1203,554,77,79.4,81,4,11,63,4,13,59,46,1,1455,67,1682,0.0416200017929077,190,0,3.73957494741831,7.03190827956714,75.4331717615268,1156.91202431517,81
"448",2021-05-22,26727,1171,558,77,78.3,59,0,13,46,8,15,58,43,4,1463,46,1380,0.0623199987411499,101,0.00990000009536743,5.87451034925179,7.14902681612074,56.2315972687475,1100.5260956892,59
"449",2021-05-23,26782,1147,559,39,77.3,55,0,4,51,5,12,59,47,1,1468,51,826,0.0375300002098084,14,0.0714300012588501,3.80950002272924,7.12186535069678,53.0096111932059,1102.23576546289,55
"450",2021-05-24,26833,1101,561,65,74.1,51,2,11,38,5,11,57,46,2,1473,40,733,0.0832199954986572,30,0,7.99479117962199,5.05740698395482,47.723826598286,1010.82332711782,51
"451",2021-05-25,26893,1034,563,56,68.3,60,1,12,46,3,11,54,43,2,1476,47,1035,0.0647300004959106,19,0.0526300001144409,6.45118790469088,5.61032973509428,55.8937435070102,965.662357154224,60
"452",2021-05-26,26949,993,566,76,66.1,56,1,11,44,1,8,47,39,3,1477,45,1371,0.0320900011062622,61,0.0491800022125244,3.28179969634424,5.16816818554161,54.4870507918817,959.614254140855,56
"453",2021-05-27,26996,947,566,62,64.6,47,0,8,38,3,9,42,33,0,1480,38,1368,0.0548199987411499,113,0.00884999990463257,5.13124971418748,5.18323054489199,44.0024092836443,897.217936621347,47
"454",2021-05-28,27031,897,569,65,62.9,35,0,1,30,1,7,34,27,3,1481,30,1589,0.0346099996566772,197,0.0152300000190735,3.24723401221823,5.11289612557769,30.0019906592038,867.159520710194,35
"455",2021-05-29,27066,858,571,45,58.3,35,0,3,31,5,9,36,27,2,1486,31,1074,0.024210000038147,104,0.00962000012397766,2.29219185516668,4.60113634070839,33.2720317754935,837.851718173335,35
"456",2021-05-30,27093,809,573,46,59.3,27,0,3,22,5,8,36,28,2,1491,22,718,0.0905300045013428,34,0,8.6436892595697,5.29173480311417,23.05185359883,737.361343702432,27
"457",2021-05-31,27141,777,576,40,55.7,48,1,2,41,5,6,35,29,3,1496,42,783,0.0855700016021728,27,0.037039999961853,8.39523348808288,5.34894084718001,40.3877164470301,710.172754270056,48
"458",2021-06-01,27183,741,577,38,53.1,42,1,5,36,2,5,31,26,1,1498,37,1565,0.0172500002384186,27,0.037039999961853,1.75856346558386,4.67856592730758,41.3334088636464,727.65016129627,42
"459",2021-06-02,27214,702,577,48,49.1,31,0,0,30,1,6,30,24,0,1499,30,1688,0.042649998664856,43,0.0232599997520447,4.21683291366925,4.81214210121116,28.7039928072372,671.673431689351,31
"460",2021-06-03,27259,691,577,48,47.1,45,2,4,39,2,5,29,24,0,1501,41,1176,0.0136099994182587,186,0,1.175136513647,4.24698307256252,44.5064036476417,682.681095622448,45
"461",2021-06-04,27289,644,579,43,44,30,0,0,27,3,6,29,23,2,1504,27,1195,0.0476999998092651,68,0.0147099995613098,4.59238161062873,4.43914701519259,25.7297140415514,613.701327509597,30
"462",2021-06-05,27308,612,582,39,43.1,19,1,0,18,2,4,30,26,3,1506,19,999,0.0160199999809265,90,0.0222199988365173,1.65323965805621,4.34786812989109,18.678197673394,601.634577690374,19
"463",2021-06-06,27325,563,582,21,39.6,17,0,1,16,2,4,28,24,0,1508,16,608,0.106909999847412,22,0,10.3176634773375,4.58700730385793,15.308776107201,503.490059272134,17
"464",2021-06-07,27352,530,583,17,36.3,27,1,3,23,1,4,26,22,1,1509,24,843,0.00949000000953674,30,0.0666699981689453,1.14549483998944,3.55133035413029,26.7183536398444,523.780309546564,27
"465",2021-06-08,27385,502,584,28,34.9,33,0,2,30,1,3,25,22,1,1510,30,1771,0.0299300003051758,100,0,2.83303209729911,3.70482587294676,31.1292920420144,487.430153503041,33
"466",2021-06-09,27412,476,585,33,32.7,27,1,0,24,2,4,23,19,1,1512,25,1194,0.0594600009918213,26,0,5.81928206428153,3.93374718017708,23.5095782454061,447.622369792532,27
"467",2021-06-10,27441,463,585,20,28.7,29,0,0,28,2,5,20,15,0,1514,28,1216,0.0304299998283386,136,0,2.73689939284466,4.1568561629196,27.2149150922413,450.018060275276,29
"468",2021-06-11,27463,453,585,36,27.7,22,0,1,20,1,4,15,11,0,1515,20,1055,0.017059999704361,96,0,1.56370979045185,3.72418876003719,20.6796048634431,445.743050156986,22
"469",2021-06-12,27481,430,585,29,26.3,18,0,0,18,2,6,16,10,0,1517,18,880,0.011360000371933,44,0,1.08190479732695,3.64256949421873,17.800491540273,425.233964573189,18
"470",2021-06-13,27502,423,586,18,25.9,21,0,1,18,2,5,15,10,1,1519,18,583,0.132080001831055,17,0,12.8337735112508,4.00201378477776,16.6333903019558,367.384672095961,21
"471",2021-06-14,27521,386,589,22,26.6,19,2,1,16,2,4,14,10,3,1521,18,655,0.0564900016784668,29,0,5.40949577476546,4.61115677546005,18.0024629037698,364.608371158619,19
"472",2021-06-15,27548,372,589,22,25.7,27,1,0,24,0,4,14,10,0,1521,25,1518,0.0144900000095367,36,0,1.41543243336401,4.40864253775504,24.6374825506754,366.605740354051,27
"473",2021-06-16,27565,351,589,24,24.4,17,0,0,17,1,4,12,8,0,1522,17,1251,0.0223799991607666,42,0,2.16530386311825,3.88664565187457,16.6228904452252,343.213796839649,17
"474",2021-06-17,27576,308,590,12,23.3,11,0,0,11,0,5,11,6,1,1522,11,1101,0.0208899998664856,123,0.0243899989128113,2.12417154569252,3.79911310228141,10.7606232114588,301.297449920845,11
"475",2021-06-18,27590,278,590,26,21.9,14,1,0,13,1,4,12,8,0,1523,14,864,0.0196800005435944,63,0,1.83425247784957,3.83776205762394,13.7369205566811,272.77599391124,14
"476",2021-06-19,27599,245,590,18,20.3,9,0,0,9,0,3,10,7,0,1523,9,926,0.0194400000572205,37,0,1.86930841671715,3.9502482889654,8.82764525867002,240.308120930462,9
"477",2021-06-20,27611,232,590,7,18.7,12,0,0,10,0,3,10,7,0,1523,10,562,0.0266899991035461,15,0,2.59961516398491,2.48822566792741,9.73367690713898,225.821304245624,12
"478",2021-06-21,27622,222,591,13,17.4,11,0,0,11,2,2,9,7,1,1525,11,520,0.0230800008773804,7,0,2.27734354008307,2.04077534868707,10.7433619783978,216.820578109483,11
"479",2021-06-22,27633,199,591,13,16.1,11,0,0,10,0,2,6,4,0,1525,10,1297,0.0115699994564056,65,0,1.10178335498958,1.99596833749072,9.88712546578863,196.753796769194,11
"480",2021-06-23,27644,186,591,18,15.3,11,0,0,10,0,1,4,3,0,1525,10,1105,0.00814000010490418,18,0,0.800952815308915,1.80106104494653,9.91794468890471,184.473771213628,11
"481",2021-06-24,27650,174,591,8,14.7,6,1,0,5,1,0,4,4,0,1526,6,904,0.00995999991893768,51,0,0.942810463530855,1.63229517606629,5.94204706863356,172.319364990373,6
"482",2021-06-25,27654,153,591,7,12,4,0,0,4,2,0,6,6,0,1528,4,1024,0.00194999992847443,64,0,0.183529405032887,1.39647759423534,3.99247917623247,152.712328490892,4
"483",2021-06-26,27658,138,591,9,10.7,4,0,0,4,1,0,6,6,0,1529,4,764,0.00523999989032745,19,0,0.511284791342296,1.20247421918179,3.97904813776292,137.277160752821,4
"484",2021-06-27,27663,124,591,8,10.9,5,0,0,5,0,0,5,5,0,1529,5,398,0.0200999999046326,13,0,1.94642334842914,1.10916110267382,4.90029726450435,121.527372159708,5
"485",2021-06-28,27672,116,591,1,9.1,9,0,0,9,0,0,4,4,0,1529,9,555,0.00180000007152557,5,0,0.178392864231552,0.809311006123604,8.98355174796477,115.788000307101,9
"486",2021-06-29,27675,110,591,8,8.4,3,0,0,3,0,0,3,3,0,1529,3,929,0.00646000027656555,14,0,0.636409359165366,0.742829006720144,2.98044050774821,109.282818617435,3
"487",2021-06-30,27677,95,591,8,7,2,0,1,1,0,0,2,2,0,1529,1,1221,0.000820000022649765,51,0,0.0787122663251072,0.639651785436743,1.99919361548185,94.9233934707759,2
"488",2021-07-01,27680,91,591,7,6.9,3,0,0,3,0,0,1,1,0,1529,3,884,0.00225999996066093,74,0,0.208542793864746,0.53475640405587,2.99359061726227,90.8055820569556,3
"489",2021-07-02,27684,80,591,6,6.7,4,0,0,4,2,0,2,2,0,1531,4,785,0.0140100002288818,29,0,1.35108724565998,0.701550381288312,3.94463399983593,78.8926799967187,4
"490",2021-07-03,27690,74,591,6,6.3,6,0,0,6,0,0,1,1,0,1531,6,627,0.00158999994397163,16,0,0.155043540415274,0.650658774013024,5.99046974126396,73.8824601422555,6
"491",2021-07-04,27692,69,592,2,5.4,2,0,0,2,1,0,2,2,1,1532,2,437,0.00685999989509583,34,0,0.636479820415472,0.463523984296785,1.98695889478835,68.550081870198,2
"492",2021-07-05,27698,68,592,2,5.6,6,0,0,6,0,0,2,2,0,1532,6,505,0.00197999998927116,27,0,0.187951126801116,0.464889450378152,5.98844696874602,67.8690656457883,6
"493",2021-07-06,27703,64,592,12,6.1,5,0,2,3,0,0,2,2,0,1532,3,1174,0.00596000015735626,28,0,0.58211648791483,0.457133325913789,4.98210915227592,63.6183285818863,5
"494",2021-07-07,27709,63,592,6,5.9,6,0,0,6,0,0,2,2,0,1532,6,1218,0.0320199990272522,23,0,3.14265582717109,0.894839548891786,5.80682637231421,60.9716769092992,6
"495",2021-07-08,27711,54,593,5,5.6,2,0,0,2,1,0,3,3,1,1533,2,933,0.00321999996900558,87,0,0.29453529128257,0.907124191380047,1.9939651413934,53.8370588176218,2
"496",2021-07-09,27713,52,593,3,5.1,2,0,0,2,0,0,2,2,0,1533,2,823,0.00486000001430511,56,0,0.455037544001491,0.77911709114312,1.9906765426079,51.7575901078054,2
"497",2021-07-10,27714,48,593,0,4.3,1,0,0,1,0,0,2,2,0,1533,1,930,0,22,0,0,0.756968013940938,1,48,1
"498",2021-07-11,27719,50,593,0,4,5,0,0,5,0,0,2,2,0,1533,5,422,0.00237000003457069,8,0,0.23259070106717,0.699269568319752,4.98808587599097,49.8808587599097,5
"499",2021-07-12,27722,48,593,1,3.9,3,0,1,2,0,0,1,1,0,1533,2,460,0.00216999992728233,16,0,0.209705875325604,0.702377389537536,2.99570324730509,47.8968779353223,3
"500",2021-07-13,27724,47,593,2,2.4,2,0,0,2,0,0,1,1,0,1533,2,1188,0.000839999988675117,14,0,0.0830216294963427,0.631078124049181,1.99829893459246,46.9600249629229,2
"501",2021-07-14,27729,49,593,0,1.6,5,0,0,5,0,0,0,0,0,1533,5,1098,0,15,0,0,0.182127291596168,5,49,5
"502",2021-07-15,27740,55,593,1,1,11,0,0,11,0,0,0,0,0,1533,11,947,0.00105999998748302,31,0,0.102640080587569,0.154713690068311,10.9884333010126,54.9421665050629,11
"503",2021-07-16,27743,55,593,8,1.7,3,0,0,3,0,0,0,0,0,1533,3,867,0.00460999995470047,34,0,0.443603769225894,0.153080293671797,2.98636622110898,54.750047386998,3
"504",2021-07-17,27745,52,593,5,2.4,2,0,0,2,0,0,0,0,0,1533,2,761,0.00263000011444092,18,0,0.256922989356809,0.189783577865627,1.99473579581312,51.8631306911412,2
"505",2021-07-18,27753,57,593,4,3,8,0,0,8,0,0,0,0,0,1533,8,214,0.00467000007629395,17,0,0.432632041699959,0.21836091224174,7.96454247382072,56.7473651259726,8
"506",2021-07-19,27761,61,593,2,3.1,8,0,0,8,0,0,0,0,0,1533,8,367,0,10,0,0,0.188402930052368,8,61,8
"507",2021-07-20,27765,62,593,10,4.3,4,0,0,4,0,0,0,0,0,1533,4,1142,0.00437999993562698,22,0,0.429721643168902,0.237931503434162,3.98239050169216,61.7270527762285,4
"508",2021-07-21,27770,65,593,12,6,5,0,0,5,0,0,0,0,0,1533,5,1058,0.0103999996185303,8,0,1.03219508409053,0.385387944018523,4.94712729194702,64.3126547953113,5
"509",2021-07-22,27775,67,593,5,6.6,5,0,0,5,1,0,1,1,0,1534,5,1046,0.00477999985218048,28,0,0.46553816064998,0.437230526884582,4.97615347754029,66.6804565990399,5
"510",2021-07-23,27787,75,593,3,5.9,12,0,0,12,0,0,1,1,0,1534,12,928,0.00647000014781952,38,0,0.621548668444774,0.462651226772993,11.923588952994,74.5224309562128,12
"511",2021-07-24,27790,77,593,2,5.4,3,0,0,3,0,0,1,1,0,1534,3,713,0.0028099998831749,16,0,0.274832636036173,0.465209747727188,2.99155325619011,76.7832002422128,3
"512",2021-07-25,27797,79,593,7,5.9,7,0,0,7,0,0,1,1,0,1534,7,410,0.00244000002741814,14,0,0.235943398877697,0.43711137018115,6.98307979441732,78.8090433941383,7
"513",2021-07-26,27806,83,593,5,6.3,9,0,0,9,1,0,2,2,0,1535,9,410,0,10,0,0,0.43711137018115,9,83,9
"514",2021-07-27,27814,90,593,7,5.9,8,0,0,8,0,0,2,2,0,1535,8,1125,0.0106700003147125,5,0,1.06227879239395,0.5274766772133,7.91293807563813,89.020553350929,8
"515",2021-07-28,27820,90,593,8,5.3,6,0,0,6,0,0,1,1,0,1535,6,1074,0.00372000008821487,11,0,0.368228580160624,0.432624319509028,5.97736562494938,89.6604843742407,6
"516",2021-07-29,27824,86,593,9,5.9,4,0,0,4,0,0,1,1,0,1535,4,1234,0.00243000000715256,15,0,0.240081666038932,0.400416248850307,3.99016172967068,85.7884771879196,4
"517",2021-07-30,27827,81,593,4,6,3,0,0,3,0,0,1,1,0,1535,3,940,0.00745000004768372,21,0,0.72872008791079,0.415726451631166,2.97760341719062,80.3952922641467,3
"518",2021-07-31,27834,82,593,8,6.9,7,0,0,7,0,0,0,0,0,1535,7,936,0.00962000012397766,8,0,0.953847469919819,0.512728570757401,6.93159675005815,81.1987047863954,7
"519",2021-08-01,27843,84,593,1,6,9,0,0,7,0,0,0,0,0,1535,7,563,0.00178000003099442,13,0,0.173982641918378,0.503877034048927,6.98752318529325,83.8502782235191,9
"520",2021-08-02,27854,87,593,3,5.7,11,0,0,11,1,0,1,1,0,1536,11,462,0.0043299999833107,4,0,0.429283260147971,0.565203214070066,10.9516232818403,86.6173841381918,11
"521",2021-08-03,27871,99,593,10,6.1,17,0,0,16,0,0,1,1,0,1536,16,550,0.0109099996089935,3,0,1.08508133543335,0.568460720218552,15.8221384634083,97.8994817423389,17
"522",2021-08-04,27883,108,593,15,7.1,12,0,0,10,2,0,3,3,0,1538,10,1289,0.00776000022888184,22,0,0.762977901985407,0.624853480479236,9.92183510949756,107.155819182574,12
"523",2021-08-05,27903,121,593,9,7.1,20,0,0,20,0,1,3,2,0,1538,20,1482,0.00472000002861023,19,0,0.466025319280504,0.657131145228032,19.9045140941615,120.422310269677,20
"524",2021-08-06,27917,123,593,15,8.7,14,0,0,12,1,1,4,3,0,1539,12,1109,0.00541000008583069,44,0,0.520354735055181,0.627364666248659,11.9360293857285,122.344301203717,14
"525",2021-08-07,27930,133,593,13,9.4,13,0,0,13,0,1,4,3,0,1539,13,846,0.01182000041008,14,0,1.16275817987531,0.657209053385157,12.8451424015734,131.415687646867,13
"526",2021-08-08,27950,145,593,5,10,20,0,0,19,1,1,3,2,0,1540,19,612,0.00653999984264374,4,0,0.6497532311198,0.725176280413932,18.8735258373006,144.034802442557,20
"527",2021-08-09,27964,153,593,13,11.4,14,0,0,14,1,1,3,2,0,1541,14,556,0.0143900001049042,9,0,1.41607788642951,0.866146941311294,13.7968976536454,150.780381500553,14
"528",2021-08-10,27984,168,593,18,12.6,20,3,0,17,1,1,4,3,0,1542,20,1264,0.0102799999713898,16,0,1.01514999717474,0.856156750131492,19.7920016079988,166.25281350719,20
"529",2021-08-11,27999,174,593,20,13.3,15,2,0,13,0,1,4,3,0,1542,15,1296,0.0108000004291534,8,0,1.07337427578089,0.900499089245133,14.8350538413048,172.086624559136,15
"530",2021-08-12,28018,188,593,18,14.6,19,3,0,16,0,1,3,2,0,1542,19,1053,0.0133000004291534,38,0,1.28367556846,1.01730626769935,18.7501331506749,185.527633280363,19
"531",2021-08-13,28035,202,593,26,16.1,17,3,0,14,0,1,3,2,0,1542,17,1077,0.0213599991798401,14,0,2.10859020317945,1.24419704885996,16.6327677023684,197.636416228142,17
"532",2021-08-14,28052,210,593,16,16.6,17,2,0,15,1,1,4,3,0,1543,17,1005,0.0119400000572205,12,0,1.17991151007931,1.24664752460339,16.794506483908,207.46155068357,17
"533",2021-08-15,28070,207,593,8,17,18,1,0,17,0,1,4,3,0,1543,18,543,0.0221000003814697,2,0,2.20188994626386,1.46838134105254,17.5939608801507,202.330550121733,18
"534",2021-08-16,28089,210,593,21,18.1,19,0,0,19,0,1,3,2,0,1543,19,611,0.0114600002765656,8,0,1.1311890418387,1.42768293468242,18.7798145817994,207.566371693572,19
"535",2021-08-17,28110,206,593,18,18.1,21,0,0,21,0,1,3,2,0,1543,21,1323,0.0158700001239777,10,0,1.57509453593567,1.50767501164827,20.661135804346,202.675903604537,21
"536",2021-08-18,28141,219,593,24,18.7,31,0,0,31,0,1,2,1,0,1543,31,1295,0.015440000295639,12,0,1.52982405377602,1.57288212279043,30.5141491765951,215.567699021753,31
"537",2021-08-19,28164,227,593,19,18.9,23,0,0,23,3,1,5,4,0,1546,23,1279,0.0172000002861023,17,0,1.69743829983988,1.63199108441613,22.6000353607337,223.052522908111,23
"538",2021-08-20,28183,227,593,17,17.6,19,0,0,19,0,2,5,3,0,1546,19,1142,0.014889999628067,50,0,1.42654191067555,1.53455561405843,18.722324283948,223.682505918747,19
"539",2021-08-21,28206,236,593,27,19.1,23,1,0,22,1,2,6,4,0,1547,23,879,0.0182000005245209,12,0,1.79548826723388,1.62249515079479,22.5769320056117,231.658954492364,23
"540",2021-08-22,28237,253,593,17,20.4,31,0,0,31,1,1,5,4,0,1548,31,520,0.0173099994659424,6,0,1.71125470005514,1.5524044013364,30.456529328961,248.564578071843,31
"541",2021-08-23,28278,272,593,16,19.7,41,1,0,40,0,1,3,2,0,1548,41,575,0.0139100003242493,11,0.0909099960327148,1.5355392735159,1.61016872014743,40.3550225224828,267.721125027203,41
"542",2021-08-24,28310,286,593,26,20.9,32,1,0,31,0,1,3,2,0,1548,32,1233,0.0154100000858307,23,0,1.51278105938131,1.60126679492538,31.5040637877327,281.567570102861,32
"543",2021-08-25,28336,302,593,27,21.3,26,0,0,25,2,1,5,4,0,1550,25,1318,0.0197300004959106,68,0,1.8762006243586,1.65074916215147,24.5194716125395,296.195217079478,26
"544",2021-08-26,28364,310,593,44,24.9,28,2,0,24,3,1,8,7,0,1553,26,1198,0.0125199997425079,22,0,1.2294229255348,1.58388982296503,25.6725278136176,306.095523931595,28
"545",2021-08-27,28397,327,593,24,25.9,33,0,0,33,2,1,9,8,0,1555,33,896,0.0278999996185303,9,0,2.7622541058788,1.7747058508512,32.0661495513284,317.746391008618,33
"546",2021-08-28,28429,331,593,38,27.4,32,0,0,29,2,1,11,10,0,1557,29,1115,0.0242199993133545,16,0,2.38773644866404,1.85931273391266,28.2906114882734,322.90318629719,32
"547",2021-08-29,28468,352,593,28,29,39,0,0,35,1,0,10,10,0,1558,35,537,0.0260700011253357,2,0,2.59732664272825,1.98589444000881,34.0686897584468,342.63367985638,39
"548",2021-08-30,28505,374,593,20,29.6,37,0,0,36,1,1,9,8,0,1559,36,627,0.0111600005626678,9,0,1.10020760264037,1.92370420131231,35.5942328294966,369.784529950882,37
"549",2021-08-31,28535,382,593,22,29,30,0,0,24,0,1,7,6,0,1559,24,553,0.0361700010299683,16,0,3.51529183999516,2.20977716997143,23.13568431995,368.242975425871,30
"550",2021-09-01,28574,393,593,55,33,39,0,0,37,2,1,9,8,0,1561,37,807,0.0309800004959106,5,0,3.0789236946059,2.38159475143533,35.8329205715348,380.603723908464,39
"551",2021-09-02,28619,420,593,34,31.6,45,0,1,39,1,1,10,9,0,1562,39,1298,0.0169500005245209,8,0,1.68461720373875,2.44662250546447,39.3269216791052,412.751464236517,45
"552",2021-09-03,28671,452,593,50,35.3,52,0,1,49,1,2,5,3,0,1563,49,1050,0.035239999294281,45,0.0222199988365173,3.47049307823181,2.5477995015149,48.2578440572872,435.929500283547,52
"553",2021-09-04,28726,483,593,38,35.3,55,0,0,52,0,2,5,3,0,1563,52,911,0.0318300008773804,8,0,3.1552917083018,2.65745025289172,50.3190971098211,467.386998154685,55
"554",2021-09-05,28752,477,593,23,34.6,26,0,0,25,2,1,7,6,0,1565,25,412,0.0388299989700317,6,0,3.82726305637633,2.83315545484145,24.0197697831509,458.297207462519,26
"555",2021-09-06,28812,494,593,29,35.9,60,0,1,53,1,1,8,7,0,1566,53,519,0.0346799993515015,2,0,3.45468707551425,3.169509665252,52.1242094269598,476.516216168267,60
"556",2021-09-07,28877,519,593,50,39.9,65,1,2,56,1,1,8,7,0,1567,57,825,0.0460599994659424,11,0.0909099960327148,4.66501309997157,3.33375555953435,56.2758721424875,494.196098981597,65
"557",2021-09-08,28929,532,594,66,41.4,52,0,1,50,2,1,7,6,1,1569,50,1376,0.03125,17,0,3.08686288585786,3.3348897297132,49.41879890072,515.176020303661,52
"558",2021-09-09,28999,577,594,58,44.9,70,0,3,63,3,2,10,8,0,1572,63,1485,0.0343400001525879,13,0,3.40419894703558,3.58054426446989,63.8028725672365,556.877102718976,70
"559",2021-09-10,29065,607,594,62,46.6,66,0,0,58,0,1,7,6,0,1572,58,1263,0.0332500004768372,35,0,3.23534288152892,3.54695137922662,56.0775809047627,586.880889813637,66
"560",2021-09-11,29119,629,594,44,47.4,54,0,0,49,1,1,7,6,0,1573,49,1162,0.0309800004959106,15,0,3.05851831573901,3.5331266088605,47.4646516389609,609.291140426662,54
"561",2021-09-12,29174,641,594,53,51.7,55,0,1,50,2,1,8,7,0,1575,50,585,0.0598299980163574,3,0,5.95247429244372,3.83672821401299,47.9509306883153,601.910931424202,55
"562",2021-09-13,29236,670,594,36,52.7,62,0,0,55,5,4,13,9,0,1580,55,530,0.0301900005340576,20,0,2.90921823328192,3.75880409369408,53.3607742998421,650.031250561713,62
"563",2021-09-14,29298,689,594,63,54.6,62,0,2,55,2,5,10,5,0,1582,55,1224,0.0334999990463257,29,0,3.27246598824442,3.55986879201878,55.1560990201923,665.900949543864,62
"564",2021-09-15,29345,701,594,58,53.4,47,0,1,42,2,6,11,5,0,1584,42,1537,0.0305800008773804,13,0,3.03235234506669,3.55208157190575,41.6952457583886,679.223030395962,47
"565",2021-09-16,29405,729,594,63,54.1,60,1,1,50,1,7,11,4,0,1585,51,1708,0.0316199994087219,39,0,3.09141150487104,3.50739765159653,50.3847983147979,705.912117087994,60
"566",2021-09-17,29464,725,595,90,58.1,59,1,2,45,0,7,9,2,1,1585,46,1417,0.0310500001907349,4,0,3.0962596953041,3.48752862499299,46.5408666786605,702.002790044106,59
"567",2021-09-18,29526,741,595,44,58.1,62,0,5,50,0,7,8,1,0,1585,50,1575,0.0298399996757507,28,0,2.93187769739909,3.46943710808728,53.4981878335702,718.743143693511,62
"568",2021-09-19,29569,732,595,60,59.1,43,2,1,39,3,7,9,2,0,1588,41,1058,0.0321399998664856,3,0,3.20491233352891,3.07692825681374,40.6538304111165,707.965947827739,43
"569",2021-09-20,29620,711,595,60,62.6,51,2,0,40,2,8,11,3,0,1590,42,1220,0.0385199999809265,66,0.0606099987030029,3.965370131503,3.22780709941675,40.2937888114965,682.11628202319,51
"570",2021-09-21,29680,710,595,36,58.7,60,0,0,51,1,7,12,5,0,1591,51,1196,0.0200699996948242,23,0,1.96913204552992,3.04161653617182,49.9711672505217,695.677034271969,60
"571",2021-09-22,29731,697,595,63,59.4,51,0,0,42,4,9,15,6,0,1595,42,2383,0.0180400002002716,29,0,1.78231013587261,2.86303907771552,41.2331113125986,684.273299640029,51
"572",2021-09-23,29767,669,595,44,56.7,36,0,0,29,3,9,16,7,0,1598,29,1528,0.0274900007247925,48,0,2.66527418194689,2.80216231729779,28.2081559561013,650.732977056267,36
"573",2021-09-24,29811,663,595,56,51.9,44,1,0,34,2,8,16,8,0,1600,35,2089,0.0181900000572205,48,0,1.7781427290376,2.61385989354543,34.3624203797654,650.922420336698,44
"574",2021-09-25,29855,659,595,62,54.4,44,0,1,35,2,10,16,6,0,1602,35,1935,0.0273900008201599,32,0,2.6944408534321,2.57994034440729,35.033868008444,640.80911478756,44
"575",2021-09-26,29903,637,595,38,51.3,48,1,0,38,3,11,17,6,0,1605,39,1060,0.0339599990844727,4,0,3.38323299149822,2.60541472411719,37.6482503110738,614.921421747538,48
"576",2021-09-27,29944,618,595,31,47.1,41,0,0,29,0,11,17,6,0,1605,29,852,0.0164300000667572,15,0.0666699981689453,1.72992041861722,2.28606476513351,28.4860464303525,607.047472205443,41
"577",2021-09-28,29990,595,596,44,48.3,46,1,2,32,3,11,18,7,1,1608,33,1723,0.0203099989891052,35,0,1.99056474733949,2.28912657967773,34.3270388200504,582.866305997878,46
"578",2021-09-29,30035,583,596,65,48.6,45,1,0,37,0,11,18,7,0,1608,38,2041,0.0215599989891052,8,0,2.14758213454191,2.34130829377335,37.1639482828694,570.173206550339,45
"579",2021-09-30,30083,586,596,61,51,48,2,0,38,3,12,20,8,0,1611,40,1837,0.017960000038147,29,0,1.76808789228703,2.21313882382194,39.2754579332393,575.385458721956,48
"580",2021-10-01,30126,570,596,48,49.9,43,0,0,24,1,11,19,8,0,1612,24,1834,0.0196300005912781,13,0,1.94918359958874,2.23757323390067,23.5207481981288,558.617769705559,43
"581",2021-10-02,30162,552,596,60,49.6,36,0,0,28,0,9,14,5,0,1612,28,1477,0.0189600002765656,13,0,1.87945774553606,2.12114707562981,27.460873894507,541.371513920281,36
"582",2021-10-03,30189,538,597,37,49.4,27,5,0,18,2,7,13,6,1,1614,23,1029,0.0213800001144409,12,0,2.11335447817096,1.9397358594402,22.502033704799,526.351918833995,27
"583",2021-10-04,30233,535,598,25,48.6,44,1,0,40,0,4,9,5,1,1614,41,1256,0.0199000000953674,8,0,1.97740507276752,1.9750908100331,40.1694242160651,524.161998916946,44
"584",2021-10-05,30283,532,598,33,47,50,1,0,42,0,4,8,4,0,1614,43,1637,0.0116100001335144,13,0,1.15185274051897,1.85527480905874,42.4925828056825,525.722187270304,50
"585",2021-10-06,30323,522,598,28,41.7,40,1,0,32,0,4,7,3,0,1614,33,1958,0.0127699995040894,36,0,1.25394478580777,1.72761233066815,32.5760719847085,515.294229576298,40
"586",2021-10-07,30360,511,598,53,40.6,37,1,0,31,2,3,7,4,0,1616,32,1681,0.0184399998188019,9,0,1.83417986363349,1.7370540408605,31.3986993633042,501.397980457765,37
"587",2021-10-08,30388,493,600,59,42.1,28,0,0,19,0,2,5,3,2,1616,19,2154,0.0246099996566772,13,0,2.44623623721656,1.80806156052162,18.52384125996,480.644933745277,28
"588",2021-10-09,30417,473,600,37,38.9,29,1,0,26,3,3,6,3,0,1619,27,1520,0.0184200000762939,12,0,1.82757180913621,1.80064928389307,26.4944804234411,464.144045936578,29
"589",2021-10-10,30438,435,601,20,36.4,21,0,0,19,2,3,6,3,1,1621,19,1009,0.0178400003910065,24,0,1.7425518290925,1.74767747688186,18.6608131010522,427.234405208301,21
"590",2021-10-11,30457,413,601,18,35.4,19,0,0,17,1,4,7,3,0,1622,17,635,0.0220499992370605,7,0,2.18095786846315,1.77675644769552,16.6201641419628,403.772222978272,19
"591",2021-10-12,30491,413,601,31,35.1,34,0,0,27,2,5,7,2,0,1624,27,1118,0.0143099999427795,12,0,1.41580353416173,1.8144637039302,26.6083785055656,407.009641585133,34
"592",2021-10-13,30513,408,601,24,34.6,22,0,0,20,0,5,7,2,0,1624,20,1674,0.0203099989891052,9,0,2.02013893688426,1.92392001122684,19.586085158193,399.556137227136,22
"593",2021-10-14,30533,395,601,39,32.6,20,0,0,17,0,5,6,1,0,1624,17,1288,0.0116499996185303,33,0,1.13589701049712,1.82416531792165,16.8021720539113,390.403409487939,20
"594",2021-10-15,30569,380,601,33,28.9,36,1,0,20,2,5,8,3,0,1626,21,1605,0.0155799996852875,15,0,1.54357404289422,1.6952135758756,20.6679170903434,373.990880682404,36
"595",2021-10-16,30599,374,602,21,26.6,30,0,0,24,1,4,8,4,1,1627,24,1409,0.0156099998950958,8,0,1.55218700438885,1.65587288948312,23.6183589791893,368.052760759034,30
"596",2021-10-17,30624,365,602,34,28.6,25,1,0,20,0,4,8,4,0,1627,21,814,0.0368600010871887,8,0,3.65012662834205,1.9283835750902,20.2147155642226,351.35100861625,25
"597",2021-10-18,30660,370,602,23,29.3,36,3,0,23,1,3,9,6,0,1628,26,812,0.0135500001907349,20,0,1.32242790323037,1.8057364371998,25.6477547735532,364.987279469795,36
"598",2021-10-19,30682,354,602,23,28.1,22,0,0,19,3,2,11,9,0,1631,19,1138,0.0105400002002716,9,0,1.04572974959975,1.75286875369095,18.7964491930843,350.20752707115,22
"599",2021-10-20,30708,350,602,35,29.7,26,1,0,20,1,3,11,8,0,1632,21,1788,0.0134200000762939,19,0,1.32788932686295,1.65397595225933,20.7143192751935,345.238654586558,26
"600",2021-10-21,30726,339,602,44,30.4,18,0,0,15,0,3,11,8,0,1632,15,1307,0.0229500007629395,7,0,2.28277404849025,1.81781552911549,14.6492045515124,331.072022864181,18
"601",2021-10-22,30752,325,602,34,30.6,26,0,0,12,0,2,8,6,0,1632,12,1416,0.0211899995803833,19,0,2.09094351260089,1.89601116764502,11.7429466248751,318.038137757033,26
"602",2021-10-23,30776,326,602,22,30.7,24,0,1,20,0,1,6,5,0,1632,20,1331,0.0120200002193451,9,0,1.19392688745883,1.84483115094073,20.7553712520814,322.012551408926,24
"603",2021-10-24,30796,319,603,14,27.9,20,0,0,12,1,1,6,5,1,1633,12,820,0.00244000002741814,8,0,0.241642514792617,1.35790484900509,11.9702933036561,318.210296988858,20
"604",2021-10-25,30822,311,603,15,26.7,26,0,2,19,4,1,7,6,0,1637,19,815,0.0135000002384186,5,0,1.34176831637941,1.36066776516924,20.7388254244489,306.724984579137,26
"605",2021-10-26,30844,298,603,30,27.7,22,0,6,14,3,2,9,7,0,1640,14,1382,0.0151999998092651,10,0,1.50908044083365,1.4268607210598,19.7835586719428,293.392891731355,22
"606",2021-10-27,30870,307,603,35,27.7,26,1,5,19,2,2,10,8,0,1642,20,1357,0.0125300002098083,9,0,1.24474453035944,1.41498289298787,24.7449590095182,303.085120796104,26
"607",2021-10-28,30893,297,603,26,25.1,23,1,5,16,4,3,14,11,0,1646,17,1851,0.00864000022411346,41,0,0.845276977528225,1.20962616856472,21.8527864702564,294.428093039185,23
"608",2021-10-29,30914,293,603,12,22,21,0,1,17,1,3,15,12,0,1647,17,1546,0.0148800003528595,18,0,1.47087471518675,1.12104491179127,17.7438323006662,288.584874358541,21
"609",2021-10-30,30935,282,603,28,22.9,21,0,2,19,1,2,16,14,0,1648,19,1177,0.0118900001049042,7,0,1.18197044961759,1.11933684924253,20.7699300045139,278.5852769091,21
"610",2021-10-31,30956,268,604,32,25.4,21,0,2,17,0,1,15,14,1,1648,17,932,0.0150199997425079,7,0,1.49080295633838,1.29778834089192,18.7403615960338,263.90687692571,21
"611",2021-11-01,31004,291,604,13,25.1,48,0,10,34,1,1,14,13,0,1649,34,772,0.0116600000858307,13,0,1.1466904543008,1.26992007488069,43.6005845331443,287.581473504264,55
"612",2021-11-02,31053,317,604,31,25.3,49,1,5,37,2,0,15,15,0,1651,38,1516,0.0191299998760223,17,0,1.89178602818329,1.32459230164493,42.2635294679225,310.856285298195,57
"613",2021-11-03,31097,340,604,45,26.7,44,0,20,22,2,0,16,16,0,1653,22,1658,0.0180900001525879,11,0,1.79707730694971,1.40349698401496,41.5949681226356,333.740416440732,50
"614",2021-11-04,31128,357,604,33,27.7,31,2,4,22,3,0,18,18,0,1656,24,1503,0.023289999961853,35,0,2.27599934607705,1.60788589380765,27.4403929994613,348.675845866986,35
"615",2021-11-05,31162,369,606,45,32.4,34,0,7,24,2,1,18,17,2,1658,24,1262,0.0213899993896484,15,0.0666699981689453,2.19218709493113,1.71093051948542,30.4610001769427,360.712877720494,40
"616",2021-11-06,31193,373,607,40,34.1,31,3,4,21,3,1,19,18,1,1661,24,1411,0.0212599992752075,10,0.1,2.18141160994495,1.85370782810362,27.4636495787726,364.664220536758,39
"617",2021-11-07,31221,383,608,39,35.1,28,2,3,23,6,3,23,20,1,1667,25,1013,0.0246799993515015,10,0,2.44387481359443,1.98986095056877,27.3740801446896,373.410907816645,38
"618",2021-11-08,31268,402,609,36,38.4,47,4,6,35,1,2,22,20,1,1668,39,839,0.0250300002098083,12,0.0833300018310547,2.58520918895439,2.19536362694785,43.9670957555215,391.353140864606,69
"619",2021-11-09,31290,398,609,39,39.6,22,0,8,14,3,2,23,21,0,1671,14,1610,0.0223600006103516,21,0.0476200008392334,2.26852366648007,2.24918328956168,21.6746347896267,388.750331876531,36
"620",2021-11-10,31309,395,609,34,38,19,0,4,15,3,2,25,23,0,1674,15,1453,0.0103199994564056,72,0.0555600023269653,1.24559209034091,2.17039968718899,18.8085890120169,389.959510649778,42
"621",2021-11-11,31323,369,609,48,40.1,14,0,3,10,1,4,25,21,0,1675,10,1480,0.0209500002861023,24,0,2.06156917708985,2.1397668059051,12.7887981702077,361.206652480663,47
"622",2021-11-12,31323,331,609,26,37.4,0,0,0,0,0,4,25,21,0,1675,0,NA,NA,NA,NA,NA,NA,NA,NA,42
