"","date","observed_cumulative_cases","observed_active_cases","observed_cumulative_deaths","observed_new_cases","observed_daily_average_cases","observed_new_episodes","observed_new_cases_community_outbreak","observed_new_cases_institution_outbreak","observed_new_cases_sporadic","observed_new_ICU_p_acute_care","observed_census_ICU","observed_census_ICU_p_acute_care","observed_census_acute_care","observed_new_deaths","cumulative_hosp","observed_new_community_cases","num_non_ltch_tests","non_ltch_pct_positivity","num_ltch_tests","ltch_pct_positivity","observed_pct_positivity","pct_positivity_7_day","adjusted_new_episodes","adjusted_active_cases","adjusted_episode_cases"
"1",2020-03-01,7,7,0,0,0,2,0,0,2,0,0,1,1,0,0,2,NA,NA,NA,NA,NA,NA,NA,NA,2
"2",2020-03-02,10,10,0,0,0,3,2,0,1,0,0,1,1,0,0,3,NA,NA,NA,NA,NA,NA,NA,NA,3
"3",2020-03-03,11,11,0,0,0,1,0,0,1,0,0,1,1,0,0,1,NA,NA,NA,NA,NA,NA,NA,NA,1
"4",2020-03-04,12,12,0,0,0,1,0,0,1,0,0,1,1,0,0,1,NA,NA,NA,NA,NA,NA,NA,NA,1
"5",2020-03-05,18,18,0,0,0,6,2,0,4,0,0,1,1,0,0,6,NA,NA,NA,NA,NA,NA,NA,NA,6
"6",2020-03-06,23,23,0,0,0,5,0,1,4,0,0,1,1,0,0,4,NA,NA,NA,NA,NA,NA,NA,NA,5
"7",2020-03-07,27,27,0,0,0,4,0,0,4,0,0,1,1,0,0,4,NA,NA,NA,NA,NA,NA,NA,NA,4
"8",2020-03-08,36,36,0,0,0,9,1,0,8,0,0,1,1,0,0,9,NA,NA,NA,NA,NA,NA,NA,NA,9
"9",2020-03-09,45,45,0,1,0.1,9,0,0,9,0,0,1,1,0,0,9,NA,NA,NA,NA,NA,NA,NA,NA,9
"10",2020-03-10,52,52,0,0,0.1,7,1,0,6,0,0,1,1,0,0,7,NA,NA,NA,NA,NA,NA,NA,NA,7
"11",2020-03-11,61,61,0,0,0.1,9,0,0,9,0,0,1,1,0,0,9,NA,NA,NA,NA,NA,NA,NA,NA,9
"12",2020-03-12,75,75,0,3,0.6,14,1,0,13,0,0,1,1,0,0,14,NA,NA,NA,NA,NA,NA,NA,NA,14
"13",2020-03-13,97,97,0,1,0.7,22,2,2,18,0,0,1,1,0,0,20,NA,NA,NA,NA,NA,NA,NA,NA,22
"14",2020-03-14,115,115,0,4,1.3,18,1,1,16,1,0,2,2,0,1,17,NA,NA,NA,NA,NA,NA,NA,NA,18
"15",2020-03-15,142,142,0,4,1.9,27,1,0,26,0,0,2,2,0,1,27,NA,NA,NA,NA,NA,NA,NA,NA,27
"16",2020-03-16,157,157,0,0,1.7,15,0,0,15,0,0,2,2,0,1,15,NA,NA,NA,NA,NA,NA,NA,NA,15
"17",2020-03-17,180,179,0,5,2.4,23,1,0,22,2,0,4,4,0,3,23,127,0,4,0,0,0,23,179,23
"18",2020-03-18,196,194,0,4,3,16,0,0,16,0,0,3,3,0,3,16,210,0.01904999971,1,0,1.89597153511848,0.947985767559242,15.7018984251502,190.385518404946,16
"19",2020-03-19,221,219,0,1,2.7,25,0,0,25,4,0,7,7,0,7,25,110,0.02726999998,9,0,2.52075630067227,1.47224261193025,24.3807252895116,213.575153536122,25
"20",2020-03-20,243,241,0,2,2.9,22,1,1,20,3,1,10,9,0,10,21,137,0.00730000019,4,0,0.709290798602837,1.2815046585984,21.8536286442187,239.320214440795,22
"21",2020-03-21,263,261,0,4,2.9,20,0,2,18,3,1,10,9,0,13,18,204,0.01470999956,3,0,1.44968111605797,1.31513995009031,19.7435767137388,257.281862349212,20
"22",2020-03-22,289,287,0,7,3.3,26,0,1,25,3,5,13,8,0,16,25,159,0.03144999981,2,0,3.10593165825466,1.61360523478437,25.2369651409978,278.240359818654,26
"23",2020-03-23,310,308,0,9,4.6,21,1,0,20,4,5,17,12,0,20,21,138,0.03622999907,3,0,3.54591480259574,1.88964945875742,20.2682544900294,297.267732520431,21
"24",2020-03-24,328,324,1,8,5,18,1,3,14,3,7,20,13,1,23,15,253,0.01975999951,4,0,1.94524508794942,2.16754161417877,17.7132667473613,317.806561743003,18
"25",2020-03-25,351,347,1,8,5.6,23,0,1,22,4,8,23,15,0,27,22,153,0.05881999969,2,0,5.80610319520645,2.72613185133419,21.7447798387332,327.201754729111,23
"26",2020-03-26,365,357,1,19,8.1,14,1,3,10,2,7,25,18,0,29,11,274,0.02555000067,3,0,2.52732858612996,2.72707074925672,13.7268086969178,348.133700436333,14
"27",2020-03-27,382,365,1,27,11.7,17,3,2,12,5,9,26,17,0,34,15,577,0.02946000099,4,0,2.92571782637349,3.04370318179539,16.5687429857265,354.506079319346,17
"28",2020-03-28,407,387,2,26,14.9,25,1,1,23,3,8,25,17,1,37,24,367,0.08173999786,3,0,8.10772411205946,3.99485218122417,23.0878468256366,356.166530063391,25
"29",2020-03-29,426,399,2,11,15.4,19,5,4,10,7,8,31,23,0,44,15,184,0.0434800005,0,0,4.34800005,4.17229052290208,18.359095568711,381.951942127714,19
"30",2020-03-30,451,408,3,48,21,25,8,3,14,4,12,32,20,1,48,22,549,0.07831999779,0,0,7.831999779,4.78458837667411,23.306801705875,376.598867999863,25
"31",2020-03-31,468,405,3,51,27.1,17,2,3,12,6,13,34,21,0,54,14,943,0.06468999863,0,0,6.468999863,5.4308390588242,16.1100253169675,379.254303812274,17
"32",2020-04-01,495,408,3,37,31.3,27,6,4,16,3,15,33,18,0,57,22,575,0.05738999844,4,0.25,5.87206374835924,5.44026199498888,24.7305198413853,384.456913422054,27
"33",2020-04-02,512,404,6,32,33.1,17,5,4,7,6,14,34,20,3,63,12,107,0.08411000252,9,0,7.75842264624138,6.18756114643337,15.0851136344787,373.198825694116,17
"34",2020-04-03,540,410,6,26,33,28,3,4,20,5,14,37,23,0,68,23,217,0.1106000042,2,0,10.9589958499543,7.3351722926592,24.5230851701209,365.846300858678,28
"35",2020-04-04,557,417,7,18,31.9,17,3,7,6,7,14,43,29,1,75,9,315,0.02539999962,3,0,2.51603769820755,6.53635994782321,15.7774784234322,406.689833619026,17
"36",2020-04-05,584,428,8,40,36,27,4,8,13,4,13,43,30,1,79,17,422,0.06635000229,5,0.2,6.79149905535831,6.88543123430297,23.8654411158611,399.435811622857,27
"37",2020-04-06,603,428,9,40,34.9,19,3,7,9,4,12,44,32,1,83,12,238,0.1176500034,4,0.25,11.9837606649587,7.47853993229707,17.5868546043502,377.597814221824,19
"38",2020-04-07,626,426,9,25,31.1,23,2,11,10,4,14,45,31,0,87,12,285,0.1087699986,6,0,10.6527318216495,8.07621592638985,21.7438117844864,381.405318349268,23
"39",2020-04-08,646,429,11,26,29.6,20,1,10,8,5,16,44,28,2,92,9,368,0.0434800005,6,0.3333300018,4.81300005208556,7.92492111263647,18.574332149167,408.709832443626,20
"40",2020-04-09,682,437,11,25,28.6,36,1,20,13,6,16,47,31,0,98,14,295,0.09491999626,5,0,9.33379963223333,8.14997496777818,32.7158995911103,396.917722951086,36
"41",2020-04-10,716,454,11,37,30.1,34,0,20,13,4,16,49,33,0,102,13,331,0.09062999725,8,0,8.84912362529498,7.8485646499697,31.8695376842942,414.520777589967,34
"42",2020-04-11,760,484,11,31,32,44,0,34,8,6,19,54,35,0,108,8,225,0.1022200012,11,0.3636399841,11.4404830911441,9.1234854203892,41.1006125452459,429.587058987376,44
"43",2020-04-12,793,499,13,35,31.3,33,0,18,14,1,18,50,32,2,109,14,227,0.1013199997,12,0.5,12.1337405572803,9.88666277780663,30.3306968410637,439.501265977915,33
"44",2020-04-13,817,506,16,16,27.9,24,0,19,5,3,20,52,32,3,112,5,165,0.0606099987,26,0.03845999956,5.75948155709948,8.99748004811246,23.7170134000748,477.361756087572,24
"45",2020-04-14,850,506,18,32,28.9,33,0,26,7,5,20,51,31,2,117,7,208,0.06730999947,18,0.1666699982,7.52236276874336,8.55028446912587,32.482554292584,468.596067435359,33
"46",2020-04-15,879,504,24,60,33.7,29,3,17,9,4,16,51,35,6,121,12,390,0.1,24,0.2083300018,10.6280000104348,9.38099874889005,27.746728201638,451.362584468798,29
"47",2020-04-16,949,553,24,21,33.1,70,1,55,13,7,13,53,40,0,128,14,310,0.03548000097,11,0,3.42641753915888,8.53708702130798,68.5286095334781,534.380076572383,70
"48",2020-04-17,981,557,26,73,38.3,32,0,26,6,0,13,49,36,2,128,6,378,0.08465999603,66,0.5,14.6399726349865,9.36435116554963,31.1368147904495,476.867639713397,32
"49",2020-04-18,1021,579,31,31,38.3,40,1,30,9,1,11,46,35,5,129,10,421,0.06176000118,8,0,6.06082995262937,8.59582928861896,39.4044138716253,544.515563167103,40
"50",2020-04-19,1038,582,35,38,38.7,17,0,13,4,5,15,47,32,4,134,4,452,0.04425000191,47,0.1276599979,5.21062540373146,7.60681283811198,16.7951847364222,552.199379149436,17
"51",2020-04-20,1099,618,39,16,38.7,61,1,47,13,3,13,45,32,4,137,14,325,0.05230999947,43,0.02325999975,4.89155701548913,7.48282361788192,60.3270425109614,588.293733698155,61
"52",2020-04-21,1135,631,47,51,41.4,36,0,26,10,2,11,43,32,8,139,10,543,0.06998000145,25,0.36,8.2744966174912,7.59027131056019,35.1868810966189,579.692197196652,36
"53",2020-04-22,1176,647,54,35,37.9,41,1,31,9,4,9,45,36,7,143,10,656,0.02438999891,122,0.1065600014,3.72752692233419,6.60448944083153,40.6337030826739,623.300589449004,41
"54",2020-04-23,1221,662,57,50,42,45,0,35,10,5,11,48,37,3,148,10,775,0.03612999916,105,0.02857000113,3.52279539405114,6.61825770581614,44.6538216570671,639.082993697843,45
"55",2020-04-24,1262,669,65,38,37,41,0,36,5,7,10,48,38,8,155,5,517,0.04061999798,94,0.1063799953,5.07369206446154,5.25164619574115,40.7507090087615,635.644865372285,41
"56",2020-04-25,1363,741,78,53,40.1,101,0,95,6,4,9,48,39,13,159,6,557,0.0502699995,28,0.03571000099,4.95731106824274,5.09400064082877,100.707712732808,704.90252250177,101
"57",2020-04-26,1417,760,87,87,47.1,54,0,41,13,5,9,50,41,9,164,13,358,0.05027999878,81,0.01235000014,4.32815252268337,4.96793308639333,53.4470849848301,727.675737574681,54
"58",2020-04-27,1478,784,95,87,57.3,61,0,54,7,8,11,56,45,8,172,7,269,0.06320000172,80,0.1,7.16355314116905,5.29250396149046,60.5072359660523,728.810428197854,61
"59",2020-04-28,1499,780,103,65,59.3,21,0,14,7,7,13,61,48,8,179,7,503,0.06163000107,11,0.2727300072,6.61477054813424,5.05540023729661,20.5449854346435,729.298377003132,21
"60",2020-04-29,1524,769,111,29,58.4,25,0,17,8,7,13,62,49,8,186,8,668,0.03144000053,74,0.1486499977,4.31294072558491,5.13903078061814,24.6609404733361,736.407902999436,25
"61",2020-04-30,1544,759,122,30,55.6,20,0,10,10,2,11,56,45,11,188,10,603,0.04145999908,6,0.3333300018,4.43355656092611,5.26913951874314,19.5643229049997,725.932108489477,20
"62",2020-05-01,1567,742,135,43,56.3,23,0,16,7,6,11,57,46,13,194,7,516,0.03101000071,55,0.09090999603,3.67797025359194,5.06975068861891,22.7470010449865,715.182110768565,23
"63",2020-05-02,1588,743,139,22,51.9,21,0,15,6,4,12,57,45,4,198,6,508,0.05118000031,28,0.03571000099,5.03718660171642,5.08116147911515,20.7030032035745,706.221896709313,21
"64",2020-05-03,1607,724,148,23,42.7,19,0,13,6,3,12,52,40,9,201,6,826,0.02058000088,231,0.00432999998,1.702867618,4.7061207784461,18.8995974802462,711.884762616369,19
"65",2020-05-04,1625,721,152,14,32.3,18,0,11,7,6,10,52,42,4,207,7,637,0.01098999977,24,0.125,1.51295459205598,3.89889241428708,17.8959273989779,710.280522094727,18
"66",2020-05-05,1650,721,156,29,27.1,25,0,24,1,3,9,50,41,4,210,1,923,0.02924999952,29,0.1724099922,3.36109656835714,3.4340818457475,24.9669711490359,697.186198454885,25
"67",2020-05-06,1666,694,161,23,26.3,16,0,11,5,4,10,52,42,5,214,5,598,0.01672000051,149,0.01342000008,1.60617674925033,3.0474012776997,15.9210820465969,683.046188067649,16
"68",2020-05-07,1689,672,167,32,26.6,23,0,16,7,6,10,54,44,6,220,7,813,0.03566999912,234,0.01281999946,3.05631224051576,2.85065208906965,22.7897634429505,651.81729052325,23
"69",2020-05-08,1702,639,173,16,22.7,13,0,8,5,4,8,54,46,6,224,5,715,0.00978999972,127,0.04723999977,1.54386339318171,2.54577968043962,12.9241437535559,629.305571704447,13
"70",2020-05-09,1719,623,179,12,21.3,17,0,12,5,5,6,51,45,6,229,5,1100,0.01544999957,164,0.03049000025,1.74013920632911,2.07477290967001,16.914499929809,612.346691254206,17
"71",2020-05-10,1731,554,185,25,21.6,12,0,8,4,3,5,52,47,6,232,4,907,0.01764000058,316,0.01266000032,1.63532629821586,2.06512414970084,11.9357198491826,545.097199111793,12
"72",2020-05-11,1751,535,188,14,21.6,20,0,14,6,1,5,51,46,3,233,6,517,0.00967000008,197,0.01523000002,1.12040616880952,2.00904580352278,19.9339399015477,529.109641221341,20
"73",2020-05-12,1774,518,193,13,19.3,23,0,17,6,4,6,51,45,5,237,6,835,0.01317000031,322,0.0031099999,1.03702422010804,1.67703546805862,22.9388561719983,512.721249515855,23
"74",2020-05-13,1795,500,195,21,19,21,0,15,6,2,7,47,40,2,239,6,1249,0.01440999985,224,0.01338999987,1.42548878367481,1.65122290154783,20.9159519716924,492.995997641031,21
"75",2020-05-14,1809,472,198,25,18,14,0,10,4,2,6,45,39,3,241,4,1046,0.02677000046,127,0.02361999989,2.64289518049361,1.59216332154467,13.8961151049904,459.741582388863,14
"76",2020-05-15,1829,458,201,17,18.1,20,0,12,8,1,5,44,39,3,242,8,1163,0.01203999996,137,0.01460000038,1.23097846196462,1.54746547422794,19.9032272870872,452.45976218574,20
"77",2020-05-16,1845,438,207,19,19.1,16,0,6,10,1,4,42,38,6,243,10,967,0.01343999982,25,0.04,1.4109354663246,1.50043636851301,15.861350079388,431.927133477195,16
"78",2020-05-17,1857,398,212,15,17.7,12,0,9,3,1,2,42,40,5,244,3,353,0.02549999952,10,0.1,2.75523411310193,1.66042319921102,11.9187745293459,387.224087559895,12
"79",2020-05-18,1872,390,213,26,19.4,15,0,8,7,2,1,43,42,1,246,7,376,0.03989000082,17,0.05881999969,4.07088557329517,2.08192025699468,14.7199733208779,374.398513591767,15
"80",2020-05-19,1884,353,219,23,20.9,12,0,8,4,0,1,40,39,6,246,4,359,0.03900000095,31,0.2258099937,5.3849000373718,2.70304537374665,11.7883344829002,334.320518115942,12
"81",2020-05-20,1899,339,223,17,20.3,15,0,9,6,3,1,41,40,4,249,6,675,0.02963000059,36,0.05556000233,3.09429120705063,2.94144571994319,14.8175579647202,328.692025006689,15
"82",2020-05-21,1907,325,229,11,18.3,8,0,1,7,0,1,38,37,6,249,7,478,0.02092000008,36,0,1.94547860666148,2.84181478082432,7.86617508556361,318.786700401167,8
"83",2020-05-22,1914,309,233,7,16.9,7,0,3,4,1,1,36,35,4,250,4,514,0.00583999991,14,0,0.568515142753788,2.7471771637942,6.97765324317352,307.273713035154,7
"84",2020-05-23,1923,305,236,6,15,9,1,3,5,1,0,35,35,3,251,6,582,0.00859000027,43,0,0.7999008251424,2.65988650076817,8.95283716858049,302.602556069508,9
"85",2020-05-24,1933,302,237,8,14,10,0,3,7,1,1,36,35,1,252,7,332,0.01506000042,25,0.04,1.6806498990028,2.50637447018258,9.88439203178001,297.012341942509,10
"86",2020-05-25,1948,298,240,6,11.1,15,1,7,7,0,1,35,34,3,252,8,401,0.01746000051,8,0,1.71184846076039,2.1693691683919,14.8654239495149,292.987042119429,15
"87",2020-05-26,1954,288,243,16,10.1,6,0,2,4,1,1,35,34,3,253,4,1123,0.00800999999,41,0.07316999912,1.03051545985309,1.54731422874637,5.95949328935071,285.083516833251,6
"88",2020-05-27,1959,261,243,8,8.9,5,0,1,4,1,1,33,32,0,254,4,1150,0.00957000017,13,0.07691999912,1.0322837647515,1.25274173698935,4.95942378217916,258.35240178719,5
"89",2020-05-28,1963,236,244,4,7.9,4,0,2,2,1,1,31,30,1,255,2,1403,0.00284999996,88,0,0.268179070682763,1.01312751756382,3.99472931147491,235.37805875404,4
"90",2020-05-29,1970,226,247,7,7.9,7,0,3,4,2,1,32,31,3,257,4,1380,0.0065200001,37,0,0.634975309668313,1.02262182712304,6.97504087794875,224.589809604104,7
"91",2020-05-30,1973,208,248,15,9.1,3,1,1,1,0,1,31,30,1,257,2,1020,0.01274999976,119,0,1.14179102328358,1.07146328400035,2.97755967746049,205.666206455891,3
"92",2020-05-31,1977,193,249,10,9.4,4,0,1,3,3,1,34,33,1,260,3,1309,0.00535000026,11,0.09090999603,0.606300022475,0.917984730210664,3.98212601809447,191.850107164077,4
"93",2020-06-01,1988,184,250,5,9.3,11,0,5,6,0,1,31,30,1,260,6,763,0.00130999997,20,0,0.127653892351213,0.691671220437924,10.9924734181841,183.769184824314,11
"94",2020-06-02,1991,165,251,8,8.1,3,0,1,2,0,1,26,25,1,260,2,858,0.01049000025,9,0,1.03811075138408,0.692756262085208,2.97959736973076,163.316783002788,3
"95",2020-06-03,2001,156,251,8,8.1,10,0,7,3,0,0,22,22,0,260,3,1110,0.00449999988,141,0,0.399280564892086,0.602327233533863,9.98822903953891,155.387910056023,10
"96",2020-06-04,2008,146,254,8,8.7,7,0,2,5,0,0,20,20,3,260,5,1430,0.00559000015,21,0,0.550909732219159,0.642717328039062,6.97293157892064,145.209602104483,7
"97",2020-06-05,2012,137,256,15,9.9,4,0,1,3,1,0,21,21,2,261,3,1366,0.00952000022,29,0,0.932209340539068,0.68517933244917,3.97251807312006,135.744992005816,4
"98",2020-06-06,2015,128,257,2,8,3,0,0,3,0,0,21,21,1,261,3,1404,0.00071000002,68,0,0.0677201106032609,0.531740630637696,2.9980035824069,127.914819516028,3
"99",2020-06-07,2016,118,258,4,7.1,1,0,0,1,0,0,20,20,1,261,1,870,0.00230000004,22,0,0.224327358161435,0.477173107164329,0.997795578101017,117.73987821592,1
"100",2020-06-08,2019,110,258,0,6.4,3,0,0,3,0,0,19,19,0,261,3,701,0.00143000007,12,0,0.140593274764376,0.47902159036621,2.99585525060857,109.848025855648,3
"101",2020-06-09,2029,107,259,3,5.7,10,0,3,7,0,0,18,18,1,261,7,1338,0.00224000007,10,0,0.222338285879822,0.362482666722744,9.9847058703283,106.76621830359,10
"102",2020-06-10,2039,105,259,7,5.6,10,0,4,6,0,0,17,17,0,261,6,1281,0.00233999997,12,0,0.231828303292343,0.338560915065638,9.98633120651613,104.760796114032,10
"103",2020-06-11,2046,104,260,5,5.1,7,0,2,5,0,0,16,16,1,261,5,1529,0.00326999992,6,0,0.325721816135505,0.306391212767973,6.98399597110333,103.667116198949,7
"104",2020-06-12,2050,107,260,10,4.4,4,0,2,2,0,0,16,16,0,261,2,1596,0.00814999998,13,0,0.80841516271473,0.288706330221639,3.98411171867075,106.149976948885,4
"105",2020-06-13,2053,105,260,6,5,3,0,3,0,0,0,16,16,0,261,0,1479,0.00270000011,23,0.0434800005,0.332446083501331,0.326524326349935,3,104.656977194247,3
"106",2020-06-14,2056,102,260,1,4.6,3,0,1,2,0,0,16,16,0,261,2,768,0,13,0,0,0.294477560898301,3,102,3
"107",2020-06-15,2061,100,260,2,4.9,5,0,2,3,0,0,14,14,0,261,3,720,0.00555999994,17,0,0.543175028059701,0.35198923994049,4.98398696971271,99.466232323757,5
"108",2020-06-16,2065,99,260,3,4.9,4,0,1,3,1,0,14,14,0,262,3,1250,0.00079999998,14,0,0.0791139220727848,0.331528616539485,3.99766768801058,98.9230337043491,4
"109",2020-06-17,2068,89,260,8,5,3,0,0,3,1,1,6,5,0,263,3,1098,0.00911000013,26,0,0.889927058962633,0.425542724492384,2.9737645727206,88.2216823240444,3
"110",2020-06-18,2070,75,260,2,4.6,2,0,0,2,0,1,6,5,0,263,2,1304,0.00230000004,122,0,0.210322584302945,0.409057119944875,1.99586640065226,74.8449900244597,2
"111",2020-06-19,2073,73,260,5,3.9,3,0,0,3,0,1,5,4,0,263,3,1875,0.00107000001,19,0,0.105926611338437,0.308701612605405,2.99687723855485,72.9240128048347,3
"112",2020-06-20,2079,73,261,1,3.1,6,0,0,6,1,1,5,4,1,264,6,1792,0.00056000002,158,0,0.0514625659405128,0.268561110096716,5.99696572344273,72.9630829685533,6
"113",2020-06-21,2085,77,261,1,3.1,6,0,0,6,0,1,4,3,0,264,6,1102,0.00363000005,86,0,0.336722226860269,0.316664285362469,5.98014657177309,76.7452143377546,6
"114",2020-06-22,2087,76,262,6,3.7,2,0,1,1,0,1,1,0,1,264,1,509,0.00393000007,10,0,0.385427752529865,0.294128960286778,1.99621247544162,75.7121481335632,2
"115",2020-06-23,2096,81,262,4,3.9,9,0,0,9,0,1,1,0,0,264,9,1255,0.00158999994,20,0,0.156505876447059,0.305184953768817,8.98615842107854,80.8754257897068,9
"116",2020-06-24,2098,75,263,3,3.1,2,0,0,2,1,1,2,1,1,265,2,1733,0.00289000005,24,0,0.285052366912351,0.21877428347592,1.99439769018698,74.7899133820117,2
"117",2020-06-25,2104,73,263,6,3.7,6,0,0,6,0,1,2,1,0,265,6,1796,0.00277999997,21,0.04762000084,0.329823883531095,0.23584589765137,5.98055330394948,72.7633985313853,6
"118",2020-06-26,2108,67,263,6,3.9,4,0,0,4,0,1,2,1,0,265,4,2028,0.00196999997,23,0,0.194790830773281,0.248540786142062,3.99234331154974,66.8717504684582,4
"119",2020-06-27,2111,69,263,3,4.1,3,0,0,3,0,1,1,0,0,265,3,1574,0.00064000003,80,0,0.0609044768573156,0.249889630558748,2.99820451018149,68.9587037341744,3
"120",2020-06-28,2113,68,263,2,4.3,2,0,0,2,0,1,1,0,0,265,2,880,0.00114,12,0,0.112466367713004,0.217853079251996,1.99778962917481,67.9248473919436,2
"121",2020-06-29,2117,69,263,1,3.6,4,0,0,4,2,1,3,2,0,267,4,854,0.00351000011,8,0,0.347742470294664,0.21246946750411,3.98633120591252,68.764213301991,4
"122",2020-06-30,2120,68,263,10,4.4,3,0,0,3,0,1,3,2,0,267,3,1605,0.0043599999,11,0,0.433032168285891,0.251973223481086,2.98723402795062,67.7106379668806,3
"123",2020-07-01,2122,67,263,4,4.6,2,0,0,2,0,2,3,1,0,267,2,1601,0.00312000006,15,0,0.309103966340347,0.255409166256514,1.99392498928309,66.7964871409836,2
"124",2020-07-02,2128,66,263,4,4.3,6,0,1,5,0,1,3,2,0,267,5,1012,0.00197999999,12,0,0.195679686511719,0.23624570953946,5.99038546636335,65.8730881559963,6
"125",2020-07-03,2136,74,263,4,4,8,0,0,8,0,1,3,2,0,267,8,1334,0.00300000012,14,0,0.296884284872404,0.250830488696478,7.97666060085045,73.7841105578667,8
"126",2020-07-04,2139,74,263,4,4.1,3,0,0,3,0,1,3,2,0,267,3,1257,0.00317999989,40,0,0.308192741845027,0.286157383694722,2.99091434720938,73.7758872311646,3
"127",2020-07-05,2141,71,263,5,4.6,2,0,0,2,0,1,2,1,0,267,2,734,0.00272000015,47,0,0.25563125609475,0.3066095106064,1.99497592140684,70.8216452099427,2
"128",2020-07-06,2147,71,263,0,4.4,6,0,1,5,0,1,2,1,0,267,5,602,0,10,0,0,0.25693201485002,6,71,6
"129",2020-07-07,2154,72,263,6,3.9,7,0,1,6,0,1,1,0,0,267,6,1272,0.00393000007,21,0,0.386617176259861,0.250301301703444,6.9772047232173,71.7264566786076,7
"130",2020-07-08,2167,78,263,5,4,13,0,1,12,0,1,1,0,0,267,12,1684,0.00296999991,39,0,0.29027741430296,0.247611794269531,12.965769994666,77.7775049653288,13
"131",2020-07-09,2175,82,263,5,4.1,8,0,0,8,1,0,2,2,0,268,8,1504,0.00266000003,41,0,0.258941103244013,0.256649139517002,7.97964348376528,81.7913457085942,8
"132",2020-07-10,2191,95,263,12,5.3,16,0,0,16,0,0,2,2,0,268,16,1900,0.00684000015,14,0.07143000126,0.731244529918495,0.318700603095015,15.8850272053502,94.3173490317669,16
"133",2020-07-11,2198,100,263,7,5.7,7,0,0,7,1,1,2,1,0,269,7,1571,0.00381999999,25,0,0.376016289742481,0.32838968136608,6.97413472056224,99.630496008032,7
"134",2020-07-12,2221,120,263,9,6.3,23,0,2,21,1,1,3,2,0,270,21,1068,0.00842999995,13,0,0.832862159722479,0.410851239027184,22.8281280911332,119.017874806475,23
"135",2020-07-13,2244,138,263,6,7.1,23,0,2,21,0,0,3,3,0,270,21,808,0.00619000018,65,0,0.572911815056128,0.492695784035203,22.8817722163066,137.223074564301,23
"136",2020-07-14,2263,148,263,4,6.9,19,0,2,17,1,0,4,4,0,271,17,1406,0.00356000006,66,0,0.340038049209239,0.486041623027971,18.9431946928755,147.505459679151,19
"137",2020-07-15,2284,168,263,15,8.3,21,0,0,21,1,0,5,5,0,272,21,1404,0.00782999992,46,0,0.758159992253793,0.552881991306661,20.8435438522762,166.748350818209,21
"138",2020-07-16,2306,186,263,7,8.6,22,0,1,21,0,0,5,5,0,272,21,1695,0.00708000004,25,0.04,0.755848841151163,0.623868811007683,21.8440207882818,184.618469839067,22
"139",2020-07-17,2336,213,263,17,9.3,30,0,0,29,0,1,5,4,0,272,29,1787,0.00726999998,21,0,0.718555860855089,0.622056143998625,28.7952277940572,211.495983452903,30
"140",2020-07-18,2362,232,263,16,10.6,26,0,0,24,2,1,6,5,0,274,24,1551,0.00708999991,81,0,0.673810653211397,0.664598195922755,23.8410862084538,230.463833348387,26
"141",2020-07-19,2380,250,263,28,13.3,18,0,0,18,0,1,6,5,0,274,18,2025,0.02122999907,22,0,2.10018310291891,0.845644044950816,17.6285142663201,244.840475921112,18
"142",2020-07-20,2410,275,263,47,19.1,30,0,0,27,2,3,8,5,0,276,27,1548,0.01485999942,35,0.02857000113,1.51631264319078,0.980415591827195,26.5976861393935,270.902358827156,30
"143",2020-07-21,2434,294,263,23,21.9,24,0,0,23,0,3,8,5,0,276,23,1428,0.01610999942,15,0,1.59425358085655,1.15958923920538,22.6396722481624,289.394071346076,24
"144",2020-07-22,2461,314,263,13,21.6,27,0,1,23,2,3,9,6,0,278,23,1771,0.00902999997,16,0,0.894914938269166,1.17912566006472,23.7977343807381,311.238634589208,27
"145",2020-07-23,2480,322,263,29,24.7,19,0,1,17,1,3,10,7,0,279,17,1667,0.01019999981,32,0,1.0007886805927,1.21411706569923,17.8328125087765,318.833272225061,19
"146",2020-07-24,2503,337,263,34,27.1,23,0,1,18,0,3,7,4,0,279,18,2036,0.01228000045,83,0,1.1798999960453,1.2800233707264,18.7912962850284,333.092602669697,23
"147",2020-07-25,2515,336,263,26,28.6,12,0,1,10,0,3,7,4,0,279,10,2126,0.00800000012,320,0,0.69533933994767,1.28309889740301,10.9316703374583,333.704123338597,12
"148",2020-07-26,2522,338,263,21,27.6,7,0,0,6,2,4,9,5,0,281,6,1816,0.01210999966,73,0,1.1642011319513,1.14938718726478,5.93135771335797,334.133151185832,7
"149",2020-07-27,2537,340,264,22,24,15,0,1,13,1,4,9,5,1,282,13,1601,0.00874000013,24,0,0.861091705115692,1.0557841961112,13.8899968218076,337.122993801121,15
"150",2020-07-28,2557,330,264,14,22.7,20,0,2,17,1,4,10,6,0,283,17,1488,0.00739000022,24,0,0.727269862920635,0.93192937926321,18.8785053966117,327.641575345991,20
"151",2020-07-29,2573,324,264,20,23.7,16,2,2,12,2,4,11,7,0,285,14,2254,0.00620999992,52,0,0.606996522969644,0.890798177077563,15.9164922631671,322.067392376152,16
"152",2020-07-30,2593,334,264,19,22.3,20,1,0,18,1,4,12,8,0,286,19,1891,0.00898999989,134,0,0.839510607011852,0.867758452280299,18.8432555170614,331.244596984133,20
"153",2020-07-31,2603,321,264,18,20,10,0,1,9,1,3,13,10,0,287,9,2129,0.00797999978,207,0,0.727286795017979,0.80309942356211,9.9356778301217,318.705842607674,10
"154",2020-08-01,2621,309,264,15,18.4,18,0,0,18,1,2,13,11,0,288,18,1629,0.00551999986,83,0.01205000043,0.583658283155958,0.78714498687758,17.8967610370566,307.227731136139,18
"155",2020-08-02,2629,294,264,2,15.7,8,0,0,8,0,2,13,11,0,288,8,1340,0.00149000004,11,0,0.147786828541821,0.641942943533369,7.98838181757628,293.573031795928,8
"156",2020-08-03,2638,280,264,10,14,9,0,1,7,0,1,12,11,0,288,7,1046,0.01146999955,47,0,1.09767790752973,0.675740972449661,7.92449330897245,276.979732358898,9
"157",2020-08-04,2650,268,264,20,14.9,12,0,1,11,1,1,11,10,0,289,11,1699,0.00588999987,12,0,0.584869069499123,0.655398001960873,11.9367786428303,266.459697843502,12
"158",2020-08-05,2659,248,264,12,13.7,9,1,0,8,1,1,12,11,0,290,9,1599,0.005,70,0,0.479029358897543,0.637116978522002,8.95763403376664,246.832582263792,9
"159",2020-08-06,2669,224,264,13,12.9,10,0,0,10,1,2,10,8,0,291,10,1639,0.00305000007,10,0,0.30315040113584,0.560494091968286,9.97020999184288,223.332703817281,10
"160",2020-08-07,2681,225,264,6,11.1,12,0,3,9,1,2,10,8,0,292,9,1689,0,39,0,0,0.456595978394289,12,225,12
"161",2020-08-08,2687,208,264,14,11,6,1,1,4,0,1,10,9,0,292,5,1518,0.00725000024,95,0,0.682300084582765,0.470687664312404,5.96647584002995,206.605394945246,6
"162",2020-08-09,2689,199,264,16,13,2,0,1,1,2,2,12,10,0,294,1,1589,0.00441000015,102,0,0.414399186182732,0.508775143975391,1.99592777872289,198.189627965856,2
"163",2020-08-10,2701,200,264,8,12.7,12,2,0,10,0,1,12,11,0,294,12,1384,0.00578000009,27,0,0.566939767863926,0.432955409737419,11.9331455004012,198.88575834002,12
"164",2020-08-11,2714,204,264,8,11,13,2,1,10,0,1,12,11,0,294,12,1460,0.00342000008,41,0,0.33265823562958,0.396925290613198,12.9607723762892,203.333130396917,13
"165",2020-08-12,2721,187,264,12,11,7,3,0,4,0,2,10,8,0,294,7,1486,0.00268999994,7,0,0.267738775006028,0.366740921485839,6.98158287707004,186.507999716014,7
"166",2020-08-13,2743,190,264,11,10.7,22,0,0,22,0,2,9,7,0,294,22,1689,0.00532999992,56,0,0.515895121196562,0.397133024351656,21.8884687482373,189.036775552958,22
"167",2020-08-14,2754,185,264,6,10.7,11,4,1,6,1,2,10,8,0,295,10,1882,0.00477999985,36,0,0.469028139608968,0.464137044295794,10.9539095048117,184.147325839017,11
"168",2020-08-15,2758,177,264,2,9,4,0,0,4,1,2,11,9,0,296,4,2044,0.00734000027,21,0,0.726535619945763,0.470456406490508,3.9714418955561,175.736303878357,4
"169",2020-08-16,2762,158,264,26,10.4,4,0,1,3,0,2,11,9,0,296,3,1196,0.00501999974,22,0,0.492932650988506,0.481675472891333,3.98546813630577,157.234655178771,4
"170",2020-08-17,2786,173,265,8,10.4,24,1,4,19,1,1,9,8,1,297,20,1358,0.00662999988,32,0,0.647736678923741,0.493217888757021,23.8726963192098,171.898823161165,24
"171",2020-08-18,2812,192,265,15,11.4,26,1,1,24,0,1,7,6,0,297,25,1888,0.00583000004,77,0.05195000172,0.763724692517048,0.554798811169516,25.8123756002414,190.559044609854,26
"172",2020-08-19,2836,201,265,23,13,24,4,3,15,2,1,7,6,0,299,19,1519,0.01184999943,25,0.04,1.23057960713536,0.692347501473707,21.7702392767594,198.569373401508,24
"173",2020-08-20,2853,209,266,24,14.9,17,1,0,16,3,0,6,6,1,302,17,1607,0.00995999992,103,0,0.936007010025731,0.75236348559216,16.8436346585364,207.077626096124,17
"174",2020-08-21,2874,216,266,16,16.3,21,3,2,16,0,0,6,6,0,302,19,1804,0.00721000016,116,0.00861999989,0.72951876436875,0.789576431986414,20.863792022924,214.451530365872,21
"175",2020-08-22,2893,226,266,16,18.3,19,1,0,18,1,0,7,7,0,303,19,1864,0.00589999974,73,0,0.567764559388745,0.766894851906841,18.8939930460093,224.739075178847,19
"176",2020-08-23,2910,236,266,13,16.4,17,0,1,15,0,0,7,7,0,303,15,694,0.01728999972,5,0,1.716632304103,0.941709088066055,15.7469647566832,232.018912171815,17
"177",2020-08-24,2929,252,266,19,18,19,2,0,17,1,1,8,7,0,304,19,1142,0.00963,58,0,0.916455,0.980097419648377,18.8288892791685,249.73053149213,19
"178",2020-08-25,2943,254,266,23,19.1,14,0,1,13,4,2,11,9,0,308,13,1647,0.01457000017,73,0,1.39516222558081,1.07030278151463,13.821770111132,250.517662171349,14
"179",2020-08-26,2961,262,266,15,18,18,1,4,13,0,2,11,9,0,308,14,1832,0.00490999997,41,0,0.480251999201281,0.963113123238332,17.9339291807363,260.763531810923,18
"180",2020-08-27,2974,265,266,16,16.9,13,1,3,9,1,2,9,7,0,309,10,1469,0.00612999976,9,0,0.609267229190798,0.916436011690485,12.9401284786052,263.413404683037,13
"181",2020-08-28,3002,275,266,20,17.4,28,0,3,21,1,1,9,8,0,310,21,2137,0.0060799998,35,0,0.59820255859116,0.897676553722258,23.8765531433577,273.38343402016,28
"182",2020-08-29,3023,289,266,12,16.9,21,0,2,18,0,1,9,8,0,310,18,1790,0.00726000011,11,0.09090999603,0.777091069029983,0.927580340813863,19.8625461534694,286.793102130703,21
"183",2020-08-30,3043,303,267,16,17.3,20,0,6,12,2,1,10,9,1,312,12,1402,0.00428000003,33,0,0.418157494220209,0.742083939402035,17.9506901586126,301.754926504968,20
"184",2020-08-31,3064,313,267,13,16.4,21,1,3,17,1,1,11,10,0,313,18,1353,0.0051700002,54,0,0.497157801748401,0.682184339651807,20.9120614624122,311.470846540835,21
"185",2020-09-01,3089,317,267,18,15.7,25,1,2,22,0,1,11,10,0,313,23,1361,0.01542999983,22,0.09090999603,1.66306939127187,0.720456791893387,24.6241187336177,311.819375589426,25
"186",2020-09-02,3125,327,267,15,15.7,36,1,9,26,0,1,9,8,0,313,27,1528,0.00261999995,51,0,0.253537677238759,0.688069031613026,35.9327304153288,326.185290585649,36
"187",2020-09-03,3147,328,267,24,16.9,22,1,4,17,1,1,8,7,0,314,18,1493,0.00938000023,133,0.00751999974,0.922785996851783,0.732857426993167,21.8367752637408,325.02568258372,22
"188",2020-09-04,3169,332,267,24,17.4,22,0,3,19,3,1,11,10,0,317,19,2705,0.00813000023,258,0.00774999976,0.809691210267634,0.763070091518377,21.8488230773581,329.358382193836,22
"189",2020-09-05,3194,339,267,17,18.1,25,1,11,13,2,1,13,12,0,319,14,2256,0.00398999989,164,0,0.371960320323967,0.705194270274661,24.9488274423881,337.760893069254,25
"190",2020-09-06,3215,341,267,27,19.7,21,1,3,16,1,1,14,13,0,320,17,1310,0.00611000001,192,0.03125,0.932363516185087,0.7786522734125,19.8442433250874,337.8757043444,21
"191",2020-09-07,3256,366,267,29,22,41,2,6,33,0,1,12,11,0,320,35,1290,0.0147300005,44,0,1.42441534070465,0.911117636120536,40.5100890330046,360.876931030848,41
"192",2020-09-08,3308,403,267,24,22.9,52,0,14,36,3,1,14,13,0,323,36,1097,0.01276000023,4,0,1.27136423726703,0.855159756976987,49.5502357144011,397.965138691768,52
"193",2020-09-09,3353,434,267,15,22.9,45,2,10,31,0,1,13,12,0,323,33,1587,0.01449000001,29,0,1.42299690692265,1.02222536121754,42.5385439217311,427.931153394888,45
"194",2020-09-10,3430,496,267,33,24.1,77,1,21,52,2,2,14,12,0,325,53,1959,0.01276000023,61,0,1.23746734903812,1.0671798401013,73.3555012294075,489.968464335587,77
"195",2020-09-11,3460,510,267,60,29.3,30,0,1,25,0,1,12,11,0,325,25,2314,0.01555999994,93,0.0752699995,1.78670335748484,1.20675300398948,25.561060224608,501.045628582003,30
"196",2020-09-12,3509,535,269,47,33.6,49,0,4,42,1,0,12,12,2,326,42,1900,0.01684000015,26,0,1.66126688914849,1.39093965667869,45.3143520616416,526.266151261387,49
"197",2020-09-13,3544,548,270,31,34.1,35,1,5,29,1,1,11,10,1,327,30,1199,0.01667999983,44,0,1.60895573581416,1.48759568805428,34.5256730225516,539.335627211942,35
"198",2020-09-14,3612,598,272,59,38.4,68,0,19,49,1,1,11,10,2,328,49,2394,0.01419999957,218,0.04127999783,1.64601219362634,1.5192523813288,67.2074227485548,588.327322523179,68
"199",2020-09-15,3684,646,273,41,40.9,72,0,14,55,1,1,11,10,1,329,55,2961,0.01215999961,28,0,1.20460886066276,1.50971589895677,68.3489396943578,638.35300077373,72
"200",2020-09-16,3760,684,274,41,44.6,76,0,7,66,1,0,11,11,1,330,66,1887,0.01907999992,162,0.00616999984,1.80592971318302,1.56442058556539,71.8287293682502,671.861377089138,76
"201",2020-09-17,3810,709,278,57,48,50,2,4,38,2,2,11,9,4,332,40,2512,0.01911000013,208,0.00481000006,1.80164707128824,1.64501768874398,43.2918223990622,696.447552023378,50
"202",2020-09-18,3898,777,278,46,46,88,1,6,78,0,2,11,9,0,332,79,2409,0.01286999941,281,0.0213499999,1.37558284574684,1.58628618706712,83.9321104971914,766.496833624275,88
"203",2020-09-19,3968,828,280,46,45.9,70,2,4,60,0,2,10,8,2,332,62,2101,0.0214199996,161,0,1.98954107690539,1.63318249960382,64.7878480217582,811.811905838964,70
"204",2020-09-20,4011,860,280,76,52.3,43,1,4,34,2,2,11,9,0,334,35,2847,0.01861999989,112,0,1.79152212527307,1.65926341238366,38.3838269557304,844.859748055091,43
"205",2020-09-21,4120,940,280,56,51.9,109,2,22,82,1,3,12,9,0,335,84,2949,0.01899000049,73,0,1.85312744688981,1.68885130570702,104.470332465211,922.882291872596,109
"206",2020-09-22,4229,1019,280,85,58.1,109,0,27,81,3,3,15,12,0,338,81,2507,0.01355999947,64,0.03125,1.40003573206107,1.71676943019249,106.885611520391,1004.98071776887,109
"207",2020-09-23,4335,1078,281,67,61.9,106,0,26,75,2,3,16,13,1,340,75,1896,0.01687999964,7,0.5714300156,1.89198578174672,1.72906315427302,99.6055864104036,1057.9576286722,106
"208",2020-09-24,4436,1131,282,38,59.1,101,2,18,75,2,3,18,15,1,342,77,2730,0.01281999946,55,0,1.25668217327828,1.65121102598588,94.0491135594576,1117.03308358112,101
"209",2020-09-25,4555,1194,284,57,60.7,119,5,16,86,3,3,20,17,2,345,91,3291,0.01337000012,59,0.03390000105,1.37315732707075,1.65086452331787,105.772068428171,1177.88845827731,119
"210",2020-09-26,4640,1241,286,75,64.9,85,3,14,66,3,4,21,17,2,348,69,3437,0.02996999979,12,0,2.98657260882082,1.79329759930579,80.9749551637992,1204.57854142427,85
"211",2020-09-27,4722,1271,287,109,69.6,82,2,12,64,2,4,22,18,1,350,66,2684,0.03315999985,13,0,3.30001629949574,2.00879676705188,75.8597106256796,1229.78321523089,82
"212",2020-09-28,4837,1341,288,86,73.9,115,3,11,97,6,4,27,23,1,356,100,3135,0.02584000111,192,0.01042000055,2.49501183004058,2.10049453607342,108.548199755285,1308.12135871838,115
"213",2020-09-29,4944,1372,291,58,70,107,5,18,74,4,3,27,24,3,360,79,2165,0.02632999897,79,0.02532000065,2.62944419881462,2.27612431703821,94.9587155605953,1336.54883226755,107
"214",2020-09-30,5027,1402,291,107,75.7,83,1,10,67,5,5,30,25,0,365,68,3170,0.03059999943,281,0.01422999978,2.92670611797392,2.42394150792781,76.0443078028312,1361.67822852308,83
"215",2020-10-01,5128,1438,293,105,85.3,101,2,11,78,3,5,29,24,2,368,80,3844,0.02263000011,120,0.00833000004,2.21971040432997,2.56151696950663,89.2549865465149,1406.6333831736,101
"216",2020-10-02,5224,1488,294,115,93.6,96,0,13,79,1,5,29,24,1,369,79,3362,0.02171000004,197,0,2.05082945025232,2.65832727281828,90.4079045120789,1458.01217612625,96
"217",2020-10-03,5297,1501,295,65,92.1,73,2,6,64,5,6,31,25,1,374,66,3113,0.03019999981,485,0.01031000018,2.75188853518149,2.62480097658409,70.2152094848553,1460.40953692072,73
"218",2020-10-04,5354,1482,295,77,87.6,57,1,7,47,3,6,32,26,0,377,48,3118,0.0291899991,102,0,2.82653469545963,2.55716074743607,53.6667609268223,1440.83624361564,57
"219",2020-10-05,5432,1483,295,82,87,78,3,13,59,3,6,33,27,0,380,62,3821,0.01779999971,238,0.00839999974,1.72488294727839,2.4471423356129,73.9490941900877,1457.86301103065,78
"220",2020-10-06,5507,1455,296,139,98.6,75,5,15,52,2,7,34,27,1,382,57,2158,0.0194599998,55,0,1.89763576901943,2.34259827421359,70.9370809554888,1427.86759281116,75
"221",2020-10-07,5608,1469,296,174,108.1,101,12,22,63,3,10,36,26,0,385,75,2268,0.03131000042,76,0,3.02948297579181,2.35728068247329,94.7672389128659,1425.26765284,101
"222",2020-10-08,5688,1428,296,85,105.3,80,5,14,55,2,9,36,27,0,387,60,2434,0.02711999893,182,0,2.52332100136162,2.40065362490638,72.5122285255382,1392.59103890781,80
"223",2020-10-09,5771,1429,296,96,102.6,83,5,19,57,2,9,37,28,0,389,62,2508,0.02072999954,247,0.00810000002,1.95976547554483,2.38764448566246,79.8059891672271,1401.47997612851,83
"224",2020-10-10,5836,1414,297,68,103,65,5,7,51,6,9,43,34,1,395,56,2628,0.03006000042,21,0,2.98216991709173,2.42054182593535,61.3589081571061,1372.56243096693,65
"225",2020-10-11,5900,1379,297,139,111.9,64,6,6,48,5,10,46,36,0,400,54,2660,0.0233100009,238,0.01680999994,2.27761843960386,2.34212521795595,58.7913871568104,1348.13560906003,64
"226",2020-10-12,5962,1351,297,62,109,62,2,14,43,3,10,46,36,0,403,45,1994,0.01504999995,237,0.01266000032,1.47961093573017,2.30708635916335,58.3457066276071,1331.35665897549,62
"227",2020-10-13,6047,1373,298,74,99.7,85,4,10,68,1,7,45,38,1,404,72,2117,0.03023000002,18,0,2.99751335092927,2.46421172800761,79.8791688308743,1332.55692784431,85
"228",2020-10-14,6114,1378,300,84,86.9,67,1,16,49,2,7,45,38,2,406,50,3004,0.02963000059,110,0.03635999918,2.98677333597174,2.45811035089046,64.532477580292,1337.55508211285,67
"229",2020-10-15,6200,1404,300,107,90,86,3,25,52,5,8,49,41,0,411,55,2119,0.02171000004,105,0.00952000022,2.11344829621673,2.39955710729833,78.8577352046566,1374.84109504251,86
"230",2020-10-16,6275,1425,301,78,87.4,75,2,10,59,4,8,47,39,1,415,61,3126,0.02142999887,280,0.00356999993,1.99617664263124,2.40475870259639,69.8034212678268,1397.04713617464,75
"231",2020-10-17,6322,1407,302,64,86.9,47,1,10,36,6,8,49,41,1,421,37,3037,0.02140000105,149,0,2.03991849305869,2.27015135630596,46.2583021602959,1378.79543620368,47
"232",2020-10-18,6379,1375,305,74,77.6,57,1,11,40,2,6,48,42,3,423,41,1144,0.02710000038,37,0.0540500021,2.79443272755461,2.34398196887035,50.8741254799944,1337.24201304859,57
"233",2020-10-19,6443,1354,307,69,78.6,64,1,6,57,3,6,47,41,2,426,58,1334,0.03747999907,27,0,3.67364575748567,2.65741551483542,61.9061877117873,1305.12031313379,64
"234",2020-10-20,6521,1358,309,46,74.6,78,3,14,57,4,5,45,40,2,430,60,1595,0.02507999897,48,0.02082999945,2.49558358677724,2.5857112628137,72.5285827405476,1324.69692269439,78
"235",2020-10-21,6609,1382,312,69,72.4,88,1,46,40,4,4,44,40,3,434,41,2258,0.03055999994,446,0.00897000015,2.69989274894305,2.5447283218096,85.9122155553041,1345.33370481537,88
"236",2020-10-22,6674,1368,312,88,69.7,65,1,24,36,1,3,43,40,0,435,37,2238,0.02680999994,87,0.01149000049,2.62367354444516,2.6176176429851,60.0460535523231,1332.72976377238,65
"237",2020-10-23,6753,1370,313,92,71.7,79,1,13,64,2,3,36,33,1,437,65,2768,0.02457000017,65,0.01537999988,2.4359145945203,2.68043735039782,76.4440777584395,1337.20594660096,79
"238",2020-10-24,6818,1363,317,63,71.6,65,2,17,41,2,3,36,33,4,439,43,2358,0.02119999886,191,0,1.96114544181561,2.66918405736309,59.1713126042144,1336.73253673359,65
"239",2020-10-25,6888,1344,319,69,70.9,70,1,24,42,3,3,38,35,2,442,43,1751,0.03084000111,77,0,2.95409419822812,2.69199283888788,65.7517393785089,1304.98459824921,70
"240",2020-10-26,6961,1304,320,77,72,73,1,16,51,4,3,39,36,1,446,52,995,0.03920000076,121,0.01652999997,3.6742052645672,2.69207276847095,66.1225030782084,1256.91815411507,73
"241",2020-10-27,7039,1274,322,61,74.1,78,0,15,60,1,3,31,28,2,447,60,1354,0.02880000114,116,0,2.65273479888163,2.71452294162872,73.4359250523581,1240.7894752784,78
"242",2020-10-28,7151,1280,325,93,77.6,112,2,69,38,2,2,29,27,3,449,40,1900,0.04052999973,166,0.01807000041,3.87253724855082,2.88204358442984,107.477812784798,1231.29000911354,112
"243",2020-10-29,7215,1264,326,65,74.3,64,0,18,42,9,2,37,35,1,458,42,2190,0.02921999931,96,0,2.79929127248031,2.907131831292,58.8446598783266,1229.22976395726,64
"244",2020-10-30,7265,1233,328,122,78.6,50,1,9,36,4,2,40,38,2,462,37,2789,0.03585999966,105,0.05714000225,3.66320799198307,3.08245945950097,44.6680872479534,1188.61490747909,50
"245",2020-10-31,7304,1163,329,83,81.4,39,0,5,32,2,2,39,37,1,464,32,2352,0.02763999939,322,0,2.43116225001047,3.14960471781452,36.235501923927,1135.21527304772,39
"246",2020-11-01,7354,1123,332,50,78.7,50,1,6,40,1,2,37,35,3,465,41,1714,0.02566999912,104,0,2.42015283232563,3.07332737982845,46.0249225248592,1096.29239013212,50
"247",2020-11-02,7418,1076,332,56,75.7,64,3,8,47,6,2,42,40,0,471,50,1030,0.01748000026,14,0.07143000126,1.82034677063602,2.80849045212399,57.1055900809821,1056.75229854273,64
"248",2020-11-03,7489,1004,333,36,72.1,71,1,36,33,1,2,43,41,1,472,34,1456,0.02197999954,13,0,2.17854862697345,2.74074957042283,69.2721219044237,982.506188001217,71
"249",2020-11-04,7554,928,337,53,66.4,65,5,1,51,1,1,40,39,4,473,56,1466,0.02729000092,295,0.00338999987,2.32863096594946,2.5201915300512,55.7185514609923,906.764567067873,65
"250",2020-11-05,7601,885,337,45,63.6,47,0,6,34,5,2,43,41,0,478,34,2536,0.02404999971,41,0,2.36673648678929,2.4583979892382,39.2092461809639,864.417143239795,47
"251",2020-11-06,7675,879,341,79,57.4,74,2,11,58,4,3,46,43,4,482,60,2342,0.0234800005,116,0.02585999966,2.35923194188609,2.2721156963672,69.6089768274099,858.621510521555,74
"252",2020-11-07,7710,846,346,75,56.3,35,3,4,25,3,4,46,42,5,485,28,2499,0.02760999918,142,0,2.61254782093222,2.29802792078459,31.2811558299328,824.280636861542,35
"253",2020-11-08,7747,784,346,47,55.9,37,1,5,29,1,4,47,43,0,486,30,1176,0.02040999889,92,0.01087000012,1.97178223230915,2.2339749779251,34.4187102319726,768.808960728885,37
"254",2020-11-09,7818,754,350,31,52.3,71,3,24,42,7,4,46,42,4,493,45,711,0.02109999895,20,0.1,2.32586857092339,2.30619237796615,67.9714861155299,736.766678469102,71
"255",2020-11-10,7885,763,350,52,54.6,67,0,11,54,3,5,47,42,0,496,54,1374,0.0334800005,17,0,3.30708272372394,2.46741153464479,63.2451043669639,738.203974666546,67
"256",2020-11-11,7941,762,353,77,58,56,0,6,48,2,5,46,41,3,498,48,2375,0.02611000061,241,0.02904999971,2.63808491509404,2.51161924166545,52.7556501985227,742.245946901547,56
"257",2020-11-12,7983,752,355,60,60.1,42,1,8,31,3,3,43,40,2,501,32,2318,0.02157000065,214,0.00467000008,2.01416435718088,2.46125179457853,39.3666301885228,737.115809430287,42
"258",2020-11-13,8022,729,357,79,60.1,39,1,7,27,0,3,36,33,2,501,28,2719,0.02170000076,200,0,2.02131901563686,2.41297851940007,34.4438328061999,714.519789847133,39
"259",2020-11-14,8043,706,357,50,56.6,21,3,2,14,3,3,37,34,0,504,17,1710,0.01578999996,245,0.01633000016,1.5857672619335,2.26629558240025,18.7350884803873,694.99838042079,21
"260",2020-11-15,8073,662,360,30,54.1,30,1,1,25,0,2,35,33,3,504,26,984,0.01524000049,306,0.00653999984,1.31762794055814,2.17284496929297,26.6633500002951,653.428373084437,30
"261",2020-11-16,8117,624,363,11,51.3,44,0,3,39,3,2,33,31,3,507,39,735,0.01223999977,53,0,1.14167510545051,2.00367447422541,41.5624581354694,616.99933016751,44
"262",2020-11-17,8158,602,363,40,49.6,41,1,10,29,1,2,32,30,0,508,30,1828,0.02078999996,38,0,2.03666237550268,1.82218585305094,39.3995832904836,589.951638029037,41
"263",2020-11-18,8200,595,363,66,48,42,3,6,31,1,2,32,30,0,509,34,2684,0.02049000025,20,0.05,2.07082694789201,1.74114900059351,39.3081129535338,582.891976686841,42
"264",2020-11-19,8220,577,364,53,47,20,2,1,17,0,2,30,28,1,509,19,2476,0.01212000012,187,0.01603999972,1.23952685860909,1.63048650079754,19.7685687412185,569.971798088584,20
"265",2020-11-20,8245,534,364,28,39.7,25,1,2,20,1,2,30,28,0,510,21,2643,0.00757000029,222,0.02252000093,0.872842965896335,1.46641849369175,22.8198775332288,529.419742987818,25
"266",2020-11-21,8274,502,365,27,36.4,29,4,4,19,2,2,31,29,1,512,23,1495,0.01873000026,71,0,1.78808112316092,1.4953204738671,26.5958640087447,493.179292712602,29
"267",2020-11-22,8301,489,368,26,35.9,27,3,4,19,3,4,31,27,3,515,22,1220,0.01475000024,36,0,1.43272295324841,1.51176261853714,25.6902599426907,482.115323271625,27
"268",2020-11-23,8341,472,370,20,37.1,40,2,10,25,1,3,27,24,2,516,27,922,0.01735000014,13,0,1.71087701915294,1.59307717763748,36.5460635762095,464.064518813736,40
"269",2020-11-24,8384,481,370,21,34.4,43,2,7,33,1,3,23,20,0,517,35,1403,0.00855000019,41,0.09755999565,1.10772923048615,1.46037244263512,41.6190095100997,475.764102124513,43
"270",2020-11-25,8439,489,371,38,30.4,55,4,10,39,2,2,23,21,1,519,43,2618,0.01222000003,72,0.01389000058,1.22646989294796,1.33975000621454,52.4817517763213,483.106432991189,55
"271",2020-11-26,8484,504,372,60,31.4,45,3,4,37,3,2,23,21,1,522,40,3059,0.01437999964,224,0.0044600001,1.37031553217058,1.35843410243761,43.4613668894616,497.213222807216,45
"272",2020-11-27,8532,516,374,56,35.4,48,2,3,42,3,1,24,23,2,525,44,3154,0.01776000023,336,0.00298000008,1.63370546568195,1.46712874526413,46.2936191558604,507.716079191454,48
"273",2020-11-28,8576,518,375,60,40.1,44,2,3,39,2,1,25,24,1,527,41,2597,0.01194000006,191,0,1.11220158378121,1.37057452535274,43.5518949474282,512.338575189459,44
"274",2020-11-29,8621,530,377,22,39.6,45,0,4,38,5,1,28,27,2,532,38,898,0.02450000048,12,0,2.41769235505934,1.51128443989716,41.0971884454274,517.408154633592,45
"275",2020-11-30,8664,536,378,47,43.4,43,1,7,34,1,1,25,24,1,533,35,1135,0.02290999889,61,0,2.17415123245401,1.57746647036874,41.2522261574641,524.548377725735,43
"276",2020-12-01,8718,558,378,34,45.3,54,2,12,39,3,1,27,26,0,536,41,1906,0.01417000055,113,0.01769999981,1.43675686116048,1.62447041760793,52.4211319079277,550.121746454236,54
"277",2020-12-02,8760,572,379,49,46.9,42,1,5,34,6,1,31,30,1,542,35,2859,0.01014000058,81,0.01235000014,1.02008883229796,1.59498740894365,39.6491523982007,566.26614776488,42
"278",2020-12-03,8798,571,380,38,43.7,38,0,5,32,3,1,33,32,1,545,32,3327,0.01021999955,202,0,0.963500665991783,1.53687099948953,36.6970196434061,565.593694262028,38
"279",2020-12-04,8841,575,382,55,43.6,43,1,5,33,2,1,31,30,2,547,34,2994,0.01101999998,165,0.01212000012,1.10774548781007,1.46173385979355,38.6298895209098,568.740778662445,43
"280",2020-12-05,8876,564,382,46,41.6,35,4,1,29,1,1,31,30,0,548,33,2277,0.01845000029,209,0,1.68988940709292,1.54426069169522,33.4519947761576,554.634092537966,35
"281",2020-12-06,8915,558,383,33,43.1,39,0,7,30,1,2,31,29,1,549,30,1397,0.01575000048,20,0,1.55276998380804,1.42070035294504,36.5422368206297,549.485604863713,39
"282",2020-12-07,8969,561,384,23,39.7,54,1,3,45,2,1,30,29,1,551,46,1068,0.01684999943,25,0.04,1.73795053899726,1.3583859681655,48.2143887044803,551.418957895945,54
"283",2020-12-08,9016,565,384,57,43,47,1,1,44,0,1,27,26,0,551,45,2367,0.01942999959,69,0,1.88796424587562,1.42284416598195,45.1651301949984,554.517745781647,47
"284",2020-12-09,9069,574,386,36,41.1,53,2,3,46,1,3,24,21,2,552,48,2911,0.00962000012,167,0.00598999977,0.94230507832716,1.41173220112898,50.5555271437858,568.684845427772,53
"285",2020-12-10,9114,573,386,60,44.3,45,2,0,43,1,3,23,20,0,553,45,3091,0.01391000032,252,0.00397000015,1.31607092512474,1.46209938100511,44.4180250611062,565.589519111419,45
"286",2020-12-11,9153,557,386,48,43.3,39,6,2,30,1,2,23,21,0,554,36,3047,0.01180999994,32,0,1.16872587908996,1.47081086547367,37.5865455825627,550.602941374651,39
"287",2020-12-12,9186,546,387,59,45.1,33,2,5,26,0,2,20,18,1,554,28,2616,0.01567000031,24,0,1.55275457617273,1.45122017534222,32.5727586053416,537.668792804161,33
"288",2020-12-13,9225,543,388,30,44.7,39,5,2,32,0,2,19,17,1,554,37,1502,0.01197999954,47,0,1.16165005223241,1.39534589940284,38.5776334509615,536.801485510057,39
"289",2020-12-14,9268,540,388,16,43.7,43,4,4,35,2,2,20,18,0,556,39,917,0.01745000005,20,0,1.70775347340982,1.39103203289035,42.3455111394239,530.937846545869,43
"290",2020-12-15,9314,548,389,54,43.3,46,2,6,37,1,1,20,19,1,557,39,2079,0.01347000003,49,0,1.3159835555625,1.30932050570276,44.4956552036183,540.913309014944,46
"291",2020-12-16,9369,566,389,53,45.7,55,3,4,47,0,1,18,17,0,557,50,2312,0.01687000036,94,0,1.62109064140981,1.40628987185742,53.2034926681593,556.983537003563,55
"292",2020-12-17,9406,561,390,61,45.9,37,1,5,29,1,0,17,17,1,558,30,3207,0.01340999961,83,0.02410000086,1.36796865716261,1.41370383357712,34.596717035806,553.458608569572,37
"293",2020-12-18,9447,548,390,25,42.6,41,3,4,34,0,0,16,16,0,558,37,3298,0.00727999985,170,0.00588,0.721137240637255,1.34976259951245,40.7378003408809,544.116610454127,41
"294",2020-12-19,9486,545,390,46,40.7,39,1,7,28,3,0,19,19,0,561,29,2799,0.0117900002,140,0,1.12283805919701,1.2883459542302,35.6800164902633,538.986516799775,39
"295",2020-12-20,9530,540,390,24,39.9,44,5,2,34,0,0,16,16,0,561,39,1360,0.01618000031,51,0,1.55951810216868,1.34518424707824,40.4023216807176,531.724454040706,44
"296",2020-12-21,9605,562,390,22,40.7,75,7,8,60,1,0,15,15,0,562,67,1365,0.00658999979,32,0.03125,0.715486736818182,1.20343185613658,74.5289262925928,558.048605618465,75
"297",2020-12-22,9689,606,390,73,43.4,84,5,7,70,2,0,15,15,0,564,75,3021,0.02250999928,48,0,2.21579367301662,1.33197615863002,80.3669365598807,592.804847403836,84
"298",2020-12-23,9789,673,390,52,43.3,100,5,6,88,1,1,13,12,0,565,93,2652,0.01998000026,199,0.01508000016,1.9637979909281,1.38093435141835,97.2052984626434,660.012536186656,100
"299",2020-12-24,9864,700,390,49,41.6,75,11,6,56,2,1,13,12,0,567,67,3469,0.01557000041,144,0,1.49494413014918,1.39907370470214,72.0157345517155,689.716629644789,75
"300",2020-12-25,9929,731,390,47,44.7,65,6,2,56,0,1,10,9,0,567,62,2537,0.0295600009,161,0,2.77960423585248,1.69314041830432,62.3064924809401,711.033000057535,65
"301",2020-12-26,10021,773,390,95,51.7,92,5,4,82,2,2,12,10,0,569,87,951,0.01998000026,50,0,1.8981998249011,1.80390638483348,89.3771676498357,758.581041302563,92
"302",2020-12-27,10131,837,391,37,53.6,110,8,6,94,2,4,12,8,1,571,102,1480,0.02703000069,32,0.0625,2.77806885060847,1.97798506318202,105.215445954259,814.150277095244,110
"303",2020-12-28,10262,930,391,65,59.7,131,15,6,108,1,2,13,11,0,572,123,1188,0.04125,39,0.02563999891,4.07538385961614,2.45797036643887,124.07409414275,892.755345957379,131
"304",2020-12-29,10383,1008,391,112,65.3,121,5,15,101,3,4,12,8,0,575,106,1880,0.05052999973,25,0.04,5.03918107571654,2.86131142396743,115.750979069279,958.084782092768,121
"305",2020-12-30,10520,1099,391,88,70.4,137,12,10,115,3,5,13,8,0,578,127,2458,0.05736000061,62,0,5.5948762499754,3.38003688954561,130.017568546983,1038.57722703256,137
"306",2020-12-31,10645,1186,391,147,84.4,125,0,9,116,2,5,13,8,0,580,116,2652,0.03318000078,144,0,3.14711595381116,3.61606143578304,121.412571874633,1149.32164002857,125
"307",2021-01-01,10762,1241,392,87,90.1,117,0,5,111,2,6,13,7,1,582,111,2759,0.03914000034,134,0.01493000031,3.80186246040788,3.76209832500524,111.853020819216,1194.63602555538,117
"308",2021-01-02,10875,1301,392,134,95.7,113,2,8,101,2,6,15,9,0,584,103,2369,0.02954999924,431,0,2.50014100712714,3.8480899224661,108.469454193736,1269.03650394224,113
"309",2021-01-03,10998,1327,393,106,105.6,123,0,5,118,3,5,18,13,1,587,118,1516,0.06002999783,126,0.02381000042,5.72506314026797,4.26908910670317,116.361426576666,1252.34417853589,123
"310",2021-01-04,11173,1438,393,117,113,175,4,30,140,5,8,21,13,0,592,144,1386,0.05339000225,155,0.00644999981,4.86685873387735,4.38215694588335,167.113101100725,1369.22666238085,175
"311",2021-01-05,11314,1511,395,105,112,141,2,19,120,6,8,23,15,2,598,122,2417,0.05750999928,97,0.01031000018,5.5688837819101,4.45782876105386,134.323629028547,1428.31150378799,141
"312",2021-01-06,11497,1605,395,132,118.3,183,11,42,129,7,7,28,21,0,605,140,2627,0.05138999939,211,0.01422000051,4.86264793887033,4.35322471661028,175.310196862351,1528.30618545767,183
"313",2021-01-07,11614,1641,395,187,124,117,2,7,107,6,9,32,23,0,611,109,2311,0.04889999866,91,0.01098999977,4.74637747220358,4.58169064780919,110.916050278624,1564.46090373599,117
"314",2021-01-08,11744,1671,395,185,138,130,6,13,110,0,11,30,19,0,611,116,2661,0.03683000088,249,0,3.36785678150103,4.51968983653679,125.160947255364,1615.69778330788,130
"315",2021-01-09,11842,1680,397,154,140.9,98,6,2,90,4,11,30,19,2,615,96,3020,0.03244999886,375,0.0026699999,2.91606028040353,4.57910687557627,95.2490657823372,1631.8586511909,98
"316",2021-01-10,11935,1664,397,116,142.3,93,5,3,83,5,11,34,23,0,620,88,1824,0.05098999977,78,0,4.88989272242271,4.45979681588409,86.7714207100666,1584.04140979035,93
"317",2021-01-11,12099,1715,397,64,134.7,164,2,25,135,3,13,34,21,0,623,137,1608,0.03420000076,115,0,3.19173541625537,4.22049348479524,157.703053714947,1661.20976000828,164
"318",2021-01-12,12239,1743,398,161,142.7,140,1,22,115,4,13,35,22,1,627,116,2211,0.07056000233,74,0.01350999951,6.87124311227002,4.4065448177038,130.167403057602,1625.30847870173,140
"319",2021-01-13,12327,1730,402,172,148.4,88,0,9,75,2,11,34,23,4,629,75,2532,0.03752000093,173,0.01156000018,3.58597125271349,4.22416243396711,81.3571011500576,1669.03713319466,88
"320",2021-01-14,12419,1718,402,129,140.1,92,2,14,75,9,10,41,31,0,638,77,2581,0.03371000051,146,0,3.1905211337114,4.00189724275394,88.5858468045297,1664.136166366,92
"321",2021-01-15,12512,1686,404,144,134.3,93,6,7,78,5,11,41,30,2,643,84,2923,0.03729000092,206,0.00485000014,3.51542897788431,4.02297898509441,88.098182541437,1627.75637815313,93
"322",2021-01-16,12573,1637,405,119,129.3,61,0,0,59,2,9,39,30,1,645,59,2470,0.03239000082,289,0,2.89972098678507,4.02064480029177,57.3187949017925,1590.35368227516,61
"323",2021-01-17,12653,1576,407,72,123,80,2,3,72,2,9,39,30,2,647,74,2036,0.02602999926,32,0,2.56272139716441,3.6881917538263,75.1364305186623,1536.31100672178,80
"324",2021-01-18,12774,1596,408,63,122.9,121,2,45,72,7,10,43,33,1,654,74,1021,0.03917999983,48,0,3.74207482005893,3.76681166865538,116.278823816252,1537.31084879377,121
"325",2021-01-19,12848,1540,415,81,111.4,74,3,24,47,8,9,45,36,7,662,50,2337,0.04107999802,89,0,3.95729412088788,3.35053324131507,72.0556215050406,1480.11314235525,74
"326",2021-01-20,12909,1500,415,166,110.6,61,1,8,50,2,7,37,30,0,664,51,3065,0.02250999928,163,0.00612999976,2.16828803451301,3.14800706728643,57.9133251291608,1468.03897438708,61
"327",2021-01-21,12979,1467,417,81,103.7,70,1,9,59,3,7,37,30,2,667,60,2636,0.02427999973,117,0,2.32481217901489,3.02433435947264,67.6292710116734,1433.48567623541,70
"328",2021-01-22,13058,1437,418,95,96.7,79,1,3,74,5,6,37,31,1,672,75,2311,0.03072000027,111,0.00901000023,2.97250332987201,2.94677355261374,75.8092335162966,1395.02491417224,79
"329",2021-01-23,13106,1371,418,84,91.7,48,1,4,40,4,9,39,30,0,676,41,2122,0.03299000025,276,0,2.9192986042744,2.94957035511222,43.8238171266636,1331.66959221112,48
"330",2021-01-24,13152,1287,419,44,87.7,46,2,9,35,2,8,37,29,1,678,37,1247,0.02244999886,36,0,2.18200690400779,2.89518257037556,45.2066399650628,1259.40393608205,46
"331",2021-01-25,13215,1228,419,29,82.9,63,1,18,43,4,7,38,31,0,682,44,825,0.02061000109,48,0,1.94768051537801,2.63884052684971,61.1578627632291,1204.49671530103,63
"332",2021-01-26,13277,1166,420,74,81.9,62,1,19,40,8,5,40,35,1,690,41,2354,0.02421000004,79,0,2.34238964628689,2.408139887621,59.0562532450057,1139.1607630165,62
"333",2021-01-27,13355,1126,422,80,69.6,78,0,27,50,1,4,30,26,2,691,50,2800,0.01963999987,175,0.0057099998,1.88205881011765,2.36724999842166,76.075268462527,1105.17504577611,78
"334",2021-01-28,13393,1065,422,66,67.4,38,1,3,33,3,5,30,25,0,694,34,2355,0.02122999907,209,0.02871000051,2.18397183761466,2.3471299496502,36.270309947516,1042.14353217954,38
"335",2021-01-29,13422,963,422,73,64.3,29,1,2,26,3,4,31,27,0,697,27,2847,0.01228999972,180,0.00555999994,1.18898015170268,2.09234092419744,28.6845352459705,951.748423772948,29
"336",2021-01-30,13441,866,423,42,58.3,19,1,6,12,2,5,33,28,1,699,13,2155,0.01577999949,216,0,1.43424288911641,1.8801901077463,18.816777614782,853.794570338558,19
"337",2021-01-31,13483,807,424,25,55.6,42,3,5,34,4,6,32,26,1,703,37,922,0.01952000022,24,0,1.90247782271036,1.84025738184666,41.3082744746956,791.912905434576,42
"338",2021-02-01,13523,716,424,26,55.1,40,6,7,25,4,5,29,24,0,707,31,548,0.02920000076,29,0,2.77324097339341,1.95819459013458,37.1551846878003,696.487491498871,40
"339",2021-02-02,13565,652,425,59,53,42,4,5,31,3,5,27,22,1,710,35,2439,0.02213999987,107,0.02803999901,2.23879574143755,1.94339546087039,39.2299924360192,637.655859093843,42
"340",2021-02-03,13628,637,425,54,49.3,63,4,22,36,2,4,26,22,0,712,40,2865,0.01291000009,212,0,1.20205233207182,1.84625167829241,61.5275064965306,629.47554095725,63
"341",2021-02-04,13710,639,425,51,47.1,82,3,43,33,2,5,25,20,0,714,36,2814,0.01279000044,90,0,1.2393616128843,1.71130736047379,78.5615571257409,631.217638981901,82
"342",2021-02-05,13768,638,427,72,47,58,1,8,48,2,5,21,16,2,716,49,2435,0.01601999998,149,0,1.50962461111842,1.7571137118189,56.2730952239435,628.535403119917,58
"343",2021-02-06,13793,607,427,61,49.7,25,1,4,19,3,6,21,15,0,719,20,2369,0.01434999943,205,0.01463000059,1.43722994446853,1.75754043401206,23.7175323429627,598.427106608919,25
"344",2021-02-07,13818,562,429,33,50.9,25,1,2,19,3,4,23,19,2,722,20,1004,0.0249000001,75,0,2.31692308622799,1.81674690022886,21.5446408292416,549.204407301688,25
"345",2021-02-08,13865,559,431,24,50.6,47,1,7,38,2,5,21,16,2,724,39,852,0.01407999992,29,0,1.36165265968672,1.61509142684219,45.4781527242574,551.52018904769,47
"346",2021-02-09,13920,578,431,43,48.3,55,6,7,39,0,2,19,17,0,724,45,2244,0.01782999992,149,0,1.67198160553615,1.53411797885628,51.2606390931239,568.503319907236,55
"347",2021-02-10,13977,595,432,40,46.3,57,0,6,50,3,4,20,16,1,727,50,2791,0.01253999949,100,0,1.21062395629851,1.53534249660295,55.4051715353466,587.921541270625,57
"348",2021-02-11,14037,621,433,51,46.3,60,1,11,46,1,3,16,13,1,728,47,2563,0.01521999955,58,0,1.48831968129149,1.57090793494683,57.3126047011128,611.917606795554,60
"349",2021-02-12,14088,624,435,52,43.4,51,0,8,41,3,2,16,14,2,731,41,2612,0.01570000052,173,0,1.47247401645386,1.56560070713761,48.4067414970671,614.970894979753,51
"350",2021-02-13,14120,622,435,46,41.3,32,0,3,28,6,2,21,19,0,737,28,2099,0.02191999912,46,0.02174000025,2.1916139004373,1.67336984370457,30.3969760619328,608.604253947221,32
"351",2021-02-14,14161,597,437,48,43.4,41,0,4,35,4,2,21,19,2,741,35,1175,0.01702000022,10,0,1.68763715261603,1.58347185318858,38.4195569748873,587.099300400221,41
"352",2021-02-15,14223,620,438,34,44.9,62,2,8,51,4,2,23,21,1,745,53,867,0.02653000116,26,0,2.5757571115028,1.75691534630516,59.6584920458719,604.306888083784,62
"353",2021-02-16,14274,615,438,60,47.3,51,3,13,32,3,2,24,22,0,748,35,1561,0.0333100009,23,0,3.28263329576389,1.98700844490913,46.8709767395348,595.161448423254,51
"354",2021-02-17,14331,630,439,49,48.6,57,5,6,44,2,2,25,23,1,750,49,2063,0.01842000008,222,0,1.66303983216805,2.05163928431906,54.1992237090785,619.70430483101,57
"355",2021-02-18,14403,646,439,68,51,72,3,12,53,3,3,26,23,0,753,56,2348,0.02128999949,116,0,2.02877105529708,2.12884662346272,66.8835647456352,633.121121887149,72
"356",2021-02-19,14457,650,440,58,51.9,54,2,16,33,1,3,26,23,1,754,35,2576,0.01514000058,96,0,1.45960484633533,2.12700817058864,50.4979860148476,640.676883132884,54
"357",2021-02-20,14506,629,440,66,54.7,49,0,3,45,4,3,26,23,0,758,45,2384,0.02559000015,68,0,2.48803264101142,2.16935370495637,46.8997761316844,613.621315262878,49
"358",2021-02-21,14548,618,440,53,55.4,42,0,7,33,2,4,24,20,0,760,33,1000,0.03,28,0,2.91828793774319,2.34516095997454,39.0536439675596,600.277332483388,42
"359",2021-02-22,14613,633,440,32,55.1,65,0,11,54,1,6,23,17,0,761,54,863,0.01506000042,66,0,1.399007574,2.17705388318842,64.2576199365728,624.297655923159,65
"360",2021-02-23,14668,639,440,47,53.3,55,0,7,47,3,6,25,19,0,764,47,2036,0.01965000033,84,0,1.88714154112641,1.97769791824021,53.1284048447311,627.150014803897,55
"361",2021-02-24,14714,646,441,60,54.9,46,2,10,34,1,6,24,18,1,765,36,2874,0.01878999949,41,0,1.85257147630394,2.00477386740248,45.3446248823611,634.239657611258,46
"362",2021-02-25,14747,642,441,43,51.3,33,1,5,25,1,6,23,17,0,766,26,2376,0.01851999998,128,0.00781000018,1.7972523951885,1.97169977310126,30.5408073859958,630.661474684974,33
"363",2021-02-26,14812,645,441,57,51.1,65,5,12,43,1,6,21,15,0,767,48,2639,0.01819000006,181,0,1.70224858717518,2.00636316464981,59.197071830631,634.210652724104,65
"364",2021-02-27,14858,650,442,71,51.9,46,0,4,34,3,6,23,17,1,770,34,2535,0.0209100008,47,0.02128000021,2.09167358783385,1.9497404427673,37.3011478519096,636.639591286507,46
"365",2021-02-28,14923,661,442,49,51.3,65,2,8,54,7,6,28,22,0,777,56,1552,0.02576999903,94,0,2.42983222931713,1.87996105584929,62.6628602789268,645.216975792332,65
"366",2021-03-01,15000,676,442,54,54.4,77,4,7,64,3,6,29,23,0,780,68,996,0.02911999941,45,0,2.78612098101441,2.0781201139942,73.1382500178357,657.49201488319,77
"367",2021-03-02,15063,685,443,61,56.4,63,1,6,54,3,4,29,25,1,783,55,2006,0.02592000008,41,0,2.54008403324279,2.17139761286797,59.6271494913876,667.901770938191,63
"368",2021-03-03,15122,695,443,65,57.1,59,0,5,51,6,5,32,27,0,789,51,2676,0.02092999935,109,0,2.01108360002154,2.19404220197049,54.9921108374372,681.265039843507,59
"369",2021-03-04,15179,691,443,61,59.7,57,3,3,50,1,5,31,26,0,790,53,2414,0.02029999971,225,0.00444000006,1.89477829910724,2.20797447395888,55.0131599954785,678.133840695767,57
"370",2021-03-05,15252,694,444,51,58.9,73,1,10,57,1,2,28,26,1,791,58,2440,0.0188499999,154,0,1.77309174078643,2.21809492447477,66.9894177283092,681.907860404252,73
"371",2021-03-06,15308,707,446,46,55.3,56,3,3,47,0,2,26,24,2,791,50,1957,0.02095000029,25,0,2.06857470068264,2.21479508345317,51.9836256693697,692.628466964888,56
"372",2021-03-07,15348,698,447,54,56,40,1,0,38,2,5,25,20,1,793,39,1752,0.01940999985,16,0.0625,1.97999546024887,2.15053268787199,38.2411756187872,684.418989279833,40
"373",2021-03-08,15431,740,448,38,53.7,83,1,9,65,6,4,29,25,1,799,66,1170,0.02051000118,142,0,1.82901687352134,2.01380352965869,73.8137557440403,726.699685614997,83
"374",2021-03-09,15488,747,448,70,55,57,0,8,47,1,3,27,24,0,800,47,2105,0.03183000088,57,0,3.09908195432007,2.09366037552688,53.568658069201,724.250799525387,57
"375",2021-03-10,15568,770,448,76,56.6,80,5,8,64,0,2,24,22,0,800,69,2655,0.01807999969,173,0,1.69739742492751,2.04884806479916,75.8490800859226,757.156400958846,80
"376",2021-03-11,15629,767,451,73,58.3,61,1,7,52,1,2,20,18,3,801,53,2321,0.02801000118,86,0,2.70092283916826,2.16401157052216,58.5933031278261,746.642707529107,61
"377",2021-03-12,15711,772,451,93,64.3,82,5,4,67,2,2,17,15,0,803,72,2361,0.02286999941,133,0,2.16503883749038,2.22000401290844,74.4681696755433,755.575374854437,82
"378",2021-03-13,15779,790,451,56,65.7,68,5,3,54,5,4,22,18,0,808,59,2353,0.01870000005,99,0,1.79449837347675,2.18085025187903,60.9595827226264,776.068988997878,68
"379",2021-03-14,15847,815,451,65,67.3,68,2,10,51,2,3,23,20,0,810,53,1535,0.02996999979,36,0,2.9283227038606,2.31632557239499,61.4748685417815,791.547506821734,68
"380",2021-03-15,15954,862,452,58,70.1,107,4,3,97,4,5,25,20,1,814,101,1000,0.03200000048,13,0,3.15893390720632,2.50631372006427,100.8647340338,835.241591456787,107
"381",2021-03-16,16040,880,453,85,72.3,86,7,4,72,5,6,27,21,1,819,79,1583,0.03411000013,9,0,3.39171672146922,2.54811868679986,80.3669498027283,850.669820587353,86
"382",2021-03-17,16128,907,454,77,72.4,88,3,5,76,3,5,27,22,1,822,79,2842,0.02674000025,175,0,2.51889561519722,2.66547557112411,82.0445363981845,884.549297634853,88
"383",2021-03-18,16221,945,455,63,71,93,6,3,80,2,5,24,19,1,824,86,2566,0.02845000029,161,0,2.67703339729153,2.66206279371314,86.7376243626491,920.140174682597,93
"384",2021-03-19,16346,993,457,117,74.4,125,7,6,104,2,4,24,20,2,826,111,2615,0.03823999882,97,0,3.68722702486357,2.87951824905217,112.978062366493,957.01996333268,125
"385",2021-03-20,16449,1047,458,83,78.3,103,5,6,87,4,4,27,23,1,830,92,1997,0.04356999874,151,0.00662,4.09724895175885,3.20848261737819,94.2958151169077,1004.84476551524,103
"386",2021-03-21,16534,1075,459,87,81.4,85,5,1,77,4,4,29,25,1,834,82,1306,0.04210999966,87,0,3.94800140387365,3.35415100309434,79.8187073235021,1033.29402893615,85
"387",2021-03-22,16683,1151,460,56,81.1,149,6,7,133,4,7,30,23,1,838,139,1150,0.05478000164,131,0,4.9177987420765,3.60541740807579,139.282649236526,1095.37646957728,149
"388",2021-03-23,16807,1190,461,108,84.4,124,2,0,120,5,9,31,22,1,843,122,1966,0.0350999999,153,0,3.25656440789995,3.58610993470875,118.095800715002,1151.91805615453,124
"389",2021-03-24,16960,1280,461,85,85.6,153,7,2,137,4,9,33,24,0,847,144,3106,0.04572000027,47,0,4.50384779063178,3.8696745311994,139.62678349879,1223.34918665591,153
"390",2021-03-25,17109,1362,462,123,94.1,149,7,4,132,8,10,40,30,1,855,139,3005,0.0379399991,282,0,3.46850311212352,3.98274163331826,138.262280290369,1315.57716370851,149
"391",2021-03-26,17258,1446,463,103,92.1,149,10,2,130,4,11,42,31,1,859,140,2390,0.06736000061,117,0,6.42163547897487,4.37337141247702,133.165414869401,1354.75135643681,149
"392",2021-03-27,17374,1499,465,138,100,116,7,3,100,5,13,44,31,2,864,107,2476,0.06260000229,117,0,5.97753974816969,4.64198438339285,103.714805449915,1410.94853616283,116
"393",2021-03-28,17511,1558,466,139,107.4,137,3,5,124,5,13,45,32,1,869,127,2480,0.08265999794,157,0,7.77386404593098,5.18853618940104,122.298181693291,1438.98084313502,137
"394",2021-03-29,17720,1706,466,111,115.3,209,7,1,189,4,12,47,35,0,873,196,1644,0.08394000053,40,0,8.19461762893824,5.65665317323843,181.216720770022,1568.62104915132,209
"395",2021-03-30,17929,1837,467,170,124.1,209,9,6,186,6,12,48,36,1,879,195,1968,0.04065000057,64,0,3.93696855914173,5.75385376627297,193.455872271623,1765.93044801524,209
"396",2021-03-31,18136,1940,468,163,135.3,207,7,5,190,8,14,54,40,1,887,197,3023,0.0793900013,224,0,7.39131425715738,6.16634897577663,187.691293726167,1799.0919280648,207
"397",2021-04-01,18373,2075,469,144,138.3,237,12,4,203,4,15,53,38,1,891,215,2634,0.07212999821,100,0.01,6.98575037619386,6.66881287064382,204.240759906371,1932.55617118939,237
"398",2021-04-02,18571,2168,470,242,158.1,198,15,7,162,6,15,57,42,1,897,177,3130,0.09392999649,99,0,9.10501359596469,7.05215260164237,168.163239829061,1974.02205621133,198
"399",2021-04-03,18822,2346,470,222,170.1,251,16,3,223,11,14,61,47,0,908,239,2885,0.1019099998,36,0,10.0654005280041,7.63613271304728,218.360328507633,2113.95535848915,251
"400",2021-04-04,19052,2505,471,152,172,230,9,2,215,12,15,64,49,1,920,224,1818,0.09295999527,139,0,8.63573180382524,7.75925667846075,206.990983861177,2292.42149362611,230
"401",2021-04-05,19337,2650,472,184,182.4,285,8,4,269,5,17,67,50,1,925,277,2045,0.1056200027,162,0,9.78671977895333,7.98669984274862,254.360295851734,2395.14362457435,285
"402",2021-04-06,19611,2787,473,156,180.4,274,7,6,245,10,19,70,51,1,935,252,1749,0.1286400032,83,0,12.2811880784279,9.17873120264665,227.587410638579,2450.6512438481,274
"403",2021-04-07,19919,2928,474,219,188.4,308,3,6,290,12,23,76,53,1,947,293,3364,0.0981000042,44,0,9.683345485,9.5061642351956,271.119181306599,2649.38212582157,308
"404",2021-04-08,20213,3099,475,170,192.1,294,22,5,255,10,29,83,54,1,957,277,3366,0.08586000443,194,0.01031000018,8.17429536366011,9.6759563762622,259.749356778688,2850.06590850958,294
"405",2021-04-09,20509,3251,477,261,194.9,296,13,2,276,14,30,88,58,2,971,289,3418,0.1102999973,158,0,10.5426563414821,9.88133391133612,261.059409065419,2914.19425215114,296
"406",2021-04-10,20796,3415,480,381,217.6,287,12,2,262,14,26,92,66,3,985,274,3187,0.0875399971,97,0,8.49543150906516,9.65705262291627,253.125664817401,3129.90563996871,287
"407",2021-04-11,21065,3553,480,205,225.1,269,8,4,249,13,28,100,72,0,998,257,2714,0.145909996,29,0,14.4367382115931,10.485767824026,224.540166629877,3048.94635033444,269
"408",2021-04-12,21380,3648,481,264,236.6,315,16,3,292,16,27,100,73,1,1014,308,2125,0.08046999931,107,0,7.66123425330421,10.1821270346475,287.812072537698,3373.35857343351,315
"409",2021-04-13,21616,3674,483,245,249.3,236,10,0,219,12,28,104,76,2,1026,229,2670,0.07677999973,178,0,7.1981249746875,9.45597516268461,212.801778256588,3414.12110617775,236
"410",2021-04-14,21889,3747,485,388,273.4,273,10,11,248,12,28,101,73,2,1038,258,3971,0.1714900017,97,0.01031000018,16.7646722411052,10.4675932706996,226.496250045117,3129.70716635293,273
"411",2021-04-15,22111,3750,485,313,293.9,222,15,3,202,19,29,107,78,0,1057,217,3902,0.1309599972,98,0.01019999981,12.8001377263945,11.1284278939474,192.704764146752,3278.30813617659,222
"412",2021-04-16,22347,3789,487,348,306.3,236,1,10,219,20,24,114,90,2,1077,220,2970,0.120539999,244,0.00409999996,11.1700123528388,11.2180501812841,205.851575083168,3373.09826359148,236
"413",2021-04-17,22528,3736,490,405,309.7,181,5,7,167,16,23,123,100,3,1093,172,2935,0.1018700027,121,0.00825999975,9.81635856983802,11.4067540471088,162.408282841468,3375.61246916119,181
"414",2021-04-18,22690,3678,490,294,322.4,162,5,8,146,11,22,122,100,0,1104,151,1949,0.06465000153,188,0.01595999956,6.0366557276205,10.2067422636841,150.042520337511,3459.81715100241,162
"415",2021-04-19,22917,3617,491,258,321.6,227,5,4,218,22,22,115,93,1,1126,223,2084,0.1122799969,88,0.0340899992,10.9112078024494,10.6710241992763,203.08941703085,3229.1767775811,227
"416",2021-04-20,23106,3505,492,188,313.4,189,9,2,178,17,27,118,91,1,1143,187,2775,0.100539999,221,0,9.31236639602804,10.9730586880392,171.887473391464,3184.25451463679,189
"417",2021-04-21,23301,3406,493,207,287.6,195,3,2,185,12,25,110,85,1,1155,188,2521,0.1368500042,236,0.02118999958,12.6949474243409,10.3916694285015,166.546847323715,2981.09873396049,195
"418",2021-04-22,23477,3298,496,239,277,176,7,4,161,14,22,106,84,3,1169,168,2358,0.1632699966,213,0.0093900001,15.0521478803617,10.7133851647825,147.150352470274,2810.17775266049,176
"419",2021-04-23,23685,3223,499,189,254.3,208,5,8,186,21,29,112,83,3,1190,191,2507,0.0805700016,86,0.01162999988,7.82835225610798,10.2360051509638,184.30680637457,2975.06197353529,208
"420",2021-04-24,23842,3103,500,227,228.9,157,2,2,151,18,31,118,87,1,1208,153,2464,0.08522999763,214,0.00467000008,7.87924175419866,9.95927417730103,143.153547112834,2862.74154700081,157
"421",2021-04-25,23990,2972,505,139,206.7,148,2,6,136,21,30,124,94,5,1229,138,1621,0.1357199955,93,0.02151000023,12.9523070435758,10.9472243652946,126.435382673762,2593.72432830739,148
"422",2021-04-26,24153,2836,510,173,194.6,163,4,7,148,12,31,123,92,5,1241,152,1304,0.1150300026,31,0,11.2358893925393,10.9936074495932,142.217234817727,2522.868933836,163
"423",2021-04-27,24313,2743,511,189,194.7,160,3,5,148,10,31,120,89,1,1251,151,2425,0.06103000164,332,0.00903999984,5.47693267768879,10.4456883469733,147.873064278165,2595.36963784772,160
"424",2021-04-28,24479,2640,513,186,191.7,166,2,7,155,13,27,115,88,2,1264,157,2408,0.06894000053,38,0,6.7868978444906,9.60168126413756,153.529113800131,2463.92904733979,166
"425",2021-04-29,24605,2544,513,159,180.3,126,2,7,113,13,29,113,84,0,1277,115,2728,0.06525000095,111,0.00901000023,6.30511139898309,8.35210462394061,114.874701230841,2386.37599940225,126
"426",2021-04-30,24758,2453,516,178,178.7,153,4,3,139,13,27,109,82,3,1290,143,2122,0.06691999912,179,0,6.17141408659887,8.1153991711536,137.32772182826,2304.23707443861,153
"427",2021-05-01,24882,2398,520,138,166,124,3,5,113,7,29,110,81,4,1297,116,2051,0.08970999718,70,0.02857000113,8.76921755281848,8.24253857095643,111.003883508535,2191.35614356437,124
"428",2021-05-02,24979,2337,520,128,164.4,97,0,4,91,8,27,108,81,0,1305,91,1279,0.06959000111,21,0,6.84658549382231,7.37029263527735,88.8775125607579,2179.76644895045,97
"429",2021-05-03,25086,2220,523,102,154.3,107,4,3,100,10,22,98,76,3,1315,104,976,0.1741799927,140,0.00713999987,15.3225154889785,7.95409636334009,91.3405723996483,1885.73144930018,107
"430",2021-05-04,25191,2125,524,141,147.4,105,1,2,99,8,23,94,71,1,1323,100,2386,0.03898000002,57,0.01753999949,3.84797625946173,7.72138830359337,98.218667574634,2044.64668596097,105
"431",2021-05-05,25273,2010,525,114,137.1,82,1,2,75,8,23,88,65,1,1331,76,1904,0.07772999763,65,0.03076999903,7.6179769133809,7.84011388486341,72.3106098131339,1859.53060163683,82
"432",2021-05-06,25379,1940,527,122,131.9,106,3,6,92,12,22,88,66,2,1343,95,2133,0.0534499979,246,0,4.79230119885246,7.62399814198761,96.5261626998753,1848.63953302903,106
"433",2021-05-07,25491,1842,530,108,121.9,112,4,4,103,19,23,95,72,3,1362,107,2302,0.04691999912,82,0.01220000029,4.57257709723238,7.39559285779239,106.19207937343,1759.23187108278,112
"434",2021-05-08,25580,1766,534,136,121.6,89,1,3,85,4,21,86,65,4,1366,86,1901,0.04892000198,86,0.01162999988,4.73060411442677,6.81864808087929,85.0021404629247,1683.90441927355,89
"435",2021-05-09,25663,1705,537,69,113.1,83,0,5,78,4,22,83,61,3,1370,78,1173,0.1722100067,123,0.00813000023,15.6637598678542,8.0782444200267,70.993868543824,1442.55828034897,83
"436",2021-05-10,25756,1638,538,82,110.3,93,3,2,87,9,22,85,63,1,1379,90,715,0.1048999977,14,0,10.2885457277778,7.35910588271231,82.9006792006107,1472.39236145111,93
"437",2021-05-11,25888,1607,540,124,107.9,132,1,6,123,5,21,79,58,2,1384,124,1899,0.04580999851,86,0.02325999975,4.48330212337481,7.44986672041418,124.536987850125,1536.20112479961,132
"438",2021-05-12,25985,1547,541,115,108,97,3,3,90,8,22,80,58,1,1392,93,2118,0.04958000183,174,0.00574999988,4.6252593305,7.02233563714548,91.7730071680142,1476.68647407439,97
"439",2021-05-13,26078,1519,541,78,101.7,93,1,1,90,7,20,77,57,0,1399,91,1684,0.07956999779,54,0.01851999998,7.76731624150057,7.44733778609521,85.0541587236269,1403.05788023285,93
"440",2021-05-14,26161,1440,541,128,104.6,83,2,4,75,7,21,70,49,0,1406,77,1738,0.04717999935,105,0,4.44920449648942,7.42971312884622,77.6334461354889,1377.04107058577,83
"441",2021-05-15,26235,1391,542,85,97.3,74,2,8,63,7,19,64,45,1,1413,65,1779,0.05228000164,61,0,5.05468059334565,7.47600976869177,69.7713605489853,1321.90711574829,74
"442",2021-05-16,26304,1363,543,46,94,69,2,3,63,7,19,67,48,1,1420,65,805,0.04098999977,20,0,3.99963028058788,5.80970554193945,65.445266050959,1309.42919426857,69
"443",2021-05-17,26378,1328,545,87,94.7,74,7,5,59,10,19,71,52,2,1430,66,774,0.2299699974,19,0,22.4459997462295,7.54648468743255,56.442212888405,1035.07967751215,74
"444",2021-05-18,26457,1296,546,97,90.9,79,1,6,71,5,16,64,48,1,1435,72,1920,0.02655999899,56,0,2.58072864680162,7.27468847649352,76.1740565887736,1263.13301859792,79
"445",2021-05-19,26528,1281,550,91,87.4,71,2,5,64,4,14,57,43,4,1439,66,2042,0.06659999847,122,0.01639000058,6.37693054281423,7.52492722110984,66.8641184034001,1200.72629810236,71
"446",2021-05-20,26588,1236,553,73,86.7,60,5,8,45,11,15,63,48,3,1450,50,1487,0.05111000061,65,0.03076999903,5.02581319871263,7.13328392928299,55.5306149088894,1174.95680054775,60
"447",2021-05-21,26669,1201,554,77,79.4,81,4,11,63,3,13,58,45,1,1453,67,1682,0.04162000179,190,0,3.73957494715705,7.03190827937837,75.5378782808494,1156.86554948209,81
"448",2021-05-22,26728,1169,558,77,78.3,59,0,13,46,8,15,57,42,4,1461,46,1380,0.06231999874,101,0.0099000001,5.87451034917623,7.14902681592559,56.344526450895,1101.51633524122,59
"449",2021-05-23,26783,1145,559,39,77.3,55,0,4,51,5,12,58,46,1,1466,51,826,0.03753000021,14,0.07143000126,3.80950002275,7.12186535052018,53.0908034913758,1102.1366666201,55
"450",2021-05-24,26834,1099,561,65,74.1,51,2,11,38,5,11,56,45,2,1471,40,733,0.0832199955,30,0,7.99479117975098,5.05740698388039,47.8574688528612,1012.65895673236,51
"451",2021-05-25,26894,1031,563,56,68.3,60,2,11,46,3,11,53,42,2,1474,48,1035,0.0647300005,19,0.05263000011,6.45118790508444,5.61032973506365,55.9570598948295,965.640182324359,60
"452",2021-05-26,26950,990,566,76,66.1,56,1,11,44,1,8,46,38,3,1475,45,1371,0.03209000111,61,0.04918000221,3.28179969669134,5.16816818561753,54.5487672879312,958.072880334487,56
"453",2021-05-27,26997,944,566,62,64.6,47,0,8,38,3,9,41,32,0,1478,38,1368,0.05481999874,113,0.0088499999,5.13124971404592,5.18323054495085,44.0838953634676,896.399926924037,47
"454",2021-05-28,27032,894,569,65,62.9,35,0,1,30,1,7,33,26,3,1479,30,1589,0.03460999966,197,0.01523000002,3.24723401252408,5.11289612571757,30.0427016356364,865.472508741965,35
"455",2021-05-29,27067,856,571,45,58.3,35,0,3,31,4,9,35,26,2,1483,31,1074,0.02421000004,104,0.00962000012,2.29219185530051,4.60113634087818,33.3017271861926,836.718660367125,35
"456",2021-05-30,27094,807,573,46,59.3,27,0,3,22,5,8,35,27,2,1488,22,718,0.0905300045,34,0,8.64368925944149,5.29173480326268,23.1313227372305,738.45352040659,27
"457",2021-05-31,27142,775,576,40,55.7,48,1,2,41,5,6,34,28,3,1493,42,783,0.0855700016,27,0.03703999996,8.39523348786667,5.34894084727921,40.535069367485,711.063779995259,48
"458",2021-06-01,27184,739,577,38,53.1,42,1,5,36,2,5,30,25,1,1495,37,1565,0.01725000024,27,0.03703999996,1.75856346573618,4.67856592737231,41.3606005691123,726.229292447945,42
"459",2021-06-02,27216,701,577,48,49.1,32,0,1,30,1,6,29,23,0,1496,30,1688,0.04264999866,43,0.02325999975,4.21683291319064,4.81214210115793,29.7568597658737,671.95195652925,32
"460",2021-06-03,27261,690,577,48,47.1,45,2,4,39,2,5,28,23,0,1498,41,1176,0.01360999942,186,0,1.17513651379736,4.24698307255099,44.5265385187603,682.031989705966,45
"461",2021-06-04,27291,643,579,44,44.1,30,0,0,27,3,6,28,22,2,1501,27,1195,0.04769999981,68,0.01470999956,4.59238161069121,4.43914701514629,25.7815317748142,613.982404859463,30
"462",2021-06-05,27310,611,582,39,43.3,19,1,0,18,2,4,29,25,3,1503,19,999,0.01601999998,90,0.02221999884,1.653239658,4.34786812981765,18.6913246917879,601.073651930652,19
"463",2021-06-06,27327,562,582,21,39.7,17,0,1,16,2,4,27,23,0,1505,16,608,0.1069099998,22,0,10.3176634727619,4.58700730314914,15.3777648171238,505.018989201475,17
"464",2021-06-07,27354,530,583,17,36.4,27,1,3,23,1,4,26,22,1,1506,24,843,0.00949000001,30,0.06666999817,1.1454948400378,3.5513303534593,26.7298426088109,524.034024277907,27
"465",2021-06-08,27387,502,584,28,35,33,1,1,30,1,3,25,22,1,1507,31,1771,0.02993000031,100,0,2.83303209775575,3.70482587231924,31.1369704547496,488.024489299494,33
"466",2021-06-09,27414,476,585,33,32.9,27,1,0,24,2,4,23,19,1,1509,25,1194,0.05946000099,26,0,5.81928206410328,3.93374717959247,23.5703757977172,448.779955188535,27
"467",2021-06-10,27443,463,585,20,28.9,29,0,0,28,2,5,20,15,0,1511,28,1216,0.03042999983,136,0,2.73689939299408,4.15685616233486,27.2469404169558,450.547621894663,29
"468",2021-06-11,27465,453,585,36,27.7,22,0,1,20,1,4,15,11,0,1512,20,1055,0.0170599997,96,0,1.56370979005213,3.72418875938642,20.6926744795555,446.039076961931,22
"469",2021-06-12,27483,430,585,29,26.3,18,0,0,18,2,6,16,10,0,1514,18,880,0.01136000037,44,0,1.08190479714286,3.64256949354969,17.8086299252766,425.428381548274,18
"470",2021-06-13,27504,422,586,18,25.9,21,0,1,18,2,5,15,10,1,1516,18,583,0.1320800018,17,0,12.8337735082333,4.00201378433132,16.7299294709294,368.779457596233,21
"471",2021-06-14,27523,385,589,22,26.6,19,2,1,16,2,4,14,10,3,1518,18,655,0.05649000168,29,0,5.40949577491228,4.61115677502767,18.0431546163813,364.534140405934,19
"472",2021-06-15,27550,371,589,22,25.7,27,1,0,24,0,4,14,10,0,1518,25,1518,0.01449000001,36,0,1.41543243340927,4.40864253726389,24.6522704276563,365.83969314642,27
"473",2021-06-16,27567,350,589,24,24.4,17,0,0,17,1,4,12,8,0,1519,17,1251,0.02237999916,42,0,2.16530386304408,3.88664565139829,16.6382735660195,342.552691065107,17
"474",2021-06-17,27578,307,590,12,23.3,11,0,1,10,0,5,11,6,1,1519,10,1101,0.02088999987,123,0.02438999891,2.12417154598039,3.79911310182491,10.79126173858,300.591735374405,11
"475",2021-06-18,27592,277,590,26,21.9,14,1,0,13,1,4,12,8,0,1520,14,864,0.01968000054,63,0,1.83425247751456,3.83776205717668,13.7476521406942,272.007117355164,14
"476",2021-06-19,27601,244,590,18,20.3,9,0,0,9,0,3,10,7,0,1520,9,926,0.01944000006,37,0,1.86930841698442,3.95024828858262,8.83467598425289,239.517882239745,9
"477",2021-06-20,27613,231,590,7,18.7,12,0,0,10,0,3,10,7,0,1520,10,562,0.0266899991,15,0,2.59961516363951,2.48822566792636,9.7445408066754,225.098892634202,12
"478",2021-06-21,27624,221,591,13,17.4,11,0,0,11,2,2,9,7,1,1522,11,520,0.02308000088,7,0,2.27734354034156,2.04077534870197,10.7538308027037,216.054237036137,11
"479",2021-06-22,27635,198,591,13,16.1,11,0,0,10,0,2,6,4,0,1522,10,1297,0.01156999946,65,0,1.10178335533186,1.99596833754806,9.89172986405515,195.856251308292,11
"480",2021-06-23,27646,185,591,18,15.3,11,0,0,10,0,1,4,3,0,1522,10,1105,0.0081400001,18,0,0.800952814826358,1.80106104494552,9.92129190396006,183.543900223261,11
"481",2021-06-24,27652,173,591,8,14.7,6,1,0,5,1,0,4,4,0,1523,6,904,0.00995999992,51,0,0.942810463631414,1.63229517603853,5.94441109502683,171.397186573274,6
"482",2021-06-25,27656,152,591,7,12,4,0,0,4,2,0,6,6,0,1525,4,1024,0.00194999993,64,0,0.183529405176471,1.39647759427594,3.99278596702258,151.725866746858,4
"483",2021-06-26,27660,137,591,9,10.7,4,0,0,4,1,0,6,6,0,1526,4,764,0.00523999989,19,0,0.511284791310345,1.20247421917965,3.97990280989677,136.311671238964,4
"484",2021-06-27,27665,123,591,8,10.9,5,0,0,5,0,0,5,5,0,1526,5,398,0.0200999999,13,0,1.94642334798053,1.10916110265693,4.90436435644437,120.647363168531,5
"485",2021-06-28,27674,115,591,1,9.1,9,0,0,9,0,0,4,4,0,1526,9,555,0.00180000007,5,0,0.178392864080357,0.809311006048192,8.9842227080334,114.798401269316,9
"486",2021-06-29,27677,109,591,8,8.4,3,0,0,3,0,0,3,3,0,1526,3,929,0.00646000028,14,0,0.636409359503712,0.74282900664417,2.98123838206397,108.318327881658,3
"487",2021-06-30,27679,94,591,8,7,2,0,1,1,0,0,2,2,0,1526,1,1221,0.00082000002,51,0,0.0787122660707547,0.63965178539337,1.99922650966664,93.9272919086646,2
"488",2021-07-01,27682,90,591,7,6.9,3,0,0,3,0,0,1,1,0,1526,3,884,0.00225999996,74,0,0.208542793803758,0.534756403989419,2.99385206995744,89.8155620987232,3
"489",2021-07-02,27686,79,591,6,6.7,4,0,0,4,2,0,2,2,0,1528,4,785,0.01401000023,29,0,1.35108724576781,0.701550381216753,3.94689249966802,77.9511268684434,4
"490",2021-07-03,27692,73,591,6,6.3,6,0,0,6,0,0,1,1,0,1528,6,627,0.00158999994,16,0,0.155043540027994,0.650658773890703,5.99085850131518,72.888778432668,6
"491",2021-07-04,27694,68,592,2,5.4,2,0,0,2,1,0,2,2,1,1529,2,437,0.0068599999,34,0,0.636479820870488,0.463523984303554,1.98749086988865,67.5746895762143,2
"492",2021-07-05,27700,67,592,2,5.6,6,0,0,6,0,0,2,2,0,1529,6,505,0.00197999999,27,0,0.187951126870301,0.464889450416403,5.98891824207068,66.8762537031226,6
"493",2021-07-06,27705,63,592,12,6.1,5,0,2,3,0,0,2,2,0,1529,3,1174,0.00596000016,28,0,0.582116488173045,0.457133325940593,4.98283895894636,62.6396181378735,5
"494",2021-07-07,27711,62,592,6,5.9,6,0,0,6,0,0,2,2,0,1529,6,1218,0.03201999903,23,0,3.14265582744077,0.894839548993453,5.81470634566135,60.0852989051673,6
"495",2021-07-08,27713,53,593,5,5.6,2,0,0,2,1,0,3,3,1,1530,2,933,0.00321999997,87,0,0.294535291373529,0.90712419150342,1.99421131642927,52.8465998853756,2
"496",2021-07-09,27715,51,593,3,5.1,2,0,0,2,0,0,2,2,0,1530,2,823,0.00486000001,56,0,0.455037543598407,0.779117091193505,1.99105686676659,50.7719501025481,2
"497",2021-07-10,27716,47,593,0,4.3,1,0,0,1,0,0,2,2,0,1530,1,930,0,22,0,0,0.756968014046649,1,47,1
"498",2021-07-11,27721,49,593,0,4,5,0,0,5,0,0,2,2,0,1530,5,422,0.00237000003,8,0,0.232590700618605,0.69926956829638,4.98857187910236,48.8880044152031,5
"499",2021-07-12,27724,47,593,1,3.9,3,0,1,2,0,0,1,1,0,1530,2,460,0.00216999993,16,0,0.209705875588235,0.702377389541799,2.99587852120864,46.903145248403,3
"500",2021-07-13,27726,46,593,2,2.4,2,0,0,2,0,0,1,1,0,1530,2,1188,0.00083999999,14,0,0.0830216296272879,0.631078124035263,1.99836832475593,45.9624714693864,2
"501",2021-07-14,27731,48,593,0,1.6,5,0,0,5,0,0,0,0,0,1530,5,1098,0,15,0,0,0.182127291543724,5,48,5
"502",2021-07-15,27742,54,593,1,1,11,0,0,11,0,0,0,0,0,1530,11,947,0.00105999999,31,0,0.102640080831288,0.154713690037689,10.9889051318516,53.9455342836352,11
"503",2021-07-16,27745,54,593,8,1.7,3,0,0,3,0,0,0,0,0,1530,3,867,0.00460999995,34,0,0.443603768773585,0.153080293634143,2.98692237268289,53.7646027082919,3
"504",2021-07-17,27747,51,593,5,2.4,2,0,0,2,0,0,0,0,0,1530,2,761,0.00263000011,18,0,0.256922988922978,0.189783577765997,1.99495053418561,50.8712386217331,2
"505",2021-07-18,27755,56,593,4,3,8,0,0,8,0,0,0,0,0,1530,8,214,0.00467000008,17,0,0.43263204204329,0.218360912255238,7.96598886357871,55.761922045051,8
"506",2021-07-19,27763,60,593,2,3.1,8,0,0,8,0,0,0,0,0,1530,8,367,0,10,0,0,0.188402930028347,8,60,8
"507",2021-07-20,27767,61,593,10,4.3,4,0,0,4,0,0,0,0,0,1530,4,1142,0.00437999994,22,0,0.429721643597938,0.237931503452726,3.98310883149736,60.7424096803347,4
"508",2021-07-21,27772,64,593,12,6,5,0,0,5,0,0,0,0,0,1530,5,1058,0.01039999962,8,0,1.0321950842364,0.385387944057925,4.94928408495596,63.3508362874364,5
"509",2021-07-22,27777,66,593,5,6.6,5,0,0,5,1,0,1,1,0,1531,5,1046,0.00477999985,28,0,0.465538160437616,0.437230526858829,4.97712622918372,65.6980662252251,5
"510",2021-07-23,27789,74,593,3,5.9,12,0,0,12,0,0,1,1,0,1531,12,928,0.00647000015,38,0,0.621548668654244,0.462651226841781,11.9267059261414,73.5480198778721,12
"511",2021-07-24,27792,76,593,2,5.4,3,0,0,3,0,0,1,1,0,1531,3,713,0.00280999988,16,0,0.274832635725652,0.465209747813591,2.99189781729191,75.7947447047284,3
"512",2021-07-25,27799,78,593,7,5.9,7,0,0,7,0,0,1,1,0,1531,7,410,0.00244000003,14,0,0.235943399127358,0.437111370254172,6.98377000646939,77.8191515006589,7
"513",2021-07-26,27808,82,593,5,6.3,9,0,0,9,1,0,2,2,0,1532,9,410,0,10,0,0,0.437111370254172,9,82,9
"514",2021-07-27,27816,89,593,7,5.9,8,0,0,8,0,0,2,2,0,1532,8,1125,0.01067000031,5,0,1.06227879192478,0.527476677158007,7.91648952135176,88.0709459250384,8
"515",2021-07-28,27822,89,593,8,5.3,6,0,0,6,0,0,1,1,0,1532,6,1074,0.00372000009,11,0,0.368228580337327,0.43262431945814,5.97828893043684,88.6779524681465,6
"516",2021-07-29,27826,85,593,9,5.9,4,0,0,4,0,0,1,1,0,1532,4,1234,0.00243000001,15,0,0.240081666320256,0.400416248869945,3.99056305415232,84.7994649007368,4
"517",2021-07-30,27829,80,593,4,6,3,0,0,3,0,0,1,1,0,1532,3,940,0.00745000005,21,0,0.728720088137357,0.415726451653247,2.97851702261795,79.4271206031453,3
"518",2021-07-31,27836,81,593,8,6.9,7,0,0,7,0,0,0,0,0,1532,7,936,0.00962000012,8,0,0.953847469525424,0.5127285707675,6.9343870677593,80.2407646412148,7
"519",2021-08-01,27845,83,593,1,6,9,0,0,7,0,0,0,0,0,1532,7,563,0.00178000003,13,0,0.173982641821181,0.503877034009475,6.98803214176943,82.8580953952661,9
"520",2021-08-02,27856,86,593,3,5.7,11,0,0,11,1,0,1,1,0,1533,11,462,0.00432999998,4,0,0.429283259819742,0.565203213983724,10.9535966736636,85.6372103577335,11
"521",2021-08-03,27873,98,593,10,6.1,17,0,0,17,0,0,1,1,0,1533,17,550,0.01090999961,3,0,1.08508133553345,0.568460720213534,16.8187309371307,96.9550371669886,17
"522",2021-08-04,27885,107,593,15,7.1,12,0,0,10,2,0,3,3,0,1535,10,1289,0.00776000023,22,0,0.762977902095347,0.62485348046468,9.92502362575817,106.197752795612,12
"523",2021-08-05,27905,120,593,9,7.1,20,0,0,20,0,1,3,2,0,1535,20,1482,0.00472000003,19,0,0.466025319417722,0.657131145192889,19.9084091723787,119.450455034272,20
"524",2021-08-06,27919,122,593,15,8.7,14,0,0,12,1,1,4,3,0,1536,12,1109,0.00541000009,44,0,0.520354735456201,0.627364666238439,11.9386388864837,121.376162012584,14
"525",2021-08-07,27932,132,593,13,9.4,13,0,0,13,0,1,4,3,0,1536,13,846,0.01182000041,14,0,1.16275817986744,0.657209053430156,12.8514593805808,130.49174140282,13
"526",2021-08-08,27952,144,593,5,10,20,0,0,19,1,1,3,2,0,1537,19,612,0.00653999984,4,0,0.649753230857143,0.725176280435293,18.878684994141,143.080559955595,20
"527",2021-08-09,27966,152,593,13,11.4,14,0,0,14,1,1,3,2,0,1538,14,556,0.0143900001,9,0,1.4160778859469,0.866146941310602,13.8051826411524,149.884840103941,14
"528",2021-08-10,27986,167,593,18,12.6,20,3,0,17,1,1,4,3,0,1539,20,1264,0.01027999997,16,0,1.0151499970375,0.856156750096894,19.800486315841,165.334060737272,20
"529",2021-08-11,28001,173,593,20,13.3,15,2,0,13,0,1,4,3,0,1539,15,1296,0.01080000043,8,0,1.07337427586503,0.900499089206849,14.8417823546636,171.17522315712,15
"530",2021-08-12,28020,187,593,18,14.6,19,3,0,16,0,1,3,2,0,1539,19,1053,0.01330000043,38,0,1.2836755685417,1.01730626765313,18.7603257641162,184.641100941564,19
"531",2021-08-13,28037,201,593,26,16.1,17,3,0,14,0,1,3,2,0,1539,17,1077,0.02135999918,14,0,2.10859020319523,1.24419704875871,16.6477479082978,196.835137033404,17
"532",2021-08-14,28054,210,593,16,16.6,17,2,0,15,1,1,4,3,0,1540,17,1005,0.01194000006,12,0,1.17991151035398,1.2466475245425,16.8028890123288,207.565099564061,17
"533",2021-08-15,28072,207,593,8,17,18,1,0,17,0,1,4,3,0,1540,18,543,0.02210000038,2,0,2.20188994611743,1.46838134100826,17.61052410098,202.52102716127,18
"534",2021-08-16,28091,210,593,21,18.1,19,0,0,19,0,1,3,2,0,1540,19,611,0.01146000028,8,0,1.13118904217771,1.42768293475551,18.7887964249159,207.665644696439,19
"535",2021-08-17,28112,206,593,18,18.1,21,0,0,21,0,1,3,2,0,1540,21,1323,0.01587000012,10,0,1.57509453554089,1.50767501168457,20.6749588136417,202.811500743342,21
"536",2021-08-18,28143,218,593,24,18.7,31,0,0,31,0,1,2,1,0,1540,31,1295,0.0154400003,12,0,1.52982405420811,1.57288212287644,30.5339680906326,214.722743347029,31
"537",2021-08-19,28166,226,593,19,18.9,23,0,0,23,3,1,5,4,0,1543,23,1279,0.01720000029,17,0,1.69743830022454,1.63199108454541,22.6163507901458,222.230229503171,23
"538",2021-08-20,28185,226,593,17,17.6,19,0,0,19,0,2,5,3,0,1543,19,1142,0.01488999963,50,0,1.42654191086074,1.53455561421191,18.7336512816628,222.831852087147,19
"539",2021-08-21,28208,235,593,27,19.1,23,1,0,22,1,2,6,4,0,1544,23,879,0.01820000052,12,0,1.79548826678788,1.62249515084533,22.5941898714288,230.853679121121,23
"540",2021-08-22,28239,252,593,17,20.4,31,0,0,31,1,1,5,4,0,1545,31,519,0.01541000009,6,0,1.52338858032571,1.52556638430365,30.5359285358046,248.227548097508,31
"541",2021-08-23,28280,271,593,16,19.7,41,1,0,40,0,1,3,2,0,1545,41,575,0.01391000032,11,0.09090999603,1.53553927309386,1.58333070300596,40.3813325599156,266.91075911554,41
"542",2021-08-24,28312,285,593,26,20.9,32,1,0,31,0,1,3,2,0,1545,32,1233,0.01541000009,22,0,1.5139864630255,1.5746009783609,31.523915058249,280.75986848753,32
"543",2021-08-25,28338,301,593,27,21.3,26,0,0,25,2,1,5,4,0,1547,25,1318,0.01896999955,68,0,1.80392925013709,1.61375886349362,24.5568283360743,295.664213166334,26
"544",2021-08-26,28365,308,593,44,24.9,27,2,0,23,3,1,8,7,0,1550,25,1197,0.01337000012,22,0,1.31287039734537,1.55882059165373,24.6774668638107,304.026391762147,27
"545",2021-08-27,28399,326,593,24,25.9,34,0,0,34,2,1,9,8,0,1552,34,896,0.0290199995,9,0,2.87314028198895,1.76547750181491,33.0400508618974,316.795781793487,34
"546",2021-08-28,28431,330,593,39,27.6,32,0,0,29,2,1,11,10,0,1554,29,1115,0.02421999931,16,0,2.38773644833333,1.85008438489283,28.3195489921223,322.256936806909,32
"547",2021-08-29,28470,351,593,28,29.1,39,0,0,35,1,0,10,10,0,1555,35,536,0.02611999989,2,0,2.60228995186617,2.00421315225575,34.104972861293,342.024156408967,39
"548",2021-08-30,28507,373,593,20,29.7,37,0,0,36,1,1,9,8,0,1556,36,624,0.00962000012,9,0,0.948322286710901,1.9203250113439,35.6645166795655,369.524020041054,37
"549",2021-08-31,28538,382,593,22,29.1,31,0,0,25,1,1,7,6,0,1557,25,553,0.03617000103,16,0,3.51529183999824,2.20622577948286,24.1363975423104,368.804154446503,31
"550",2021-09-01,28575,391,593,55,33.1,37,0,0,35,2,1,9,8,0,1559,35,806,0.02977999926,5,0,2.9596398771344,2.37132729762534,33.982066541457,379.62822907742,37
"551",2021-09-02,28619,417,593,34,31.7,44,1,0,38,1,1,10,9,0,1560,39,1298,0.01695000052,8,0,1.68461720328943,2.42443398418878,38.3543780111971,410.0968110428,44
"552",2021-09-03,28670,448,593,50,35.4,51,1,0,48,1,2,5,3,0,1561,49,1050,0.03523999929,45,0.02221999884,3.47049307783562,2.50977009788116,47.3289103960217,432.721466477913,51
"553",2021-09-04,28723,477,593,38,35.3,53,0,0,51,0,2,5,3,0,1561,51,910,0.03187000036,8,0,3.15922661520697,2.61998297886311,49.4166992026025,462.191480777282,53
"554",2021-09-05,28748,470,593,23,34.6,25,0,0,24,2,1,7,6,0,1563,24,411,0.03892999887,6,0,3.83698550013669,2.79636805718747,23.0950723158969,452.278499519648,25
"555",2021-09-06,28808,487,593,29,35.9,60,1,0,54,1,1,8,7,0,1564,55,519,0.03467999935,2,0,3.45468707536468,3.15442016985229,53.1328299196242,470.467057651946,60
"556",2021-09-07,28869,508,593,50,39.9,61,2,0,54,1,1,8,7,0,1565,56,825,0.04605999947,11,0.09090999603,4.66501310036842,3.31866606419089,53.4328374442615,484.712168244372,63
"557",2021-09-08,28919,519,594,66,41.4,50,1,0,48,2,1,7,6,1,1567,49,1375,0.03127000093,17,0,3.08881115508261,3.33711910389778,47.5126954314141,503.246712834774,52
"558",2021-09-09,28985,560,594,57,44.7,66,2,1,60,4,2,10,8,0,1571,62,1484,0.03503999949,13,0,3.47357109172746,3.59268394510321,60.8836847757121,540.884894748368,69
"559",2021-09-10,29046,582,594,62,46.4,61,0,0,54,0,0,6,6,0,1571,54,1260,0.03174999952,35,0,3.08918914248649,3.53821195433905,52.3607290809867,564.332302317301,67
"560",2021-09-11,29092,596,594,43,47.1,46,0,0,44,1,0,6,6,0,1572,44,1164,0.03092999935,15,0,3.0536487907888,3.52312940799359,42.6796646911855,578.115458089694,52
"561",2021-09-12,29139,600,594,53,51.4,47,0,0,44,2,0,7,7,0,1574,44,584,0.05993000031,3,0,5.96237141073935,3.82675596665112,41.4219924957932,564.845352215362,56
"562",2021-09-13,29189,617,594,35,52.3,50,0,0,47,5,3,12,9,0,1579,47,530,0.03019000053,20,0,2.90921823289091,3.74883184629772,45.6563485238663,599.361000834585,64
"563",2021-09-14,29239,625,594,63,54.1,50,0,0,48,2,4,9,5,0,1581,48,1222,0.03273000002,29,0,3.19712710027498,3.53913384628437,46.4919573855403,605.364028457557,68
"564",2021-09-15,29269,622,594,58,53,30,0,0,30,2,5,10,5,0,1583,30,1536,0.02994999886,13,0,2.9698643156204,3.52214144064691,29.1244713991169,603.847373675024,53
"565",2021-09-16,29311,631,594,62,53.7,42,0,1,40,1,6,10,4,0,1584,40,1708,0.03161999941,39,0,3.09141150499599,3.46754721397099,39.7848516959794,611.831035504075,71
"566",2021-09-17,29339,596,595,90,57.7,28,0,0,25,0,6,8,2,1,1584,25,1416,0.03177999973,4,0,3.1690478604,3.47895560224435,24.2214593708445,577.439591400932,63
"567",2021-09-18,29366,576,595,44,57.9,27,0,0,26,0,6,7,1,0,1584,26,1574,0.02986000061,28,0,2.93381029713733,3.46183581743699,25.2504202398386,559.393925313349,62
"568",2021-09-19,29383,541,595,61,59,17,0,0,17,2,6,7,1,0,1586,17,932,0.03219000101,2,0,3.21210716716488,3.06894092549778,16.4633990679219,523.923464455631,64
"569",2021-09-20,29384,475,595,22,57.1,1,0,0,1,0,6,7,1,0,1586,1,NA,NA,NA,NA,NA,NA,NA,NA,64
