"","date","observed_cumulative_cases","observed_active_cases","observed_cumulative_deaths","observed_new_cases","observed_daily_average_cases","observed_new_episodes","observed_new_cases_community_outbreak","observed_new_cases_institution_outbreak","observed_new_cases_sporadic","observed_new_ICU_p_acute_care","observed_census_ICU","observed_census_ICU_p_acute_care","observed_census_acute_care","observed_new_deaths","cumulative_hosp","observed_new_community_cases","num_non_ltch_tests","non_ltch_pct_positivity","num_ltch_tests","ltch_pct_positivity","observed_pct_positivity","pct_positivity_7_day","adjusted_new_episodes","adjusted_active_cases","adjusted_episode_cases"
"1",2020-03-01,7,7,0,0,0,2,0,0,2,0,0,1,1,0,0,2,NA,NA,NA,NA,NA,NA,NA,NA,2
"2",2020-03-02,10,10,0,0,0,3,2,0,1,0,0,1,1,0,0,3,NA,NA,NA,NA,NA,NA,NA,NA,3
"3",2020-03-03,11,11,0,0,0,1,0,0,1,0,0,1,1,0,0,1,NA,NA,NA,NA,NA,NA,NA,NA,1
"4",2020-03-04,12,12,0,0,0,1,0,0,1,0,0,1,1,0,0,1,NA,NA,NA,NA,NA,NA,NA,NA,1
"5",2020-03-05,18,18,0,0,0,6,2,0,4,0,0,1,1,0,0,6,NA,NA,NA,NA,NA,NA,NA,NA,6
"6",2020-03-06,23,23,0,0,0,5,0,1,4,0,0,1,1,0,0,4,NA,NA,NA,NA,NA,NA,NA,NA,5
"7",2020-03-07,27,27,0,0,0,4,0,0,4,0,0,1,1,0,0,4,NA,NA,NA,NA,NA,NA,NA,NA,4
"8",2020-03-08,36,36,0,0,0,9,1,0,8,0,0,1,1,0,0,9,NA,NA,NA,NA,NA,NA,NA,NA,9
"9",2020-03-09,45,45,0,1,0.1,9,0,0,9,0,0,1,1,0,0,9,NA,NA,NA,NA,NA,NA,NA,NA,9
"10",2020-03-10,52,52,0,0,0.1,7,1,0,6,0,0,1,1,0,0,7,NA,NA,NA,NA,NA,NA,NA,NA,7
"11",2020-03-11,61,61,0,0,0.1,9,0,0,9,0,0,1,1,0,0,9,NA,NA,NA,NA,NA,NA,NA,NA,9
"12",2020-03-12,75,75,0,3,0.6,14,1,0,13,0,0,1,1,0,0,14,NA,NA,NA,NA,NA,NA,NA,NA,14
"13",2020-03-13,97,97,0,1,0.7,22,2,2,18,0,0,1,1,0,0,20,NA,NA,NA,NA,NA,NA,NA,NA,22
"14",2020-03-14,115,115,0,4,1.3,18,1,1,16,1,0,2,2,0,1,17,NA,NA,NA,NA,NA,NA,NA,NA,18
"15",2020-03-15,142,142,0,4,1.9,27,1,0,26,0,0,2,2,0,1,27,NA,NA,NA,NA,NA,NA,NA,NA,27
"16",2020-03-16,156,156,0,0,1.7,14,0,0,14,0,0,2,2,0,1,14,NA,NA,NA,NA,NA,NA,NA,NA,14
"17",2020-03-17,179,178,0,5,2.4,23,1,0,22,2,0,4,4,0,3,23,127,0,4,0,0,0,23,178,23
"18",2020-03-18,195,193,0,4,3,16,0,0,16,0,0,3,3,0,3,16,210,0.0190499997138977,1,0,1.89597153550641,0.947985767753203,16.5407123416031,199.522342620587,16
"19",2020-03-19,220,218,0,1,2.7,25,0,0,25,4,0,7,7,0,7,25,110,0.0272699999809265,9,0,2.52075630075791,1.47224261208811,26.1232730954719,227.794941392515,25
"20",2020-03-20,242,240,0,2,2.9,22,1,1,20,3,1,10,9,0,10,21,137,0.00730000019073486,4,0,0.709290798674238,1.28150465873464,22.265496076496,243.034240874241,22
"21",2020-03-21,262,260,0,4,2.9,20,0,2,18,3,1,10,9,0,13,18,204,0.0147099995613098,3,0,1.44968111618705,1.31513995022512,20.4651140659344,266.718314285719,20
"22",2020-03-22,288,286,0,6,3.1,26,0,1,25,3,5,13,8,0,16,25,159,0.0314499998092651,2,0,3.10593165818208,1.61360523488461,27.3840328265614,301.833335535862,26
"23",2020-03-23,309,307,0,9,4.4,21,1,0,20,4,5,17,12,0,20,21,138,0.0362299990653992,3,0,3.54591480214545,1.88964945877902,22.3272785567196,326.403548424425,21
"24",2020-03-24,327,323,1,8,4.9,18,1,3,14,3,7,20,13,1,23,15,253,0.0197599995136261,4,0,1.94524508830638,2.16754161425136,18.5200918798386,334.199311812524,18
"25",2020-03-25,350,346,1,8,5.4,23,0,1,22,4,8,23,15,0,27,22,153,0.0588199996948242,2,0,5.80610319568265,2.7261318514194,25.2767844580648,381.807610113201,23
"26",2020-03-26,364,356,1,19,8,14,1,3,10,2,7,25,18,0,29,11,274,0.025550000667572,3,0,2.52732858588979,2.72707074929538,14.4955287781533,372.037113183869,14
"27",2020-03-27,381,364,1,27,11.6,17,3,2,12,5,9,26,17,0,34,15,577,0.0294600009918213,4,0,2.92571782655437,3.04370318184968,17.78223669266,382.982277075215,17
"28",2020-03-28,406,386,2,26,14.7,25,1,1,23,3,8,25,17,1,37,24,367,0.0817399978637695,3,0,8.10772411243335,3.99485218131344,28.4683641667131,441.782857014636,25
"29",2020-03-29,425,398,2,11,15.4,19,5,4,10,7,8,31,23,0,44,15,184,0.0434800004959106,0,0,4.34800004959106,4.17229052294329,20.1625062224415,428.845165102115,19
"30",2020-03-30,450,407,3,48,21,25,8,3,14,4,12,32,20,1,48,22,549,0.0783199977874756,0,0,7.83199977874756,4.78458837674359,28.0712122693718,463.817426983379,25
"31",2020-03-31,467,404,3,51,27.1,17,2,3,12,6,13,34,21,0,54,14,943,0.064689998626709,0,0,6.4689998626709,5.43083905879567,18.61428296697,450.583594189706,17
"32",2020-04-01,494,407,3,37,31.3,27,6,4,16,3,15,33,18,0,57,22,575,0.0573899984359741,4,0.25,5.87206374795943,5.44026199483521,28.3026499921774,449.599024855282,27
"33",2020-04-02,511,403,6,32,33.1,17,5,4,7,6,14,34,20,3,63,12,107,0.0841100025177002,9,0,7.75842264602924,6.1875611462837,17.6594690891392,458.730503576925,17
"34",2020-04-03,538,409,6,26,33,27,3,4,19,5,14,37,23,0,68,22,217,0.110600004196167,2,0,10.9589958495745,7.33517229242944,30.2974212798804,488.892968339594,27
"35",2020-04-04,555,416,7,18,31.9,17,3,7,6,7,14,43,29,1,75,9,315,0.0253999996185303,3,0,2.51603769806196,6.53635994751924,16.4036213587674,434.656276138582,17
"36",2020-04-05,582,427,8,40,36,27,4,8,13,4,13,43,30,1,79,17,422,0.0663500022888184,5,0.2,6.79149905524154,6.88543123404074,27.0579226765316,478.690175463469,27
"37",2020-04-06,601,427,9,40,34.9,19,3,7,9,4,12,44,32,1,83,12,238,0.117650003433228,4,0.25,11.9837606682266,7.47853993253774,21.5632375687527,518.208536821452,19
"38",2020-04-07,624,425,9,25,31.1,23,2,11,10,4,14,45,31,0,87,12,285,0.108769998550415,6,0,10.6527318167932,8.07621592598378,25.2785403646327,505.698304580742,23
"39",2020-04-08,644,428,11,26,29.6,20,1,11,7,5,16,44,28,2,92,8,368,0.0434800004959106,6,0.333330001831055,4.813000051733,7.92492111223715,19.6863100208446,464.717586115186,20
"40",2020-04-09,680,436,11,25,28.6,36,1,20,13,6,16,47,31,0,98,14,295,0.0949199962615967,5,0,9.33379963239034,8.14997496743159,36.3291689725679,508.536976574256,36
"41",2020-04-10,714,452,11,37,30.1,34,0,20,13,4,16,48,32,0,102,13,331,0.090629997253418,8,0,8.84912362562872,7.84856464972505,35.0504921049989,523.294033189192,34
"42",2020-04-11,757,481,11,31,32,43,0,34,7,5,19,52,33,0,107,7,225,0.102220001220703,11,0.363639984130859,11.4404830932617,9.12348542046787,42.4274368050254,579.0853004596,43
"43",2020-04-12,790,496,13,35,31.3,33,0,18,14,1,18,48,30,2,108,14,227,0.101319999694824,12,0.5,12.1337405567887,9.88666277783175,35.0278700142637,603.273109076772,33
"44",2020-04-13,814,503,16,16,27.9,24,0,19,5,3,20,50,30,3,111,5,165,0.0606099987030029,26,0.0384599995613098,5.75948155737672,8.99748004771035,24.5132960036893,554.637577971141,24
"45",2020-04-14,847,504,18,32,28.9,33,0,26,7,5,20,50,30,2,116,7,208,0.0673099994659424,18,0.166669998168945,7.52236276812258,8.55028446932883,33.9385702848768,571.577060511128,33
"46",2020-04-15,876,502,24,60,33.7,29,2,18,9,4,16,50,34,6,120,11,390,0.1,24,0.208330001831055,10.6280000106148,9.38099874916909,31.0838128800805,597.097642345493,29
"47",2020-04-16,946,551,24,21,33.1,70,1,55,13,7,13,52,39,0,127,14,310,0.0354800009727478,11,0,3.42641753942424,8.5370870216025,69.8550328627363,584.651650526262,70
"48",2020-04-17,978,555,26,73,38.3,32,0,26,6,0,13,49,36,2,127,6,378,0.0846599960327148,66,0.5,14.6399726352176,9.36435116582948,33.5656908087123,699.826399805892,32
"49",2020-04-18,1018,577,31,31,38.3,40,0,31,9,1,11,46,35,5,128,9,421,0.0617600011825562,8,0,6.06082995288022,8.59582928863213,40.9722749475193,639.333627190957,40
"50",2020-04-19,1035,580,35,37,38.6,17,0,13,4,4,15,47,32,4,132,4,452,0.0442500019073486,47,0.127659997940063,5.21062540386864,7.60681283821498,17.371504715469,633.868183743002,17
"51",2020-04-20,1096,617,39,16,38.6,61,1,47,13,3,13,45,32,4,135,14,325,0.0523099994659424,43,0.0232599997520447,4.89155701515467,7.48282361789754,62.2206457472804,670.795601862287,61
"52",2020-04-21,1132,628,47,51,41.3,36,0,26,10,2,11,43,32,8,137,10,543,0.069980001449585,25,0.36,8.27449661745152,7.59027131065882,37.4748779048831,720.622332426658,36
"53",2020-04-22,1173,645,54,35,37.7,41,1,31,9,4,9,45,36,7,141,10,656,0.0243899989128113,122,0.106560001373291,3.72752692215241,6.60448944087848,41.6644086464117,687.854357693557,41
"54",2020-04-23,1218,661,57,50,41.9,45,0,35,10,5,11,48,37,3,146,10,775,0.0361299991607666,105,0.0285700011253357,3.522795394063,6.61825770582687,45.6279165162953,702.505281727119,45
"55",2020-04-24,1259,668,65,38,36.9,41,0,36,5,7,10,48,38,8,153,5,517,0.0406199979782104,94,0.106379995346069,5.07369206501886,5.25164619579848,41.4521771334763,728.410865032432,41
"56",2020-04-25,1360,742,78,53,40,101,0,95,6,5,9,49,40,13,158,6,557,0.0502699995040894,28,0.0357100009918213,4.95731106864082,5.09400064090713,101.530166043988,807.56386743979,101
"57",2020-04-26,1414,759,87,87,47.1,54,0,41,13,5,9,50,41,9,163,13,358,0.0502799987792969,81,0.0123500001430511,4.32815252268233,4.96793308645194,55.0029063840048,817.554303496898,54
"58",2020-04-27,1475,782,95,87,57.3,61,0,54,7,8,11,54,43,8,171,7,269,0.0632000017166138,80,0.1,7.16355314090806,5.29250396155957,61.8938013652684,881.850381091411,61
"59",2020-04-28,1494,776,103,65,59.3,19,0,12,7,7,13,60,47,8,178,7,503,0.0616300010681152,11,0.272730007171631,6.61477054788908,5.05540023733636,19.825329390366,867.493658132006,19
"60",2020-04-29,1519,765,111,27,58.1,25,0,17,8,7,13,61,48,8,185,8,668,0.0314400005340576,74,0.148649997711182,4.31294072606172,5.13903078075198,25.6150040323684,823.809760595225,25
"61",2020-04-30,1539,755,122,30,55.3,20,0,10,10,2,11,55,44,11,187,10,603,0.0414599990844727,6,0.333330001831055,4.43355656139957,5.26913951894292,20.7902540679836,814.664182132762,20
"62",2020-05-01,1562,738,135,43,56,23,0,16,7,6,11,57,46,13,193,7,516,0.031010000705719,55,0.0909099960327148,3.67797025323123,5.06975068868754,23.4589028334252,786.381470152541,23
"63",2020-05-02,1583,739,139,22,51.6,21,0,15,6,4,12,57,45,4,197,6,508,0.0511800003051758,28,0.0357100009918213,5.03718660126871,5.08116147906296,21.5387084361349,805.350922383945,21
"64",2020-05-03,1602,720,148,23,42.4,19,0,13,6,3,12,52,40,9,200,6,826,0.0205800008773804,231,0.0043299999833107,1.70286761786764,4.70612077837514,19.18211537987,741.853845584402,19
"65",2020-05-04,1620,717,152,14,32,18,0,11,7,6,10,51,41,4,206,7,637,0.0109899997711182,24,0.125,1.51295459216374,3.89889241426881,18.1887723666546,736.335683841618,18
"66",2020-05-05,1645,717,156,29,26.9,25,0,24,1,3,9,49,40,4,209,1,923,0.0292499995231628,29,0.172409992218018,3.36109656871868,3.4340818458159,25.0599094699601,759.955089961391,25
"67",2020-05-06,1661,691,161,23,26.3,16,0,11,5,4,10,52,42,5,213,5,598,0.0167200005054474,149,0.0134200000762939,1.60617674881196,3.04740127763736,16.1431455415163,710.782713837552,16
"68",2020-05-07,1684,669,167,32,26.6,23,0,16,7,6,10,54,44,6,219,7,813,0.0356699991226196,234,0.0128199994564056,3.05631224063884,2.85065208895726,23.3813381431862,705.44503111308,23
"69",2020-05-08,1697,636,173,16,22.7,13,0,8,5,4,8,54,46,6,223,5,715,0.00978999972343445,127,0.0472399997711182,1.54386339349022,2.54577968042283,13.1375920561992,653.501709548535,13
"70",2020-05-09,1714,619,179,12,21.3,17,0,12,5,5,6,51,45,6,228,5,1100,0.0154499995708466,164,0.0304900002479553,1.74013920637626,2.0747729097239,17.1550845317582,638.19946503167,17
"71",2020-05-10,1726,551,185,25,21.6,12,0,8,4,3,5,52,47,6,231,4,907,0.0176400005817413,316,0.0126600003242493,1.63532629845479,2.06512414980778,12.116594724072,567.060923240912,12
"72",2020-05-11,1746,531,188,14,21.6,20,0,14,6,1,5,51,46,3,232,6,517,0.00967000007629395,197,0.0152300000190735,1.12040616851561,2.00904580357234,20.1198232868175,541.604360883346,20
"73",2020-05-12,1769,514,193,13,19.3,23,0,17,6,4,6,50,44,5,236,6,835,0.0131700003147125,322,0.00310999989509583,1.03702422031165,1.67703546808562,23.1109058965212,523.500938468646,23
"74",2020-05-13,1790,497,195,21,19,21,0,15,6,2,7,47,40,2,238,6,1249,0.0144099998474121,224,0.0133899998664856,1.42548878340193,1.65122290159847,21.1524507416582,509.628003100689,21
"75",2020-05-14,1804,469,198,25,18,14,0,10,4,2,6,45,39,3,240,4,1046,0.0267700004577637,127,0.0236199998855591,2.64289518024611,1.59216332154237,14.1884318955691,491.093639755481,14
"76",2020-05-15,1824,454,201,17,18.1,20,0,12,8,1,5,43,38,3,241,8,1163,0.012039999961853,137,0.0146000003814697,1.23097846214588,1.54746547420746,20.1755314450309,463.961409505505,20
"77",2020-05-16,1840,435,207,19,19.1,16,0,6,10,1,4,41,37,6,242,10,967,0.0134399998188019,25,0.04,1.41093546620781,1.50043636846911,16.2514905305462,445.939838078761,16
"78",2020-05-17,1851,395,212,15,17.7,11,0,8,3,1,2,41,39,5,243,3,353,0.0254999995231628,10,0.1,2.7552341134095,1.66042319917693,11.1473310379296,414.398586660735,11
"79",2020-05-18,1866,387,213,25,19.3,15,0,8,7,2,1,42,41,1,245,7,376,0.0398900008201599,17,0.0588199996948242,4.07088557333133,2.08192025700774,15.5079271433776,415.081114926732,15
"80",2020-05-19,1878,350,219,23,20.7,12,0,8,4,0,1,39,38,6,245,4,359,0.0390000009536743,31,0.225809993743896,5.38490003805894,2.70304537382878,12.3839300662417,383.593880796149,12
"81",2020-05-20,1893,336,223,17,20.1,15,0,9,6,3,1,40,39,4,248,6,675,0.0296300005912781,36,0.0555600023269653,3.09429120715661,2.94144572007945,15.3309229752841,354.531686615912,15
"82",2020-05-21,1901,322,229,11,18.1,8,0,1,7,0,1,37,36,6,248,7,478,0.0209200000762939,36,0,1.94547860631683,2.8418147809467,8.24273868012459,333.165979285731,8
"83",2020-05-22,1908,306,233,7,16.7,7,0,3,4,1,1,35,34,4,249,4,514,0.00583999991416931,14,0,0.568515143159664,2.74717716394867,7.04053372486583,309.100829952236,7
"84",2020-05-23,1917,302,236,6,14.9,9,1,3,5,1,0,34,34,3,250,6,582,0.00859000027179718,43,0,0.799900825309753,2.65988650096323,9.08554642834893,306.305836893563,9
"85",2020-05-24,1927,299,237,8,13.9,10,0,3,7,1,1,35,34,1,251,7,332,0.0150600004196167,25,0.04,1.68064989896716,2.50637447032861,10.2096958233836,307.9570073131,10
"86",2020-05-25,1942,295,240,6,11.1,15,1,7,7,0,1,34,33,3,251,8,401,0.0174600005149841,8,0,1.71184846124905,2.16936916860257,15.2441011303749,304.001229182576,15
"87",2020-05-26,1948,286,243,16,10.1,6,0,2,4,1,1,34,33,3,252,4,1123,0.00800999999046326,41,0.0731699991226196,1.03051545990701,1.54731422886658,6.0734732058142,291.253334215715,6
"88",2020-05-27,1953,260,243,8,8.9,5,0,1,4,1,1,32,31,0,253,4,1150,0.00957000017166138,13,0.0769199991226196,1.03228376491871,1.25274173711831,5.07359928159193,264.783953303475,5
"89",2020-05-28,1957,235,244,4,7.9,4,0,2,2,1,1,30,29,1,254,2,1403,0.00284999996423721,88,0,0.268179071081476,1.01312751779898,4.00956025253925,236.123329673362,4
"90",2020-05-29,1964,226,247,7,7.9,7,0,3,4,2,1,31,30,3,256,4,1380,0.0065200001001358,37,0,0.634975309681539,1.0226218273021,7.04527217051103,228.557877633873,7
"91",2020-05-30,1967,209,248,15,9.1,3,1,1,1,0,1,31,30,1,256,2,1020,0.0127499997615814,119,0,1.1417910234252,1.07146328417574,3.0407034392616,213.253509402837,3
"92",2020-05-31,1971,194,249,10,9.4,4,0,1,3,3,1,34,33,1,259,3,1309,0.00535000026226044,11,0.0909099960327148,0.606300022701423,0.917984730423488,4.03242077005602,196.096543130289,4
"93",2020-06-01,1982,185,250,5,9.3,11,0,5,6,2,1,33,32,1,261,6,763,0.00130999997258186,20,0,0.127653892602805,0.691671220616881,11.0136521106511,185.420940078408,11
"94",2020-06-02,1985,167,251,8,8.1,3,0,1,2,0,1,28,27,1,261,2,858,0.0104900002479553,9,0,1.03811075118174,0.692756262227556,3.03700736565679,170.090115032342,3
"95",2020-06-03,1995,157,251,8,8.1,10,0,7,3,0,1,23,22,0,261,3,1110,0.00449999988079071,141,0,0.399280564962245,0.602327233662346,10.0213507882233,158.117357917019,10
"96",2020-06-04,2002,146,254,8,8.7,7,0,2,5,0,0,20,20,3,261,5,1430,0.00559000015258789,21,0,0.550909732474203,0.642717328147021,7.04909812823523,147.433665344469,7
"97",2020-06-05,2006,137,256,15,9.9,4,0,1,3,1,0,21,21,2,262,3,1366,0.00952000021934509,29,0,0.932209340474939,0.685179332546079,4.04984816681509,139.276399617889,4
"98",2020-06-06,2009,128,257,2,8,3,0,0,3,0,0,21,21,1,262,3,1404,0.000710000023245811,68,0,0.0677201109128477,0.5317406307586,3.00362120742515,128.15450485014,3
"99",2020-06-07,2010,118,258,4,7.1,1,0,0,1,0,0,20,20,1,262,1,870,0.00230000004172325,22,0,0.22432735832951,0.477173107276898,1.00399849658,118.47182259644,1
"100",2020-06-08,2013,110,258,0,6.4,3,0,0,3,0,0,19,19,0,262,3,701,0.0014300000667572,12,0,0.140593274445554,0.47902159039729,3.00751796478897,110.275658708929,3
"101",2020-06-09,2023,107,259,3,5.7,10,0,3,7,0,0,18,18,1,262,7,1338,0.00224000006914139,10,0,0.222338285794598,0.362482666770557,10.027741298136,107.424045557221,10
"102",2020-06-10,2033,105,259,7,5.6,10,0,4,6,0,0,17,17,0,262,6,1281,0.00233999997377396,12,0,0.231828303666237,0.338560915156841,10.0247931777807,105.433880611162,10
"103",2020-06-11,2040,104,260,5,5.1,7,0,2,5,0,0,16,16,1,262,5,1529,0.00326999992132187,6,0,0.325721816267175,0.306391212841551,7.02902895077252,104.603802176069,7
"104",2020-06-12,2044,107,260,10,4.4,4,0,2,2,0,0,16,16,0,262,2,1596,0.00814999997615814,13,0,0.808415162333648,0.288706330249938,4.02881900171144,108.541816591562,4
"105",2020-06-13,2047,105,260,6,5,3,0,3,0,0,0,16,16,0,262,0,1479,0.00270000010728836,23,0.0434800004959106,0.332446083228058,0.326524326294968,3,105.6221928362,3
"106",2020-06-14,2050,102,260,1,4.6,3,0,1,2,0,0,16,16,0,262,2,768,0,13,0,0,0.294477560819324,3,102,3
"107",2020-06-15,2055,100,260,2,4.9,5,0,2,3,0,0,14,14,0,262,3,720,0.00555999994277954,17,0,0.543175028331244,0.351989239945851,5.02904527797185,100.968175932395,5
"108",2020-06-16,2059,99,260,3,4.9,4,0,1,3,1,0,14,14,0,263,3,1250,0.000799999982118607,14,0,0.0791139222822989,0.331528616586952,4.00423047037194,99.139605522274,4
"109",2020-06-17,2062,89,260,8,5,3,0,0,3,1,1,6,5,0,264,3,1098,0.0091100001335144,26,0,0.889927059305944,0.425542724535481,3.04758720019148,90.4117536056805,3
"110",2020-06-18,2064,75,260,2,4.6,2,0,0,2,0,1,6,5,0,264,2,1304,0.00230000004172325,122,0,0.210322584460527,0.409057119991674,2.00749774027497,75.2811652603113,2
"111",2020-06-19,2067,73,260,5,3.9,3,0,0,3,0,1,5,4,0,264,3,1875,0.0010700000077486,19,0,0.105926611115556,0.308701612674804,3.00566422921525,73.137829577571,3
"112",2020-06-20,2073,73,261,1,3.1,6,0,0,6,1,1,5,4,1,265,6,1792,0.000560000017285347,158,0,0.0514625656910432,0.268561110169516,6.00550373064915,73.0669620562314,6
"113",2020-06-21,2079,77,261,1,3.1,6,0,0,6,0,1,4,3,0,265,6,1102,0.00363000005483627,86,0,0.336722227308886,0.316664285499357,6.03601119411374,77.462143657793,6
"114",2020-06-22,2081,76,262,6,3.7,2,0,1,1,0,1,1,0,1,265,1,509,0.0039300000667572,10,0,0.385427752211833,0.294128960339441,2.00687001157831,76.5221208799517,2
"115",2020-06-23,2090,81,262,4,3.9,9,0,0,9,0,1,1,0,0,265,9,1255,0.00158999994397163,20,0,0.156505876837992,0.305184953847397,9.02510658513308,81.2259592661977,9
"116",2020-06-24,2092,75,263,3,3.1,2,0,0,2,1,1,2,1,1,266,2,1733,0.00289000004529953,24,0,0.285052366448724,0.218774283439223,2.01016176467154,75.3810661751827,2
"117",2020-06-25,2098,73,263,6,3.7,6,0,0,6,0,1,2,1,0,266,6,1796,0.00277999997138977,21,0.0476200008392334,0.32982388366758,0.235845897611659,6.03527344183075,73.4291602089408,6
"118",2020-06-26,2102,67,263,6,3.9,4,0,0,4,0,1,2,1,0,266,4,2028,0.00196999996900558,23,0,0.194790830674954,0.248540786120145,4.01388810488509,67.2326257568253,4
"119",2020-06-27,2105,69,263,3,4.1,3,0,0,3,0,1,1,0,0,266,3,1574,0.000640000030398369,80,0,0.0609044768952257,0.249889630577885,3.00325675402749,69.0749053426324,3
"120",2020-06-28,2107,68,263,2,4.3,2,0,0,2,0,1,1,0,0,266,2,880,0.00114000000059605,12,0,0.112466367771808,0.217853079215445,2.00400928705486,68.1363157598652,2
"121",2020-06-29,2111,69,263,1,3.6,4,0,0,4,2,1,3,2,0,268,4,854,0.00351000010967255,8,0,0.347742470262222,0.212469467508358,4.02479317883326,69.4276823348738,4
"122",2020-06-30,2114,68,263,10,4.4,3,0,0,3,0,1,3,2,0,268,3,1605,0.00435999989509583,11,0,0.433032167798812,0.251973223359904,3.02315559263302,68.5248600996818,3
"123",2020-07-01,2116,67,263,4,4.6,2,0,0,2,0,2,3,1,0,268,2,1601,0.00312000006437302,15,0,0.309103966773589,0.255409166263456,2.01101917450651,67.369142345968,2
"124",2020-07-02,2122,66,263,4,4.3,6,0,1,5,0,1,3,2,0,268,5,1012,0.00197999998927116,12,0,0.195679686439689,0.236245709516614,6.01743934763087,66.2301993887275,6
"125",2020-07-03,2130,74,263,4,4,8,0,0,8,0,1,3,2,0,268,8,1334,0.00300000011920929,14,0,0.296884284794154,0.2508304886765,8.04233423176718,74.3915916438464,8
"126",2020-07-04,2134,75,263,4,4.1,4,0,0,4,0,1,3,2,0,268,4,1257,0.00317999988794327,40,0,0.308192741645697,0.286157383640853,4.0219733809131,75.4120008921206,4
"127",2020-07-05,2136,72,263,5,4.6,2,0,0,2,0,1,2,1,0,268,2,734,0.00272000014781952,47,0,0.255631255889824,0.306609510514855,2.00911293843094,72.3280657835139,2
"128",2020-07-06,2142,72,263,0,4.4,6,0,1,5,0,1,2,1,0,268,5,602,0,10,0,0,0.256932014763109,6,72,6
"129",2020-07-07,2149,73,263,6,3.9,7,0,1,6,0,1,1,0,0,268,6,1272,0.0039300000667572,21,0,0.386617175940847,0.250301301640543,7.04134727392897,73.5030584994691,7
"130",2020-07-08,2162,79,263,5,4,13,0,1,12,0,1,1,0,0,268,12,1684,0.00296999990940094,39,0,0.29027741424441,0.247611794136374,13.0620881870183,79.408747231204,13
"131",2020-07-09,2170,83,263,5,4.1,8,0,0,8,1,0,2,2,0,269,8,1504,0.00266000002622604,41,0,0.258941102876632,0.256649139341652,8.03692372154635,83.3830836110434,8
"132",2020-07-10,2186,96,263,12,5.3,16,0,0,16,0,0,2,2,0,269,16,1900,0.00684000015258789,14,0.0714300012588501,0.73124453017455,0.318700602967423,16.2085437121763,97.2512622730579,16
"133",2020-07-11,2193,101,263,7,5.7,7,0,0,7,1,1,2,1,0,270,7,1571,0.00381999999284744,25,0,0.376016290022765,0.328389681307004,7.04691580655224,101.676928065968,7
"134",2020-07-12,2216,121,263,9,6.3,23,0,2,21,1,1,3,2,0,271,21,1068,0.00842999994754791,13,0,0.832862159480219,0.410851238962775,23.3117503230231,122.796275670752,23
"135",2020-07-13,2239,139,263,6,7.1,23,0,2,21,0,0,3,3,0,271,21,808,0.00619000017642975,65,0,0.572911814725686,0.492695783923587,23.214447782591,140.419440084769,23
"136",2020-07-14,2258,149,263,4,6.9,19,0,2,17,1,0,4,4,0,272,17,1406,0.00356000006198883,66,0,0.340038049399205,0.486041622989067,19.1030364588216,149.90308425673,19
"137",2020-07-15,2279,168,263,15,8.3,21,0,0,21,1,0,5,5,0,273,21,1404,0.00782999992370605,46,0,0.758159992612641,0.552881991327385,21.2837884035309,170.270307228247,21
"138",2020-07-16,2301,186,263,7,8.6,22,0,1,21,0,0,5,5,0,273,21,1695,0.00708000004291534,25,0.04,0.755848841438459,0.623868811121932,22.2829233118505,188.505892190676,22
"139",2020-07-17,2331,213,263,17,9.3,30,0,0,29,0,1,5,4,0,273,29,1787,0.00726999998092651,21,0,0.718555860946663,0.622056144089377,29.3714266152998,215.728064450306,30
"140",2020-07-18,2357,232,263,16,10.6,26,0,0,24,2,1,6,5,0,275,24,1551,0.00708999991416931,81,0,0.673810653607635,0.664598196030073,24.2882462074084,234.786380004948,26
"141",2020-07-19,2375,250,263,28,13.3,18,0,0,18,0,1,6,5,0,275,18,2025,0.0212299990653992,22,0,2.10018310246377,0.845644045027723,18.6738203947657,259.358616593968,18
"142",2020-07-20,2405,275,263,47,19.1,30,0,0,27,2,3,8,5,0,277,27,1548,0.0148599994182587,35,0.0285700011253357,1.51631264301018,0.980415591925508,27.7297380755774,282.432517436436,30
"143",2020-07-21,2429,294,263,23,21.9,24,0,0,23,0,3,8,5,0,277,23,1428,0.0161099994182587,15,0,1.59425358068423,1.15958923925194,23.653581459534,302.354476047957,24
"144",2020-07-22,2456,314,263,13,21.6,27,0,1,23,2,3,9,6,0,279,23,1771,0.00902999997138977,16,0,0.894914938406899,1.17912566007969,24.3668800363313,319.008710061219,27
"145",2020-07-23,2475,322,263,29,24.7,19,0,1,17,1,3,10,7,0,280,17,1667,0.0101999998092651,32,0,1.0007886805206,1.21411706566285,18.303253479579,327.743977672026,19
"146",2020-07-24,2498,337,263,34,27.1,23,0,1,18,0,3,7,4,0,280,18,2036,0.0122800004482269,83,0,1.17989999587494,1.28002337065261,19.3785577933999,344.087443131988,23
"147",2020-07-25,2510,336,263,26,28.6,12,0,1,10,0,3,7,4,0,280,10,2126,0.00800000011920929,320,0,0.695339339878943,1.28309889726279,11.1239399417507,340.164382042824,12
"148",2020-07-26,2517,338,263,21,27.6,7,0,0,6,2,4,9,5,0,282,6,1816,0.0121099996566772,73,0,1.16420113163186,1.14938718714395,6.12450699579203,345.013894096285,7
"149",2020-07-27,2532,340,264,22,24,15,0,1,13,1,4,9,5,1,283,13,1601,0.00874000012874603,24,0,0.861091704992147,1.05578419599852,14.1995295599276,345.21846541349,15
"150",2020-07-28,2552,330,264,14,22.7,20,0,1,18,1,4,10,6,0,284,18,1488,0.00739000022411346,24,0,0.727269863325452,0.931929379232976,19.2333364485374,334.277834889852,20
"151",2020-07-29,2568,324,264,20,23.7,16,2,2,12,2,4,11,7,0,286,14,2254,0.00620999991893768,52,0,0.606996522865808,0.89079817701282,16.1514707325203,327.505465524041,16
"152",2020-07-30,2588,334,264,19,22.3,20,1,0,18,1,4,12,8,0,287,19,1891,0.00898999989032745,134,0,0.83951060704243,0.867758452230225,19.2843114010099,338.997895154596,20
"153",2020-07-31,2598,321,264,18,20,10,0,1,9,1,3,13,10,0,288,9,2129,0.00797999978065491,207,0,0.727286795077667,0.803099423544901,10.1166709404509,325.161263542749,10
"154",2020-08-01,2616,309,264,15,18.4,18,0,0,18,1,2,13,11,0,289,18,1629,0.00551999986171722,83,0.0120500004291534,0.58365828331525,0.787144986892945,18.1872602700262,312.214634635449,18
"155",2020-08-02,2624,294,264,2,15.7,8,0,0,8,0,2,13,11,0,289,8,1340,0.00149000003933907,11,0,0.147786828476266,0.641942943585003,8.02107367135714,294.774457422375,8
"156",2020-08-03,2633,280,264,10,14,9,0,1,7,0,1,12,11,0,289,7,1046,0.0114699995517731,47,0,1.09767790769942,0.675740972543185,8.13695801416255,285.478320566502,9
"157",2020-08-04,2645,268,264,20,14.9,12,0,1,11,1,1,11,10,0,290,11,1699,0.0058899998664856,12,0,0.584869069150148,0.655398001946713,12.1146742282874,270.793881198275,12
"158",2020-08-05,2654,248,264,12,13.7,9,1,0,8,1,1,12,11,0,291,9,1599,0.005,70,0,0.479029358897543,0.637116978522675,9.07684562154082,250.117523793569,9
"159",2020-08-06,2664,224,264,13,12.9,10,0,0,10,1,2,10,8,0,292,10,1639,0.00305000007152557,10,0,0.303150401287472,0.560494091986252,10.0540346862639,225.21037697231,10
"160",2020-08-07,2676,225,264,6,11.1,12,0,3,9,1,2,10,8,0,293,9,1689,0,39,0,0,0.456595978403729,12,225,12
"161",2020-08-08,2682,208,264,14,11,6,1,1,4,0,1,10,9,0,293,5,1518,0.00725000023841858,95,0,0.682300084433937,0.470687664277827,6.06080788750999,210.529608120415,6
"162",2020-08-09,2684,199,264,16,13,2,0,1,1,2,2,12,10,0,295,1,1589,0.00441000014543533,102,0,0.414399185753799,0.508775143888903,2.00738640948358,200.469895487232,2
"163",2020-08-10,2696,200,264,8,12.7,12,2,0,10,0,1,12,11,0,295,12,1384,0.00578000009059906,27,0,0.566939767922686,0.432955409635084,12.1212642135129,202.021070225215,12
"164",2020-08-11,2709,204,264,8,11,13,2,1,10,0,1,12,11,0,295,12,1460,0.00342000007629395,41,0,0.332658235269098,0.396925290509219,13.0711531304574,205.209603217776,13
"165",2020-08-12,2716,187,264,12,11,7,3,0,4,0,2,10,8,0,295,7,1486,0.00268999993801117,7,0,0.267738774808078,0.366740921353581,7.03340594782388,187.892416034724,7
"166",2020-08-13,2738,190,264,11,10.7,22,0,0,22,0,2,9,7,0,295,22,1689,0.00532999992370605,56,0,0.515895121555273,0.397133024248982,22.202301260443,191.74714724928,22
"167",2020-08-14,2749,185,264,6,10.7,11,4,1,6,1,2,10,8,0,296,10,1882,0.00477999985218048,36,0,0.469028139822923,0.464137044223685,11.0836013684185,186.546625315742,11
"168",2020-08-15,2753,177,264,2,9,4,0,0,4,1,2,11,9,0,297,4,2044,0.00734000027179718,21,0,0.726535620123653,0.470456406465073,4.0518001943935,179.292158601912,4
"169",2020-08-16,2757,158,264,26,10.4,4,0,1,3,0,2,11,9,0,297,3,1196,0.00501999974250793,22,0,0.492932651234769,0.481675472962354,4.02635865997099,159.388222758472,4
"170",2020-08-17,2781,173,265,8,10.4,24,1,4,19,1,1,9,8,1,298,20,1358,0.00662999987602234,32,0,0.647736678535132,0.493217888764132,24.2309101228802,174.997372562914,24
"171",2020-08-18,2807,192,265,15,11.4,26,1,1,24,0,1,7,6,0,298,25,1888,0.00583000004291534,77,0.0519500017166138,0.763724692783889,0.554798811266245,26.3403230211083,194.613680802112,26
"172",2020-08-19,2831,201,265,23,13,24,4,3,15,2,1,7,6,0,300,19,1519,0.0118499994277954,25,0.04,1.23057960691847,0.69234750156773,22.4167521043359,205.408798577448,24
"173",2020-08-20,2848,209,266,24,14.9,17,1,0,16,3,0,6,6,1,303,17,1607,0.00995999991893768,103,0,0.936007009925898,0.752363485620677,17.2836236941876,212.486903063835,17
"174",2020-08-21,2869,216,266,16,16.3,21,3,2,16,0,0,6,6,0,303,19,1804,0.00721000015735626,116,0.00861999988555908,0.729518764093518,0.789576431945047,21.2470612046382,218.808695800098,21
"175",2020-08-22,2888,226,266,16,18.3,19,1,0,18,1,0,7,7,0,304,19,1864,0.00589999973773956,73,0,0.56776455917122,0.766894851808986,19.1922809978905,228.287131869645,19
"176",2020-08-23,2905,236,266,13,16.4,17,1,1,15,0,0,7,7,0,304,16,694,0.0172899997234344,5,0,1.71663230444399,0.941709087981731,17.4895665655442,243.221106841777,17
"177",2020-08-24,2924,252,266,19,18,19,2,0,17,1,1,8,7,0,305,19,1142,0.00962999999523163,58,0,0.91645499954621,0.980097419554742,19.3103696399995,256.116481541046,19
"178",2020-08-25,2938,254,266,23,19.1,14,0,1,13,4,2,11,9,0,309,13,1647,0.0145700001716614,73,0,1.3951622257399,1.0703027814056,14.3232827622373,260.316447816021,14
"179",2020-08-26,2956,262,266,15,18,18,1,4,13,0,2,11,9,0,309,14,1832,0.0049099999666214,41,0,0.480251998870817,0.963113123113079,18.119842732739,264.242771141258,18
"180",2020-08-27,2969,265,266,16,16.9,13,1,3,9,1,2,9,7,0,310,10,1469,0.00612999975681305,9,0,0.609267228874044,0.916436011534243,13.1085981196899,267.877850171782,13
"181",2020-08-28,2997,275,266,20,17.4,28,0,3,21,1,1,9,8,0,311,21,2137,0.00607999980449677,35,0,0.598202559033591,0.897676553668539,24.2239144123541,277.932212542732,28
"182",2020-08-29,3018,289,266,12,16.9,21,0,2,18,0,1,9,8,0,311,18,1790,0.00726000010967255,11,0.0909099960327148,0.777091068999096,0.927580340786807,20.2493210283749,293.002987622242,21
"183",2020-08-30,3038,303,267,16,17.3,20,0,6,12,2,1,10,9,1,313,12,1402,0.00428000003099442,33,0,0.418157494317364,0.742083939340146,18.0894407881435,305.258379900624,20
"184",2020-08-31,3059,313,267,13,16.4,21,1,3,17,1,1,11,10,0,314,18,1353,0.00517000019550323,54,0,0.497157801315982,0.682184339592971,21.1595075522466,315.773659102954,21
"185",2020-09-01,3084,317,267,18,15.7,25,1,2,22,0,1,11,10,0,314,23,1361,0.0154299998283386,22,0.0909099960327148,1.66306939111269,0.720456791789084,25.681793243634,326.396889488347,25
"186",2020-09-02,3120,327,267,15,15.7,36,1,9,26,0,1,9,8,0,314,27,1528,0.00261999994516373,51,0,0.253537676770752,0.688069031489075,36.1220171164475,328.477762854754,36
"187",2020-09-03,3142,328,267,24,16.9,22,1,4,17,1,1,8,7,0,315,18,1493,0.00938000023365021,133,0.00751999974250793,0.922785997207461,0.732857426965277,22.2960656259891,333.394973629134,22
"188",2020-09-04,3164,332,267,24,17.4,22,0,3,19,3,1,11,10,0,318,19,2705,0.00813000023365021,258,0.00774999976158142,0.809691210614641,0.763070091476856,22.2742126669326,336.791505548506,22
"189",2020-09-05,3189,339,267,17,18.1,25,1,11,13,2,1,13,12,0,320,14,2256,0.00398999989032745,164,0,0.371960320354493,0.705194270241913,25.0928194809528,341.247557431643,25
"190",2020-09-06,3210,341,267,27,19.7,21,1,3,16,1,1,14,13,0,321,17,1310,0.00611000001430511,192,0.03125,0.932363516560565,0.778652273419513,20.2825196628747,346.667012061193,21
"191",2020-09-07,3251,366,267,29,22,41,2,6,33,0,1,12,11,0,321,35,1290,0.0147300004959106,44,0,1.4244153403092,0.911117636132829,41.8886263219066,375.292492394795,41
"192",2020-09-08,3303,403,267,24,22.9,52,0,14,36,3,1,14,13,0,324,36,1097,0.0127600002288818,4,0,1.27136423715562,0.855159756996104,50.8158061562977,412.132496694111,52
"193",2020-09-09,3348,434,267,15,22.9,45,2,10,31,0,1,13,12,0,324,33,1587,0.0144900000095367,29,0,1.42299690687715,1.02222536129702,43.8370133458516,445.007993699988,45
"194",2020-09-10,3425,496,267,33,24.1,77,1,21,52,2,2,14,12,0,326,53,1959,0.0127600002288818,61,0,1.23746734892968,1.06717984011448,75.1690258244395,506.940317149472,77
"195",2020-09-11,3455,510,267,60,29.3,30,0,1,25,0,1,12,11,0,326,25,2314,0.0155599999427795,93,0.0752699995040894,1.78670335776785,1.20675300399351,26.7961720896092,526.241910628027,30
"196",2020-09-12,3504,535,269,47,33.6,49,0,4,42,1,0,12,12,2,327,42,1900,0.0168400001525879,26,0,1.66126688940379,1.39093965671483,47.2436643531085,550.84191497412,49
"197",2020-09-13,3539,548,270,31,34.1,35,1,5,29,1,1,11,10,1,328,30,1199,0.0166799998283386,44,0,1.6089557356539,1.48759568801388,35.8603592608084,563.715895830768,35
"198",2020-09-14,3607,598,272,59,38.4,68,0,19,49,1,1,11,10,2,329,49,2394,0.0141999995708466,218,0.0412799978256226,1.6460121936674,1.51925238135077,69.4376183744388,615.544811998253,68
"199",2020-09-15,3679,646,273,41,40.9,72,0,14,55,1,1,11,10,1,330,55,2961,0.0121599996089935,28,0,1.20460886056306,1.5097158989804,70.1809274824018,659.870530066029,72
"200",2020-09-16,3755,684,274,41,44.6,76,0,7,66,1,0,11,11,1,331,66,1887,0.0190799999237061,162,0.00616999983787537,1.80592971350753,1.56442058564189,75.1245123788682,706.017673744634,76
"201",2020-09-17,3805,709,278,57,48,50,2,4,38,2,2,11,9,4,333,40,2512,0.0191100001335144,208,0.00481000006198883,1.80164707162801,1.6450176888845,45.2845298420872,731.768291450995,50
"202",2020-09-18,3893,777,278,46,46,88,1,6,78,0,2,11,9,0,333,79,2409,0.0128699994087219,281,0.0213499999046326,1.37558284568077,1.58628618715778,86.9369942402417,796.051196514782,88
"203",2020-09-19,3963,828,280,46,45.9,70,2,4,60,0,2,10,8,2,333,62,2101,0.0214199995994568,161,0,1.98954107685494,1.6331824996508,68.1986651184697,857.362818033756,70
"204",2020-09-20,4006,860,280,76,52.3,43,1,4,34,2,2,11,9,0,335,35,2847,0.0186199998855591,112,0,1.79152212484578,1.6592634123925,40.1176471295728,887.462186612361,43
"205",2020-09-21,4115,940,280,56,51.9,109,2,22,82,1,3,12,9,0,336,84,2949,0.0189900004863739,73,0,1.85312744653596,1.68885130565944,108.774591562288,971.049000816075,109
"206",2020-09-22,4225,1020,280,85,58.1,110,0,27,82,3,3,15,12,0,339,82,2507,0.0135599994659424,64,0.03125,1.40003573166541,1.71676943010263,111.046291305633,1045.45386746031,110
"207",2020-09-23,4332,1080,281,67,61.9,107,0,26,76,2,3,16,13,1,341,76,1896,0.0168799996376038,7,0.571430015563965,1.89198578149472,1.7290631541008,104.562984308788,1116.42135596698,107
"208",2020-09-24,4433,1133,282,38,59.1,101,2,18,75,2,3,18,15,1,343,77,2730,0.0128199994564056,55,0,1.25668217292593,1.65121102571479,96.7247679213838,1158.37872798608,101
"209",2020-09-25,4552,1196,284,57,60.7,119,5,16,86,3,3,20,17,2,346,91,3291,0.0133700001239777,59,0.0339000010490417,1.37315732745982,1.6508645231118,109.22728697733,1225.27291455919,119
"210",2020-09-26,4637,1243,286,76,65,85,3,14,66,3,4,21,17,2,349,69,3437,0.0299699997901917,12,0,2.98657260883992,1.79329759910965,86.6731330103437,1309.16962799793,85
"211",2020-09-27,4719,1273,287,109,69.7,82,2,12,64,2,4,22,18,1,351,66,2684,0.0331599998474121,13,0,3.30001629923819,2.00879676687999,81.8821696247423,1347.87881715601,82
"212",2020-09-28,4834,1343,288,86,74,115,3,11,97,6,4,27,23,1,357,100,3135,0.0258400011062622,192,0.0104200005531311,2.49501182970644,2.10049453590435,115.447204452649,1402.72595579908,115
"213",2020-09-29,4941,1374,291,58,70.1,107,5,18,74,4,3,27,24,3,361,79,2165,0.0263299989700317,79,0.0253200006484985,2.62944419881239,2.27612431692535,100.702589258167,1438.39693216103,107
"214",2020-09-30,5024,1404,291,108,76,83,1,10,67,5,5,30,25,0,366,68,3170,0.0305999994277954,281,0.0142299997806549,2.92670611777674,2.42394150782278,81.5473375396662,1477.2420868484,83
"215",2020-10-01,5125,1440,293,105,85.6,101,2,11,78,3,5,29,24,2,369,80,3844,0.0226300001144409,120,0.00833000004291534,2.21971040476944,2.56151696951471,94.165197335948,1496.97355204706,101
"216",2020-10-02,5221,1490,294,115,93.9,96,0,13,79,1,5,29,24,1,370,79,3362,0.021710000038147,197,0,2.05082945007727,2.65832727274577,94.8878266728834,1544.46660433666,96
"217",2020-10-03,5293,1502,295,65,92.3,72,2,6,63,5,6,31,25,1,375,65,3113,0.0301999998092651,485,0.0103100001811981,2.75188853513406,2.62480097650208,74.1882963521873,1575.67417109208,72
"218",2020-10-04,5350,1482,295,77,87.7,57,1,7,47,3,6,32,26,0,378,48,3118,0.0291899991035461,102,0,2.826534695803,2.55716074743991,57.4182992709041,1556.66498998916,57
"219",2020-10-05,5428,1483,295,82,87.1,78,3,13,59,3,6,33,27,0,381,62,3821,0.0177999997138977,238,0.00839999973773956,1.72488294763206,2.44714233571499,76.9061883237901,1528.59479490614,78
"220",2020-10-06,5503,1454,296,139,98.7,75,5,15,52,2,7,34,27,1,383,57,2158,0.0194599997997284,55,0,1.89763576899295,2.34259827431222,73.9279785611869,1503.18036540291,75
"221",2020-10-07,5604,1468,296,174,108.1,101,12,22,63,3,10,36,26,0,386,75,2268,0.0313100004196167,76,0,3.02948297575472,2.35728068259479,101.049899689429,1547.27003658776,101
"222",2020-10-08,5684,1427,296,85,105.3,80,5,14,55,2,9,36,27,0,388,60,2434,0.0271199989318848,182,0,2.52332100153699,2.40065362499015,76.6985982815524,1491.18166246292,80
"223",2020-10-09,5767,1428,296,96,102.6,83,5,19,57,2,9,37,28,0,390,62,2508,0.0207299995422363,247,0.00810000002384186,1.95976547578285,2.38764448580523,83.1657597533982,1477.88233754601,83
"224",2020-10-10,5832,1413,297,68,103,65,5,8,50,6,9,43,34,1,396,55,2628,0.0300600004196167,21,0,2.98216991705371,2.42054182607947,65.9235435065575,1488.10849045029,65
"225",2020-10-11,5896,1378,297,138,111.7,64,6,6,48,5,10,46,36,0,401,54,2660,0.0233100008964539,238,0.0168099999427795,2.2776184393012,2.34212521800778,62.1922456486226,1433.94286118152,64
"226",2020-10-12,5957,1349,297,62,108.9,61,2,13,43,3,10,46,36,0,404,45,1994,0.0150499999523163,237,0.0126600003242493,1.47961093598233,2.30708635920068,59.1867917895036,1384.57738053423,61
"227",2020-10-13,6042,1370,298,74,99.6,85,4,10,68,1,7,45,38,1,405,72,2117,0.0302300000190735,18,0,2.9975133508374,2.4642117280356,85.8468753072192,1443.19748848459,85
"228",2020-10-14,6109,1375,300,84,86.7,67,1,16,49,2,7,45,38,2,407,50,3004,0.0296300005912781,110,0.0363599991798401,2.98677333609447,2.45811035094128,68.6618694791711,1448.2014106772,67
"229",2020-10-15,6195,1400,300,107,89.9,86,3,25,52,5,8,49,41,0,412,55,2119,0.021710000038147,105,0.00952000021934509,2.11344829603708,2.39955710729844,82.0719000641079,1452.73927435911,86
"230",2020-10-16,6270,1420,301,77,87.1,75,2,10,59,4,8,47,39,1,416,61,3126,0.0214299988746643,280,0.0035699999332428,1.99617664308598,2.40475870262745,73.1704175448478,1470.52447399482,75
"231",2020-10-17,6317,1402,302,64,86.6,47,1,10,36,6,8,50,42,1,422,37,3037,0.0214000010490417,149,0,2.03991849296735,2.2701513563294,48.345330616822,1452.97712229147,47
"232",2020-10-18,6374,1369,305,74,77.4,57,1,11,40,2,6,49,43,3,424,41,1144,0.0271000003814697,37,0.0540500020980835,2.79443272769098,2.34398196895651,54.0421705194792,1437.18857173578,57
"233",2020-10-19,6438,1348,307,69,78.4,64,1,6,57,3,6,48,42,2,427,58,1334,0.0374799990653992,27,0,3.67364575703472,2.65741551482114,67.797867037222,1436.26766838233,64
"234",2020-10-20,6516,1352,309,46,74.4,78,3,14,57,4,5,46,41,2,431,60,1595,0.0250799989700317,48,0.0208299994468689,2.49558358677117,2.58571126281168,76.6689341445773,1412.13998272448,78
"235",2020-10-21,6604,1376,312,69,72.3,88,1,46,40,4,4,45,41,3,435,41,2258,0.0305599999427795,446,0.00897000014781952,2.69989274913919,2.54472832181807,88.9730807342081,1442.21851439684,88
"236",2020-10-22,6669,1361,312,88,69.6,65,1,24,36,1,3,44,41,0,436,37,2238,0.0268099999427795,87,0.0114900004863739,2.62367354469914,2.6176176430555,62.7303183241872,1424.64765511402,65
"237",2020-10-23,6748,1363,313,92,71.7,79,1,13,64,2,3,37,34,1,438,65,2768,0.0245700001716614,65,0.0153799998760223,2.4359145946735,2.68043735042515,80.8222137333259,1422.1796510542,79
"238",2020-10-24,6813,1353,317,63,71.6,65,2,17,41,2,3,36,33,4,440,43,2358,0.0211999988555908,191,0,1.96114544140773,2.6691840573452,61.5031168563033,1400.29574666461,65
"239",2020-10-25,6883,1334,319,69,70.9,70,1,24,42,3,3,38,35,2,443,43,1751,0.0308400011062622,77,0,2.95409419787008,2.69199283879936,69.2641608777057,1404.24164211301,70
"240",2020-10-26,6956,1294,320,77,72,73,1,16,51,4,3,39,36,1,447,52,995,0.0392000007629395,121,0.0165299999713898,3.67420526484435,2.69207276848645,71.4055028300832,1378.74462811784,73
"241",2020-10-27,7034,1264,322,61,74.1,78,0,15,60,2,3,32,29,2,449,60,1354,0.0288000011444092,116,0,2.65273479928776,2.71452294170311,77.8370015413861,1323.7661658052,78
"242",2020-10-28,7146,1270,325,93,77.6,112,2,69,38,2,2,30,28,3,451,40,1900,0.0405299997329712,166,0.01807000041008,3.87253724882471,2.88204358451533,111.761023365256,1357.66249184687,112
"243",2020-10-29,7210,1254,326,65,74.3,64,0,18,42,9,2,38,36,1,460,42,2190,0.0292199993133545,96,0,2.79929127280168,2.90713183138712,62.0956167802758,1316.56912958252,64
"244",2020-10-30,7260,1223,328,122,78.6,50,1,9,36,4,2,41,39,2,464,37,2789,0.0358599996566772,105,0.0571400022506714,3.66320799166528,3.0824594595288,48.415893519258,1302.85507497439,50
"245",2020-10-31,7299,1153,329,83,81.4,39,0,5,32,2,2,40,38,1,466,32,2352,0.0276399993896484,322,0,2.43116224997955,3.1496047178962,38.3866868867864,1202.96406188952,39
"246",2020-11-01,7349,1112,332,50,78.7,50,1,6,40,1,2,38,36,3,467,41,1714,0.0256699991226196,104,0,2.42015283257261,3.07332737999656,48.7686468950704,1159.96915481264,50
"247",2020-11-02,7413,1065,332,56,75.7,64,3,8,47,6,2,43,41,0,473,50,1030,0.0174800002574921,14,0.0714300012588501,1.82034677038705,2.80849045221695,59.6223278315244,1099.55558281147,64
"248",2020-11-03,7484,995,333,36,72.1,71,1,36,33,2,2,44,42,1,475,34,1456,0.0219799995422363,13,0,2.1785486271951,2.74074957048942,71.3202636370453,1033.6371270253,71
"249",2020-11-04,7549,918,337,53,66.4,65,5,1,51,1,1,41,40,4,476,56,1466,0.0272900009155273,295,0.0033899998664856,2.32863096551824,2.52019153001707,59.3243588707965,956.102882917699,65
"250",2020-11-05,7596,875,337,45,63.6,47,0,6,34,5,2,44,42,0,481,34,2536,0.0240499997138977,41,0,2.36673648717286,2.45839798921295,41.4343109368671,911.912413816432,47
"251",2020-11-06,7670,869,341,79,57.4,74,1,12,58,5,3,47,44,4,486,59,2342,0.0234800004959106,116,0.0258599996566772,2.35923194148076,2.27211569632945,73.4810592620595,905.543059300503,74
"252",2020-11-07,7705,836,346,75,56.3,35,3,4,25,3,4,47,43,5,489,28,2499,0.0276099991798401,142,0,2.61254782091709,2.2980279207491,33.3038774268763,874.930054602448,35
"253",2020-11-08,7742,774,346,47,55.9,37,1,5,29,1,4,48,44,0,490,30,1176,0.0204099988937378,92,0.0108700001239777,1.97178223268467,2.23397497790797,36.0543740058196,801.202849350145,37
"254",2020-11-09,7813,744,350,31,52.3,71,3,24,42,7,4,47,43,4,497,45,711,0.0210999989509583,20,0.1,2.3258685710166,2.3061923779979,70.8655726694223,774.844134801115,71
"255",2020-11-10,7880,753,350,52,54.6,67,0,11,54,3,5,48,43,0,500,54,1374,0.0334800004959106,17,0,3.30708272332,2.46741153458718,68.1831221528297,797.386870020014,67
"256",2020-11-11,7936,751,353,77,58,56,0,6,48,2,5,47,42,3,502,48,2375,0.0261100006103516,241,0.0290499997138977,2.63808491516187,2.51161924167912,56.2570672266617,786.313697650477,56
"257",2020-11-12,7978,741,355,60,60.1,42,1,8,31,3,3,44,41,2,505,32,2318,0.0215700006484985,214,0.00467000007629395,2.0141643570121,2.4612517945133,41.1488395320899,767.602815414957,42
"258",2020-11-13,8017,717,357,79,60.1,39,1,7,27,0,3,36,33,2,505,28,2719,0.0217000007629395,200,0,2.02131901591067,2.41297851943186,36.0088053570773,742.832622893728,39
"259",2020-11-14,8038,694,357,50,56.6,21,3,2,14,3,3,37,34,0,508,17,1710,0.015789999961853,245,0.0163300001621246,1.58576726212221,2.26629558246116,19.4805104707928,713.616133337069,21
"260",2020-11-15,8068,650,360,30,54.1,30,1,1,25,0,2,35,33,3,508,26,984,0.0152400004863739,306,0.00653999984264374,1.31762794034426,2.17284496926967,27.6106335052608,665.26583763152,30
"261",2020-11-16,8112,612,363,11,51.3,44,0,3,39,3,2,33,31,3,511,39,735,0.0122399997711182,53,0,1.14167510555481,2.0036744742037,42.7936364851884,624.453987921418,44
"262",2020-11-17,8153,589,363,40,49.6,41,1,10,29,1,2,32,30,0,512,30,1828,0.020789999961853,38,0,2.03666237568421,1.82218585311287,41.0890674598626,610.38202446197,41
"263",2020-11-18,8195,582,363,66,48,42,3,6,31,1,2,32,30,0,513,34,2684,0.0204900002479553,20,0.05,2.07082694768905,1.74114900061676,41.2549811757782,603.482324832439,42
"264",2020-11-19,8215,563,364,53,47,20,2,1,17,0,2,30,28,1,513,19,2476,0.0121200001239777,187,0.0160399997234344,1.23952685900304,1.63048650090118,20.4197822099165,575.438809693841,20
"265",2020-11-20,8240,520,364,28,39.7,25,1,2,20,1,2,30,28,0,514,21,2643,0.00757000029087067,222,0.0225200009346008,0.872842966012306,1.46641849377284,23.3267156197523,528.090101060532,25
"266",2020-11-21,8269,488,365,27,36.4,29,4,4,19,2,2,31,29,1,516,23,1495,0.0187300002574921,71,0,1.7880811229215,1.49532047388702,27.7330431521331,503.553263401781,29
"267",2020-11-22,8296,475,368,26,35.9,27,3,4,19,3,4,31,27,3,519,22,1220,0.0147500002384186,36,0,1.4327229530948,1.51176261856567,26.561822834073,487.130265735668,27
"268",2020-11-23,8336,458,370,20,37.1,40,2,9,26,1,3,27,24,2,520,28,922,0.0173500001430511,13,0,1.71087701945381,1.5930771776941,37.8538691265158,471.966859283722,40
"269",2020-11-24,8379,467,370,21,34.4,43,2,7,33,1,3,23,20,0,521,35,1403,0.00855000019073486,41,0.0975599956512451,1.10772923056108,1.46037244267651,42.6910606225346,476.220723163534,43
"270",2020-11-25,8434,475,371,38,30.4,55,4,10,39,2,2,23,21,1,523,43,2618,0.0122200000286102,72,0.0138900005817413,1.22646989281736,1.33975000626627,53.9400259311308,485.384007378771,55
"271",2020-11-26,8479,490,372,60,31.4,45,3,4,37,3,2,23,21,1,526,40,3059,0.0143799996376038,224,0.00446000009775162,1.37031553193196,1.35843410239897,44.9770011127937,501.968263631723,45
"272",2020-11-27,8527,502,374,56,35.4,48,2,3,42,3,1,24,23,2,529,44,3154,0.0177600002288818,336,0.00298000007867813,1.63370546556817,1.46712874519267,48.2812707896157,516.618134917888,48
"273",2020-11-28,8571,504,375,60,40.1,44,2,3,39,2,1,25,24,1,531,41,2597,0.0119400000572205,191,0,1.1122015835223,1.3705745252785,44.8127965519013,513.991450296543,44
"274",2020-11-29,8616,516,377,22,39.6,45,0,4,38,5,1,28,27,2,536,38,898,0.0245000004768372,12,0,2.41769235474723,1.51128443980027,43.6375671607314,538.236438287826,45
"275",2020-11-30,8659,522,378,47,43.4,43,1,7,34,1,1,25,24,1,537,35,1135,0.0229099988937378,61,0,2.17415123280873,1.57746647027955,43.3563515911449,542.229015159362,43
"276",2020-12-01,8713,544,378,34,45.3,54,2,12,39,3,1,27,26,0,540,41,1906,0.0141700005531311,113,0.0176999998092651,1.43675686145195,1.62447041754967,54.0499814424021,557.931461089433,54
"277",2020-12-02,8755,558,379,49,46.9,42,1,5,34,6,1,31,30,1,546,35,2859,0.0101400005817413,81,0.0123500001430511,1.0200888324757,1.59498740892943,40.6363858641288,568.145808919538,42
"278",2020-12-03,8793,557,380,38,43.7,38,0,5,32,3,1,33,32,1,549,32,3327,0.0102199995517731,202,0,0.963500666158943,1.53687099953329,37.5495617329464,566.565808914098,38
"279",2020-12-04,8836,561,382,55,43.6,43,1,5,33,2,1,31,30,2,551,34,2994,0.0110199999809265,165,0.0121200001239777,1.10774548791865,1.46173385986907,39.6713258857495,572.076877114866,43
"280",2020-12-05,8871,550,382,46,41.6,35,3,2,29,1,1,31,30,0,552,32,2277,0.0184500002861023,209,0,1.68988940673592,1.54426069175673,34.9638795109046,566.566679093672,35
"281",2020-12-06,8910,544,383,33,43.1,39,0,7,30,1,2,31,29,1,553,30,1397,0.0157500004768372,20,0,1.55276998349623,1.42070035300659,37.8303149711346,559.056378143241,39
"282",2020-12-07,8964,547,384,23,39.7,54,0,4,45,2,1,30,29,1,555,45,1068,0.0168499994277954,25,0.04,1.73795053878184,1.3583859681456,50.3940052616739,563.944908403014,54
"283",2020-12-08,9011,551,384,57,43,47,1,1,44,0,1,27,26,0,555,45,2367,0.01942999958992,69,0,1.88796424586784,1.4228441659193,47.5143308361564,569.542139793826,47
"284",2020-12-09,9064,560,386,36,41.1,53,2,3,46,1,3,24,21,2,556,48,2911,0.00962000012397766,167,0.00598999977111816,0.942305078709412,1.41173220109555,51.8062082833074,569.405763305253,53
"285",2020-12-10,9109,559,386,60,44.3,45,2,0,43,1,3,23,20,0,557,45,3091,0.0139100003242493,252,0.00397000014781952,1.3160709255012,1.46209938100158,46.0556168049355,572.11310653242,45
"286",2020-12-11,9148,543,386,48,43.3,39,6,2,30,1,2,23,21,0,558,36,3047,0.0118099999427795,32,0,1.16872587936503,1.47081086549392,38.7499454047438,554.311676521552,39
"287",2020-12-12,9181,532,387,59,45.1,33,2,5,26,0,2,20,18,1,558,28,2616,0.0156700003147125,24,0,1.55275457663969,1.45122017548018,33.77495295043,546.724106058171,33
"288",2020-12-13,9220,529,388,30,44.7,39,5,2,32,0,2,19,17,1,558,37,1502,0.0119799995422363,47,0,1.16165005244925,1.39534589961632,39.7661106985307,539.953312419533,39
"289",2020-12-14,9263,526,388,16,43.7,43,4,4,35,2,2,20,18,0,560,39,917,0.0174500000476837,20,0,1.70775347318313,1.39103203310222,44.1871463759094,542.011256249445,43
"290",2020-12-15,9309,534,389,54,43.3,46,1,7,37,1,1,20,19,1,561,38,2079,0.0134700000286102,49,0,1.31598355542672,1.30932050589635,45.891350568321,546.525821144301,46
"291",2020-12-16,9364,552,389,53,45.7,55,3,4,47,0,1,18,17,0,561,50,2312,0.0168700003623962,94,0,1.62109064164007,1.4062898720293,55.4447469614799,567.950006454737,55
"292",2020-12-17,9401,547,390,61,45.9,37,1,5,29,1,0,17,17,1,562,30,3207,0.0134099996089935,83,0.0241000008583069,1.36796865706023,1.41370383368059,35.7314958867524,560.337608335118,37
"293",2020-12-18,9442,534,390,25,42.6,41,3,4,34,0,0,16,16,0,562,37,3298,0.00727999985218048,170,0.00587999999523163,0.72113724082124,1.34976259960291,41.4755915554234,540.863942989084,41
"294",2020-12-19,9481,531,390,46,40.7,39,1,6,29,3,0,19,19,0,565,30,2799,0.0117900002002716,140,0,1.12283805922287,1.28834595425765,36.6004168425727,541.627378113537,39
"295",2020-12-20,9525,525,390,24,39.9,44,5,2,34,0,0,16,16,0,565,39,1360,0.0161800003051758,51,0,1.55951810170369,1.34518424700828,42.0841004229678,539.593659539952,44
"296",2020-12-21,9600,547,390,22,40.7,75,7,8,60,1,0,15,15,0,566,67,1365,0.00658999979496002,32,0.03125,0.715486737302822,1.20343185616823,75.8544583088785,553.975950670993,75
"297",2020-12-22,9684,591,390,73,43.4,84,5,7,70,2,0,15,15,0,568,75,3021,0.0225099992752075,48,0,2.21579367254486,1.33197615861368,84.9621365025309,614.341635639943,84
"298",2020-12-23,9784,658,390,52,43.3,100,5,6,88,1,1,13,12,0,569,93,2652,0.0199800002574921,199,0.0150800001621246,1.96379799070964,1.38093435133791,102.255324199227,681.032293796678,100
"299",2020-12-24,9859,685,390,49,41.6,75,11,6,56,2,1,13,12,0,571,67,3469,0.01557000041008,144,0,1.49494413015686,1.39907370463743,74.7853125246415,703.25282208029,75
"300",2020-12-25,9924,716,390,47,44.7,65,6,2,56,0,1,10,9,0,571,62,2537,0.0295600008964539,161,0,2.77960423551903,1.69314041816568,67.0717731575802,751.474025497217,65
"301",2020-12-26,10017,759,390,95,51.7,93,5,5,82,2,2,12,10,0,573,87,951,0.0199800002574921,50,0,1.89819982466284,1.80390638465711,94.9435788128222,784.680187573931,93
"302",2020-12-27,10127,823,391,37,53.6,110,8,6,94,2,4,12,8,1,575,102,1480,0.0270300006866455,32,0.0625,2.77806885028012,1.97798506302517,113.050770827579,863.752788148015,110
"303",2020-12-28,10259,917,391,65,59.7,132,15,7,108,1,2,13,11,0,576,123,1188,0.04125,39,0.0256399989128113,4.07538385962507,2.45797036621406,138.934867557786,983.611980085286,132
"304",2020-12-29,10380,995,391,112,65.3,121,5,15,101,3,4,12,8,0,579,106,1880,0.0505299997329712,25,0.04,5.03918107600976,2.8613114238519,130.520950701411,1084.37118818777,121
"305",2020-12-30,10517,1086,391,88,70.4,137,12,9,115,3,5,13,8,0,582,127,2458,0.0573600006103516,62,0,5.59487625000969,3.3800368894662,148.665102028381,1194.30158112458,137
"306",2020-12-31,10642,1173,391,147,84.4,125,0,9,116,2,5,13,8,0,584,116,2652,0.0331800007820129,144,0,3.14711595400208,3.6160614357298,131.507066132401,1238.79990149402,125
"307",2021-01-01,10759,1228,392,87,90.1,117,0,3,111,2,6,13,7,1,586,111,2759,0.0391400003433228,134,0.0149300003051758,3.80186246070242,3.76209832504171,121.522009316003,1311.21646342389,117
"308",2021-01-02,10872,1289,392,134,95.7,113,2,6,101,2,6,15,9,0,588,103,2369,0.0295499992370605,431,0,2.50014100687844,3.84808992250108,113.590037300917,1346.44231146487,113
"309",2021-01-03,10995,1316,393,106,105.6,123,0,4,118,4,5,19,14,1,592,118,1516,0.0600299978256226,126,0.0238100004196167,5.72506313986088,4.26908910672691,134.041394217571,1450.29215924002,123
"310",2021-01-04,11170,1428,393,117,113,175,4,29,140,5,8,21,13,0,597,144,1386,0.0533900022506714,155,0.00644999980926514,4.86685873393035,4.38215694591337,185.491820049476,1551.87721549063,175
"311",2021-01-05,11311,1501,395,105,112,141,2,19,120,6,8,23,15,2,603,122,2417,0.0575099992752075,97,0.0103100001811981,5.56888378145397,4.45782876097683,153.109953401519,1649.99213160393,141
"312",2021-01-06,11494,1595,395,132,118.3,183,11,5,129,7,7,28,21,0,610,140,2627,0.0513899993896484,211,0.0142200005054474,4.86264793880394,4.35322471651887,157.134317373045,1733.24454435719,183
"313",2021-01-07,11612,1632,395,186,123.9,118,2,7,108,6,9,32,23,0,616,110,2311,0.048899998664856,91,0.0109899997711182,4.74637747267502,4.58169064775786,126.306137092027,1770.06923394716,118
"314",2021-01-08,11742,1662,395,185,137.9,130,6,13,110,0,11,30,19,0,616,116,2661,0.0368300008773804,249,0,3.36785678126149,4.51968983640915,135.963476122402,1761.76980444338,130
"315",2021-01-09,11840,1670,397,155,140.9,98,6,2,90,4,11,30,19,2,620,96,3020,0.0324499988555908,375,0.00266999989748001,2.91606027998348,4.57910687542416,102.989789412079,1756.80154498096,98
"316",2021-01-10,11932,1654,397,114,142,92,5,3,82,5,11,34,23,0,625,87,1824,0.0509899997711182,78,0,4.88989272252995,4.45979681580546,97.582860575582,1798.16151025302,92
"317",2021-01-11,12096,1706,397,66,134.7,164,2,25,135,3,13,34,21,0,628,137,1608,0.0342000007629395,115,0,3.1917354165297,4.22049348474822,169.794027550604,1803.05555475423,164
"318",2021-01-12,12236,1734,398,161,142.7,140,1,22,115,4,13,35,22,1,632,116,2211,0.0705600023269653,74,0.0135099995136261,6.87124311198812,4.40654481768167,152.207176982041,1946.37280074879,140
"319",2021-01-13,12324,1722,402,172,148.4,88,0,9,75,3,11,35,24,4,635,75,2532,0.0375200009346008,173,0.0115600001811981,3.58597125315181,4.22416243401708,88.7938291717332,1832.06631778299,88
"320",2021-01-14,12416,1710,402,128,140.1,92,2,14,75,9,10,41,31,0,644,77,2581,0.0337100005149841,146,0,3.19052113418313,4.00189724280395,95.3789182525949,1807.24610664854,92
"321",2021-01-15,12510,1680,404,145,134.4,94,6,7,79,5,11,41,30,2,649,85,2923,0.0372900009155273,206,0.00485000014305115,3.51542897748657,4.02297898512182,97.3261297334072,1785.26938767205,94
"322",2021-01-16,12572,1634,405,119,129.3,62,0,0,60,2,9,39,30,1,651,60,2470,0.0323900008201599,289,0,2.89972098679938,4.02064480038124,63.1011441141226,1718.45449137461,62
"323",2021-01-17,12652,1575,407,72,123.3,80,2,3,72,2,9,39,30,2,653,74,2036,0.026029999256134,32,0,2.56272139678379,3.68819175384607,80.380240504083,1646.94430802609,80
"324",2021-01-18,12773,1596,408,63,122.9,121,2,45,72,7,10,43,33,1,660,74,1021,0.0391799998283386,48,0,3.74207481990025,3.7668116686133,123.935812722917,1702.45347440236,121
"325",2021-01-19,12847,1540,415,81,111.4,74,3,24,47,8,9,45,36,7,668,50,2337,0.0410799980163574,89,0,3.95729412053698,3.35053324126313,77.5268161504798,1648.62593743478,74
"326",2021-01-20,12908,1499,415,166,110.6,61,1,8,50,2,7,37,30,0,670,51,3065,0.0225099992752075,163,0.00612999975681305,2.16828803404187,3.14800706710457,60.9710681301191,1556.93394366762,61
"327",2021-01-21,12979,1466,417,81,103.9,71,1,9,60,3,7,37,30,2,673,61,2636,0.0242799997329712,117,0,2.32481217929939,3.02433435926403,72.527738795013,1526.74860776211,71
"328",2021-01-22,13060,1437,418,95,96.7,81,1,4,75,5,6,37,31,1,678,76,2311,0.0307200002670288,111,0.00901000022888184,2.97250332958338,2.94677355242072,84.0267107005013,1513.13662206079,81
"329",2021-01-23,13108,1370,418,84,91.7,48,1,4,40,4,9,39,30,0,682,41,2122,0.0329900002479553,276,0,2.91929860409346,2.9495703548913,47.1334224609381,1441.28753101183,48
"330",2021-01-24,13154,1289,419,44,87.7,46,2,9,35,3,8,38,30,1,685,37,1247,0.0224499988555908,36,0,2.18200690357925,2.8951825701478,47.4390382280579,1339.13298043153,46
"331",2021-01-25,13217,1230,419,29,82.9,63,1,18,43,4,7,39,32,0,689,44,825,0.0206100010871887,48,0,1.94768051511233,2.63884052660667,63.5275128865711,1272.70092842006,63
"332",2021-01-26,13280,1169,420,74,81.9,63,1,19,41,8,5,40,35,1,697,42,2354,0.024210000038147,79,0,2.34238964610761,2.40813988740247,62.7535692323344,1217.80767696664,63
"333",2021-01-27,13358,1130,422,80,69.6,78,1,26,50,1,4,30,26,2,698,51,2800,0.0196399998664856,175,0.00570999979972839,1.88205880978528,2.36724999822296,78.7108733160615,1167.90758523822,78
"334",2021-01-28,13396,1069,422,66,67.4,38,1,3,33,3,5,30,25,0,701,34,2355,0.0212299990653992,209,0.0287100005149841,2.18397183723271,2.34712994935629,38.3235502595789,1110.61397727911,38
"335",2021-01-29,13425,967,422,73,64.3,29,1,2,26,3,4,31,27,0,704,27,2847,0.0122899997234344,180,0.00555999994277954,1.18898015204222,2.09234092399327,29.5722065908047,987.493473085488,29
"336",2021-01-30,13444,870,423,42,58.3,19,1,6,12,2,5,33,28,1,706,13,2155,0.0157799994945526,216,0,1.43424288953019,1.88019010762709,19.332338415198,892.241109324788,19
"337",2021-01-31,13486,811,424,25,55.6,42,3,5,34,4,6,32,26,1,710,37,922,0.0195200002193451,24,0,1.90247782264653,1.84025738177955,43.2546882002664,838.501408930163,42
"338",2021-02-01,13526,720,424,26,55.1,40,6,7,25,5,5,30,25,0,715,31,548,0.0292000007629395,29,0,2.77324097367259,1.95819459014531,39.5323705212369,755.590541138405,40
"339",2021-02-02,13568,656,425,59,53,42,4,5,31,3,5,28,23,1,718,35,2439,0.0221399998664856,107,0.0280399990081787,2.23879574109322,1.94339546085754,41.3966802860155,682.177779075034,42
"340",2021-02-03,13631,641,425,54,49.3,63,5,21,36,2,4,27,23,0,720,41,2865,0.0129100000858307,212,0,1.20205233168362,1.84625167827158,62.8784594491433,654.733963582948,63
"341",2021-02-04,13713,643,425,51,47.1,82,3,43,33,2,5,26,21,0,722,36,2814,0.0127900004386902,90,0,1.23936161275738,1.71130736048939,79.7952707839483,657.204419835521,82
"342",2021-02-05,13771,642,427,72,47,58,1,8,48,2,5,22,17,2,724,49,2435,0.0160199999809265,149,0,1.50962461120573,1.75711371179847,58.3184981787644,659.275016954423,58
"343",2021-02-06,13796,611,427,61,49.7,25,2,3,19,3,6,22,16,0,727,21,2369,0.0143499994277954,205,0.0146300005912781,1.43722994427581,1.75754043390498,24.5379724535283,626.652436624086,25
"344",2021-02-07,13821,566,429,33,50.9,25,1,2,19,3,4,24,20,2,730,20,1004,0.0249000000953674,75,0,2.31692308579693,1.81674690006933,22.825954453676,589.37451103903,25
"345",2021-02-08,13868,563,431,24,50.6,47,1,6,38,2,5,22,17,2,732,39,852,0.0140799999237061,29,0,1.36165266004513,1.61509142669397,45.9465540817241,576.664357641299,47
"346",2021-02-09,13923,581,431,43,48.3,55,5,8,39,0,2,20,18,0,732,44,2244,0.0178299999237061,149,0,1.67198160588368,1.5341179788069,53.3112897260513,598.314984791723,55
"347",2021-02-10,13980,598,432,40,46.3,57,0,6,50,3,4,21,17,1,735,50,2791,0.0125399994850159,100,0,1.21062395581734,1.53534249654029,57.0789312063959,610.904017228495,57
"348",2021-02-11,14040,624,433,51,46.3,60,1,11,46,1,3,17,14,1,736,47,2563,0.0152199995517731,58,0,1.48831968146488,1.57090793492707,59.2468338076468,640.553708424927,60
"349",2021-02-12,14091,627,435,52,43.4,51,1,7,41,3,2,17,15,2,739,42,2612,0.0157000005245209,173,0,1.47247401687787,1.56560070716595,50.1023294675587,643.45620419427,51
"350",2021-02-13,14123,625,435,46,41.3,32,0,3,28,6,2,22,20,0,745,28,2099,0.0219199991226196,46,0.0217400002479553,2.19161390068925,1.67336984379644,32.0937965883946,649.415102419523,32
"351",2021-02-14,14164,600,437,48,43.4,41,0,4,35,4,2,22,20,2,749,35,1175,0.0170200002193451,10,0,1.6876371525511,1.58347185333275,40.0528381386703,618.048653805776,41
"352",2021-02-15,14226,623,438,34,44.9,62,2,8,51,4,2,24,22,1,753,53,867,0.0265300011634827,26,0,2.57575711184093,1.75691534644644,63.4332978028311,651.60272700309,62
"353",2021-02-16,14277,618,438,60,47.3,51,3,13,32,3,2,25,23,0,756,35,1561,0.0333100008964539,23,0,3.28263329541443,1.98700844495083,50.0478818704938,654.159742741861,51
"354",2021-02-17,14334,633,439,49,48.6,57,5,5,44,2,2,26,24,1,758,49,2063,0.0184200000762939,222,0,1.66303983183345,2.0516392843817,55.4524902238668,651.763802279748,57
"355",2021-02-18,14406,649,439,68,51,72,3,12,53,3,3,27,24,0,761,56,2348,0.0212899994850159,116,0,2.02877105482213,2.12884662343274,70.0250490815927,672.468872392029,72
"356",2021-02-19,14460,653,440,58,51.9,54,3,15,33,1,3,27,24,1,762,36,2576,0.0151400005817413,96,0,1.4596048465032,2.12700817052207,51.9365959689124,669.988810213883,54
"357",2021-02-20,14509,632,440,66,54.7,49,0,3,45,4,3,27,24,0,766,45,2384,0.0255900001525879,68,0,2.48803264126303,2.16935370488975,49.9956440161802,660.027711516131,49
"358",2021-02-21,14551,622,440,53,55.4,42,0,7,33,2,4,25,21,0,768,33,1000,0.03,28,0,2.91828793774319,2.34516095991719,41.7165504289742,654.354374752181,42
"359",2021-02-22,14616,637,440,32,55.1,65,0,11,54,1,6,24,18,0,769,54,863,0.0150600004196167,66,0,1.39900757396439,2.17705388307769,66.3465680701788,652.884515938961,65
"360",2021-02-23,14671,643,440,47,53.3,55,0,7,47,4,6,27,21,0,773,47,2036,0.019650000333786,84,0,1.88714154149001,1.97769791823134,55.5809452116016,664.628675979997,55
"361",2021-02-24,14717,650,441,60,54.9,46,2,10,34,1,6,25,19,1,774,36,2874,0.0187899994850159,41,0,1.85257147581255,2.00477386737122,47.1887539155032,671.463612363252,46
"362",2021-02-25,14750,646,441,43,51.3,33,1,5,25,1,6,24,18,0,775,26,2376,0.0185199999809265,128,0.00781000018119812,1.79725239528254,1.97169977315127,31.8329077551915,666.694554225142,33
"363",2021-02-26,14815,649,441,57,51.1,65,5,12,43,1,6,22,16,0,776,48,2639,0.0181900000572205,181,0,1.70224858691507,2.00636316463868,61.4563934144331,668.691652624315,65
"364",2021-02-27,14861,654,442,71,51.9,46,0,4,34,3,6,24,18,1,779,34,2535,0.0209100008010864,47,0.0212800002098083,2.09167358794016,1.94974044273542,39.2676148442374,678.382944356802,46
"365",2021-02-28,14926,665,442,49,51.3,65,2,8,54,7,6,29,23,0,786,56,1552,0.0257699990272522,94,0,2.42983222905804,1.87996105578039,66.4253744710044,693.801321843177,65
"366",2021-03-01,15003,679,442,54,54.4,77,4,7,64,3,6,30,24,0,789,68,996,0.0291199994087219,45,0,2.78612098089212,2.07812011391293,78.3769402009786,712.719741124477,77
"367",2021-03-02,15066,688,443,61,56.4,63,1,6,54,3,4,30,26,1,792,55,2006,0.0259200000762939,41,0,2.54008403287961,2.17139761268287,63.4901485787142,719.14949494828,63
"368",2021-03-03,15125,698,443,65,57.1,59,0,5,51,6,5,33,28,0,798,51,2676,0.0209299993515015,109,0,2.01108360016582,2.19404220187619,57.8281624623011,723.020733307572,59
"369",2021-03-04,15182,694,443,61,59.7,57,3,3,50,1,5,32,27,0,799,53,2414,0.0202999997138977,225,0.00444000005722046,1.89477829944008,2.2079744738987,57.789982390686,717.438637342191,57
"370",2021-03-05,15255,698,444,51,58.9,73,1,11,56,1,2,29,27,1,800,57,2440,0.0188499999046326,154,0,1.77309174122219,2.218094924514,69.8014431009108,720.059776919925,73
"371",2021-03-06,15311,711,446,46,55.3,56,3,3,47,1,2,28,26,2,801,50,1957,0.0209500002861023,25,0,2.06857470029779,2.21479508342224,54.8435533066959,737.215328021216,56
"372",2021-03-07,15351,702,447,54,56,40,1,0,38,2,5,27,22,1,803,39,1752,0.0194099998474121,16,0.0625,1.97999545999242,2.15053268784143,40.3763956399783,726.775121519609,40
"373",2021-03-08,15434,743,448,38,53.7,83,1,9,65,6,4,30,26,1,809,66,1170,0.0205100011825562,142,0,1.8290168737493,2.01380352967817,77.1516723272093,767.222614229038,83
"374",2021-03-09,15491,750,448,70,55,57,0,8,47,1,3,28,25,0,810,47,2105,0.0318300008773804,57,0,3.09908195406502,2.0936603755618,57.5962434019505,791.429415988572,57
"375",2021-03-10,15571,773,448,76,56.6,80,5,8,64,0,2,25,23,0,810,69,2655,0.0180799996852875,173,0,1.69739742448509,2.04884806475027,79.0875991740815,796.387161761811,80
"376",2021-03-11,15632,770,451,73,58.3,61,1,7,52,1,2,21,19,3,811,53,2321,0.0280100011825562,86,0,2.70092283941475,2.16401157046094,62.5515408966752,807.069556423395,61
"377",2021-03-12,15714,775,451,93,64.3,82,5,4,67,2,2,18,16,0,813,72,2361,0.0228699994087219,133,0,2.16503883736938,2.22000401276768,78.7785145445041,804.907621833204,82
"378",2021-03-13,15782,793,451,56,65.7,68,5,3,54,5,4,23,19,0,818,59,2353,0.0187000000476837,99,0,1.79449837325448,2.18085025176149,63.8871636702745,818.364759161486,68
"379",2021-03-14,15850,818,451,65,67.3,68,2,10,51,2,3,24,21,0,820,53,1535,0.0299699997901917,36,0,2.92832270387933,2.31632557231676,65.7663637881746,860.695954315601,68
"380",2021-03-15,15957,865,452,58,70.1,107,4,3,97,4,5,26,21,1,824,101,1000,0.0320000004768372,13,0,3.1589339068941,2.50631371990888,109.686910585669,913.704729273304,107
"381",2021-03-16,16044,884,453,85,72.3,87,7,4,73,5,6,28,22,1,829,80,1583,0.0341100001335144,9,0,3.39171672181867,2.54811868673083,88.8364204218369,937.442445661298,87
"382",2021-03-17,16132,912,454,78,72.6,88,3,5,76,3,5,28,23,1,832,79,2842,0.0267400002479553,175,0,2.51889561500461,2.66547557109076,87.5469229013389,952.946755519254,88
"383",2021-03-18,16225,950,455,63,71.1,93,6,3,80,2,5,25,20,1,834,86,2566,0.0284500002861023,161,0,2.67703339692477,2.66206279359219,93.1036161202977,995.330643189335,93
"384",2021-03-19,16350,997,457,117,74.6,125,8,5,104,2,4,25,21,2,836,112,2615,0.0382399988174438,97,0,3.68722702461709,2.87951824891329,124.360924912722,1062.525376232,125
"385",2021-03-20,16453,1051,458,83,78.4,103,6,5,87,4,4,28,24,1,840,93,1997,0.0435699987411499,151,0.00662000000476837,4.09724895189927,3.20848261729112,104.791876621971,1127.75550892141,103
"386",2021-03-21,16538,1079,459,87,81.6,85,5,1,77,4,4,30,26,1,844,82,1306,0.0421099996566772,87,0,3.94800140356213,3.35415100296009,88.7703962577614,1154.92997026981,85
"387",2021-03-22,16687,1155,460,56,81.3,149,6,7,133,4,7,31,24,1,848,139,1150,0.0547800016403198,131,0,4.91779874210521,3.60541740799025,158.184284708308,1256.24351682083,149
"388",2021-03-23,16811,1194,461,108,84.6,124,2,0,120,5,9,32,23,1,853,122,1966,0.0350999999046326,153,0,3.25656440832976,3.58610993463469,129.081642350888,1263.30722104066,124
"389",2021-03-24,16964,1284,461,85,85.6,153,7,2,137,4,9,34,25,0,857,144,3106,0.0457200002670288,47,0,4.50384779033909,3.86967453111105,157.560075852399,1387.07734301722,153
"390",2021-03-25,17113,1366,462,123,94.1,149,7,4,132,8,10,41,31,1,865,139,3005,0.0379399991035461,282,0,3.4685031124477,3.98274163332861,151.593525609717,1450.45148189118,149
"391",2021-03-26,17262,1450,463,103,92.1,149,10,2,130,4,11,43,32,1,869,140,2390,0.0673600006103516,117,0,6.42163547900839,4.37337141252737,158.024635946697,1615.96944373365,149
"392",2021-03-27,17378,1503,465,138,100,116,7,3,100,5,13,45,32,2,874,107,2476,0.0626000022888184,117,0,5.97753974805686,4.64198438340702,121.400417000681,1663.13856777592,116
"393",2021-03-28,17515,1562,466,139,107.4,137,3,5,124,5,13,46,33,1,879,127,2480,0.0826599979400635,157,0,7.77386404593695,5.18853618946057,149.597669170321,1778.43747436253,137
"394",2021-03-29,17724,1710,466,111,115.3,209,7,1,189,4,12,48,36,0,883,196,1644,0.0839400005340576,40,0,8.19461762933437,5.65665317335045,225.628543386871,1959.76943465076,209
"395",2021-03-30,17933,1840,467,170,124.1,209,9,6,186,6,12,49,37,1,889,195,1968,0.0406500005722046,64,0,3.93696855935525,5.75385376635409,214.683936325412,1969.12021968594,209
"396",2021-03-31,18141,1944,468,163,135.3,208,7,5,191,8,14,55,41,1,897,198,3023,0.0793900012969971,224,0,7.3913142568778,6.16634897585962,229.08563088152,2200.11346683674,208
"397",2021-04-01,18378,2079,469,144,138.3,237,12,4,203,3,15,53,38,1,900,215,2634,0.0721299982070923,100,0.01,6.98575037591372,6.66881287064048,245.771087248954,2337.87018786315,237
"398",2021-04-02,18576,2173,470,242,158.1,198,15,7,162,6,15,57,42,1,906,177,3130,0.0939299964904785,99,0,9.10501359601108,7.05215260164086,212.725549933911,2525.65887009259,198
"399",2021-04-03,18827,2352,470,223,170.3,251,16,3,223,12,14,62,48,0,918,239,2885,0.101909999847412,36,0,10.0654005326869,7.63613271373086,284.878881593081,2773.97125316706,251
"400",2021-04-04,19057,2511,471,152,172.1,230,9,2,215,12,16,65,49,1,930,224,1818,0.0929599952697754,139,0,8.63573180380438,7.7592566791405,260.479554933728,2897.50965374372,230
"401",2021-04-05,19342,2656,472,184,182.6,285,8,4,269,5,18,68,50,1,935,277,2045,0.105620002746582,162,0,9.7867197832696,7.98669984398839,329.320498877888,3119.31857407823,285
"402",2021-04-06,19616,2793,473,156,180.6,274,7,6,245,10,20,71,51,1,945,252,1749,0.128640003204346,83,0,12.2811880788429,9.17873120391519,313.163956826802,3404.40052149705,274
"403",2021-04-07,19924,2934,474,219,188.6,308,3,6,290,12,24,77,53,1,957,293,3364,0.098100004196167,44,0,9.68334548462165,9.50616423645002,349.571697802807,3440.40737663288,308
"404",2021-04-08,20219,3106,475,170,192.3,295,23,5,255,10,30,84,54,1,967,278,3366,0.0858600044250488,194,0.0103100001811981,8.1742953631985,9.67595637749071,323.505090678996,3558.54968219051,295
"405",2021-04-09,20516,3259,477,261,195,297,13,2,276,14,31,89,58,2,981,289,3418,0.110299997329712,158,0,10.542656344322,9.8813339129637,345.307821226443,3871.41934040477,297
"406",2021-04-10,20803,3423,480,381,217.6,287,12,2,262,14,27,93,66,3,995,274,3187,0.0875399971008301,97,0,8.49543150914572,9.65705262388639,317.490674254284,3941.33057654165,287
"407",2021-04-11,21072,3561,480,205,225.1,269,8,4,249,13,29,101,72,0,1008,257,2714,0.145909996032715,29,0,14.4367382148301,10.4857678254615,327.13276661264,4477.33767279226,269
"408",2021-04-12,21387,3655,481,265,236.7,315,16,4,291,16,27,102,75,1,1024,307,2125,0.0804699993133545,107,0,7.66123425362358,10.1821270355121,352.922927685997,4154.11498596847,315
"409",2021-04-13,21623,3681,483,245,249.4,236,10,0,219,12,28,106,78,2,1036,229,2670,0.0767799997329712,178,0,7.19812497496605,9.45597516352965,258.381187978109,4153.28014387519,236
"410",2021-04-14,21896,3752,485,389,273.7,273,10,11,248,12,28,102,74,2,1048,258,3971,0.171490001678467,97,0.0103100001811981,16.7646722390061,10.4675932712989,346.095540904183,4873.17236229649,273
"411",2021-04-15,22118,3755,485,312,294,222,15,3,202,19,29,108,79,0,1067,217,3902,0.130959997177124,98,0.0101999998092651,12.8001377241611,11.1284278942935,269.50953679013,4611.72032556192,222
"412",2021-04-16,22354,3794,487,348,306.4,236,1,10,219,20,24,115,91,2,1087,220,2970,0.120539999008179,244,0.00409999996423721,11.1700123536268,11.2180501813371,273.801685340419,4549.37997355251,236
"413",2021-04-17,22535,3741,490,405,309.9,181,5,7,167,16,23,124,101,3,1103,172,2935,0.101870002746582,121,0.00825999975204468,9.81635857431988,11.4067540477905,209.094930705367,4395.56474284172,181
"414",2021-04-18,22697,3682,490,294,322.6,162,5,8,146,11,22,123,101,0,1114,151,1949,0.0646500015258789,188,0.0159599995613098,6.03665572725616,10.2067422638514,175.247548522087,4078.18194475713,162
"415",2021-04-19,22924,3622,491,258,321.6,227,5,4,218,22,22,117,95,1,1136,223,2084,0.112279996871948,88,0.0340899991989136,10.9112077997534,10.6710241990128,270.370275071565,4326.42662022067,227
"416",2021-04-20,23113,3510,492,188,313.4,189,8,2,179,17,27,120,93,1,1153,187,2775,0.100539999008179,221,0,9.3123663967856,10.9730586878442,220.039602312626,4092.61499527977,189
"417",2021-04-21,23308,3411,493,207,287.4,195,3,2,185,12,25,112,87,1,1165,188,2521,0.136850004196167,236,0.0211899995803833,12.6949474239937,10.3916694285567,232.540563916898,4182.83969957734,195
"418",2021-04-22,23484,3303,496,239,277,176,7,4,161,14,22,108,86,3,1179,168,2358,0.163269996643066,213,0.00939000010490417,15.0521478843522,10.7133851657268,217.073599867398,4189.17916882153,176
"419",2021-04-23,23692,3227,499,189,254.3,208,5,8,186,21,29,114,85,3,1200,191,2507,0.0805700016021729,86,0.0116299998760223,7.82835225630488,10.2360051518237,225.65128868712,3677.28119682374,208
"420",2021-04-24,23848,3106,500,227,228.9,156,2,2,150,17,31,120,89,1,1217,152,2464,0.0852299976348877,214,0.00467000007629395,7.87924175461875,9.95927417758067,175.347277743576,3542.21476757596,156
"421",2021-04-25,23997,2976,505,139,206.7,149,2,6,137,20,30,126,96,5,1237,139,1621,0.135719995498657,93,0.0215100002288818,12.9523070434428,10.9472243656073,177.090495142786,3663.05980967577,149
"422",2021-04-26,24160,2840,510,173,194.6,163,4,7,148,12,31,125,94,5,1249,152,1304,0.115030002593994,31,0,11.2358893919527,10.9936074502072,189.441463660575,3408.77471576337,163
"423",2021-04-27,24320,2747,511,189,194.7,160,3,5,148,10,31,122,91,1,1259,151,2425,0.0610300016403198,332,0.00903999984264374,5.47693267774876,10.4456883474877,170.741064167722,3015.17022032273,160
"424",2021-04-28,24486,2644,513,186,191.7,166,2,7,155,12,27,117,90,2,1271,157,2408,0.0689400005340576,38,0,6.78689784489005,9.60168126475858,182.992645033215,2963.8506590307,166
"425",2021-04-29,24612,2547,513,159,180.3,126,2,7,113,13,29,114,85,0,1284,115,2728,0.0652500009536743,111,0.00901000022888184,6.30511139933178,8.35210462404138,134.924242293787,2833.24387062847,126
"426",2021-04-30,24765,2456,516,178,178.7,153,4,3,139,13,27,110,83,3,1297,143,2122,0.0669199991226196,179,0,6.17141408684045,8.11539917126075,161.730235034354,2726.16403667395,153
"427",2021-05-01,24889,2401,520,138,166,124,3,5,113,7,29,111,82,4,1304,116,2051,0.089709997177124,70,0.0285700011253357,8.76921755252498,8.24253857096164,139.131482721865,2776.2904311655,124
"428",2021-05-02,24986,2340,520,128,164.4,97,0,4,91,8,27,109,82,0,1312,91,1279,0.0695900011062622,21,0,6.84658549345456,7.37029263524904,106.105290270675,2625.56460696023,97
"429",2021-05-03,25093,2223,523,102,154.3,107,4,3,100,10,22,99,77,3,1322,104,976,0.174179992675781,140,0.0071399998664856,15.3225154868163,7.9540963630867,135.403894770728,2830.13325072431,107
"430",2021-05-04,25198,2128,524,141,147.4,105,1,2,99,8,23,95,72,1,1330,100,2386,0.0389800000190735,57,0.0175399994850159,3.84797625935961,7.72138830331683,108.858779966717,2273.95483769173,105
"431",2021-05-05,25280,2013,525,114,137.1,82,1,2,75,8,23,89,66,1,1338,76,1904,0.0777299976348877,65,0.0307699990272522,7.61797691384447,7.84011388459603,88.3197156584679,2286.33667921705,82
"432",2021-05-06,25386,1943,527,122,131.9,106,3,6,92,12,22,89,67,2,1350,95,2133,0.0534499979019165,246,0,4.79230119902429,7.62399814169496,109.114881792597,2108.9706876107,106
"433",2021-05-07,25498,1845,530,108,121.9,112,4,4,103,19,23,96,73,3,1369,107,2302,0.0469199991226196,82,0.0122000002861023,4.57257709747193,7.39559285749945,119.720859730944,1995.3737028373,112
"434",2021-05-08,25587,1770,534,136,121.6,89,1,3,85,4,21,87,66,4,1373,86,1901,0.0489200019836426,86,0.0116299998760223,4.73060411475805,6.81864808067561,96.2515282500277,1919.24656979708,89
"435",2021-05-09,25670,1708,537,69,113.1,83,0,5,78,4,22,84,62,3,1377,78,1173,0.172210006713867,123,0.00813000023365021,15.6637598691439,8.0782444200598,104.777353761851,2184.86820801591,83
"436",2021-05-10,25763,1641,538,82,110.3,93,3,2,87,9,22,86,64,1,1386,90,715,0.104899997711182,14,0,10.2885457288745,7.35910588321097,108.504827451622,1941.93802053457,93
"437",2021-05-11,25895,1610,540,124,107.9,132,1,6,123,5,21,80,59,2,1391,124,1899,0.0458099985122681,86,0.0232599997520447,4.48330212360065,7.44986672095969,139.90909924846,1738.65846604855,132
"438",2021-05-12,25992,1550,541,115,108,97,3,3,90,8,22,81,59,1,1399,93,2118,0.0495800018310547,174,0.00574999988079071,4.62525933060347,7.02233563763954,103.66714229154,1677.78570485901,97
"439",2021-05-13,26085,1522,541,78,101.7,93,1,1,90,7,20,78,58,0,1406,91,1684,0.0795699977874756,54,0.0185199999809265,7.76731624125886,7.44733778653019,104.598732837818,1732.71726790284,93
"440",2021-05-14,26168,1443,541,128,104.6,83,2,4,75,7,21,71,50,0,1413,77,1738,0.0471799993515015,105,0,4.44920449663102,7.42971312926721,87.1064327614344,1557.43613603571,83
"441",2021-05-15,26242,1395,542,85,97.3,74,2,8,63,7,19,65,46,1,1420,65,1779,0.0522800016403198,61,0,5.05468059337657,7.47600976906985,78.8562763322641,1520.68469974628,74
"442",2021-05-16,26311,1367,543,46,94,69,2,3,63,7,19,68,49,1,1427,65,805,0.0409899997711182,20,0,3.99963028069699,5.80970554214887,72.6339110291845,1464.4547134907,69
"443",2021-05-17,26385,1332,545,87,94.7,74,7,5,59,10,19,72,53,2,1437,66,774,0.229969997406006,19,0,22.4459997468157,7.54648468756904,97.4056812186585,1864.91465732202,74
"444",2021-05-18,26464,1300,546,97,90.9,79,1,6,71,5,16,65,49,1,1442,72,1920,0.0265599989891052,56,0,2.58072864671468,7.27468847658533,81.311992356233,1359.79986198754,79
"445",2021-05-19,26535,1286,550,91,87.4,71,2,5,64,4,14,58,44,4,1446,66,2042,0.0665999984741211,122,0.0163900005817413,6.37693054321293,7.52492722124382,78.5018799330378,1432.17299384677,71
"446",2021-05-20,26595,1241,553,73,86.7,60,5,8,45,11,15,64,49,3,1457,50,1487,0.0511100006103516,65,0.0307699990272522,5.02581319873481,7.13328392945467,62.4791007740884,1352.17128121287,60
"447",2021-05-21,26676,1206,554,77,79.4,81,4,11,63,4,13,60,47,1,1461,67,1682,0.0416200017929077,190,0,3.73957494741831,7.03190827956714,82.4659260876599,1286.38666957788,81
"448",2021-05-22,26735,1174,558,77,78.3,59,0,13,46,8,15,59,44,4,1469,46,1380,0.0623199987411499,101,0.00990000009536743,5.87451034925179,7.14902681612074,63.8166378230293,1296.92897400514,59
"449",2021-05-23,26790,1150,559,39,77.3,55,0,4,51,5,12,60,48,1,1474,51,826,0.0375300002098083,14,0.0714300012588501,3.80950002272923,7.12186535069678,58.4630012104492,1228.0872821964,55
"450",2021-05-24,26841,1104,561,65,74.1,51,2,11,38,5,11,58,47,2,1479,40,733,0.0832199954986572,30,0,7.99479117962198,5.05740698395482,56.7000885540807,1261.32244409263,51
"451",2021-05-25,26901,1037,563,56,68.3,60,1,12,46,3,11,55,44,2,1482,47,1035,0.0647300004959106,19,0.0526300001144409,6.45118790469088,5.61032973509427,64.4044566360458,1156.2430113102,60
"452",2021-05-26,26957,996,566,76,66.1,56,1,11,44,1,8,48,40,3,1483,45,1371,0.0320900011062622,61,0.0491800022125244,3.28179969634424,5.1681681855416,58.6323223488686,1054.26206798829,56
"453",2021-05-27,27004,950,566,62,64.6,47,0,8,38,3,9,43,34,0,1486,38,1368,0.0548199987411499,113,0.00884999990463257,5.13124971418748,5.18323054489199,49.4755315369081,1036.8882884227,47
"454",2021-05-28,27039,900,569,65,62.9,35,0,1,30,1,7,35,28,3,1487,30,1589,0.0346099996566772,197,0.0152300000190735,3.24723401221823,5.11289612557769,32.7363982069331,952.091946207992,35
"455",2021-05-29,27074,861,571,45,58.3,35,0,3,31,5,9,37,28,2,1492,31,1074,0.024210000038147,104,0.00962000012397766,2.29219185516668,4.60113634070839,35.2665640170552,896.177794151113,35
"456",2021-05-30,27101,812,573,46,59.3,27,0,3,22,5,8,37,29,2,1497,22,718,0.0905300045013428,34,0,8.6436892595697,5.29173480311417,28.3895052676921,937.103558062089,27
"457",2021-05-31,27149,780,576,40,55.7,48,1,2,41,5,6,36,30,3,1502,42,783,0.0855700016021729,27,0.037039999961853,8.39523348808289,5.34894084718001,50.2848737260383,896.719083483568,48
"458",2021-06-01,27191,744,577,38,53.1,42,1,5,36,2,5,32,27,1,1504,37,1565,0.0172500002384186,27,0.037039999961853,1.75856346558387,4.67856592730758,43.159776373434,767.32090869824,42
"459",2021-06-02,27222,705,577,48,49.1,31,0,0,30,1,6,31,25,0,1505,30,1688,0.042649998664856,43,0.0232599997520447,4.21683291366926,4.81214210121116,32.2548732498739,757.989521372037,31
"460",2021-06-03,27267,694,577,48,47.1,45,2,4,39,2,5,30,25,0,1507,41,1176,0.0136099994182587,186,0,1.17513651364701,4.24698307256252,45.8587893781635,708.536581181597,45
"461",2021-06-04,27297,647,579,43,44,30,0,0,27,3,6,30,24,2,1510,27,1195,0.0476999998092651,68,0.0147099995613098,4.59238161062873,4.43914701519259,29.2101218599644,699.961068273961,30
"462",2021-06-05,27316,615,582,39,43.1,19,1,0,18,2,4,31,27,3,1512,19,999,0.0160199999809265,90,0.0222199988365173,1.65323965805621,4.34786812989109,19.5598915361452,633.122804985751,19
"463",2021-06-06,27333,566,582,21,39.6,17,0,1,16,3,4,30,26,0,1515,16,608,0.106909999847412,22,0,10.3176634773375,4.58700730385793,19.9424956410085,670.090783300677,17
"464",2021-06-07,27360,533,583,17,36.3,27,1,3,23,1,4,28,24,1,1516,24,843,0.00949000000953674,30,0.0666699981689453,1.14549483998944,3.55133035413029,27.490025708951,543.882654286287,27
"465",2021-06-08,27393,505,584,28,34.9,33,0,3,29,1,3,27,24,1,1517,29,1771,0.0299300003051758,100,0,2.83303209729911,3.70482587294676,33.4644143623702,530.501008724034,33
"466",2021-06-09,27420,479,585,33,32.7,27,1,0,24,2,4,25,21,1,1519,25,1194,0.0594600009918213,26,0,5.81928206428153,3.93374718017708,27.5931276957651,528.684326650859,27
"467",2021-06-10,27449,466,585,20,28.7,29,0,0,28,2,5,22,17,0,1521,28,1216,0.0304299998283386,136,0,2.73689939284465,4.1568561629196,29.3659391454541,488.733130063629,29
"468",2021-06-11,27471,456,585,36,27.7,22,0,1,20,1,4,17,13,0,1522,20,1055,0.017059999704361,96,0,1.56370979045186,3.72418876003719,21.5574432201042,468.709705418376,22
"469",2021-06-12,27489,433,585,29,26.3,18,0,0,18,2,6,18,12,0,1524,18,880,0.011360000371933,44,0,1.08190479732695,3.64256949421873,18.3471171236349,441.350095251883,18
"470",2021-06-13,27510,426,586,18,25.9,21,0,1,18,2,5,17,12,1,1526,18,583,0.132080001831055,17,0,12.8337735112508,4.00201378477777,23.1175735218229,523.449240016476,21
"471",2021-06-14,27529,389,589,22,26.6,19,2,1,16,2,4,16,12,3,1528,18,655,0.0564900016784668,29,0,5.40949577476546,4.61115677546006,20.7355765667098,426.507738025005,19
"472",2021-06-15,27556,375,589,22,25.7,27,1,0,24,0,4,16,12,0,1528,25,1518,0.0144900000095367,36,0,1.41543243336401,4.40864253775504,25.6307302179025,384.460953268537,27
"473",2021-06-16,27573,354,589,24,24.4,17,0,0,17,1,4,14,10,0,1529,17,1251,0.0223799991607666,42,0,2.16530386311825,3.88664565187458,17.6561184629855,367.66270211158,17
"474",2021-06-17,27584,311,590,12,23.3,11,0,0,11,0,5,13,8,1,1529,11,1101,0.0208899998664856,123,0.0243899989128113,2.12417154569252,3.79911310228141,11.4164825011285,322.77509616827,11
"475",2021-06-18,27598,281,590,26,21.9,14,1,0,13,1,4,14,10,0,1530,14,864,0.0196800005435944,63,0,1.83425247784958,3.83776205762395,14.4577218418571,290.187131254418,14
"476",2021-06-19,27607,248,590,18,20.3,9,0,0,9,0,3,12,9,0,1530,9,926,0.0194400000572205,37,0,1.86930841671715,3.9502482889654,9.29987340956452,256.263178396889,9
"477",2021-06-20,27619,235,590,7,18.7,12,0,0,10,0,3,12,9,0,1530,10,562,0.0266899991035461,15,0,2.59961516398491,2.48822566792741,10.4633653433943,245.889085569766,12
"478",2021-06-21,27630,225,591,13,17.4,11,0,0,11,2,2,11,9,1,1532,11,520,0.0230800008773804,7,0,2.27734354008308,2.04077534868707,11.4465146590566,234.133254389794,11
"479",2021-06-22,27641,202,591,13,16.1,11,0,0,10,0,2,8,6,0,1532,10,1297,0.0115699994564056,65,0,1.10178335498958,1.99596833749072,10.1963860765638,205.96699874659,11
"480",2021-06-23,27652,189,591,18,15.3,11,0,0,10,0,1,6,5,0,1532,10,1105,0.00814000010490417,18,0,0.800952815308914,1.80106104494653,10.1427648913,191.698256445571,11
"481",2021-06-24,27658,177,591,8,14.7,6,1,0,5,1,0,6,6,0,1533,6,904,0.00995999991893768,51,0,0.942810463530855,1.63229517606629,6.10083008444682,179.974487491181,6
"482",2021-06-25,27662,156,591,7,12,4,0,0,4,2,0,8,8,0,1535,4,1024,0.00194999992847443,64,0,0.183529405032888,1.39647759423534,4.0130851930646,156.510322529519,4
"483",2021-06-26,27666,141,591,9,10.7,4,0,0,4,1,0,8,8,0,1536,4,764,0.00523999989032745,19,0,0.511284791342295,1.20247421918179,4.03645334220154,142.284980312604,4
"484",2021-06-27,27671,127,591,8,10.9,5,0,0,5,0,0,7,7,0,1536,5,398,0.0200999999046326,13,0,1.94642334842914,1.10916110267382,5.17346896874017,131.406111806,5
"485",2021-06-28,27680,119,591,1,9.1,9,0,0,9,0,0,6,6,0,1536,9,555,0.00180000007152557,5,0,0.178392864231552,0.809311006123604,9.028617683396,119.378389369347,9
"486",2021-06-29,27683,113,591,8,8.4,3,0,0,3,0,0,5,5,0,1536,3,929,0.00646000027656555,14,0,0.636409359165365,0.742829006720145,3.03403081102169,114.28182721515,3
"487",2021-06-30,27685,98,591,8,7,2,0,1,1,0,0,4,4,0,1536,1,1221,0.000820000022649765,51,0,0.0787122663251072,0.639651785436743,2.00140299752134,98.1374937570913,2
"488",2021-07-01,27688,94,591,7,6.9,3,0,0,3,0,0,3,3,0,1536,3,884,0.00225999996066093,74,0,0.208542793864746,0.534756404055871,3.01115143940883,94.3494117681435,3
"489",2021-07-02,27692,83,591,6,6.7,4,0,0,4,2,0,4,4,0,1538,4,785,0.0140100002288818,29,0,1.35108724565998,0.701550381288312,4.09632918198265,84.99883052614,4
"490",2021-07-03,27698,77,591,6,6.3,6,0,0,6,0,0,3,3,0,1538,6,627,0.00158999994397163,16,0,0.155043540415274,0.650658774013023,6.01658133196195,77.2127937601784,6
"491",2021-07-04,27700,72,592,2,5.4,2,0,0,2,1,0,4,4,1,1539,2,437,0.00685999989509583,34,0,0.636479820415473,0.463523984296785,2.02268971920431,72.816829891355,2
"492",2021-07-05,27706,71,592,2,5.6,6,0,0,6,0,0,4,4,0,1539,6,505,0.00197999998927116,27,0,0.187951126801116,0.464889450378151,6.02010067635043,71.2378580034801,6
"493",2021-07-06,27711,67,592,12,6.1,5,0,2,3,0,0,4,4,0,1539,3,1174,0.00596000015735626,28,0,0.582116487914829,0.457133325913789,5.03112760035274,67.6951830745445,5
"494",2021-07-07,27717,66,592,6,5.9,6,0,0,6,0,0,4,4,0,1539,6,1218,0.0320199990272522,23,0,3.14265582717109,0.894839548891786,6.33609539212605,69.6970493133865,6
"495",2021-07-08,27719,57,593,5,5.6,2,0,0,2,1,0,5,5,1,1540,2,933,0.00321999996900558,87,0,0.294535291282569,0.907124191380046,2.01049981922537,57.2992448479231,2
"496",2021-07-09,27721,55,593,3,5.1,2,0,0,2,0,0,4,4,0,1540,2,823,0.00486000001430511,56,0,0.455037544001491,0.77911709114312,2.01622152622855,55.446091971285,2
"497",2021-07-10,27722,51,593,0,4.3,1,0,0,1,0,0,4,4,0,1540,1,930,0,22,0,0,0.756968013940938,1,51,1
"498",2021-07-11,27727,53,593,0,4,5,0,0,5,0,0,4,4,0,1540,5,422,0.00237000003457069,8,0,0.23259070106717,0.699269568319752,5.02072892779736,53.219726634652,5
"499",2021-07-12,27730,51,593,1,3.9,3,0,1,2,0,0,3,3,0,1540,2,460,0.00216999992728233,16,0,0.209705875325603,0.702377389537536,3.00747575535627,51.190631761585,3
"500",2021-07-13,27732,50,593,2,2.4,2,0,0,2,0,0,3,3,0,1540,2,1188,0.000839999988675117,14,0,0.0830216294963427,0.63107812404918,2.00295961851536,50.073990462884,2
"501",2021-07-14,27737,52,593,0,1.6,5,0,0,5,0,0,2,2,0,1540,5,1098,0,15,0,0,0.182127291596168,5,52,5
"502",2021-07-15,27748,58,593,1,1,11,0,0,11,0,0,2,2,0,1540,11,947,0.00105999998748302,31,0,0.102640080587569,0.154713690068311,11.0201244563161,58.1061107696666,11
"503",2021-07-16,27751,58,593,8,1.7,3,0,0,3,0,0,2,2,0,1540,3,867,0.00460999995470047,34,0,0.443603769225894,0.153080293671797,3.02372088942695,58.4586038622544,3
"504",2021-07-17,27753,55,593,5,2.4,2,0,0,2,0,0,2,2,0,1540,2,761,0.00263000011444092,18,0,0.256922989356809,0.189783577865627,2.00915898713306,55.2518721461591,2
"505",2021-07-18,27761,60,593,4,3,8,0,0,8,0,0,2,2,0,1540,8,214,0.00467000007629395,17,0,0.432632041699959,0.21836091224174,8.06169119101718,60.4626839326288,8
"506",2021-07-19,27770,65,593,2,3.1,9,0,0,9,0,0,2,2,0,1540,9,367,0,10,0,0,0.188402930052368,9,65,9
"507",2021-07-20,27774,66,593,10,4.3,4,0,0,4,0,0,2,2,0,1540,4,1142,0.00437999993562698,22,0,0.429721643168901,0.237931503434162,4.03063809128513,66.5055285062046,4
"508",2021-07-21,27779,69,593,12,6,5,0,0,5,0,0,2,2,0,1540,5,1058,0.0103999996185303,8,0,1.03219508409053,0.385387944018523,5.09199119858502,70.2694785404732,5
"509",2021-07-22,27784,71,593,5,6.6,5,0,0,5,1,0,3,3,0,1541,5,1046,0.00477999985218048,28,0,0.46553816064998,0.437230526884582,5.04148965059545,71.5891530384554,5
"510",2021-07-23,27796,79,593,3,5.9,12,0,0,12,0,0,3,3,0,1541,12,928,0.00647000014781952,38,0,0.621548668444774,0.462651226772993,12.1329446525071,79.8752189623386,12
"511",2021-07-24,27799,81,593,2,5.4,3,0,0,3,0,0,3,3,0,1541,3,713,0.0028099998831749,16,0,0.274832636036173,0.465209747727188,3.01469616586376,81.3967964783214,3
"512",2021-07-25,27806,83,593,7,5.9,7,0,0,7,0,0,3,3,0,1541,7,410,0.00244000002741814,14,0,0.235943398877698,0.437111370181151,7.02943881728729,83.3490602621207,7
"513",2021-07-26,27815,87,593,5,6.3,9,0,0,9,1,0,4,4,0,1542,9,410,0,10,0,0,0.437111370181151,9,87,9
"514",2021-07-27,27823,94,593,7,5.9,8,0,0,8,0,0,4,4,0,1542,8,1125,0.0106700003147125,5,0,1.06227879239394,0.5274766772133,8.15147570586212,95.7798395438799,8
"515",2021-07-28,27829,94,593,8,5.3,6,0,0,6,0,0,3,3,0,1542,6,1074,0.00372000008821487,11,0,0.368228580160624,0.432624319509027,6.03938068176957,94.6169640143899,6
"516",2021-07-29,27833,90,593,9,5.9,4,0,0,4,0,0,3,3,0,1542,4,1234,0.00243000000715256,15,0,0.240081666038932,0.400416248850306,4.01711722952966,90.3851376644174,4
"517",2021-07-30,27836,85,593,4,6,3,0,0,3,0,0,3,3,0,1542,3,940,0.00745000004768372,21,0,0.72872008791079,0.415726451631166,3.03896695616156,86.1040637579109,3
"518",2021-07-31,27843,86,593,8,6.9,7,0,0,7,0,0,2,2,0,1542,7,936,0.00962000012397766,8,0,0.953847469919819,0.512728570757401,7.11901219326532,87.4621498029739,7
"519",2021-08-01,27852,88,593,1,6,9,0,0,7,0,0,2,2,0,1542,7,563,0.00178000003099442,13,0,0.173982641918378,0.503877034048927,7.02170793177922,88.2728997137959,9
"520",2021-08-02,27863,90,593,3,5.7,11,0,0,11,1,0,3,3,0,1543,11,462,0.0043299999833107,4,0,0.429283260147971,0.565203214070065,11.0841687980623,90.6886538023277,11
"521",2021-08-03,27880,102,593,10,6.1,17,0,0,16,0,0,3,3,0,1543,16,550,0.0109099996089935,3,0,1.08508133543335,0.568460720218552,16.3094544716122,103.972772256528,17
"522",2021-08-04,27892,111,593,15,7.1,12,0,0,10,2,0,5,5,0,1545,10,1289,0.00776000022888184,22,0,0.762977901985408,0.624853480479235,10.1359960975969,112.509556683326,12
"523",2021-08-05,27912,124,593,9,7.1,20,0,0,20,0,1,5,4,0,1545,20,1482,0.00472000002861023,19,0,0.466025319280504,0.657131145228031,20.1661322684146,125.03002006417,20
"524",2021-08-06,27926,126,593,15,8.7,14,0,0,12,1,1,6,5,0,1546,12,1109,0.00541000008583069,44,0,0.520354735055181,0.627364666248658,12.1113000203274,127.168650213437,14
"525",2021-08-07,27939,136,593,13,9.4,13,0,0,13,0,1,6,5,0,1546,13,846,0.01182000041008,14,0,1.16275817987531,0.657209053385157,13.2694308011419,138.818660688869,13
"526",2021-08-08,27959,148,593,5,10,20,0,0,19,1,1,5,4,0,1547,19,612,0.00653999984264374,4,0,0.6497532311198,0.725176280413932,19.2200475490134,149.714054592315,20
"527",2021-08-09,27973,156,593,13,11.4,14,0,0,14,1,1,5,4,0,1548,14,556,0.0143900001049042,9,0,1.41607788642951,0.866146941311295,14.3533699892555,159.937551308847,14
"528",2021-08-10,27993,171,593,18,12.6,20,3,0,17,1,1,6,5,0,1549,20,1264,0.0102799999713898,16,0,1.01514999717474,0.856156750131494,20.3618884314527,174.094146088921,20
"529",2021-08-11,28008,177,593,20,13.3,15,2,0,13,0,1,6,5,0,1549,15,1296,0.0108000004291534,8,0,1.07337427578089,0.900499089245134,15.2869835005456,180.386405306438,15
"530",2021-08-12,28027,191,593,18,14.6,19,3,0,16,0,1,5,4,0,1549,19,1053,0.0133000004291534,38,0,1.28367556845999,1.01730626769935,19.4347337558924,195.370218282918,19
"531",2021-08-13,28044,205,593,26,16.1,17,3,0,14,0,1,5,4,0,1549,17,1077,0.0213599991798401,14,0,2.10859020317945,1.24419704885996,17.6389334017924,212.704785139261,17
"532",2021-08-14,28061,213,593,16,16.6,17,2,0,15,1,1,6,5,0,1550,17,1005,0.0119400000572205,12,0,1.17991151007931,1.24664752460339,17.3575302938486,217.479644269985,17
"533",2021-08-15,28079,210,593,8,17,18,1,0,17,0,1,6,5,0,1550,18,543,0.0221000003814697,2,0,2.20188994626386,1.46838134105254,18.7064519046371,218.241938887433,18
"534",2021-08-16,28098,213,593,21,18.1,19,0,0,19,0,1,5,4,0,1550,19,611,0.0114600002765656,8,0,1.1311890418387,1.42768293468242,19.3830921713131,217.294664867878,19
"535",2021-08-17,28119,209,593,18,18.1,21,0,0,21,0,1,5,4,0,1550,21,1323,0.0158700001239777,10,0,1.57509453593567,1.50767501164827,21.5895768282669,214.867693195609,21
"536",2021-08-18,28150,222,593,24,18.7,31,0,0,31,0,1,4,3,0,1550,31,1295,0.015440000295639,12,0,1.52982405377601,1.57288212279043,31.8453132291569,228.053533447511,31
"537",2021-08-19,28173,230,593,19,18.9,23,0,0,23,3,1,7,6,0,1553,23,1279,0.0172000002861023,17,0,1.69743829983988,1.63199108441613,23.6958831486533,236.958831486533,23
"538",2021-08-20,28192,230,593,17,17.6,19,0,0,19,0,2,7,5,0,1553,19,1142,0.014889999628067,50,0,1.42654191067555,1.53455561405843,19.4831173374359,235.848262505803,19
"539",2021-08-21,28215,239,593,27,19.1,23,1,0,22,1,2,8,6,0,1554,23,879,0.0182000005245209,12,0,1.79548826723388,1.62249515079479,23.736079790877,246.648829131287,23
"540",2021-08-22,28246,256,593,17,20.4,31,0,0,31,1,1,7,6,0,1555,31,520,0.0173099994659424,6,0,1.71125470005514,1.55240440133641,31.9455637939821,263.80852681482,31
"541",2021-08-23,28287,275,593,16,19.7,41,1,0,40,0,1,5,4,0,1555,41,575,0.0139100003242493,11,0.0909099960327148,1.53553927351591,1.61016872014743,42.1221715966903,282.526760709508,41
"542",2021-08-24,28319,289,593,26,20.9,32,1,0,31,0,1,5,4,0,1555,32,1233,0.0154100000858307,23,0,1.51278105938131,1.60126679492538,32.8628604107523,296.792708084607,32
"543",2021-08-25,28345,305,593,27,21.3,26,0,0,25,2,1,7,6,0,1557,25,1318,0.0197300004959106,68,0,1.8762006243586,1.65074916215147,25.8360529268204,315.199845707209,26
"544",2021-08-26,28373,313,593,44,24.9,28,2,0,24,3,1,10,9,0,1560,26,1198,0.0125199997425079,22,0,1.22942292553479,1.58388982296503,26.5697563078931,319.858989398866,28
"545",2021-08-27,28406,330,593,24,25.9,33,0,0,33,2,1,11,10,0,1562,33,896,0.0278999996185303,9,0,2.7622541058788,1.7747058508512,34.6247706091842,346.247706091842,33
"546",2021-08-28,28438,334,593,38,27.4,32,0,0,29,2,1,13,12,0,1564,29,1115,0.0242199993133545,16,0,2.38773644866404,1.85931273391266,30.2342378867899,348.21501566165,32
"547",2021-08-29,28477,355,593,28,29,39,0,0,35,1,0,12,12,0,1565,35,537,0.0260700011253357,2,0,2.59732664272825,1.98589444000881,36.6203510001632,371.434988715941,39
"548",2021-08-30,28514,377,593,20,29.6,37,0,1,35,1,1,11,10,0,1566,35,627,0.0111600005626678,9,0,1.10020760264036,1.92370420131231,36.6863682295473,384.393166358267,37
"549",2021-08-31,28544,385,593,22,29,30,0,0,24,0,1,9,8,0,1566,24,553,0.0361700010299683,16,0,3.51529183999516,2.20977716997143,25.5037897299294,409.123293584284,30
"550",2021-09-01,28583,396,593,55,33,39,0,0,37,2,1,11,10,0,1568,37,807,0.0309800004959106,5,0,3.07892369460589,2.38159475143533,39.0305567734653,417.732445467359,39
"551",2021-09-02,28628,423,593,34,31.6,45,0,1,39,1,1,12,11,0,1569,39,1298,0.0169500005245209,8,0,1.68461720373875,2.44662250546447,41.1710631772193,435.701531383686,45
"552",2021-09-03,28680,455,593,50,35.3,52,0,1,49,1,2,7,5,0,1570,49,1050,0.035239999294281,45,0.0222199988365173,3.47049307823181,2.5477995015149,53.0311103628658,483.14602479804,52
"553",2021-09-04,28735,486,593,38,35.3,55,0,0,52,0,2,7,5,0,1570,52,911,0.0318300008773804,8,0,3.1552917083018,2.65745025289172,54.924538524065,513.333186974915,55
"554",2021-09-05,28761,480,593,23,34.6,26,0,0,25,2,1,9,8,0,1572,25,412,0.0388299989700317,6,0,3.82726305637633,2.83315545484145,26.7054649904985,512.744927817571,26
"555",2021-09-06,28821,497,593,29,35.9,60,0,1,53,1,1,10,9,0,1573,53,519,0.0346799993515015,2,0,3.45468707551426,3.169509665252,57.2636161351059,527.604098474484,60
"556",2021-09-07,28886,522,593,50,39.9,65,1,2,56,1,1,10,9,0,1574,57,825,0.0460599994659424,11,0.0909099960327148,4.66501309997157,3.33375555953435,63.7396056668843,565.404809791466,65
"557",2021-09-08,28938,535,594,66,41.4,52,0,1,50,2,1,9,8,1,1576,50,1376,0.03125,17,0,3.08686288585786,3.3348897297132,53.7510711987925,564.43646182708,52
"558",2021-09-09,29008,580,594,58,44.9,70,0,3,63,3,2,12,10,0,1579,63,1485,0.0343400001525879,13,0,3.40419894703558,3.58054426446989,69.8226978232591,615.193091071275,70
"559",2021-09-10,29074,610,594,62,46.6,66,0,0,58,0,1,9,8,0,1579,58,1263,0.0332500004768372,35,0,3.23534288152892,3.54695137922662,61.3447433140064,645.177472785239,66
"560",2021-09-11,29128,632,594,44,47.4,54,0,0,49,1,1,9,8,0,1580,49,1162,0.0309800004959106,15,0,3.05851831573901,3.5331266088605,51.6712937766684,666.45423809907,54
"561",2021-09-12,29183,644,594,53,51.7,55,0,1,50,2,1,10,9,0,1582,50,585,0.0598299980163574,3,0,5.95247429244372,3.83672821401299,56.3049588507861,712.327869998125,55
"562",2021-09-13,29245,673,594,36,52.7,62,0,0,55,5,4,15,11,0,1587,55,530,0.0301900005340576,20,0,2.90921823328191,3.75880409369408,57.8520259782759,707.89842697054,62
"563",2021-09-14,29307,693,594,63,54.6,62,0,2,55,2,5,12,7,0,1589,55,1224,0.0334999990463257,29,0,3.27246598824443,3.55986879201878,60.2081326538947,733.422471439073,62
"564",2021-09-15,29354,705,594,58,53.4,47,0,1,42,2,6,13,7,0,1591,42,1537,0.0305800008773804,13,0,3.03235234506669,3.55208157190575,45.2700919049664,743.10511411908,47
"565",2021-09-16,29414,733,594,63,54.1,60,1,1,50,1,7,13,6,0,1592,51,1708,0.0316199994087219,39,0,3.09141150487104,3.50739765159653,54.8102275152883,773.390132719731,60
"566",2021-09-17,29474,730,595,90,58.1,60,1,2,46,0,7,11,4,1,1592,47,1417,0.0310500001907349,4,0,3.09625969530411,3.48752862499299,51.5938790660616,770.287908898404,60
"567",2021-09-18,29536,746,595,44,58.1,62,0,5,50,0,7,10,3,0,1592,50,1575,0.0298399996757507,28,0,2.93187769739909,3.46943710808728,57.6129454368218,784.985145917381,62
"568",2021-09-19,29579,737,595,60,59.1,43,2,1,39,3,7,11,4,0,1595,41,1058,0.0321399998664856,3,0,3.20491233352891,3.07692825681374,44.3421488805909,779.101554268183,43
"569",2021-09-20,29630,716,595,60,62.6,51,2,0,40,2,8,13,5,0,1597,42,1220,0.0385199999809265,66,0.0606099987030029,3.965370131503,3.22780709941675,44.9685714624706,766.607075407832,51
"570",2021-09-21,29690,715,595,36,58.7,60,0,0,51,1,7,14,7,0,1598,51,1196,0.0200699996948242,23,0,1.96913204552992,3.04161653617182,52.7900266745028,740.095472005284,60
"571",2021-09-22,29741,702,595,63,59.4,51,0,0,42,5,9,18,9,0,1603,42,2383,0.0180400002002716,29,0,1.7823101358726,2.86303907771552,43.3342802389592,724.301541136889,51
"572",2021-09-23,29777,674,595,44,56.7,36,0,0,29,3,9,19,10,0,1606,29,1528,0.0274900007247925,48,0,2.66527418194689,2.80216231729779,30.3776991074046,706.019627530714,36
"573",2021-09-24,29821,668,595,56,51.9,44,1,0,34,2,8,18,10,0,1608,35,2089,0.0181900000572205,48,0,1.77814272903761,2.61385989354543,36.1093003483006,689.171789504709,44
"574",2021-09-25,29865,663,595,62,54.4,44,0,1,35,2,10,18,8,0,1610,35,1935,0.0273900008201599,32,0,2.6944408534321,2.57994034440729,37.6809360285748,694.841731055574,44
"575",2021-09-26,29913,641,595,38,51.3,48,1,0,38,3,11,19,8,0,1613,39,1060,0.0339599990844727,4,0,3.38323299149822,2.60541472411719,41.351857482818,679.654888371445,48
"576",2021-09-27,29954,622,595,31,47.1,41,0,0,29,0,11,19,8,0,1613,29,852,0.0164300000667572,15,0.0666699981689453,1.72992041861722,2.28606476513351,29.8942081204077,641.179222444607,41
"577",2021-09-28,29999,598,596,44,48.3,45,1,1,32,3,11,20,9,1,1616,33,1723,0.0203099989891052,35,0,1.99056474733949,2.28912657967773,35.1708593681777,619.217390974856,45
"578",2021-09-29,30044,586,596,65,48.6,45,1,0,37,0,11,20,9,0,1616,38,2041,0.0215599989891052,8,0,2.14758213454191,2.34130829377335,39.4546143439606,608.431684356866,45
"579",2021-09-30,30092,589,596,61,51,48,2,0,38,3,12,22,10,0,1619,40,1837,0.017960000038147,29,0,1.76808789228703,2.21313882382194,41.2606029764883,607.56237882879,48
"580",2021-10-01,30135,572,596,48,49.9,43,0,0,24,1,11,21,10,0,1620,24,1834,0.0196300005912781,13,0,1.94918359958874,2.23757323390067,24.8338318444742,591.872992293303,43
"581",2021-10-02,30171,554,596,60,49.6,36,0,0,28,0,9,16,7,0,1620,28,1477,0.0189600002765656,13,0,1.87945774553607,2.12114707562981,28.9380048508785,572.559095978096,36
"582",2021-10-03,30198,540,597,37,49.4,27,5,0,18,2,7,15,8,1,1622,23,1029,0.0213800001144409,12,0,2.11335447817096,1.9397358594402,23.866392474253,560.341388525941,27
"583",2021-10-04,30242,537,598,25,48.6,44,1,0,40,0,4,11,7,1,1622,41,1256,0.0199000000953674,8,0,1.97740507276752,1.9750908100331,42.445086977639,555.927114804686,44
"584",2021-10-05,30292,534,598,33,47,50,1,0,42,0,4,10,6,0,1622,43,1637,0.0116100001335144,13,0,1.15185274051897,1.85527480905874,43.8828357314542,544.96358792085,50
"585",2021-10-06,30333,525,598,28,41.7,41,1,0,33,0,4,9,5,0,1622,34,1958,0.0127699995040894,36,0,1.25394478580778,1.72761233066815,34.7599268994496,536.734165359148,41
"586",2021-10-07,30370,514,598,53,40.6,37,1,0,31,2,3,9,6,0,1624,32,1681,0.0184399998188019,9,0,1.83417986363349,1.7370540408605,33.0461799351029,530.80426520759,37
"587",2021-10-08,30398,496,600,58,42,28,0,0,19,0,2,7,5,2,1624,19,2154,0.0246099996566772,13,0,2.44623623721655,1.80806156052162,19.8284503447246,517.626914262285,28
"588",2021-10-09,30427,476,600,37,38.7,29,1,0,26,3,3,8,5,0,1627,27,1520,0.0184200000762939,12,0,1.82757180913621,1.80064928389307,27.8795341390354,491.50586111781,29
"589",2021-10-10,30448,438,601,20,36.3,21,0,0,19,2,3,8,5,1,1629,19,1009,0.0178400003910065,24,0,1.7425518290925,1.74767747688186,19.5901382873613,451.604240519172,21
"590",2021-10-11,30467,416,601,18,35.3,19,0,0,17,1,4,9,5,0,1630,17,635,0.0220499992370605,7,0,2.18095786846315,1.77675644769552,17.6608618535559,432.17167829878,19
"591",2021-10-12,30501,416,601,31,35,34,0,0,27,2,5,9,4,0,1632,27,1118,0.0143099999427795,12,0,1.41580353416172,1.8144637039302,27.6813672306813,426.498102517163,34
"592",2021-10-13,30523,411,601,24,34.4,22,0,0,20,0,5,9,4,0,1632,20,1674,0.0203099989891052,9,0,2.02013893688426,1.92392001122684,20.7201545714626,425.799176443556,22
"593",2021-10-14,30543,398,601,39,32.4,20,0,0,17,0,5,8,3,0,1632,17,1288,0.0116499996185303,33,0,1.13589701049713,1.82416531792165,17.3441932623553,406.058171671612,20
"594",2021-10-15,30579,383,601,33,28.9,36,1,0,20,2,5,10,5,0,1634,21,1605,0.0155799996852875,15,0,1.54357404289422,1.6952135758756,21.5777783286285,393.537576184034,36
"595",2021-10-16,30609,377,602,22,26.7,30,0,0,24,1,4,10,6,1,1635,24,1409,0.0156099998950958,8,0,1.55218700438885,1.65587288948312,24.6640025870891,387.430373972191,30
"596",2021-10-17,30634,368,602,34,28.7,25,1,0,20,0,4,10,6,0,1635,21,815,0.0368099999427795,8,0,3.64521870636273,1.92768244337887,22.3644492023839,391.910347927489,25
"597",2021-10-18,30670,373,602,23,29.4,36,3,0,23,1,3,11,8,0,1636,26,812,0.0135500001907349,20,0,1.32242790323038,1.80503530548847,26.6128579709635,381.792154737284,36
"598",2021-10-19,30692,357,602,23,28.3,22,0,0,19,3,2,13,11,0,1639,19,1138,0.0105400002002716,9,0,1.04572974959975,1.75216762197962,19.3541502486001,363.654296776327,22
"599",2021-10-20,30718,352,602,35,29.9,26,1,0,20,1,3,13,10,0,1640,21,1788,0.0134200000762939,19,0,1.32788932686295,1.653274820548,21.4970449454047,360.33142003726,26
"600",2021-10-21,30736,341,602,44,30.6,18,0,0,15,0,3,13,10,0,1640,15,1305,0.0214599990844727,7,0,2.13455021381379,1.79593956387895,15.5707055835719,353.974040266534,18
"601",2021-10-22,30762,327,602,34,30.7,26,0,0,12,0,2,10,8,0,1640,12,1417,0.0218799996376038,19,0,2.15905010351564,1.8838647153963,12.4618048116418,339.584181117239,26
"602",2021-10-23,30786,328,602,22,30.7,24,0,1,20,0,1,8,7,0,1640,20,1331,0.0120200002193451,9,0,1.19392688745883,1.83268469869201,21.4256201839868,334.980171017383,24
"603",2021-10-24,30806,321,603,14,27.9,20,0,0,12,1,1,8,7,1,1641,12,822,0.00243000000715256,8,0,0.240657832033663,1.34631885950214,12.051474926224,322.376954276493,20
"604",2021-10-25,30832,313,603,15,26.7,26,0,2,19,3,1,8,7,0,1644,19,815,0.0135000002384186,5,0,1.34176831637941,1.34908177566629,21.4544076354252,320.485767888847,26
"605",2021-10-26,30854,300,603,30,27.7,22,0,6,14,3,2,10,8,0,1647,14,1386,0.0180400002002716,10,0,1.79107738378055,1.45556000912069,20.4469478705428,309.577454368773,22
"606",2021-10-27,30880,309,603,35,27.7,26,1,5,19,2,2,11,9,0,1649,20,1365,0.014650000333786,9,0,1.45540396329097,1.47377638575326,25.5188335308785,317.015978052072,26
"607",2021-10-28,30905,301,603,26,25.1,25,1,6,17,4,3,15,12,0,1653,18,1856,0.0113100004196167,41,0,1.10655565518232,1.32692002023448,24.3550260772646,306.936824958703,25
"608",2021-10-29,30926,296,603,12,22,21,0,1,17,1,3,16,13,0,1654,17,1548,0.0148599994182587,18,0,1.46891948272442,1.22832993155002,18.4451038995823,303.750044369198,21
"609",2021-10-30,30949,287,603,28,22.9,23,0,2,20,1,2,17,15,0,1655,20,1178,0.0118799996376038,7,0,1.18098224245547,1.22648069654954,22.4210055779788,293.041430043996,23
"610",2021-10-31,30970,273,604,32,25.4,21,0,2,16,0,1,16,15,1,1655,16,936,0.0181599998474121,7,0,1.80251960309414,1.44960380670104,18.5140607741847,281.771161959526,21
"611",2021-11-01,31021,299,604,13,25.1,51,0,10,37,1,1,15,14,0,1656,37,773,0.0116400003433228,14,0,1.14329355341659,1.42125026913492,47.7540045480882,305.093171888605,51
"612",2021-11-02,31071,327,604,31,25.3,50,1,6,37,2,0,16,16,0,1658,38,1531,0.0267799997329712,17,0,2.64859041286685,1.54375213043296,45.7939605400259,342.437502541801,50
"613",2021-11-03,31114,349,604,44,26.6,43,0,19,22,2,0,17,17,0,1660,22,1657,0.0169000005722046,11,0,1.67885497291025,1.57567370323572,41.6583401604899,359.44366890959,43
"614",2021-11-04,31147,368,604,33,27.6,33,2,5,23,4,0,20,20,0,1664,25,1511,0.0258100008964539,35,0,2.52256865165212,1.77796127415998,31.1240806963489,384.546467850255,33
"615",2021-11-05,31186,385,606,45,32.3,39,0,7,23,2,1,20,19,2,1666,23,1264,0.0213599991798401,15,0.0666699981689453,2.18913908802596,1.88084978920306,30.8974611928806,400.022719967784,39
"616",2021-11-06,31219,391,607,40,34,33,3,4,21,3,1,21,20,1,1669,24,1414,0.0212199997901917,10,0.1,2.17732301287437,2.02318418497718,28.9314265029853,406.174490111135,33
"617",2021-11-07,31257,410,608,39,35,38,3,3,27,6,3,25,22,1,1675,30,1016,0.0255900001525879,10,0,2.53405849464223,2.12768974091263,34.3550408162159,428.518891154951,38
"618",2021-11-08,31321,446,609,36,38.3,64,6,7,45,1,2,24,22,1,1676,51,849,0.0270900011062622,13,0.0769199991226196,2.7841497596068,2.36209777036837,60.5309132248496,468.133084280057,64
"619",2021-11-09,31363,462,609,39,39.4,42,0,9,29,3,2,26,24,0,1679,29,1627,0.0215100002288818,21,0.0476200008392334,2.18427126153001,2.29576646303454,39.1290652900638,479.987178069293,42
"620",2021-11-10,31404,480,609,34,38,41,1,5,28,5,2,30,28,0,1684,29,1507,0.00995000004768372,72,0.0555600023269653,1.20297468267263,2.22778356442916,34.6218261362281,490.292294668602,41
"621",2021-11-11,31451,485,610,48,40.1,47,1,5,35,3,5,33,28,1,1687,36,1632,0.0208299994468689,24,0,2.05281153969143,2.16067540557763,42.317243511227,502.74619730403,47
"622",2021-11-12,31510,506,610,50,40.9,59,1,2,36,1,5,34,29,0,1688,37,1517,0.0184599995613098,29,0.0344799995422363,1.87605040887657,2.11594845141344,40.237259264262,522.920356424772,59
"623",2021-11-13,31546,523,611,43,41.3,36,1,5,28,1,3,32,29,1,1689,29,1627,0.0196700000762939,20,0,1.94311415447056,2.08249004307004,35.004409472891,541.114005321449,36
"624",2021-11-14,31579,532,611,43,41.9,33,1,2,27,0,3,28,25,0,1689,28,912,0.037279999256134,8,0,3.69558253495589,2.24842204882913,31.8444013188611,567.043625058361,33
"625",2021-11-15,31619,530,613,41,42.6,40,1,3,34,1,2,24,22,2,1690,35,921,0.0217199993133545,18,0,2.1303641499041,2.15502410458589,39.3290348715566,550.125385197857,40
"626",2021-11-16,31669,546,614,42,43,50,1,3,37,1,1,24,23,1,1691,38,1729,0.0208200001716614,24,0,2.0534957385512,2.13634188701748,42.3908871323311,565.984851954021,50
"627",2021-11-17,31691,514,614,44,44.4,22,0,1,12,1,2,23,21,0,1692,12,1886,0.0148500001430511,19,0.0526300001144409,1.52268085417159,2.18201419723162,13.3256901467485,527.950394619059,22
"628",2021-11-18,31728,503,614,39,43.1,37,2,1,21,1,3,21,18,0,1693,23,1686,0.0183899998664856,42,0.0238100004196167,1.85217359910409,2.15335163429057,24.7593185543879,519.605966645961,37
"629",2021-11-19,31764,502,615,25,39.6,36,0,2,24,2,2,19,17,1,1695,24,1564,0.0140699994564056,40,0,1.37191266520065,2.08133195662258,26.5868838976088,514.275654858318,36
"630",2021-11-20,31805,485,616,50,40.6,41,1,0,36,1,2,16,14,1,1696,37,1680,0.0166700005531311,76,0.0131599998474121,1.65180870829519,2.03971689288324,38.0893713822704,499.279597848679,41
"631",2021-11-21,31847,487,616,25,38,42,2,2,30,1,1,16,15,0,1697,32,924,0.0238100004196167,5,0,2.36818518705337,1.85008870032574,35.3507660150598,507.556970291691,42
"632",2021-11-22,31901,480,616,31,36.6,54,2,2,41,2,0,18,18,0,1699,43,1048,0.0152699995040894,18,0,1.50121571109622,1.76021035192462,46.1506044338437,492.843956470813,54
"633",2021-11-23,31949,490,617,27,34.4,48,3,1,31,2,0,17,17,1,1701,34,1457,0.0102999997138977,9,0,1.0236766427796,1.61309333824296,35.6203777279439,498.940737843897,48
"634",2021-11-24,31998,500,617,46,34.7,49,1,1,36,1,0,15,15,0,1702,37,1743,0.0183599996566772,16,0,1.81929956802663,1.65546744022225,39.1998319631276,516.21394544767,49
"635",2021-11-25,32041,505,618,60,37.7,43,2,0,36,0,0,13,13,1,1702,38,1548,0.0219600009918213,6,0,2.18752133432042,1.70337425953887,39.4816662233508,524.690564284004,43
"636",2021-11-26,32082,498,618,51,41.4,41,8,1,28,3,1,15,14,0,1705,36,1853,0.0221300005912781,40,0,2.16623830404851,1.81684935080285,38.3900269433443,517.228706049597,41
"637",2021-11-27,32111,497,618,43,40.4,29,6,0,18,1,1,15,14,0,1706,24,1818,0.0203500008583069,2,0,2.03276382200011,1.87127150990355,24.8695862244257,515.007681397482,29
"638",2021-11-28,32177,532,618,22,40,66,13,1,40,1,2,14,12,0,1707,53,1272,0.0117900002002716,46,0,1.13785130916127,1.69550952734754,55.0749193228673,542.789756221988,66
"639",2021-11-29,32226,537,618,26,39.3,49,7,0,34,1,2,15,13,0,1708,41,989,0.0161800003051758,16,0,1.59224082605163,1.70851311519831,42.1636090726581,552.240440780912,49
"640",2021-11-30,32294,568,618,61,44.1,68,6,1,49,2,2,16,14,0,1710,55,1907,0.0272699999809265,25,0,2.69171273103659,1.94680398494931,58.6387964117467,595.251570215857,68
"641",2021-12-01,32371,605,618,62,46.4,77,4,0,53,0,2,16,14,0,1710,57,1958,0.0194099998474121,72,0.0138900005817413,1.92142166222257,1.96139285554873,58.9521447857884,625.720133252667,77
"642",2021-12-02,32442,631,618,63,46.9,71,6,0,50,0,2,14,12,0,1710,56,2077,0.0245499992370605,19,0,2.43274563050452,1.99642489786074,58.4282825275391,658.361540622807,71
"643",2021-12-03,32534,692,618,59,48,92,7,0,69,1,2,11,9,0,1711,76,1911,0.0245900011062622,12,0,2.44365533614493,2.03605590244594,79.310305153391,722.141199554561,92
"644",2021-12-04,32588,713,618,70,51.9,54,2,0,45,0,2,11,9,0,1711,47,1446,0.0242000007629395,6,0.166669998168945,2.4788719760485,2.09978563873857,49.0766649954688,744.503449824878,54
"645",2021-12-05,32666,749,618,35,53.7,78,5,1,58,0,2,10,8,0,1711,63,1461,0.0246399998664856,10,0,2.44724947688208,2.28684251984155,66.7481047358868,781.671911859987,78
"646",2021-12-06,32774,809,618,69,59.9,108,4,3,82,0,2,9,7,0,1711,86,1178,0.0348000001907349,14,0,3.439127535628,2.55068347835246,94.2718278416604,858.591961905852,108
"647",2021-12-07,32872,854,618,68,60.9,98,4,2,72,2,1,10,9,0,1713,76,1905,0.0278200006484985,22,0.0454500007629395,2.80212772455497,2.56645704885508,81.7959108675644,896.654051064473,98
"648",2021-12-08,32981,908,618,44,58.3,109,5,4,87,1,1,10,9,0,1714,92,2324,0.0249600005149841,13,0,2.48211558394622,2.64655618052989,100.070280275968,948.171896636731,109
"649",2021-12-09,33105,995,618,147,70.3,124,5,3,93,1,1,11,10,0,1715,98,1969,0.0304699993133545,15,0,3.02396313749975,2.73101582438635,106.282226932243,1048.63077344471,124
"650",2021-12-10,33274,1130,619,87,74.3,169,6,6,128,3,0,12,12,1,1718,134,2152,0.0399600005149841,23,0,3.95374349922969,2.94674270482703,149.443386740686,1209.63452997743,169
"651",2021-12-11,33401,1215,619,150,85.7,127,3,4,104,0,0,11,11,0,1718,107,1669,0.0437400007247925,12,0,4.34277580069475,3.21301467977649,119.282580652765,1309.04986442158,127
"652",2021-12-12,33587,1338,620,106,95.9,186,3,4,158,0,0,11,11,1,1718,161,1977,0.0364199995994568,14,0.0714300012588501,3.66661774112255,3.38721014609656,175.522186574845,1425.44525240461,186
"653",2021-12-13,33883,1573,620,100,100.3,296,5,9,261,1,0,12,12,0,1719,266,2090,0.0377999997138977,79,0.0126600003242493,3.68843427513425,3.42282539459745,292.487920587296,1676.41541008953,296
"654",2021-12-14,34190,1810,620,199,119,307,4,3,267,2,0,13,13,0,1721,271,2041,0.0494899988174438,12,0,4.9200724591526,3.7253889281114,297.765955325046,1968.73202634071,307
"655",2021-12-15,34515,2059,620,252,148.7,325,1,4,303,0,0,10,10,0,1721,304,2780,0.0460400009155273,20,0.05,4.60682866232735,4.02891936788013,332.962617986463,2228.07246853331,325
"656",2021-12-16,34927,2411,621,308,171.7,412,7,2,388,3,0,13,13,1,1724,395,2938,0.0871300029754639,58,0.0172399997711182,8.57769922325226,4.82231023727335,457.392414903018,2779.62306919285,412
"657",2021-12-17,35398,2811,621,354,209.9,471,7,9,430,2,0,15,15,0,1726,437,3115,0.102089996337891,10,0.1,10.208330834961,5.71582271380639,525.515292359873,3322.48166321191,471
"658",2021-12-18,35899,3265,621,308,232.4,501,23,15,434,1,0,15,15,0,1727,457,2673,0.0912800025939941,3,0,9.1177670752521,6.39796432445744,546.270984412135,3795.62311620486,501
"659",2021-12-19,36443,3743,621,402,274.7,544,21,9,494,1,0,16,16,0,1728,515,2673,0.0939000034332275,46,0.0217400002479553,9.26792016139842,7.19815038449685,609.075399998842,4361.32470329255,544
"660",2021-12-20,37346,4520,621,387,315.7,903,8,20,849,1,0,15,15,0,1729,857,2474,0.100240001678467,11,0,9.9796283361178,8.09689239320879,1029.44376846831,5324.02080919107,903
"661",2021-12-21,38200,5268,621,487,356.9,854,5,18,807,3,0,16,16,0,1732,812,2743,0.117749996185303,96,0.0208299994468689,11.4472673294535,9.02934880325178,995.680860335999,6342.88518750005,854
"662",2021-12-22,39013,5957,621,670,416.6,813,6,29,754,2,0,18,18,0,1734,760,4020,0.182089996337891,124,0.0161300003528595,17.7124011902045,10.9015734500914,1028.94158288854,7837.70001219345,813
"663",2021-12-23,39860,6687,621,735,477.6,847,1,44,786,2,1,18,17,0,1736,787,3597,0.217959995269775,96,0.0104200005531311,21.2564966974948,12.712830232126,1129.18164665583,9220.59678676939,847
"664",2021-12-24,40619,7296,621,859,549.7,759,0,32,710,3,1,20,19,0,1739,710,3803,0.26636999130249,68,0.0735300016403198,26.2982463713488,15.0113895944671,1074.8124967048,10715.9999661383,759
"665",2021-12-25,41145,7698,622,504,577.7,526,0,30,488,3,1,20,19,1,1742,488,2656,0.250380001068115,57,0.035090000629425,24.5856768475043,17.2210909905032,731.853556764545,11071.4522130604,526
"666",2021-12-26,41909,8281,622,429,581.6,764,0,47,705,7,1,23,22,0,1749,705,2040,0.21863000869751,54,0.0185199999809265,21.34695786733,18.9466678056362,1020.24991724763,11431.8901627342,764
"667",2021-12-27,42979,9053,622,545,604.1,1070,1,49,1013,5,2,27,25,0,1754,1014,1898,0.272390003204346,183,0.0546400022506714,25.3241396681269,21.1387408530661,1520.70656517776,13139.4078250042,1070
"668",2021-12-28,44194,9968,622,871,659,1215,0,68,1141,7,1,33,32,0,1761,1141,2597,0.388139991760254,90,0.1,37.848885694134,24.910400619449,1978.75625947427,16692.7418005605,1215
"669",2021-12-29,45544,10974,622,1238,740.1,1350,0,69,1274,5,4,37,33,0,1766,1274,3481,0.303360004425049,144,0.0416699981689453,29.2964594521358,26.5652660854392,2008.2717051472,16704.5272309932,1350
"670",2021-12-30,46934,11960,623,1335,825.9,1390,0,69,1318,11,5,43,38,1,1777,1318,3324,0.313780002593994,129,0.0542600011825562,30.4084641985226,27.8726900141575,2101.37193325973,18442.4645840564,1390
"671",2021-12-31,47792,12340,626,1339,894.4,858,0,63,794,14,5,52,47,3,1791,794,3294,0.35640998840332,184,0.0162999999523163,33.8416820526671,28.9503236829172,1335.94641857151,19783.5753213758,858
"672",2022-01-01,48195,12201,626,1176,990.4,403,0,54,348,16,6,67,61,0,1807,348,2491,0.398639984130859,164,0.0975599956512451,38.0042199531742,30.8672584122987,637.73580652262,20465.9786648922,403
"673",2022-01-02,48762,12118,627,503,1001,567,0,69,498,9,5,72,67,1,1816,498,2209,0.30738000869751,64,0.0468800020217896,30.0045208685523,32.104053126759,833.33640022989,18598.852405594,567
"674",2022-01-03,49447,11838,627,565,1003.9,685,0,98,587,8,4,69,65,0,1824,587,1765,0.248729991912842,105,0.1428600025177,24.2785420315789,31.9546820358236,939.024257754756,16960.8946563898,685
"675",2022-01-04,50147,11604,629,802,994,700,0,99,601,13,4,77,73,2,1837,601,2124,0.330040016174316,291,0.127150001525879,30.5592399502393,30.91330407241,1027.36444373232,17924.6938520296,700
"676",2022-01-05,50729,11278,630,692,916,582,0,116,465,17,7,91,84,1,1854,465,2659,0.311770000457764,312,0.0480800008773804,28.4078556543567,30.7863606727273,816.453902074586,16988.6432421445,582
"677",2022-01-06,51257,10905,634,836,844.7,528,2,96,430,12,7,90,83,4,1866,432,2285,0.280090007781982,121,0.0661199998855591,26.9329255098912,30.2898551457799,735.387111853026,16140.0843860121,528
"678",2022-01-07,51757,10684,635,658,747.4,500,4,134,362,18,8,95,87,1,1884,366,2299,0.295779991149902,442,0.0429899978637695,25.5016336632401,29.0984196615761,666.365616940824,15540.421451901,500
"679",2022-01-08,52138,10546,636,706,680.3,381,0,94,287,22,10,108,98,1,1906,287,2343,0.301749992370605,276,0.0833300018310547,27.873207813276,27.6511322130192,523.588117798908,15785.4923007222,381
"680",2022-01-09,52476,10218,636,501,680,338,0,88,250,18,13,117,104,0,1924,250,1309,0.266620006561279,170,0.0529400014877319,24.2059086437883,26.8227590380529,445.863841986008,14626.6109496521,338
"681",2022-01-10,53025,9762,637,407,657.4,549,0,136,413,12,14,117,103,1,1936,413,1326,0.171189994812012,127,0.0708699989318848,16.2421488633914,25.674702871169,668.56608935017,12588.1602039621,549
"682",2022-01-11,53455,9018,640,602,628.9,430,1,101,327,16,9,121,112,3,1952,328,2101,0.27701000213623,414,0.0966199970245361,24.7315583799752,24.8421769325598,573.590517921959,12993.3575933543,430
"683",2022-01-12,53898,8106,643,482,598.9,443,1,140,302,17,9,120,111,3,1969,303,1510,0.291389999389648,160,0.20625,28.3232873699622,24.8300957490749,595.968065346658,12198.2743818482,443
"684",2022-01-13,54277,7119,646,405,537.3,379,0,107,272,15,11,119,108,3,1984,272,2015,0.134490003585815,156,0.0961499977111816,13.1735033103805,22.8644640062877,442.86819986877,8790.60924583006,379
"685",2022-01-14,54637,6598,647,434,505.3,360,0,87,273,18,16,129,113,1,2002,273,1724,0.208239994049072,273,0.16117000579834,20.1805288594665,22.1043061771772,458.199590590539,8971.3366253347,360
"686",2022-01-15,54918,6482,651,379,458.6,281,0,72,209,16,11,132,121,4,2018,209,1521,0.183430004119873,200,0.125,17.6639765407511,20.6458445668165,346.803539146933,8522.85426196372,281
"687",2022-01-16,55160,6168,655,383,441.7,242,0,42,200,11,14,133,119,4,2029,200,1325,0.21886999130249,82,0.158540000915527,21.5353957747599,20.2643427283839,318.771025162105,8535.61841599931,248
"688",2022-01-17,55431,5775,658,290,425,271,1,90,180,14,15,128,113,3,2043,181,882,0.174599990844727,181,0.0718200016021729,15.7099352977462,20.188312219006,321.683600377752,7392.11487393105,282
"689",2022-01-18,55811,5439,659,204,368.1,380,2,96,282,17,16,127,111,1,2060,284,971,0.156540002822876,18,0.166669998168945,15.6724370786707,18.8941520331053,459.33582855599,6958.39285745081,401
"690",2022-01-19,56119,5157,663,491,369.4,308,0,88,220,22,21,132,111,4,2082,220,1658,0.209290008544922,284,0.0845100021362305,19.1042057041282,17.5771403665576,382.914546236752,6913.06506792242,329
"691",2022-01-20,56372,4889,666,472,379,253,0,78,175,17,19,130,111,3,2099,175,1735,0.20576000213623,155,0.206450004577637,20.5816589638039,18.6354483170467,317.19968736005,6682.55583716163,273
"692",2022-01-21,56621,4635,669,350,367,249,1,81,167,10,19,125,106,3,2109,168,1218,0.240559997558594,86,0.220930004119873,23.9265381426899,19.1705925003643,320.647927906474,6611.71515384825,279
"693",2022-01-22,56822,4432,671,371,365.9,201,0,29,172,11,21,120,99,2,2120,172,1237,0.16492000579834,90,0.2,16.7299206610811,19.0371559461257,252.290486099261,5753.6246185577,231
"694",2022-01-23,57005,4270,677,226,343.4,183,1,49,133,17,19,124,105,6,2137,134,943,0.224810009002686,119,0.0672300004959106,20.7152738746277,18.9199956746783,232.477752584469,5846.64181743046,219
"695",2022-01-24,57250,3968,681,236,335.7,245,0,71,174,4,17,115,98,4,2141,174,767,0.172099990844727,69,0.304349994659424,18.3015361972973,19.2902243746141,301.761162331296,5262.41547201485,307
"696",2022-01-25,57498,3788,685,260,343.7,248,0,106,142,11,17,111,94,4,2152,142,882,0.176870002746582,49,0.204080009460449,17.8302108363101,19.5984777685626,293.12937403819,4991.8737243427,323
"697",2022-01-26,57615,3475,688,383,328.3,117,0,22,95,8,18,107,89,3,2160,95,NA,NA,NA,NA,NA,NA,NA,NA,206
"698",2022-01-27,57720,3196,689,285,301.6,105,0,28,77,4,16,95,79,1,2164,77,NA,NA,NA,NA,NA,NA,NA,NA,218
"699",2022-01-28,57802,2932,689,224,283.6,82,0,11,71,0,15,91,76,0,2164,71,NA,NA,NA,NA,NA,NA,NA,NA,251
"700",2022-01-29,57803,2662,691,133,249.6,1,0,0,1,0,15,91,76,2,2164,1,NA,NA,NA,NA,NA,NA,NA,NA,258
