"","date","observed_cumulative_cases","observed_active_cases","observed_cumulative_deaths","observed_new_cases","observed_daily_average_cases","observed_new_episodes","observed_new_cases_community_outbreak","observed_new_cases_institution_outbreak","observed_new_cases_sporadic","observed_new_ICU_p_acute_care","observed_census_ICU","observed_census_ICU_p_acute_care","observed_census_acute_care","observed_new_deaths","cumulative_hosp","observed_new_community_cases","num_non_ltch_tests","non_ltch_pct_positivity","num_ltch_tests","ltch_pct_positivity","observed_pct_positivity","pct_positivity_7_day","adjusted_new_episodes","adjusted_active_cases","adjusted_episode_cases"
"1",2020-03-01,7,7,0,0,0,2,0,0,2,0,0,1,1,0,0,2,NA,NA,NA,NA,NA,NA,NA,NA,2
"2",2020-03-02,10,10,0,0,0,3,2,0,1,0,0,1,1,0,0,3,NA,NA,NA,NA,NA,NA,NA,NA,3
"3",2020-03-03,11,11,0,0,0,1,0,0,1,0,0,1,1,0,0,1,NA,NA,NA,NA,NA,NA,NA,NA,1
"4",2020-03-04,12,12,0,0,0,1,0,0,1,0,0,1,1,0,0,1,NA,NA,NA,NA,NA,NA,NA,NA,1
"5",2020-03-05,18,18,0,0,0,6,2,0,4,0,0,1,1,0,0,6,NA,NA,NA,NA,NA,NA,NA,NA,6
"6",2020-03-06,23,23,0,0,0,5,0,1,4,0,0,1,1,0,0,4,NA,NA,NA,NA,NA,NA,NA,NA,5
"7",2020-03-07,27,27,0,0,0,4,0,0,4,0,0,1,1,0,0,4,NA,NA,NA,NA,NA,NA,NA,NA,4
"8",2020-03-08,36,36,0,0,0,9,1,0,8,0,0,1,1,0,0,9,NA,NA,NA,NA,NA,NA,NA,NA,9
"9",2020-03-09,45,45,0,1,0.1,9,0,0,9,0,0,1,1,0,0,9,NA,NA,NA,NA,NA,NA,NA,NA,9
"10",2020-03-10,52,52,0,0,0.1,7,1,0,6,0,0,1,1,0,0,7,NA,NA,NA,NA,NA,NA,NA,NA,7
"11",2020-03-11,61,61,0,0,0.1,9,0,0,9,0,0,1,1,0,0,9,NA,NA,NA,NA,NA,NA,NA,NA,9
"12",2020-03-12,75,75,0,3,0.6,14,1,0,13,0,0,1,1,0,0,14,NA,NA,NA,NA,NA,NA,NA,NA,14
"13",2020-03-13,97,97,0,1,0.7,22,2,2,18,0,0,1,1,0,0,20,NA,NA,NA,NA,NA,NA,NA,NA,22
"14",2020-03-14,115,115,0,4,1.3,18,1,1,16,1,0,2,2,0,1,17,NA,NA,NA,NA,NA,NA,NA,NA,18
"15",2020-03-15,142,142,0,4,1.9,27,1,0,26,0,0,2,2,0,1,27,NA,NA,NA,NA,NA,NA,NA,NA,27
"16",2020-03-16,156,156,0,0,1.7,14,0,0,14,0,0,2,2,0,1,14,NA,NA,NA,NA,NA,NA,NA,NA,14
"17",2020-03-17,179,178,0,5,2.4,23,1,0,22,2,0,4,4,0,3,23,127,0,4,0,0,0,23,178,23
"18",2020-03-18,195,193,0,4,3,16,0,0,16,0,0,3,3,0,3,16,210,0.0190499997138977,1,0,1.89597153550641,0.947985767753203,16.5192245940398,199.263146665605,16
"19",2020-03-19,220,218,0,1,2.7,25,0,0,25,4,0,7,7,0,7,25,110,0.0272699999809265,9,0,2.52075630075791,1.47224261208811,26.0786345568941,227.405693336117,25
"20",2020-03-20,242,240,0,2,2.9,22,1,1,20,3,1,10,9,0,10,21,137,0.00730000019073486,4,0,0.709290798674238,1.28150465873464,22.254945341416,242.913661044754,22
"21",2020-03-21,262,260,0,4,2.9,20,0,2,18,3,1,10,9,0,13,18,204,0.0147099995613098,3,0,1.44968111618705,1.31513995022512,20.4466305713514,266.451330475077,20
"22",2020-03-22,288,286,0,6,3.1,26,0,1,25,3,5,13,8,0,16,25,159,0.0314499998092651,2,0,3.10593165818208,1.61360523488461,27.3290317738606,301.204123492966,26
"23",2020-03-23,309,307,0,9,4.4,21,1,0,20,4,5,17,12,0,20,21,138,0.0362299990653992,3,0,3.54591480214545,1.88964945877902,22.2745329018149,325.632457183674,21
"24",2020-03-24,327,323,1,8,4.9,18,1,3,14,3,7,20,13,1,23,15,253,0.0197599995136261,4,0,1.94524508830638,2.16754161425136,18.4994235832901,333.754254493513,18
"25",2020-03-25,350,346,1,8,5.4,23,0,1,22,4,8,23,15,0,27,22,153,0.0588199996948242,2,0,5.80610319568265,2.7261318514194,25.1863057211714,380.38462634206,23
"26",2020-03-26,364,356,1,19,8,14,1,3,10,2,7,25,18,0,29,11,274,0.025550000667572,3,0,2.52732858588979,2.72707074929538,14.4758366119569,371.399803077876,14
"27",2020-03-27,381,364,1,27,11.6,17,3,2,12,5,9,26,17,0,34,15,577,0.0294600009918213,4,0,2.92571782655437,3.04370318184968,17.7511508392526,382.22792703253,17
"28",2020-03-28,406,386,2,26,14.7,25,1,1,23,3,8,25,17,1,37,24,367,0.0817399978637695,3,0,8.10772411243335,3.99485218131344,28.3305324067593,439.56606287538,25
"29",2020-03-29,425,398,2,11,15.4,19,5,4,10,7,8,31,23,0,44,15,184,0.0434800004959106,0,0,4.34800004959106,4.17229052294329,20.116308571072,427.61938741911,19
"30",2020-03-30,450,407,3,48,21,25,8,3,14,4,12,32,20,1,48,22,549,0.0783199977874756,0,0,7.83199977874756,4.78458837674359,27.9491632076436,461.559519341406,25
"31",2020-03-31,467,404,3,51,27.1,17,2,3,12,6,13,34,21,0,54,14,943,0.064689998626709,0,0,6.4689998626709,5.43083905879567,18.5501318422017,448.73237601782,17
"32",2020-04-01,494,407,3,37,31.3,27,6,4,16,3,15,33,18,0,57,22,575,0.0573899984359741,4,0.25,5.87206374795943,5.44026199483521,28.2111433666548,447.906152283114,27
"33",2020-04-02,511,403,6,32,33.1,17,5,4,7,6,14,34,20,3,63,12,107,0.0841100025177002,9,0,7.75842264602924,6.1875611462837,17.5935222813212,456.515789947705,17
"34",2020-04-03,538,409,6,26,33,27,3,4,19,5,14,37,23,0,68,22,217,0.110600004196167,2,0,10.9589958495745,7.33517229242944,30.12664303694,485.718045550384,27
"35",2020-04-04,555,416,7,18,31.9,17,3,7,6,7,14,43,29,1,75,9,315,0.0253999996185303,3,0,2.51603769806196,6.53635994751924,16.3875815660698,433.914881276115,17
"36",2020-04-05,582,427,8,40,36,27,4,8,13,4,13,43,30,1,79,17,422,0.0663500022888184,5,0.2,6.79149905524154,6.88543123404074,26.9761414417127,476.636023271255,27
"37",2020-04-06,601,427,9,40,34.9,19,3,7,9,4,12,44,32,1,83,12,238,0.117650003433228,4,0.25,11.9837606682266,7.47853993253774,21.4613752704764,514.583936707784,19
"38",2020-04-07,624,425,9,25,31.1,23,2,11,10,4,14,45,31,0,87,12,285,0.108769998550415,6,0,10.6527318167932,8.07621592598378,25.1879918485348,502.49137796894,23
"39",2020-04-08,644,428,11,26,29.6,20,1,11,7,5,16,44,28,2,92,8,368,0.0434800004959106,6,0.333330001831055,4.813000051733,7.92492111223715,19.6590362648317,463.258440168494,20
"40",2020-04-09,680,436,11,25,28.6,36,1,20,13,6,16,47,31,0,98,14,295,0.0949199962615967,5,0,9.33379963239034,8.14997496743159,36.2366084906554,505.654378708983,36
"41",2020-04-10,714,452,11,37,30.1,34,0,20,13,4,16,48,32,0,102,13,331,0.090629997253418,8,0,8.84912362562872,7.84856464972505,34.9690061588818,520.460829524197,34
"42",2020-04-11,757,481,11,31,32,43,0,34,7,5,19,52,33,0,107,7,225,0.102220001220703,11,0.363639984130859,11.4404830932617,9.12348542046787,42.3707108911356,575.187419805172,43
"43",2020-04-12,790,496,13,35,31.3,33,0,18,14,1,18,48,30,2,108,14,227,0.101319999694824,12,0.5,12.1337405567887,9.88666277783175,34.9075433608567,599.010107641782,33
"44",2020-04-13,814,503,16,16,27.9,24,0,19,5,3,20,50,30,3,111,5,165,0.0606099987030029,26,0.0384599995613098,5.75948155737672,8.99748004771035,24.4928977732368,552.585515987622,24
"45",2020-04-14,847,504,18,32,28.9,33,0,26,7,5,20,50,30,2,116,7,208,0.0673099994659424,18,0.166669998168945,7.52236276812258,8.55028446932883,33.9012717810327,568.891568234353,33
"46",2020-04-15,876,502,24,60,33.7,29,2,18,9,4,16,50,34,6,120,11,390,0.1,24,0.208330001831055,10.6280000106148,9.38099874916909,31.0010027762765,593.318490335526,29
"47",2020-04-16,946,551,24,21,33.1,70,1,55,13,7,13,52,39,0,127,14,310,0.0354800009727478,11,0,3.42641753942424,8.5370870216025,69.821054111191,583.314343947588,70
"48",2020-04-17,978,555,26,73,38.3,32,0,26,6,0,13,49,36,2,127,6,378,0.0846599960327148,66,0.5,14.6399726352176,9.36435116582948,33.5034707218543,694.071041771522,32
"49",2020-04-18,1018,577,31,31,38.3,40,0,31,9,1,11,46,35,5,128,9,421,0.0617600011825562,8,0,6.06082995288022,8.59582928863213,40.9336370304108,636.856507394112,40
"50",2020-04-19,1035,580,35,37,38.6,17,0,13,4,4,15,47,32,4,132,4,452,0.0442500019073486,47,0.127659997940063,5.21062540386864,7.60681283821498,17.3567412286196,631.727478149838,17
"51",2020-04-20,1096,617,39,16,38.6,61,1,47,13,3,13,45,32,4,135,14,325,0.0523099994659424,43,0.0232599997520447,4.89155701515467,7.48282361789754,62.1721376484936,668.657780651466,61
"52",2020-04-21,1132,628,47,51,41.3,36,0,26,10,2,11,43,32,8,137,10,543,0.069980001449585,25,0.36,8.27449661745152,7.59027131065882,37.4162666958013,716.941548496322,36
"53",2020-04-22,1173,645,54,35,37.7,41,1,31,9,4,9,45,36,7,141,10,656,0.0243899989128113,122,0.106560001373291,3.72752692215241,6.60448944087848,41.6380052445019,686.151338270372,41
"54",2020-04-23,1218,661,57,50,41.9,45,0,35,10,5,11,48,37,3,146,10,775,0.0361299991607666,105,0.0285700011253357,3.522795394063,6.61825770582687,45.6029633007778,700.855874181415,45
"55",2020-04-24,1259,668,65,38,36.9,41,0,36,5,7,10,48,38,8,153,5,517,0.0406199979782104,94,0.106379995346069,5.07369206501886,5.25164619579848,41.4342077487398,726.010155231638,41
"56",2020-04-25,1360,742,78,53,40,101,0,95,6,5,9,49,40,13,158,6,557,0.0502699995040894,28,0.0357100009918213,4.95731106864082,5.09400064090713,101.509097403153,804.958378856633,101
"57",2020-04-26,1414,759,87,87,47.1,54,0,41,13,5,9,50,41,9,163,13,358,0.0502799987792969,81,0.0123500001430511,4.32815252268233,4.96793308645194,54.963051182725,815.227372899096,54
"58",2020-04-27,1475,782,95,87,57.3,61,0,54,7,8,11,54,43,8,171,7,269,0.0632000017166138,80,0.1,7.16355314090806,5.29250396155957,61.8582819649683,877.882356657885,61
"59",2020-04-28,1494,776,103,65,59.3,19,0,12,7,7,13,60,47,8,178,7,503,0.0616300010681152,11,0.272730007171631,6.61477054788908,5.05540023733636,19.7925310459743,863.857727382297,19
"60",2020-04-29,1519,765,111,27,58.1,25,0,17,8,7,13,61,48,8,185,8,668,0.0314400005340576,74,0.148649997711182,4.31294072606172,5.13903078075198,25.59056395512,821.472678208348,25
"61",2020-04-30,1539,755,122,30,55.3,20,0,10,10,2,11,55,44,11,187,10,603,0.0414599990844727,6,0.333330001831055,4.43355656139957,5.26913951894292,20.7588496064665,812.293145288222,20
"62",2020-05-01,1562,738,135,43,56,23,0,16,7,6,11,57,46,13,193,7,516,0.031010000705719,55,0.0909099960327148,3.67797025323123,5.06975068868754,23.440666171374,784.458804924859,23
"63",2020-05-02,1583,739,139,22,51.6,21,0,15,6,4,12,57,45,4,197,6,508,0.0511800003051758,28,0.0357100009918213,5.03718660126871,5.08116147906296,21.5173003231786,802.7141564715,21
"64",2020-05-03,1602,720,148,23,42.4,19,0,13,6,3,12,52,40,9,200,6,826,0.0205800008773804,231,0.0043299999833107,1.70286761786764,4.70612077837514,19.1748781688634,740.985380263613,19
"65",2020-05-04,1620,717,152,14,32,18,0,11,7,6,10,51,41,4,206,7,637,0.0109899997711182,24,0.125,1.51295459216374,3.89889241426881,18.181270608974,735.567289519195,18
"66",2020-05-05,1645,717,156,29,26.9,25,0,24,1,3,9,49,40,4,209,1,923,0.0292499995231628,29,0.172409992218018,3.36109656871868,3.4340818458159,25.0575286854503,758.248067467856,25
"67",2020-05-06,1661,691,161,23,26.3,16,0,11,5,4,10,52,42,5,213,5,598,0.0167200005054474,149,0.0134200000762939,1.60617674881196,3.04740127763736,16.1374569802902,709.996554676106,16
"68",2020-05-07,1684,669,167,32,26.6,23,0,16,7,6,10,54,44,6,219,7,813,0.0356699991226196,234,0.0128199994564056,3.05631224063884,2.85065208895726,23.3661838788453,703.996716421072,23
"69",2020-05-08,1697,636,173,16,22.7,13,0,8,5,4,8,54,46,6,223,5,715,0.00978999972343445,127,0.0472399997711182,1.54386339349022,2.54577968042283,13.1321241888271,652.806196818809,13
"70",2020-05-09,1714,619,179,12,21.3,17,0,12,5,5,6,51,45,6,228,5,1100,0.0154499995708466,164,0.0304900002479553,1.74013920637626,2.0747729097239,17.1489215186124,637.436484004221,17
"71",2020-05-10,1726,551,185,25,21.6,12,0,8,4,3,5,52,47,6,231,4,907,0.0176400005817413,316,0.0126600003242493,1.63532629845479,2.06512414980778,12.1119612844308,566.422666930337,12
"72",2020-05-11,1746,531,188,14,21.6,20,0,14,6,1,5,51,46,3,232,6,517,0.00967000007629395,197,0.0152300000190735,1.12040616851561,2.00904580357234,20.1150615450534,541.182946737229,20
"73",2020-05-12,1769,514,193,13,19.3,23,0,17,6,4,6,50,44,5,236,6,835,0.0131700003147125,322,0.00310999989509583,1.03702422031165,1.67703546808562,23.1064985291941,523.12337400096,23
"74",2020-05-13,1790,497,195,21,19,21,0,15,6,2,7,47,40,2,238,6,1249,0.0144099998474121,224,0.0133899998664856,1.42548878340193,1.65122290159847,21.1463923945473,509.126170015002,21
"75",2020-05-14,1804,469,198,25,18,14,0,10,4,2,6,45,39,3,240,4,1046,0.0267700004577637,127,0.0236199998855591,2.64289518024611,1.59216332154237,14.1809436681082,490.215645085686,14
"76",2020-05-15,1824,454,201,17,18.1,20,0,12,8,1,5,43,38,3,241,8,1163,0.012039999961853,137,0.0146000003814697,1.23097846214588,1.54746547420746,20.1685558776358,463.56554605583,20
"77",2020-05-16,1840,435,207,19,19.1,16,0,6,10,1,4,41,37,6,242,10,967,0.0134399998188019,25,0.04,1.41093546620781,1.50043636846911,16.2414963716947,445.505092168721,16
"78",2020-05-17,1851,395,212,15,17.7,11,0,8,3,1,2,41,39,5,243,3,353,0.0254999995231628,10,0.1,2.7552341134095,1.66042319917693,11.1414761463215,413.627692598996,11
"79",2020-05-18,1866,387,213,25,19.3,15,0,8,7,2,1,42,41,1,245,7,376,0.0398900008201599,17,0.0588199996948242,4.07088557333133,2.08192025700774,15.4877422698364,413.965179775238,15
"80",2020-05-19,1878,350,219,23,20.7,12,0,8,4,0,1,39,38,6,245,4,359,0.0390000009536743,31,0.225809993743896,5.38490003805894,2.70304537382878,12.3686727996498,382.258869969359,12
"81",2020-05-20,1893,336,223,17,20.1,15,0,9,6,3,1,40,39,4,248,6,675,0.0296300005912781,36,0.0555600023269653,3.09429120715661,2.94144572007945,15.3177721947143,353.795242904004,15
"82",2020-05-21,1901,322,229,11,18.1,8,0,1,7,0,1,37,36,6,248,7,478,0.0209200000762939,36,0,1.94547860631683,2.8418147809467,8.23309231720471,332.722246591417,8
"83",2020-05-22,1908,306,233,7,16.7,7,0,3,4,1,1,35,34,4,249,4,514,0.00583999991416931,14,0,0.568515143159664,2.74717716394867,7.0389229267007,308.977603892604,7
"84",2020-05-23,1917,302,236,6,14.9,9,1,3,5,1,0,34,34,3,250,6,582,0.00859000027179718,43,0,0.799900825309753,2.65988650096323,9.08214683874117,306.134724216639,9
"85",2020-05-24,1927,299,237,8,13.9,10,0,3,7,1,1,35,34,1,251,7,332,0.0150600004196167,25,0.04,1.68064989896716,2.50637447032861,10.2013625737585,307.601058507686,10
"86",2020-05-25,1942,295,240,6,11.1,15,1,7,7,0,1,34,33,3,251,8,401,0.0174600005149841,8,0,1.71184846124905,2.16936916860257,15.2344006240875,303.643523013227,15
"87",2020-05-26,1948,286,243,16,10.1,6,0,2,4,1,1,34,33,3,252,4,1123,0.00800999999046326,41,0.0731699991226196,1.03051545990701,1.54731422886658,6.07055340247751,291.044568277142,6
"88",2020-05-27,1953,260,243,8,8.9,5,0,1,4,1,1,32,31,0,253,4,1150,0.00957000017166138,13,0.0769199991226196,1.03228376491871,1.25274173711831,5.07067446804135,264.593840422687,5
"89",2020-05-28,1957,235,244,4,7.9,4,0,2,2,1,1,30,29,1,254,2,1403,0.00284999996423721,88,0,0.268179071081476,1.01312751779898,4.00918033094805,236.078688886396,4
"90",2020-05-29,1964,226,247,7,7.9,7,0,3,4,2,1,31,30,3,256,4,1380,0.0065200001001358,37,0,0.634975309681539,1.0226218273021,7.04347306792592,228.456228337814,7
"91",2020-05-30,1967,209,248,15,9.1,3,1,1,1,0,1,31,30,1,256,2,1020,0.0127499997615814,119,0,1.1417910234252,1.07146328417574,3.03908589669688,213.084476204824,3
"92",2020-05-31,1971,194,249,10,9.4,4,0,1,3,3,1,34,33,1,259,3,1309,0.00535000026226044,11,0.0909099960327148,0.606300022701423,0.917984730423488,4.03113237830098,196.01322713013,4
"93",2020-06-01,1982,185,250,5,9.3,11,0,5,6,2,1,33,32,1,261,6,763,0.00130999997258186,20,0,0.127653892602805,0.691671220616881,11.0131095798361,185.404212044945,11
"94",2020-06-02,1985,167,251,8,8.1,3,0,1,2,0,1,28,27,1,261,2,858,0.0104900002479553,9,0,1.03811075118174,0.692756262227556,3.03553670395734,169.967314780438,3
"95",2020-06-03,1995,157,251,8,8.1,10,0,7,3,0,1,23,22,0,261,3,1110,0.00449999988079071,141,0,0.399280564962245,0.602327233662346,10.0205023142524,158.072954445873,10
"96",2020-06-04,2002,146,254,8,8.7,7,0,2,5,0,0,20,20,3,261,5,1430,0.00559000015258789,21,0,0.550909732474203,0.642717328147021,7.04714698322859,147.376691910275,7
"97",2020-06-05,2006,137,256,15,9.9,4,0,1,3,1,0,21,21,2,262,3,1366,0.00952000021934509,29,0,0.932209340474939,0.685179332546079,4.04786721549846,139.18593617443,4
"98",2020-06-06,2009,128,257,2,8,3,0,0,3,0,0,21,21,1,262,3,1404,0.000710000023245811,68,0,0.0677201109128477,0.5317406307586,3.00347730171958,128.148364873369,3
"99",2020-06-07,2010,118,258,4,7.1,1,0,0,1,0,0,20,20,1,262,1,870,0.00230000004172325,22,0,0.22432735832951,0.477173107276898,1.00383959751569,118.453072506851,1
"100",2020-06-08,2013,110,258,0,6.4,3,0,0,3,0,0,19,19,0,262,3,701,0.0014300000667572,12,0,0.140593274445554,0.47902159039729,3.00721920310527,110.26470411386,3
"101",2020-06-09,2023,107,259,3,5.7,10,0,3,7,0,0,18,18,1,262,7,1338,0.00224000006914139,10,0,0.222338285794598,0.362482666770557,10.0266388672026,107.407194112954,10
"102",2020-06-10,2033,105,259,7,5.6,10,0,4,6,0,0,17,17,0,262,6,1281,0.00233999997377396,12,0,0.231828303666237,0.338560915156841,10.023807904273,105.416638324778,10
"103",2020-06-11,2040,104,260,5,5.1,7,0,2,5,0,0,16,16,1,262,5,1529,0.00326999992132187,6,0,0.325721816267175,0.306391212841551,7.02787534890655,104.579807257256,7
"104",2020-06-12,2044,107,260,10,4.4,4,0,2,2,0,0,16,16,0,262,2,1596,0.00814999997615814,13,0,0.808415162333648,0.288706330249938,4.02767374315869,108.48054525899,4
"105",2020-06-13,2047,105,260,6,5,3,0,3,0,0,0,16,16,0,262,0,1479,0.00270000010728836,23,0.0434800004959106,0.332446083228058,0.326524326294968,3,105.597467078026,3
"106",2020-06-14,2050,102,260,1,4.6,3,0,1,2,0,0,16,16,0,262,2,768,0,13,0,0,0.294477560819324,3,102,3
"107",2020-06-15,2055,100,260,2,4.9,5,0,2,3,0,0,14,14,0,262,3,720,0.00555999994277954,17,0,0.543175028331244,0.351989239945851,5.02789102726783,100.929700908928,5
"108",2020-06-16,2059,99,260,3,4.9,4,0,1,3,1,0,14,14,0,263,3,1250,0.000799999982118607,14,0,0.0791139222822989,0.331528616586952,4.00406235273816,99.1340576403592,4
"109",2020-06-17,2062,89,260,8,5,3,0,0,3,1,1,6,5,0,264,3,1098,0.0091100001335144,26,0,0.889927059305944,0.425542724535481,3.04569609901571,90.3556509374661,3
"110",2020-06-18,2064,75,260,2,4.6,2,0,0,2,0,1,6,5,0,264,2,1304,0.00230000004172325,122,0,0.210322584460527,0.409057119991674,2.00719978230744,75.2699918365288,2
"111",2020-06-19,2067,73,260,5,3.9,3,0,0,3,0,1,5,4,0,264,3,1875,0.0010700000077486,19,0,0.105926611115556,0.308701612674804,3.00543913443166,73.1323522711703,3
"112",2020-06-20,2073,73,261,1,3.1,6,0,0,6,1,1,5,4,1,265,6,1792,0.000560000017285347,158,0,0.0514625656910432,0.268561110169516,6.00528501403082,73.0643010040417,6
"113",2020-06-21,2079,77,261,1,3.1,6,0,0,6,0,1,4,3,0,265,6,1102,0.00363000005483627,86,0,0.336722227308886,0.316664285499357,6.034580119975,77.4437782063458,6
"114",2020-06-22,2081,76,262,6,3.7,2,0,1,1,0,1,1,0,1,265,1,509,0.0039300000667572,10,0,0.385427752211833,0.294128960339441,2.0065969993624,76.5013719515425,2
"115",2020-06-23,2090,81,262,4,3.9,9,0,0,9,0,1,1,0,0,265,9,1255,0.00158999994397163,20,0,0.156505876837992,0.305184953847397,9.0241088569105,81.2169797121945,9
"116",2020-06-24,2092,75,263,3,3.1,2,0,0,2,1,1,2,1,1,266,2,1733,0.00289000004529953,24,0,0.285052366448724,0.218774283439223,2.00975793916718,75.3659227187693,2
"117",2020-06-25,2098,73,263,6,3.7,6,0,0,6,0,1,2,1,0,266,6,1796,0.00277999997138977,21,0.0476200008392334,0.32982388366758,0.235845897611659,6.03387168574821,73.4121055099366,6
"118",2020-06-26,2102,67,263,6,3.9,4,0,0,4,0,1,2,1,0,266,4,2028,0.00196999996900558,23,0,0.194790830674954,0.248540786120145,4.01333619572944,67.2233812784682,4
"119",2020-06-27,2105,69,263,3,4.1,3,0,0,3,0,1,1,0,0,266,3,1574,0.000640000030398369,80,0,0.0609044768952257,0.249889630577885,3.00312733159151,69.0719286266047,3
"120",2020-06-28,2107,68,263,2,4.3,2,0,0,2,0,1,1,0,0,266,2,880,0.00114000000059605,12,0,0.112466367771808,0.217853079215445,2.00384995918028,68.1308986121297,2
"121",2020-06-29,2111,69,263,1,3.6,4,0,0,4,2,1,3,2,0,268,4,854,0.00351000010967255,8,0,0.347742470262222,0.212469467508358,4.02380790528378,69.4106863661452,4
"122",2020-06-30,2114,68,263,10,4.4,3,0,0,3,0,1,3,2,0,268,3,1605,0.00435999989509583,11,0,0.433032167798812,0.251973223359904,3.02223539627186,68.5040023154956,3
"123",2020-07-01,2116,67,263,4,4.6,2,0,0,2,0,2,3,1,0,268,2,1601,0.00312000006437302,15,0,0.309103966773589,0.255409166263456,2.01058127579044,67.3544727389797,2
"124",2020-07-02,2122,66,263,4,4.3,6,0,1,5,0,1,3,2,0,268,5,1012,0.00197999998927116,12,0,0.195679686439689,0.236245709516614,6.01674631314519,66.2210513335166,6
"125",2020-07-03,2130,74,263,4,4,8,0,0,8,0,1,3,2,0,268,8,1334,0.00300000011920929,14,0,0.296884284794154,0.2508304886765,8.04065188199354,74.3760299084403,8
"126",2020-07-04,2134,75,263,4,4.1,4,0,0,4,0,1,3,2,0,268,4,1257,0.00317999988794327,40,0,0.308192741645697,0.286157383640853,4.02110016529392,75.395628099261,4
"127",2020-07-05,2136,72,263,5,4.6,2,0,0,2,0,1,2,1,0,268,2,734,0.00272000014781952,47,0,0.255631255889824,0.306609510514855,2.0087507929693,72.315028546895,2
"128",2020-07-06,2142,72,263,0,4.4,6,0,1,5,0,1,2,1,0,268,5,602,0,10,0,0,0.256932014763109,6,72,6
"129",2020-07-07,2149,73,263,6,3.9,7,0,1,6,0,1,1,0,0,268,6,1272,0.0039300000667572,21,0,0.386617175940847,0.250301301640543,7.03970414556614,73.4830671043881,7
"130",2020-07-08,2162,79,263,5,4,13,0,1,12,0,1,1,0,0,268,12,1684,0.00296999990940094,39,0,0.29027741424441,0.247611794136374,13.0596208209409,79.392503737861,13
"131",2020-07-09,2170,83,263,5,4.1,8,0,0,8,1,0,2,2,0,269,8,1504,0.00266000002622604,41,0,0.258941102876632,0.256649139341652,8.03545638383897,83.3678599823293,8
"132",2020-07-10,2186,96,263,12,5.3,16,0,0,16,0,0,2,2,0,269,16,1900,0.00684000015258789,14,0.0714300012588501,0.73124453017455,0.318700602967423,16.2002562471078,97.2015374826467,16
"133",2020-07-11,2193,101,263,7,5.7,7,0,0,7,1,1,2,1,0,270,7,1571,0.00381999999284744,25,0,0.376016290022765,0.328389681307004,7.04505138635991,101.65002714605,7
"134",2020-07-12,2216,121,263,9,6.3,23,0,2,21,1,1,3,2,0,271,21,1068,0.00842999994754791,13,0,0.832862159480219,0.410851238962775,23.2993614579493,122.724892210089,23
"135",2020-07-13,2239,139,263,6,7.1,23,0,2,21,0,0,3,3,0,271,21,808,0.00619000017642975,65,0,0.572911814725686,0.492695783923587,23.205925691521,140.363031958163,23
"136",2020-07-14,2258,149,263,4,6.9,19,0,2,17,1,0,4,4,0,272,17,1406,0.00356000006198883,66,0,0.340038049399205,0.486041622989067,19.0989418206071,149.867195957086,19
"137",2020-07-15,2279,168,263,15,8.3,21,0,0,21,1,0,5,5,0,273,21,1404,0.00782999992370605,46,0,0.758159992612641,0.552881991327385,21.2725107368174,170.18008589454,21
"138",2020-07-16,2301,186,263,7,8.6,22,0,1,21,0,0,5,5,0,273,21,1695,0.00708000004291534,25,0.04,0.755848841438459,0.623868811121932,22.271680023623,188.406308780661,22
"139",2020-07-17,2331,213,263,17,9.3,30,0,0,29,0,1,5,4,0,273,29,1787,0.00726999998092651,21,0,0.718555860946663,0.622056144089377,29.3566662321279,215.619651980802,30
"140",2020-07-18,2357,232,263,16,10.6,26,0,0,24,2,1,6,5,0,275,24,1551,0.00708999991416931,81,0,0.673810653607635,0.664598196030073,24.2767913888952,234.675650092654,26
"141",2020-07-19,2375,250,263,28,13.3,18,0,0,18,0,1,6,5,0,275,18,2025,0.0212299990653992,22,0,2.10018310246377,0.845644045027723,18.6470429727768,258.986707955233,18
"142",2020-07-20,2405,275,263,47,19.1,30,0,0,27,2,3,8,5,0,277,27,1548,0.0148599994182587,35,0.0285700011253357,1.51631264301018,0.980415591925508,27.7007385015916,282.1371514051,30
"143",2020-07-21,2429,294,263,23,21.9,24,0,0,23,0,3,8,5,0,277,23,1428,0.0161099994182587,15,0,1.59425358068423,1.15958923925194,23.627608326809,302.022471655733,24
"144",2020-07-22,2456,314,263,13,21.6,27,0,1,23,2,3,9,6,0,279,23,1771,0.00902999997138977,16,0,0.894914938406899,1.17912566007969,24.3523003328548,318.809665413756,27
"145",2020-07-23,2475,322,263,29,24.7,19,0,1,17,1,3,10,7,0,280,17,1667,0.0101999998092651,32,0,1.0007886805206,1.21411706566285,18.2912022765353,327.515713708492,19
"146",2020-07-24,2498,337,263,34,27.1,23,0,1,18,0,3,7,4,0,280,18,2036,0.0122800004482269,83,0,1.17989999587494,1.28002337065261,19.3635140193322,343.805790250831,23
"147",2020-07-25,2510,336,263,26,28.6,12,0,1,10,0,3,7,4,0,280,10,2126,0.00800000011920929,320,0,0.695339339878943,1.28309889726279,11.1190146053446,339.998890739578,12
"148",2020-07-26,2517,338,263,21,27.6,7,0,0,6,2,4,9,5,0,282,6,1816,0.0121099996566772,73,0,1.16420113163186,1.14938718714395,6.11955912482702,344.735164031922,7
"149",2020-07-27,2532,340,264,22,24,15,0,1,13,1,4,9,5,1,283,13,1601,0.00874000012874603,24,0,0.861091704992147,1.05578419599852,14.1916003145872,345.011085150742,15
"150",2020-07-28,2552,330,264,14,22.7,20,0,1,18,1,4,10,6,0,284,18,1488,0.00739000022411346,24,0,0.727269863325452,0.931929379232976,19.2240637275031,334.107835004224,20
"151",2020-07-29,2568,324,264,20,23.7,16,2,2,12,2,4,11,7,0,286,14,2254,0.00620999991893768,52,0,0.606996522865808,0.89079817701282,16.1454513306809,327.366159367186,16
"152",2020-07-30,2588,334,264,19,22.3,20,1,0,18,1,4,12,8,0,287,19,1891,0.00898999989032745,134,0,0.83951060704243,0.867758452230225,19.2730129505323,338.799280288304,20
"153",2020-07-31,2598,321,264,18,20,10,0,1,9,1,3,13,10,0,288,9,2129,0.00797999978065491,207,0,0.727286795077667,0.803099423544901,10.1120344719935,324.995896167768,10
"154",2020-08-01,2616,309,264,15,18.4,18,0,0,18,1,2,13,11,0,289,18,1629,0.00551999986171722,83,0.0120500004291534,0.58365828331525,0.787144986892945,18.1798186026157,312.086886011569,18
"155",2020-08-02,2624,294,264,2,15.7,8,0,0,8,0,2,13,11,0,289,8,1340,0.00149000003933907,11,0,0.147786828476266,0.641942943585003,8.02023620992799,294.743680714854,8
"156",2020-08-03,2633,280,264,10,14,9,0,1,7,0,1,12,11,0,289,7,1046,0.0114699995517731,47,0,1.09767790769942,0.675740972543185,8.13151534343237,285.260613737295,9
"157",2020-08-04,2645,268,264,20,14.9,12,0,1,11,1,1,11,10,0,290,11,1699,0.0058899998664856,12,0,0.584869069150148,0.655398001946713,12.1101171085772,270.682853190791,12
"158",2020-08-05,2654,248,264,12,13.7,9,1,0,8,1,1,12,11,0,291,9,1599,0.005,70,0,0.479029358897543,0.637116978522675,9.07379179940664,250.033374028094,9
"159",2020-08-06,2664,224,264,13,12.9,10,0,0,10,1,2,10,8,0,292,10,1639,0.00305000007152557,10,0,0.303150401287472,0.560494091986252,10.0518873639101,225.162276951585,10
"160",2020-08-07,2676,225,264,6,11.1,12,0,3,9,1,2,10,8,0,293,9,1689,0,39,0,0,0.456595978403729,12,225,12
"161",2020-08-08,2682,208,264,14,11,6,1,1,4,0,1,10,9,0,293,5,1518,0.00725000023841858,95,0,0.682300084433937,0.470687664277827,6.05839140015407,210.429082246409,6
"162",2020-08-09,2684,199,264,16,13,2,0,1,1,2,2,12,10,0,295,1,1589,0.00441000014543533,102,0,0.414399185753799,0.508775143888903,2.00709287576857,200.411482277945,2
"163",2020-08-10,2696,200,264,8,12.7,12,2,0,10,0,1,12,11,0,295,12,1384,0.00578000009059906,27,0,0.566939767922686,0.432955409635084,12.1164452097508,201.940753495846,12
"164",2020-08-11,2709,204,264,8,11,13,2,1,10,0,1,12,11,0,295,12,1460,0.00342000007629395,41,0,0.332658235269098,0.396925290509219,13.0683255262251,205.161533945826,13
"165",2020-08-12,2716,187,264,12,11,7,3,0,4,0,2,10,8,0,295,7,1486,0.00268999993801117,7,0,0.267738774808078,0.366740921353581,7.03207840539748,187.856951687047,7
"166",2020-08-13,2738,190,264,11,10.7,22,0,0,22,0,2,9,7,0,295,22,1689,0.00532999992370605,56,0,0.515895121555273,0.397133024248982,22.1942618685488,191.677716137467,22
"167",2020-08-14,2749,185,264,6,10.7,11,4,1,6,1,2,10,8,0,296,10,1882,0.00477999985218048,36,0,0.469028139822923,0.464137044223685,11.0802790749136,186.485162885902,11
"168",2020-08-15,2753,177,264,2,9,4,0,0,4,1,2,11,9,0,297,4,2044,0.00734000027179718,21,0,0.726535620123653,0.470456406465073,4.04974167008175,179.201068901117,4
"169",2020-08-16,2757,158,264,26,10.4,4,0,1,3,0,2,11,9,0,297,3,1196,0.00501999974250793,22,0,0.492932651234769,0.481675472962354,4.02531117466691,159.333055199124,4
"170",2020-08-17,2781,173,265,8,10.4,24,1,4,19,1,1,9,8,1,298,20,1358,0.00662999987602234,32,0,0.647736678535132,0.493217888764132,24.2217338233056,174.917997571593,24
"171",2020-08-18,2807,192,265,15,11.4,26,1,1,24,0,1,7,6,0,298,25,1888,0.00583000004291534,77,0.0519500017166138,0.763724692783889,0.554798811266245,26.3267986855145,194.509813904751,26
"172",2020-08-19,2831,201,265,23,13,24,4,3,15,2,1,7,6,0,300,19,1519,0.0118499994277954,25,0.04,1.23057960691847,0.69234750156773,22.4001904997165,205.233594233843,24
"173",2020-08-20,2848,209,266,24,14.9,17,1,0,16,3,0,6,6,1,303,17,1607,0.00995999991893768,103,0,0.936007009925898,0.752363485620677,17.2723525729744,212.348334573626,17
"174",2020-08-21,2869,216,266,16,16.3,21,3,2,16,0,0,6,6,0,303,19,1804,0.00721000015735626,116,0.00861999988555908,0.729518764093518,0.789576431945047,21.2372430658803,218.697079064745,21
"175",2020-08-22,2888,226,266,16,18.3,19,1,0,18,1,0,7,7,0,304,19,1864,0.00589999973773956,73,0,0.56776455917122,0.766894851808986,19.1846398082486,228.196241929694,19
"176",2020-08-23,2905,236,266,13,16.4,17,1,1,15,0,0,7,7,0,304,16,694,0.0172899997234344,5,0,1.71663230444399,0.941709087981731,17.4701113359028,242.934142204566,17
"177",2020-08-24,2924,252,266,19,18,19,2,0,17,1,1,8,7,0,305,19,1142,0.00962999999523163,58,0,0.91645499954621,0.980097419554742,19.2980356428582,255.952893789487,19
"178",2020-08-25,2938,254,266,23,19.1,14,0,1,13,4,2,11,9,0,309,13,1647,0.0145700001716614,73,0,1.3951622257399,1.0703027814056,14.3104356014606,260.065434059307,14
"179",2020-08-26,2956,262,266,15,18,18,1,4,13,0,2,11,9,0,309,14,1832,0.0049099999666214,41,0,0.480251998870817,0.963113123113079,18.1150802181998,264.153644083453,18
"180",2020-08-27,2969,265,266,16,16.9,13,1,3,9,1,2,9,7,0,310,10,1469,0.00612999975681305,9,0,0.609267228874044,0.916436011534243,13.1042824627274,267.763485262276,13
"181",2020-08-28,2997,275,266,20,17.4,28,0,3,21,1,1,9,8,0,311,21,2137,0.00607999980449677,35,0,0.598202559033591,0.897676553668539,24.2150161202342,277.815687288781,28
"182",2020-08-29,3018,289,266,12,16.9,21,0,2,18,0,1,9,8,0,311,18,1790,0.00726000010967255,11,0.0909099960327148,0.777091068999096,0.927580340786807,20.2394130848942,292.843910085245,21
"183",2020-08-30,3038,303,267,16,17.3,20,0,6,12,2,1,10,9,1,313,12,1402,0.00428000003099442,33,0,0.418157494317364,0.742083939340146,18.0858864378363,305.168632555367,20
"184",2020-08-31,3059,313,267,13,16.4,21,1,3,17,1,1,11,10,0,314,18,1353,0.00517000019550323,54,0,0.497157801315982,0.682184339592971,21.1531687695827,315.663434715521,21
"185",2020-09-01,3084,317,267,18,15.7,25,1,2,22,0,1,11,10,0,314,23,1361,0.0154299998283386,22,0.0909099960327148,1.66306939111269,0.720456791789084,25.6546989830034,326.023459896178,25
"186",2020-09-02,3120,327,267,15,15.7,36,1,9,26,0,1,9,8,0,314,27,1528,0.00261999994516373,51,0,0.253537676770752,0.688069031489075,36.1171681925468,328.419036998622,36
"187",2020-09-03,3142,328,267,24,16.9,22,1,4,17,1,1,8,7,0,315,18,1493,0.00938000023365021,133,0.00751999974250793,0.922785997207461,0.732857426965277,22.2843000661083,333.180578982417,22
"188",2020-09-04,3164,332,267,24,17.4,22,0,3,19,3,1,11,10,0,318,19,2705,0.00813000023365021,258,0.00774999976158142,0.809691210614641,0.763070091476856,22.2633155371422,336.601092543748,22
"189",2020-09-05,3189,339,267,17,18.1,25,1,11,13,2,1,13,12,0,320,14,2256,0.00398999989032745,164,0,0.371960320354493,0.705194270241913,25.0891308623987,341.158240168083,25
"190",2020-09-06,3210,341,267,27,19.7,21,1,3,16,1,1,14,13,0,321,17,1310,0.00611000001430511,192,0.03125,0.932363516560565,0.778652273419513,20.2712924155374,346.441806688132,21
"191",2020-09-07,3251,366,267,29,22,41,2,6,33,0,1,12,11,0,321,35,1290,0.0147300004959106,44,0,1.4244153403092,0.911117636132829,41.8533125762899,374.92321151206,41
"192",2020-09-08,3303,403,267,24,22.9,52,0,14,36,3,1,14,13,0,324,36,1097,0.0127600002288818,4,0,1.27136423715562,0.855159756996104,50.7833862623942,411.769573992913,52
"193",2020-09-09,3348,434,267,15,22.9,45,2,10,31,0,1,13,12,0,324,33,1587,0.0144900000095367,29,0,1.42299690687715,1.02222536129702,43.8037506845456,444.570539305842,45
"194",2020-09-10,3425,496,267,33,24.1,77,1,21,52,2,2,14,12,0,326,53,1959,0.0127600002288818,61,0,1.23746734892968,1.06717984011448,75.1225690860265,506.505552201305,77
"195",2020-09-11,3455,510,267,60,29.3,30,0,1,25,0,1,12,11,0,326,25,2314,0.0155599999427795,93,0.0752699995040894,1.78670335776785,1.20675300399351,26.7645324476736,525.596461932542,30
"196",2020-09-12,3504,535,269,47,33.6,49,0,4,42,1,0,12,12,2,327,42,1900,0.0168400001525879,26,0,1.66126688940379,1.39093965671483,47.1942415017753,550.2123619869,49
"197",2020-09-13,3539,548,270,31,34.1,35,1,5,29,1,1,11,10,1,328,30,1199,0.0166799998283386,44,0,1.6089557356539,1.48759568801388,35.8261688397887,563.091350806807,35
"198",2020-09-14,3607,598,272,59,38.4,68,0,19,49,1,1,11,10,2,329,49,2394,0.0141999995708466,218,0.0412799978256226,1.6460121936674,1.51925238135077,69.3804878480101,614.847586390001,68
"199",2020-09-15,3679,646,273,41,40.9,72,0,14,55,1,1,11,10,1,330,55,2961,0.0121599996089935,28,0,1.20460886056306,1.5097158989804,70.1339977756429,659.31931932846,72
"200",2020-09-16,3755,684,274,41,44.6,76,0,7,66,1,0,11,11,1,331,66,1887,0.0190799999237061,162,0.00616999983787537,1.80592971350753,1.56442058564189,75.0400848890927,705.142697941506,76
"201",2020-09-17,3805,709,278,57,48,50,2,4,38,2,2,11,9,4,333,40,2512,0.0191100001335144,208,0.00481000006198883,1.80164707162801,1.6450176888845,45.2334830083818,730.863486323567,50
"202",2020-09-18,3893,777,278,46,46,88,1,6,78,0,2,11,9,0,333,79,2409,0.0128699994087219,281,0.0213499999046326,1.37558284568077,1.58628618715778,86.8600186654981,795.294107634076,88
"203",2020-09-19,3963,828,280,46,45.9,70,2,4,60,0,2,10,8,2,333,62,2101,0.0214199995994568,161,0,1.98954107685494,1.6331824996508,68.1112908208869,856.195948382168,70
"204",2020-09-20,4006,860,280,76,52.3,43,1,4,34,2,2,11,9,0,335,35,2847,0.0186199998855591,112,0,1.79152212484578,1.6592634123925,40.0732321652058,886.370847487915,43
"205",2020-09-21,4115,940,280,56,51.9,109,2,22,82,1,3,12,9,0,336,84,2949,0.0189900004863739,73,0,1.85312744653596,1.68885130565944,108.664330119198,969.81512276245,109
"206",2020-09-22,4225,1020,280,85,58.1,110,0,27,82,3,3,15,12,0,339,82,2507,0.0135599994659424,64,0.03125,1.40003573166541,1.71676943010263,110.964972298032,1044.44233834138,110
"207",2020-09-23,4332,1080,281,67,61.9,107,0,26,76,2,3,16,13,1,341,76,1896,0.0168799996376038,7,0.571430015563965,1.89198578149472,1.7290631541008,104.461132074987,1114.97398211823,107
"208",2020-09-24,4433,1133,282,38,59.1,101,2,18,75,2,3,18,15,1,343,77,2730,0.0128199994564056,55,0,1.25668217292593,1.65121102571479,96.6562261574024,1157.37018488749,101
"209",2020-09-25,4552,1196,284,57,60.7,119,5,16,86,3,3,20,17,2,346,91,3291,0.0133700001239777,59,0.0339000010490417,1.37315732745982,1.6508645231118,109.138775255593,1224.10961764493,119
"210",2020-09-26,4637,1243,286,76,65,85,3,14,66,3,4,21,17,2,349,69,3437,0.0299699997901917,12,0,2.98657260883992,1.79329759910965,86.5271637974742,1306.54006667044,85
"211",2020-09-27,4719,1273,287,109,69.7,82,2,12,64,2,4,22,18,1,351,66,2684,0.0331599998474121,13,0,3.30001629923819,2.00879676687999,81.7278933590166,1344.90315524285,82
"212",2020-09-28,4834,1343,288,86,74,115,3,11,97,6,4,27,23,1,357,100,3135,0.0258400011062622,192,0.0104200005531311,2.49501182970644,2.10049453590435,115.270473870992,1400.35246408742,115
"213",2020-09-29,4941,1374,291,58,70.1,107,5,18,74,4,3,27,24,3,361,79,2165,0.0263299989700317,79,0.0253200006484985,2.62944419881239,2.27612431692535,100.555449462774,1435.83781723863,107
"214",2020-09-30,5024,1404,291,108,76,83,1,10,67,5,5,30,25,0,366,68,3170,0.0305999994277954,281,0.0142299997806549,2.92670611777674,2.42394150782278,81.4063674013702,1474.33146811064,83
"215",2020-10-01,5125,1440,293,105,85.6,101,2,11,78,3,5,29,24,2,369,80,3844,0.0226300001144409,120,0.00833000004291534,2.21971040476944,2.56151696951471,94.0394133356398,1494.70944004152,101
"216",2020-10-02,5221,1490,294,115,93.9,96,0,13,79,1,5,29,24,1,370,79,3362,0.021710000038147,197,0,2.05082945007727,2.65832727274577,94.7730653001922,1542.30211768717,96
"217",2020-10-03,5293,1502,295,65,92.3,72,2,6,63,5,6,31,25,1,375,65,3113,0.0301999998092651,485,0.0103100001811981,2.75188853513406,2.62480097650208,74.061594403847,1572.74638145505,72
"218",2020-10-04,5350,1482,295,77,87.7,57,1,7,47,3,6,32,26,0,378,48,3118,0.0291899991035461,102,0,2.826534695803,2.55716074743991,57.322196777457,1553.69782550399,57
"219",2020-10-05,5428,1483,295,82,87.1,78,3,13,59,3,6,33,27,0,381,62,3821,0.0177999997138977,238,0.00839999973773956,1.72488294763206,2.44714233571499,76.8304369669999,1526.78287132356,78
"220",2020-10-06,5503,1454,296,139,98.7,75,5,15,52,2,7,34,27,1,383,57,2158,0.0194599997997284,55,0,1.89763576899295,2.34259827431222,73.8513612668463,1501.22595231569,75
"221",2020-10-07,5604,1468,296,174,108.1,101,12,22,63,3,10,36,26,0,386,75,2268,0.0313100004196167,76,0,3.02948297575472,2.35728068259479,100.888957880842,1544.11986892101,101
"222",2020-10-08,5684,1427,296,85,105.3,80,5,14,55,2,9,36,27,0,388,60,2434,0.0271199989318848,182,0,2.52332100153699,2.40065362499015,76.5913567888267,1488.63110229426,80
"223",2020-10-09,5767,1428,296,96,102.6,83,5,19,57,2,9,37,28,0,390,62,2508,0.0207299995422363,247,0.00810000002384186,1.95976547578285,2.38764448580523,83.0796931052322,1475.9000282947,83
"224",2020-10-10,5832,1413,297,68,103,65,5,8,50,6,9,43,34,1,396,55,2628,0.0300600004196167,21,0,2.98216991705371,2.42054182607947,65.8073627575238,1485.12370138875,65
"225",2020-10-11,5896,1378,297,138,111.7,64,6,6,48,5,10,46,36,0,401,54,2660,0.0233100008964539,238,0.0168099999427795,2.2776184393012,2.34212521800778,62.1051264588614,1431.71970852428,64
"226",2020-10-12,5957,1349,297,62,108.9,61,2,13,43,3,10,46,36,0,404,45,1994,0.0150499999523163,237,0.0126600003242493,1.47961093598233,2.30708635920068,59.1396290369253,1383.16354601805,61
"227",2020-10-13,6042,1370,298,74,99.6,85,4,10,68,1,7,45,38,1,405,72,2117,0.0302300000190735,18,0,2.9975133508374,2.4642117280356,85.6940016271699,1440.28864207254,85
"228",2020-10-14,6109,1375,300,84,86.7,67,1,16,49,2,7,45,38,2,407,50,3004,0.0296300005912781,110,0.0363599991798401,2.98677333609447,2.45811035094128,68.5560875781231,1445.29240839839,67
"229",2020-10-15,6195,1400,300,107,89.9,86,3,25,52,5,8,49,41,0,412,55,2119,0.021710000038147,105,0.00952000021934509,2.11344829603708,2.39955710729844,81.9895633720659,1450.64343128895,86
"230",2020-10-16,6270,1420,301,77,87.1,75,2,10,59,4,8,47,39,1,416,61,3126,0.0214299988746643,280,0.0035699999332428,1.99617664308598,2.40475870262745,73.0841657974356,1468.51664643211,75
"231",2020-10-17,6317,1402,302,64,86.6,47,1,10,36,6,8,50,42,1,422,37,3037,0.0214000010490417,149,0,2.03991849296735,2.2701513563294,48.2918675784203,1450.95130662014,47
"232",2020-10-18,6374,1369,305,74,77.4,57,1,11,40,2,6,49,43,3,424,41,1144,0.0271000003814697,37,0.0540500020980835,2.79443272769098,2.34398196895651,53.9610152706945,1434.4787781849,57
"233",2020-10-19,6438,1348,307,69,78.4,64,1,6,57,3,6,48,42,2,427,58,1334,0.0374799990653992,27,0,3.67364575703472,2.65741551482114,67.6469409312397,1432.75993750536,64
"234",2020-10-20,6516,1352,309,46,74.4,78,3,14,57,4,5,46,41,2,431,60,1595,0.0250799989700317,48,0.0208299994468689,2.49558358677117,2.58571126281168,76.5628714958283,1409.750037706,78
"235",2020-10-21,6604,1376,312,69,72.3,88,1,46,40,4,4,45,41,3,435,41,2258,0.0305599999427795,446,0.00897000014781952,2.69989274913919,2.54472832181807,88.894671092932,1439.5870103384,88
"236",2020-10-22,6669,1361,312,88,69.6,65,1,24,36,1,3,44,41,0,436,37,2238,0.0268099999427795,87,0.0114900004863739,2.62367354469914,2.6176176430555,62.66155598885,1422.11831623851,65
"237",2020-10-23,6748,1363,313,92,71.7,79,1,13,64,2,3,37,34,1,438,65,2768,0.0245700001716614,65,0.0153799998760223,2.4359145946735,2.68043735042515,80.7100597993292,1419.82786933055,79
"238",2020-10-24,6813,1353,317,63,71.6,65,2,17,41,2,3,36,33,4,440,43,2358,0.0211999988555908,191,0,1.96114544140773,2.6691840573452,61.4433834396948,1398.41622776528,65
"239",2020-10-25,6883,1334,319,69,70.9,70,1,24,42,3,3,38,35,2,443,43,1751,0.0308400011062622,77,0,2.95409419787008,2.69199283879936,69.1741837981396,1401.45026015624,70
"240",2020-10-26,6956,1294,320,77,72,73,1,16,51,4,3,39,36,1,447,52,995,0.0392000007629395,121,0.0165299999713898,3.67420526484435,2.69207276848645,71.2701691609423,1375.37690181268,73
"241",2020-10-27,7034,1264,322,61,74.1,78,0,15,60,2,3,32,29,2,449,60,1354,0.0288000011444092,116,0,2.65273479928776,2.71452294170311,77.7242599442973,1321.39107615986,78
"242",2020-10-28,7146,1270,325,93,77.6,112,2,69,38,2,2,30,28,3,451,40,1900,0.0405299997329712,166,0.01807000041008,3.87253724882471,2.88204358451533,111.651301118279,1354.17881050535,112
"243",2020-10-29,7210,1254,326,65,74.3,64,0,18,42,9,2,38,36,1,460,42,2190,0.0292199993133545,96,0,2.79929127280168,2.90713183138712,62.0123375929902,1314.08265099071,64
"244",2020-10-30,7260,1223,328,122,78.6,50,1,9,36,4,2,41,39,2,464,37,2789,0.0358599996566772,105,0.0571400022506714,3.66320799166528,3.0824594595288,48.3198866296655,1299.68165805624,50
"245",2020-10-31,7299,1153,329,83,81.4,39,0,5,32,2,2,40,38,1,466,32,2352,0.0276399993896484,322,0,2.43116224997955,3.1496047178962,38.331580362522,1200.97850493712,39
"246",2020-11-01,7349,1112,332,50,78.7,50,1,6,40,1,2,38,36,3,467,41,1714,0.0256699991226196,104,0,2.42015283257261,3.07332737999656,48.6983613937312,1158.06287487388,50
"247",2020-11-02,7413,1065,332,56,75.7,64,3,8,47,6,2,43,41,0,473,50,1030,0.0174800002574921,14,0.0714300012588501,1.82034677038705,2.80849045221695,59.5578570062324,1098.18235423275,64
"248",2020-11-03,7484,995,333,36,72.1,71,1,36,33,2,2,44,42,1,475,34,1456,0.0219799995422363,13,0,2.1785486271951,2.74074957048942,71.267796752961,1032.10169909401,71
"249",2020-11-04,7549,918,337,53,66.4,65,5,1,51,1,1,41,40,4,476,56,1466,0.0272900009155273,295,0.0033899998664856,2.32863096551824,2.52019153001707,59.2319895408972,954.588685688278,65
"250",2020-11-05,7596,875,337,45,63.6,47,0,6,34,5,2,44,42,0,481,34,2536,0.0240499997138977,41,0,2.36673648717286,2.45839798921295,41.3773118470233,910.445525474865,47
"251",2020-11-06,7670,869,341,79,57.4,74,1,12,58,5,3,47,44,4,486,59,2342,0.0234800004959106,116,0.0258599996566772,2.35923194148076,2.27211569632945,73.3824627052385,904.090848997496,74
"252",2020-11-07,7705,836,346,75,56.3,35,3,4,25,3,4,47,43,5,489,28,2499,0.0276099991798401,142,0,2.61254782091709,2.2980279207491,33.2520617259083,873.382985816405,35
"253",2020-11-08,7742,774,346,47,55.9,37,1,5,29,1,4,48,44,0,490,30,1176,0.0204099988937378,92,0.0108700001239777,1.97178223268467,2.23397497790797,36.0124734965633,800.121816211332,37
"254",2020-11-09,7813,744,350,31,52.3,71,3,24,42,7,4,47,43,4,497,45,711,0.0210999989509583,20,0.1,2.3258685710166,2.3061923779979,70.7914353666511,773.618398061966,71
"255",2020-11-10,7880,753,350,52,54.6,67,0,11,54,3,5,48,43,0,500,54,1374,0.0334800004959106,17,0,3.30708272332,2.46741153458718,68.0566258256323,795.622949012983,67
"256",2020-11-11,7936,751,353,77,58,56,0,6,48,2,5,47,42,3,502,48,2375,0.0261100006103516,241,0.0290499997138977,2.63808491516187,2.51161924167912,56.1673720466772,784.910341813638,56
"257",2020-11-12,7978,741,355,60,60.1,42,1,8,31,3,3,44,41,2,505,32,2318,0.0215700006484985,214,0.00467000007629395,2.0141643570121,2.4612517945133,41.1031849909284,766.545627446185,42
"258",2020-11-13,8017,717,357,79,60.1,39,1,7,27,0,3,36,33,2,505,28,2719,0.0217000007629395,200,0,2.02131901591067,2.41297851943186,35.9687157323627,741.806042146575,39
"259",2020-11-14,8038,694,357,50,56.6,21,3,2,14,3,3,37,34,0,508,17,1710,0.015789999961853,245,0.0163300001621246,1.58576726212221,2.26629558246116,19.4614151276621,712.836594035145,21
"260",2020-11-15,8068,650,360,30,54.1,30,1,1,25,0,2,35,33,3,508,26,984,0.0152400004863739,306,0.00653999984264374,1.31762794034426,2.17284496926967,27.5863671114592,664.659177786479,30
"261",2020-11-16,8112,612,363,11,51.3,44,0,3,39,3,2,33,31,3,511,39,735,0.0122399997711182,53,0,1.14167510555481,2.0036744742037,42.7620976074181,623.959070147176,44
"262",2020-11-17,8153,589,363,40,49.6,41,1,10,29,1,2,32,30,0,512,30,1828,0.020789999961853,38,0,2.03666237568421,1.82218585311287,41.0457882430659,609.532309172194,41
"263",2020-11-18,8195,582,363,66,48,42,3,6,31,1,2,32,30,0,513,34,2684,0.0204900002479553,20,0.05,2.07082694768905,1.74114900061676,41.2051085972796,602.628623635786,42
"264",2020-11-19,8215,563,364,53,47,20,2,1,17,0,2,30,28,1,513,19,2476,0.0121200001239777,187,0.0160399997234344,1.23952685900304,1.63048650090118,20.403100189803,574.944495097846,20
"265",2020-11-20,8240,520,364,28,39.7,25,1,2,20,1,2,30,28,0,514,21,2643,0.00757000029087067,222,0.0225200009346008,0.872842966012306,1.46641849377284,23.3137320382394,527.768602851642,25
"266",2020-11-21,8269,488,365,27,36.4,29,4,4,19,2,2,31,29,1,516,23,1495,0.0187300002574921,71,0,1.7880811229215,1.49532047388702,27.7039122353885,502.935181342156,29
"267",2020-11-22,8296,475,368,26,35.9,27,3,4,19,3,4,31,27,3,519,22,1220,0.0147500002384186,36,0,1.4327229530948,1.51176261856567,26.5394961618205,486.648212584762,27
"268",2020-11-23,8336,458,370,20,37.1,40,2,9,26,1,3,27,24,2,520,28,922,0.0173500001430511,13,0,1.71087701945381,1.5930771776941,37.8199366215016,471.411820451705,40
"269",2020-11-24,8379,467,370,21,34.4,43,2,7,33,1,3,23,20,0,521,35,1403,0.00855000019073486,41,0.0975599956512451,1.10772923056108,1.46037244267651,42.6635980790241,475.854294368693,43
"270",2020-11-25,8434,475,371,38,30.4,55,4,10,39,2,2,23,21,1,523,43,2618,0.0122200000286102,72,0.0138900005817413,1.22646989281736,1.33975000626627,53.9026695803377,484.971350015359,55
"271",2020-11-26,8479,490,372,60,31.4,45,3,4,37,3,2,23,21,1,526,40,3059,0.0143799996376038,224,0.00446000009775162,1.37031553193196,1.35843410239897,44.9381753792835,501.492648396223,45
"272",2020-11-27,8527,502,374,56,35.4,48,2,3,42,3,1,24,23,2,529,44,3154,0.0177600002288818,336,0.00298000007867813,1.63370546556817,1.46712874519267,48.2303534696857,516.03721458596,48
"273",2020-11-28,8571,504,375,60,40.1,44,2,3,39,2,1,25,24,1,531,41,2597,0.0119400000572205,191,0,1.1122015835223,1.3705745252785,44.7804962587809,513.594393034771,44
"274",2020-11-29,8616,516,377,22,39.6,45,0,4,38,5,1,28,27,2,536,38,898,0.0245000004768372,12,0,2.41769235474723,1.51128443980027,43.5724907290313,537.352768846846,45
"275",2020-11-30,8659,522,378,47,43.4,43,1,7,34,1,1,25,24,1,537,35,1135,0.0229099988937378,61,0,2.17415123280873,1.57746647027955,43.3024505825029,541.425120116187,43
"276",2020-12-01,8713,544,378,34,45.3,54,2,12,39,3,1,27,26,0,540,41,1906,0.0141700005531311,113,0.0176999998092651,1.43675686145195,1.62447041754967,54.008255492309,557.377828971124,54
"277",2020-12-02,8755,558,379,49,46.9,42,1,5,34,6,1,31,30,1,546,35,2859,0.0101400005817413,81,0.0123500001430511,1.0200888324757,1.59498740892943,40.6110960792485,567.742617492019,42
"278",2020-12-03,8793,557,380,38,43.7,38,0,5,32,3,1,33,32,1,549,32,3327,0.0102199995517731,202,0,0.963500666158943,1.53687099953329,37.5277223132043,566.185666514212,38
"279",2020-12-04,8836,561,382,55,43.6,43,1,5,33,2,1,31,30,2,551,34,2994,0.0110199999809265,165,0.0121200001239777,1.10774548791865,1.46173385986907,39.6446475948066,571.636685314309,43
"280",2020-12-05,8871,550,382,46,41.6,35,3,2,29,1,1,31,30,0,552,32,2277,0.0184500002861023,209,0,1.68988940673592,1.54426069175673,34.925575225949,565.908324195999,35
"281",2020-12-06,8910,544,383,33,43.1,39,0,7,30,1,2,31,29,1,553,30,1397,0.0157500004768372,20,0,1.55276998349623,1.42070035300659,37.7973185012467,558.458042155939,39
"282",2020-12-07,8964,547,384,23,39.7,54,0,4,45,2,1,30,29,1,555,45,1068,0.0168499994277954,25,0.04,1.73795053878184,1.3583859681456,50.3386079073692,563.271522785132,54
"283",2020-12-08,9011,551,384,57,43,47,1,1,44,0,1,27,26,0,555,45,2367,0.01942999958992,69,0,1.88796424586784,1.4228441659193,47.4541517793253,568.805280675738,47
"284",2020-12-09,9064,560,386,36,41.1,53,2,3,46,1,3,24,21,2,556,48,2911,0.00962000012397766,167,0.00598999977111816,0.942305078709412,1.41173220109555,51.7741698060206,569.031981070241,53
"285",2020-12-10,9109,559,386,60,44.3,45,2,0,43,1,3,23,20,0,557,45,3091,0.0139100003242493,252,0.00397000014781952,1.3160709255012,1.46209938100158,46.0136669072121,571.591995580701,45
"286",2020-12-11,9148,543,386,48,43.3,39,6,2,30,1,2,23,21,0,558,36,3047,0.0118099999427795,32,0,1.16872587936503,1.47081086549392,38.7201427975098,553.862153862439,39
"287",2020-12-12,9181,532,387,59,45.1,33,2,5,26,0,2,20,18,1,558,28,2616,0.0156700003147125,24,0,1.55275457663969,1.45122017548018,33.7441565507716,546.13897446466,33
"288",2020-12-13,9220,529,388,30,44.7,39,5,2,32,0,2,19,17,1,558,37,1502,0.0119799995422363,47,0,1.16165005244925,1.39534589961632,39.7356656873317,539.518031043201,39
"289",2020-12-14,9263,526,388,16,43.7,43,4,4,35,2,2,20,18,0,560,39,917,0.0174500000476837,20,0,1.70775347318313,1.39103203310222,44.1399695321729,541.374973690332,43
"290",2020-12-15,9309,534,389,54,43.3,46,1,7,37,1,1,20,19,1,561,38,2079,0.0134700000286102,49,0,1.31598355542672,1.30932050589635,45.8559285619624,546.028048739155,46
"291",2020-12-16,9364,552,389,53,45.7,55,3,4,47,0,1,18,17,0,561,50,2312,0.0168700003623962,94,0,1.62109064164007,1.4062898720293,55.3873331471233,567.316157944241,55
"292",2020-12-17,9401,547,390,61,45.9,37,1,5,29,1,0,17,17,1,562,30,3207,0.0134099996089935,83,0.0241000008583069,1.36796865706023,1.41370383368059,35.7024264578736,559.807575748561,37
"293",2020-12-18,9442,534,390,25,42.6,41,3,4,34,0,0,16,16,0,562,37,3298,0.00727999985218048,170,0.00587999999523163,0.72113724082124,1.34976259960291,41.4566916885259,540.591171937103,41
"294",2020-12-19,9481,531,390,46,40.7,39,1,6,29,3,0,19,19,0,565,30,2799,0.0117900002002716,140,0,1.12283805922287,1.28834595425765,36.5765564559063,541.205049269542,39
"295",2020-12-20,9525,525,390,24,39.9,44,5,2,34,0,0,16,16,0,565,39,1360,0.0161800003051758,51,0,1.55951810170369,1.34518424700828,42.0410185947393,539.01371185226,44
"296",2020-12-21,9600,547,390,22,40.7,75,7,8,60,1,0,15,15,0,566,67,1365,0.00658999979496002,32,0.03125,0.715486737302822,1.20343185616823,75.8205023899326,553.698728467061,75
"297",2020-12-22,9684,591,390,73,43.4,84,5,7,70,2,0,15,15,0,568,75,3021,0.0225099992752075,48,0,2.21579367254486,1.33197615861368,84.8444220793208,613.414045985048,84
"298",2020-12-23,9784,658,390,52,43.3,100,5,6,88,1,1,13,12,0,569,93,2652,0.0199800002574921,199,0.0150800001621246,1.96379799070964,1.38093435133791,102.125958584189,680.116997294588,100
"299",2020-12-24,9859,685,390,49,41.6,75,11,6,56,2,1,13,12,0,571,67,3469,0.01557000041008,144,0,1.49494413015686,1.39907370463743,74.7143647361421,702.52746036205,75
"300",2020-12-25,9925,717,390,47,44.7,66,6,3,56,0,1,10,9,0,571,62,2537,0.0295600008964539,161,0,2.77960423551903,1.69314041816568,67.9497018063215,751.111874115041,66
"301",2020-12-26,10018,760,390,95,51.7,93,5,5,82,2,2,12,10,0,573,87,951,0.0199800002574921,50,0,1.89819982466284,1.80390638465711,94.8266018666792,784.692154237657,93
"302",2020-12-27,10128,824,391,37,53.6,110,8,6,94,2,4,12,8,1,575,102,1480,0.0270300006866455,32,0.0625,2.77806885028012,1.97798506302517,112.850054697776,863.180834029096,110
"303",2020-12-28,10260,918,391,65,59.7,132,15,7,108,1,2,13,11,0,576,123,1188,0.04125,39,0.0256399989128113,4.07538385962507,2.45797036621406,138.57979857966,982.034594277466,132
"304",2020-12-29,10381,996,391,112,65.3,121,5,15,101,3,4,12,8,0,579,106,1880,0.0505299997329712,25,0.04,5.03918107600976,2.8613114238519,130.142590953549,1081.90585462014,121
"305",2020-12-30,10518,1087,391,88,70.4,137,12,9,115,3,5,13,8,0,582,127,2458,0.0573600006103516,62,0,5.59487625000969,3.3800368894662,148.161794642346,1191.09347067898,137
"306",2020-12-31,10643,1174,391,147,84.4,125,0,9,116,2,5,13,8,0,584,116,2652,0.0331800007820129,144,0,3.14711595400208,3.6160614357298,131.248477260514,1237.23889917106,125
"307",2021-01-01,10760,1229,392,87,90.1,117,0,3,111,2,6,13,7,1,586,111,2759,0.0391400003433228,134,0.0149300003051758,3.80186246070242,3.76209832504171,121.223086904002,1308.97453878395,117
"308",2021-01-02,10873,1290,392,134,95.7,113,2,6,101,2,6,15,9,0,588,103,2369,0.0295499992370605,431,0,2.50014100687844,3.84808992250108,113.40763058437,1345.20236362949,113
"309",2021-01-03,10996,1317,393,106,105.6,123,0,4,118,4,5,19,14,1,592,118,1516,0.0600299978256226,126,0.0238100004196167,5.72506313986088,4.26908910672691,133.562872794349,1446.05341923863,123
"310",2021-01-04,11171,1429,393,117,113,175,4,29,140,5,8,21,13,0,597,144,1386,0.0533900022506714,155,0.00644999980926514,4.86685873393035,4.38215694591337,184.995398837721,1548.03767318822,175
"311",2021-01-05,11312,1502,395,105,112,141,2,19,120,6,8,23,15,2,603,122,2417,0.0575099992752075,97,0.0103100001811981,5.56888378145397,4.45782876097683,152.628707456728,1645.16654590168,141
"312",2021-01-06,11495,1596,395,132,118.3,183,11,5,129,7,7,28,21,0,610,140,2627,0.0513899993896484,211,0.0142200005054474,4.86264793880394,4.35322471651887,156.652103211275,1728.83397660853,183
"313",2021-01-07,11613,1633,395,186,123.9,118,2,7,108,6,9,32,23,0,616,110,2311,0.048899998664856,91,0.0109899997711182,4.74637747267502,4.58169064775786,125.936313973083,1765.66364289132,118
"314",2021-01-08,11743,1662,395,185,137.9,130,6,13,110,0,11,30,19,0,616,116,2661,0.0368300008773804,249,0,3.36785678126149,4.51968983640915,135.68674965332,1757.80498210187,130
"315",2021-01-09,11841,1671,397,155,140.9,98,6,2,90,4,11,30,19,2,620,96,3020,0.0324499988555908,375,0.00266999989748001,2.91606027998348,4.57910687542416,102.791496665583,1754.40198883531,98
"316",2021-01-10,11933,1655,397,114,142,92,5,3,82,5,11,34,23,0,625,87,1824,0.0509899997711182,78,0,4.88989272252995,4.45979681580546,97.2815199526315,1793.51627036328,92
"317",2021-01-11,12097,1707,397,66,134.7,164,2,25,135,3,13,34,21,0,628,137,1608,0.0342000007629395,115,0,3.1917354165297,4.22049348474822,169.4842952149,1800.25322577981,164
"318",2021-01-12,12237,1735,398,161,142.7,140,1,22,115,4,13,35,22,1,632,116,2211,0.0705600023269653,74,0.0135099995136261,6.87124311198812,4.40654481768167,151.642587996201,1939.05077735697,140
"319",2021-01-13,12325,1723,402,172,148.4,88,0,9,75,3,11,35,24,4,635,75,2532,0.0375200009346008,173,0.0115600001811981,3.58597125315181,4.22416243401708,88.6033238268795,1828.75369271618,88
"320",2021-01-14,12417,1711,402,128,140.1,92,2,14,75,9,10,41,31,0,644,77,2581,0.0337100005149841,146,0,3.19052113418313,4.00189724280395,95.2049013442087,1804.43618441482,92
"321",2021-01-15,12511,1681,404,145,134.4,94,6,7,79,5,11,41,30,2,649,85,2923,0.0372900009155273,206,0.00485000014305115,3.51542897748657,4.02297898512182,97.1144709226217,1782.14618377561,94
"322",2021-01-16,12573,1635,405,119,129.3,62,0,0,60,2,9,39,30,1,651,60,2470,0.0323900008201599,289,0,2.89972098679938,4.02064480038124,62.9779055697904,1716.14792677679,62
"323",2021-01-17,12653,1576,407,72,123.3,80,2,3,72,2,9,39,30,2,653,74,2036,0.026029999256134,32,0,2.56272139678379,3.68819175384607,80.2459107522605,1645.12912629139,80
"324",2021-01-18,12774,1597,408,63,122.9,121,2,45,72,7,10,43,33,1,660,74,1021,0.0391799998283386,48,0,3.74207481990025,3.7668116686133,123.739664993987,1699.28709453239,121
"325",2021-01-19,12848,1541,415,81,111.4,74,3,24,47,8,9,45,36,7,668,50,2337,0.0410799980163574,89,0,3.95729412053698,3.35053324126313,77.3866615260839,1645.37690823391,74
"326",2021-01-20,12909,1500,415,166,110.6,61,1,8,50,2,7,37,30,0,670,51,3065,0.0225099992752075,163,0.00612999975681305,2.16828803404187,3.14800706710457,60.8927384691306,1555.66877850384,61
"327",2021-01-21,12980,1467,417,81,103.9,71,1,9,60,3,7,37,30,2,673,61,2636,0.0242799997329712,117,0,2.32481217929939,3.02433435926403,72.4272872074421,1525.3742677593,71
"328",2021-01-22,13061,1439,418,95,96.7,81,1,4,75,5,6,37,31,1,678,76,2311,0.0307200002670288,111,0.00901000022888184,2.97250332958338,2.94677355242072,83.866690415434,1512.21273036591,81
"329",2021-01-23,13109,1372,418,84,91.7,48,1,4,40,4,9,39,30,0,682,41,2122,0.0329900002479553,276,0,2.91929860409346,2.9495703548913,47.0486408871523,1440.55451944324,48
"330",2021-01-24,13155,1291,419,44,87.7,46,2,9,35,3,8,38,30,1,685,37,1247,0.0224499988555908,36,0,2.18200690357925,2.8951825701478,47.3818512770688,1339.21540537016,46
"331",2021-01-25,13218,1232,419,29,82.9,63,1,18,43,4,7,39,32,0,689,44,825,0.0206100010871887,48,0,1.94768051511233,2.63884052660667,63.4668099789789,1273.07067941141,63
"332",2021-01-26,13281,1171,420,74,81.9,63,1,19,41,8,5,40,35,1,697,42,2354,0.024210000038147,79,0,2.34238964610761,2.40813988740247,62.6838829128259,1217.9482593076,63
"333",2021-01-27,13359,1132,422,80,69.6,78,1,26,50,1,4,30,26,2,698,51,2800,0.0196399998664856,175,0.00570999979972839,1.88205880978528,2.36724999822296,78.6428837195612,1168.46557589301,78
"334",2021-01-28,13397,1071,422,66,67.4,38,1,3,33,3,5,30,25,0,701,34,2355,0.0212299990653992,209,0.0287100005149841,2.18397183723271,2.34712994935629,38.2709527660931,1111.03501213193,38
"335",2021-01-29,13427,970,422,73,64.3,30,1,2,27,3,4,31,27,0,704,28,2847,0.0122899997234344,180,0.00555999994277954,1.18898015204222,2.09234092399327,30.5698179108217,989.740120482037,30
"336",2021-01-30,13446,873,423,42,58.3,19,1,6,12,2,5,33,28,1,706,13,2155,0.0157799994945526,216,0,1.43424288953019,1.88019010762709,19.3191313854672,894.430899962527,19
"337",2021-01-31,13488,814,424,25,55.6,42,3,5,34,4,6,32,26,1,710,37,922,0.0195200002193451,24,0,1.90247782264653,1.84025738177955,43.2048272645274,840.506199819602,42
"338",2021-02-01,13528,723,424,26,55.1,40,6,7,25,5,5,30,25,0,715,31,548,0.0292000007629395,29,0,2.77324097367259,1.95819459014531,39.4714745726885,757.318584388831,40
"339",2021-02-02,13570,659,425,59,53,42,4,5,31,3,5,28,23,1,718,35,2439,0.0221399998664856,107,0.0280399990081787,2.23879574109322,1.94339546085754,41.3411766270394,684.252439920542,42
"340",2021-02-03,13633,644,425,54,49.3,63,5,21,36,2,4,27,23,0,720,41,2865,0.0129100000858307,212,0,1.20205233168362,1.84625167827158,62.843549732025,657.249903107904,63
"341",2021-02-04,13715,646,425,51,47.1,82,3,43,33,2,5,26,21,0,722,36,2814,0.0127900004386902,90,0,1.23936161275738,1.71130736048939,79.7636669596315,659.703579331165,82
"342",2021-02-05,13774,646,427,72,47,59,1,8,49,2,5,22,17,2,724,50,2435,0.0160199999809265,149,0,1.50962461120573,1.75711371179847,59.2919402586397,662.691868141624,59
"343",2021-02-06,13799,615,427,61,49.7,25,2,3,19,3,6,22,16,0,727,21,2369,0.0143499994277954,205,0.0146300005912781,1.43722994427581,1.75754043390498,24.5165935883019,630.128812228841,25
"344",2021-02-07,13824,570,429,33,50.9,25,1,2,19,3,4,24,20,2,730,20,1004,0.0249000000953674,75,0,2.31692308579693,1.81674690006933,22.7931312694543,592.604241179448,25
"345",2021-02-08,13871,567,431,24,50.6,47,1,6,38,2,5,22,17,2,732,39,852,0.0140799999237061,29,0,1.36165266004513,1.61509142669397,45.9089383041689,580.214564575994,47
"346",2021-02-09,13926,585,431,43,48.3,55,5,8,39,0,2,20,18,0,732,44,2244,0.0178299999237061,149,0,1.67198160588368,1.5341179788069,53.2591794625197,601.741363308501,55
"347",2021-02-10,13983,602,432,40,46.3,57,0,6,50,3,4,21,17,1,735,50,2791,0.0125399994850159,100,0,1.21062395581734,1.53534249654029,57.0360548012958,614.474099807602,57
"348",2021-02-11,14043,628,433,51,46.3,60,1,11,46,1,3,17,14,1,736,47,2563,0.0152199995517731,58,0,1.48831968146488,1.57090793492707,59.1972850031333,643.997765573782,60
"349",2021-02-12,14094,630,435,52,43.4,51,1,7,41,3,2,17,15,2,739,42,2612,0.0157000005245209,173,0,1.47247401687787,1.56560070716595,50.0585232225223,645.877848337835,51
"350",2021-02-13,14126,628,435,46,41.3,32,0,3,28,6,2,22,20,0,745,28,2099,0.0219199991226196,46,0.0217400002479553,2.19161390068925,1.67336984379644,32.0503294374372,651.557388811091,32
"351",2021-02-14,14167,603,437,48,43.4,41,0,4,35,4,2,22,20,2,749,35,1175,0.0170200002193451,10,0,1.6876371525511,1.58347185333275,40.0109986643174,620.418062702383,41
"352",2021-02-15,14229,626,438,34,44.9,62,2,8,51,4,2,24,22,1,753,53,867,0.0265300011634827,26,0,2.57575711184093,1.75691534644644,63.3365992721881,653.598323479052,62
"353",2021-02-16,14280,621,438,60,47.3,51,3,13,32,3,2,25,23,0,756,35,1561,0.0333100008964539,23,0,3.28263329541443,1.98700844495083,49.9664996543192,655.891322438064,51
"354",2021-02-17,14337,636,439,49,48.6,57,5,5,44,2,2,26,24,1,758,49,2063,0.0184200000762939,222,0,1.66303983183345,2.0516392843817,55.394768694567,654.103528362135,57
"355",2021-02-18,14409,652,439,68,51,72,3,12,53,3,3,27,24,0,761,56,2348,0.0212899994850159,116,0,2.02877105482213,2.12884662343274,69.944574233655,674.640400006126,72
"356",2021-02-19,14463,655,440,58,51.9,54,3,15,33,1,3,27,24,1,762,36,2576,0.0151400005817413,96,0,1.4596048465032,2.12700817052207,51.8993759237972,671.3636452802,54
"357",2021-02-20,14512,634,440,66,54.7,49,0,3,45,4,3,27,24,0,766,45,2384,0.0255900001525879,68,0,2.48803264126303,2.16935370488975,49.9163377167924,660.999069165475,49
"358",2021-02-21,14554,624,440,53,55.4,42,0,7,33,2,4,25,21,0,768,33,1000,0.03,28,0,2.91828793774319,2.34516095991719,41.6483352256961,655.168520631344,42
"359",2021-02-22,14619,639,440,32,55.1,65,0,11,54,1,6,24,18,0,769,54,863,0.0150600004196167,66,0,1.39900757396439,2.17705388307769,66.2930558557488,654.301160959694,65
"360",2021-02-23,14674,645,440,47,53.3,55,0,7,47,4,6,27,21,0,773,47,2036,0.019650000333786,84,0,1.88714154149001,1.97769791823134,55.5181189193118,665.833759637364,55
"361",2021-02-24,14720,652,441,60,54.9,46,2,10,34,1,6,25,19,1,774,36,2874,0.0187899994850159,41,0,1.85257147581255,2.00477386737122,47.1415131886215,672.674072193923,46
"362",2021-02-25,14753,648,441,43,51.3,33,1,5,25,1,6,24,18,0,775,26,2376,0.0185199999809265,128,0.00781000018119812,1.79725239528254,1.97169977315127,31.7998082488366,667.933682509466,33
"363",2021-02-26,14818,651,441,57,51.1,65,5,12,43,1,6,22,16,0,776,48,2639,0.0181900000572205,181,0,1.70224858691507,2.00636316463868,61.3985167735017,669.967383740616,65
"364",2021-02-27,14864,656,442,71,51.9,46,0,4,34,3,6,24,18,1,779,34,2535,0.0209100008010864,47,0.0212800002098083,2.09167358794016,1.94974044273542,39.2172402075134,679.485575768493,46
"365",2021-02-28,14929,667,442,49,51.3,65,2,8,54,7,6,29,23,0,786,56,1552,0.0257699990272522,94,0,2.42983222905804,1.87996105578039,66.3289908112106,694.739944126383,65
"366",2021-03-01,15006,681,442,54,54.4,77,4,7,64,3,6,30,24,0,789,68,996,0.0291199994087219,45,0,2.78612098089212,2.07812011391293,78.2427416022194,713.475103398697,77
"367",2021-03-02,15069,690,443,61,56.4,63,1,6,54,3,4,30,26,1,792,55,2006,0.0259200000762939,41,0,2.54008403287961,2.17139761268287,63.3911908151539,719.998575681022,63
"368",2021-03-03,15128,700,443,65,57.1,59,0,5,51,6,5,33,28,0,798,51,2676,0.0209299993515015,109,0,2.01108360016582,2.19404220187619,57.7555118300293,724.095260412167,59
"369",2021-03-04,15185,696,443,61,59.7,57,3,3,50,1,5,32,27,0,799,53,2414,0.0202999997138977,225,0.00444000005722046,1.89477829944008,2.2079744738987,57.7188490230996,718.572055095798,57
"370",2021-03-05,15258,700,444,51,58.9,73,1,11,56,1,2,29,27,1,800,57,2440,0.0188499999046326,154,0,1.77309174122219,2.218094924514,69.7298542881102,721.243824590827,73
"371",2021-03-06,15314,713,446,46,55.3,56,3,3,47,1,2,28,26,2,801,50,1957,0.0209500002861023,25,0,2.06857470029779,2.21479508342224,54.7702910468475,738.244350328046,56
"372",2021-03-07,15354,704,447,54,56,40,1,0,38,2,5,27,22,1,803,39,1752,0.0194099998474121,16,0.0625,1.97999545999242,2.15053268784143,40.3216980867999,727.858344951464,40
"373",2021-03-08,15437,745,448,38,53.7,83,1,9,65,6,4,30,26,1,809,66,1170,0.0205100011825562,142,0,1.8290168737493,2.01380352967817,77.0661655091683,768.322625823188,83
"374",2021-03-09,15494,752,448,70,55,57,0,8,47,1,3,28,25,0,810,47,2105,0.0318300008773804,57,0,3.09908195406502,2.0936603755618,57.4930694616839,791.889111386943,57
"375",2021-03-10,15574,775,448,76,56.6,80,5,8,64,0,2,25,23,0,810,69,2655,0.0180799996852875,173,0,1.69739742448509,2.04884806475027,79.0046386040804,797.515868379164,80
"376",2021-03-11,15635,772,451,73,58.3,61,1,7,52,1,2,21,19,3,811,53,2321,0.0280100011825562,86,0,2.70092283941475,2.16401157046094,62.4501434206668,807.688881523675,61
"377",2021-03-12,15717,777,451,93,64.3,82,5,4,67,2,2,18,16,0,813,72,2361,0.0228699994087219,133,0,2.16503883736938,2.22000401276768,78.6680972032682,805.793215651936,82
"378",2021-03-13,15785,795,451,56,65.7,68,5,3,54,5,4,23,19,0,818,59,2353,0.0187000000476837,99,0,1.79449837325448,2.18085025176149,63.812168347554,819.418200615347,68
"379",2021-03-14,15853,820,451,65,67.3,68,2,10,51,2,3,24,21,0,820,53,1535,0.0299699997901917,36,0,2.92832270387933,2.31632557231676,65.6564293143798,861.099472411159,68
"380",2021-03-15,15960,867,452,58,70.1,107,4,3,97,4,5,26,21,1,824,101,1000,0.0320000004768372,13,0,3.1589339068941,2.50631371990888,109.460914451167,913.877354744176,107
"381",2021-03-16,16047,886,453,85,72.3,87,7,4,73,5,6,28,22,1,829,80,1583,0.0341100001335144,9,0,3.39171672181867,2.54811868673083,88.6442225133774,937.434764335654,87
"382",2021-03-17,16135,914,454,78,72.6,88,3,5,76,3,5,28,23,1,832,79,2842,0.0267400002479553,175,0,2.51889561500461,2.66547557109076,87.4059692406467,953.405770708241,88
"383",2021-03-18,16228,952,455,63,71.1,93,6,3,80,2,5,25,20,1,834,86,2566,0.0284500002861023,161,0,2.67703339692477,2.66206279359219,92.9405396367313,995.620857374048,93
"384",2021-03-19,16353,999,457,117,74.6,125,8,5,104,2,4,25,21,2,836,112,2615,0.0382399988174438,97,0,3.68722702461709,2.87951824891329,124.068403946975,1062.04763877704,125
"385",2021-03-20,16456,1053,458,83,78.4,103,6,5,87,4,4,28,24,1,840,93,1997,0.0435699987411499,151,0.00662000000476837,4.09724895189927,3.20848261729112,104.521969465975,1126.84552524378,103
"386",2021-03-21,16541,1081,459,87,81.6,85,5,1,77,4,4,30,26,1,844,82,1306,0.0421099996566772,87,0,3.94800140356213,3.35415100296009,88.5410824274921,1154.04768419657,85
"387",2021-03-22,16690,1157,460,56,81.3,149,6,7,133,4,7,31,24,1,848,139,1150,0.0547800016403198,131,0,4.91779874210521,3.60541740799025,157.700084859503,1254.38847613269,149
"388",2021-03-23,16814,1196,461,108,84.6,124,2,0,120,5,9,32,23,1,853,122,1966,0.0350999999046326,153,0,3.25656440832976,3.58610993463469,128.800219991047,1262.66445171551,124
"389",2021-03-24,16967,1286,461,85,85.6,153,7,2,137,4,9,34,25,0,857,144,3106,0.0457200002670288,47,0,4.50384779033909,3.86967453111105,157.100681877791,1385.13525621416,153
"390",2021-03-25,17116,1368,462,123,94.1,149,7,4,132,8,10,41,31,1,865,139,3005,0.0379399991035461,282,0,3.4685031124477,3.98274163332861,151.252021459039,1449.21413925155,149
"391",2021-03-26,17265,1452,463,103,92.1,149,10,2,130,4,11,43,32,1,869,140,2390,0.0673600006103516,117,0,6.42163547900839,4.37337141252737,157.387821682397,1611.59369344886,149
"392",2021-03-27,17381,1505,465,138,100,116,7,3,100,5,13,45,32,2,874,107,2476,0.0626000022888184,117,0,5.97753974805686,4.64198438340702,120.947367821333,1658.97933244024,116
"393",2021-03-28,17518,1564,466,139,107.4,137,3,5,124,5,13,46,33,1,879,127,2480,0.0826599979400635,157,0,7.77386404593695,5.18853618946057,148.898343033779,1772.10242917189,137
"394",2021-03-29,17727,1712,466,111,115.3,209,7,1,189,4,12,48,36,0,883,196,1644,0.0839400005340576,40,0,8.19461762933437,5.65665317335045,224.490853591262,1952.12419055224,209
"395",2021-03-30,17936,1842,467,170,124.1,209,9,6,186,6,12,49,37,1,889,195,1968,0.0406500005722046,64,0,3.93696855935525,5.75385376635409,214.140140767573,1966.12379125061,209
"396",2021-03-31,18144,1946,468,163,135.3,208,7,5,191,8,14,55,41,1,897,198,3023,0.0793900012969971,224,0,7.3913142568778,6.16634897585962,228.048995672215,2192.18861403097,208
"397",2021-04-01,18381,2081,469,144,138.3,237,12,4,203,3,15,53,38,1,900,215,2634,0.0721299982070923,100,0.01,6.98575037591372,6.66881287064048,244.70721220757,2329.8219004835,237
"398",2021-04-02,18579,2175,470,242,158.1,198,15,7,162,6,15,57,42,1,906,177,3130,0.0939299964904785,99,0,9.10501359601108,7.05215260164086,211.584005126987,2513.9559952045,198
"399",2021-04-03,18830,2354,470,223,170.3,251,16,3,223,12,14,62,48,0,918,239,2885,0.101909999847412,36,0,10.0654005326869,7.63613271373086,283.174887597426,2759.54680085498,251
"400",2021-04-04,19060,2513,471,152,172.1,230,9,2,215,12,16,65,49,1,930,224,1818,0.0929599952697754,139,0,8.63573180380438,7.7592566791405,259.109347680249,2884.44549428779,230
"401",2021-04-05,19345,2658,472,184,182.6,285,8,4,269,5,18,68,50,1,935,277,2045,0.105620002746582,162,0,9.7867197832696,7.98669984398839,327.400256630519,3103.2414517109,285
"402",2021-04-06,19619,2795,473,156,180.6,274,7,6,245,10,20,71,51,1,945,252,1749,0.128640003204346,83,0,12.2811880788429,9.17873120391519,310.971757596852,3382.52405747302,274
"403",2021-04-07,19927,2936,474,219,188.6,308,3,6,290,12,24,77,53,1,957,293,3364,0.098100004196167,44,0,9.68334548462165,9.50616423645002,347.561993580018,3422.61437935472,308
"404",2021-04-08,20222,3108,475,170,192.3,295,23,5,255,10,30,84,54,1,967,278,3366,0.0858600044250488,194,0.0103100001811981,8.1742953631985,9.67595637749071,321.895430427932,3542.84531571947,295
"405",2021-04-09,20519,3261,477,261,195,297,13,2,276,14,31,89,58,2,981,289,3418,0.110299997329712,158,0,10.542656344322,9.8813339129637,343.149644570504,3849.44287524018,297
"406",2021-04-10,20806,3425,480,381,217.6,287,12,2,262,14,27,93,66,3,995,274,3187,0.0875399971008301,97,0,8.49543150914572,9.65705262388639,315.841847205204,3923.02309006504,287
"407",2021-04-11,21075,3563,480,205,225.1,269,7,5,249,13,29,101,72,0,1008,256,2714,0.145909996032715,29,0,14.4367382148301,10.4857678254615,324.257570261797,4443.41688610462,269
"408",2021-04-12,21390,3657,481,265,236.7,315,16,4,291,16,27,102,75,1,1024,307,2125,0.0804699993133545,107,0,7.66123425362358,10.1821270355121,351.25692301416,4136.54256502535,315
"409",2021-04-13,21626,3683,483,245,249.4,236,10,0,219,12,28,106,78,2,1036,229,2670,0.0767799997329712,178,0,7.19812497496605,9.45597516352965,257.213588310398,4136.75827837203,236
"410",2021-04-14,21899,3754,485,389,273.7,273,10,11,248,12,28,102,74,2,1048,258,3971,0.171490001678467,97,0.0103100001811981,16.7646722390061,10.4675932712989,343.031787048866,4831.1911960521,273
"411",2021-04-15,22121,3757,485,312,294,222,15,3,202,19,29,108,79,0,1067,217,3902,0.130959997177124,98,0.0101999998092651,12.8001377241611,11.1284278942935,267.542042529933,4580.11269025326,222
"412",2021-04-16,22357,3796,487,348,306.4,236,1,10,219,20,24,115,91,2,1087,220,2970,0.120539999008179,244,0.00409999996423721,11.1700123536268,11.2180501813371,272.061019398431,4521.74377107474,236
"413",2021-04-17,22538,3743,490,405,309.9,181,5,7,167,16,23,124,101,3,1103,172,2935,0.101870002746582,121,0.00825999975204468,9.81635857431988,11.4067540477905,207.898967114052,4371.88856923196,181
"414",2021-04-18,22700,3684,490,294,322.6,162,5,8,146,11,22,123,101,0,1114,151,1949,0.0646500015258789,188,0.0159599995613098,6.03665572725616,10.2067422638514,174.60187577837,4064.64443951996,162
"415",2021-04-19,22927,3624,491,258,321.6,227,5,4,218,22,22,117,95,1,1136,223,2084,0.112279996871948,88,0.0340899991989136,10.9112077997534,10.6710241990128,268.646753245292,4300.80642942125,227
"416",2021-04-20,23116,3512,492,188,313.4,189,8,2,179,17,27,120,93,1,1153,187,2775,0.100539999008179,221,0,9.3123663967856,10.9730586878442,218.806097752732,4071.78083052189,189
"417",2021-04-21,23311,3413,493,207,287.4,195,3,2,185,12,25,112,87,1,1165,188,2521,0.136850004196167,236,0.0211899995803833,12.6949474239937,10.3916694285567,230.850014565026,4154.60159420444,195
"418",2021-04-22,23487,3305,496,239,277,176,7,4,161,14,22,108,86,3,1179,168,2358,0.163269996643066,213,0.00939000010490417,15.0521478843522,10.7133851657268,215.282388420573,4156.47793886901,176
"419",2021-04-23,23695,3229,499,189,254.3,208,5,8,186,21,29,114,85,3,1200,191,2507,0.0805700016021729,86,0.0116299998760223,7.82835225630488,10.2360051518237,224.592174404935,3661.65513692951,208
"420",2021-04-24,23851,3108,500,227,228.9,156,2,2,150,17,31,120,89,1,1217,152,2464,0.0852299976348877,214,0.00467000007629395,7.87924175461875,9.95927417758067,174.498943278049,3527.14944544854,156
"421",2021-04-25,24000,2978,505,139,206.7,149,2,6,137,20,30,126,96,5,1237,139,1621,0.135719995498657,93,0.0215100002288818,12.9523070434428,10.9472243656073,175.815228414521,3638.1996418593,149
"422",2021-04-26,24163,2842,510,173,194.6,163,4,7,148,12,31,125,94,5,1249,152,1304,0.115030002593994,31,0,11.2358893919527,10.9936074502072,188.231728952733,3388.55640581361,163
"423",2021-04-27,24323,2749,511,189,194.7,160,3,5,148,10,31,122,91,1,1259,151,2425,0.0610300016403198,332,0.00903999984264374,5.47693267774876,10.4456883474877,170.155258663984,3006.70070243239,160
"424",2021-04-28,24489,2646,513,186,191.7,166,2,7,155,12,27,117,90,2,1271,157,2408,0.0689400005340576,38,0,6.78689784489005,9.60168126475858,182.237882970964,2953.37221873357,166
"425",2021-04-29,24615,2549,513,159,180.3,126,2,7,113,13,29,114,85,0,1284,115,2728,0.0652500009536743,111,0.00901000022888184,6.30511139933178,8.35210462404138,134.410636750713,2824.08446154406,126
"426",2021-04-30,24768,2458,516,178,178.7,153,4,3,139,13,27,110,83,3,1297,143,2122,0.0669199991226196,179,0,6.17141408684045,8.11539917126075,161.10512017471,2717.63905866739,153
"427",2021-05-01,24892,2403,520,138,166,124,3,5,113,7,29,111,82,4,1304,116,2051,0.089709997177124,70,0.0285700011253357,8.76921755252498,8.24253857096164,138.410942993623,2763.67668977308,124
"428",2021-05-02,24989,2342,520,128,164.4,97,0,4,91,8,27,109,82,0,1312,91,1279,0.0695900011062622,21,0,6.84658549345456,7.37029263524904,105.663969339761,2616.45072740352,97
"429",2021-05-03,25096,2225,523,102,154.3,107,4,3,100,10,22,99,77,3,1322,104,976,0.174179992675781,140,0.0071399998664856,15.3225154868163,7.9540963630867,134.275132444279,2808.53047777424,107
"430",2021-05-04,25201,2130,524,141,147.4,105,1,2,99,8,23,95,72,1,1330,100,2386,0.0389800000190735,57,0.0175399994850159,3.84797625935961,7.72138830331683,108.586214091708,2270.28636015338,105
"431",2021-05-05,25283,2015,525,114,137.1,82,1,2,75,8,23,89,66,1,1338,76,1904,0.0777299976348877,65,0.0307699990272522,7.61797691384447,7.84011388459603,87.9096132288902,2277.73514021334,82
"432",2021-05-06,25389,1945,527,122,131.9,106,3,6,92,12,22,89,67,2,1350,95,2133,0.0534499979019165,246,0,4.79230119902429,7.62399814169496,108.792398804788,2104.53911237172,106
"433",2021-05-07,25501,1847,530,108,121.9,112,4,4,103,19,23,96,73,3,1369,107,2302,0.0469199991226196,82,0.0122000002861023,4.57257709747193,7.39559285749945,119.374295360177,1991.55442551633,112
"434",2021-05-08,25590,1772,534,136,121.6,89,1,3,85,4,21,87,66,4,1373,86,1901,0.0489200019836426,86,0.0116299998760223,4.73060411475805,6.81864808067561,95.9633546751049,1915.47749400333,89
"435",2021-05-09,25673,1710,537,69,113.1,83,0,5,78,4,22,84,62,3,1377,78,1173,0.172210006713867,123,0.00813000023365021,15.6637598691439,8.0782444200598,103.91192820333,2168.45381061146,83
"436",2021-05-10,25766,1643,538,82,110.3,93,3,2,87,9,22,86,64,1,1386,90,715,0.104899997711182,14,0,10.2885457288745,7.35910588321097,107.848930519799,1932.33103160034,93
"437",2021-05-11,25898,1612,540,124,107.9,132,1,6,123,5,21,80,59,2,1391,124,1899,0.0458099985122681,86,0.0232599997520447,4.48330212360065,7.44986672095969,139.515314592835,1735.69908970685,132
"438",2021-05-12,25995,1552,541,115,108,97,3,3,90,8,22,81,59,1,1399,93,2118,0.0495800018310547,174,0.00574999988079071,4.62525933060347,7.02233563763954,103.362452338276,1674.86587127962,97
"439",2021-05-13,26088,1524,541,78,101.7,93,1,1,90,7,20,78,58,0,1406,91,1684,0.0795699977874756,54,0.0185199999809265,7.76731624125886,7.44733778653019,104.098062943667,1726.60931786976,93
"440",2021-05-14,26171,1445,541,128,104.6,83,2,4,75,7,21,71,50,0,1413,77,1738,0.0471799993515015,105,0,4.44920449663102,7.42971312926721,86.8637649404987,1555.04078362364,83
"441",2021-05-15,26245,1397,542,85,97.3,74,2,8,63,7,19,65,46,1,1420,65,1779,0.0522800016403198,61,0,5.05468059337657,7.47600976906985,78.6235496533881,1517.86305947359,74
"442",2021-05-16,26314,1369,543,46,94,69,2,3,63,7,19,68,49,1,1427,65,805,0.0409899997711182,20,0,3.99963028069699,5.80970554214887,72.4497607837312,1462.7188078912,69
"443",2021-05-17,26388,1334,545,87,94.7,74,7,5,59,10,19,72,53,2,1437,66,774,0.229969997406006,19,0,22.4459997468157,7.54648468756904,96.356327304189,1846.50516096649,74
"444",2021-05-18,26467,1302,546,97,90.9,79,1,6,71,5,16,65,49,1,1442,72,1920,0.0265599989891052,56,0,2.58072864671468,7.27468847658533,81.1803747654984,1359.51177700943,79
"445",2021-05-19,26538,1288,550,91,87.4,71,2,5,64,4,14,58,44,4,1446,66,2042,0.0665999984741211,122,0.0163900005817413,6.37693054321293,7.52492722124382,78.2037574567257,1428.5824182464,71
"446",2021-05-20,26598,1243,553,73,86.7,60,5,8,45,11,15,64,49,3,1457,50,1487,0.0511100006103516,65,0.0307699990272522,5.02581319873481,7.13328392945467,62.3011026421079,1349.9254116828,60
"447",2021-05-21,26679,1208,554,77,79.4,81,4,11,63,4,13,60,47,1,1461,67,1682,0.0416200017929077,190,0,3.73957494741831,7.03190827956714,82.2884515137979,1285.32014072639,81
"448",2021-05-22,26738,1176,558,77,78.3,59,0,13,46,8,15,59,44,4,1469,46,1380,0.0623199987411499,101,0.00990000009536743,5.87451034925179,7.14902681612074,63.62522606916,1294.244909942,59
"449",2021-05-23,26793,1152,559,39,77.3,55,0,4,51,5,12,60,48,1,1474,51,826,0.0375300002098083,14,0.0714300012588501,3.80950002272923,7.12186535069678,58.3253825727815,1227.11452399695,55
"450",2021-05-24,26844,1106,561,65,74.1,51,2,11,38,5,11,58,47,2,1479,40,733,0.0832199954986572,30,0,7.99479117962198,5.05740698395482,56.4735687310351,1257.34417541312,51
"451",2021-05-25,26904,1039,563,56,68.3,60,1,12,46,3,11,55,44,2,1482,47,1035,0.0647300004959106,19,0.0526300001144409,6.45118790469088,5.61032973509427,64.1896851374561,1153.72516718759,60
"452",2021-05-26,26960,998,566,76,66.1,56,1,11,44,1,8,48,40,3,1483,45,1371,0.0320900011062622,61,0.0491800022125244,3.28179969634424,5.1681681855416,58.527714641987,1054.05909361562,56
"453",2021-05-27,27007,952,566,62,64.6,47,0,8,38,3,9,43,34,0,1486,38,1368,0.0548199987411499,113,0.00884999990463257,5.13124971418748,5.18323054489199,49.3374149477955,1035.61102711319,47
"454",2021-05-28,27042,902,569,65,62.9,35,0,1,30,1,7,35,28,3,1487,30,1589,0.0346099996566772,197,0.0152300000190735,3.24723401221823,5.11289612557769,32.6673942588647,952.132987383198,35
"455",2021-05-29,27077,863,571,45,58.3,35,0,3,31,5,9,37,28,2,1492,31,1074,0.024210000038147,104,0.00962000012397766,2.29219185516668,4.60113634070839,35.2162311398907,896.858305604054,35
"456",2021-05-30,27104,814,573,46,59.3,27,0,3,22,5,8,37,29,2,1497,22,718,0.0905300045013428,34,0,8.6436892595697,5.29173480311417,28.2548073369205,934.427871466057,27
"457",2021-05-31,27152,782,576,40,55.7,48,1,2,41,5,6,36,30,3,1502,42,783,0.0855700016021729,27,0.037039999961853,8.39523348808289,5.34894084718001,50.0351147142653,894.36808825132,48
"458",2021-06-01,27194,746,577,38,53.1,42,1,5,36,2,5,32,27,1,1504,37,1565,0.0172500002384186,27,0.037039999961853,1.75856346558387,4.67856592730758,43.1136872054518,768.454342034244,42
"459",2021-06-02,27225,707,577,48,49.1,31,0,0,30,1,6,31,25,0,1505,30,1688,0.042649998664856,43,0.0232599997520447,4.21683291366926,4.81214210121116,32.1652652578742,758.028084577236,31
"460",2021-06-03,27270,696,577,48,47.1,45,2,4,39,2,5,30,25,0,1507,41,1176,0.0136099994182587,186,0,1.17513651364701,4.24698307256252,45.8246613438129,709.999129153507,45
"461",2021-06-04,27300,649,579,43,44,30,0,0,27,3,6,30,24,2,1510,27,1195,0.0476999998092651,68,0.0147099995613098,4.59238161062873,4.43914701519259,29.1222922748837,700.013618014796,30
"462",2021-06-05,27319,617,582,39,43.1,19,1,0,18,2,4,31,27,3,1512,19,999,0.0160199999809265,90,0.0222199988365173,1.65323965805621,4.34786812989109,19.5376416130976,634.459203962171,19
"463",2021-06-06,27336,568,582,21,39.6,17,0,1,16,3,4,30,26,0,1515,16,608,0.106909999847412,22,0,10.3176634773375,4.58700730385793,19.8255617397911,668.307441762584,17
"464",2021-06-07,27363,535,583,17,36.3,27,1,3,23,1,4,28,24,1,1516,24,843,0.00949000000953674,30,0.0666699981689453,1.14549483998944,3.55133035413029,27.4705522330872,545.489393529235,27
"465",2021-06-08,27396,507,584,28,34.9,33,0,3,29,1,3,27,24,1,1517,29,1771,0.0299300003051758,100,0,2.83303209729911,3.70482587294676,33.4062189713544,531.584586844024,33
"466",2021-06-09,27423,481,585,33,32.7,27,1,0,24,2,4,25,21,1,1519,25,1194,0.0594600009918213,26,0,5.81928206428153,3.93374718017708,27.4900775727352,528.909092499426,27
"467",2021-06-10,27452,468,585,20,28.7,29,0,0,28,2,5,22,17,0,1521,28,1216,0.0304299998283386,136,0,2.73689939284465,4.1568561629196,29.3116571302567,489.92341203429,29
"468",2021-06-11,27474,458,585,36,27.7,22,0,1,20,1,4,17,13,0,1522,20,1055,0.017059999704361,96,0,1.56370979045186,3.72418876003719,21.5352905924077,470.258154566135,22
"469",2021-06-12,27492,435,585,29,26.3,18,0,0,18,2,6,18,12,0,1524,18,880,0.011360000371933,44,0,1.08190479732695,3.64256949421873,18.3333227924283,443.055300817017,18
"470",2021-06-13,27513,428,586,18,25.9,21,0,1,18,2,5,17,12,1,1526,18,583,0.132080001831055,17,0,12.8337735112508,4.00201378477777,22.953942375273,522.015963145381,21
"471",2021-06-14,27532,391,589,22,26.6,19,2,1,16,2,4,16,12,3,1528,18,655,0.0564900016784668,29,0,5.40949577476546,4.61115677546006,20.6666052703793,427.202370039907,19
"472",2021-06-15,27559,377,589,22,25.7,27,1,0,24,0,4,16,12,0,1528,25,1518,0.0144900000095367,36,0,1.41543243336401,4.40864253775504,25.6056651867204,386.133431015744,27
"473",2021-06-16,27576,356,589,24,24.4,17,0,0,17,1,4,14,10,0,1529,17,1251,0.0223799991607666,42,0,2.16530386311825,3.88664565187458,17.6300445104982,369.193873278668,17
"474",2021-06-17,27587,313,590,12,23.3,11,0,0,11,0,5,13,8,1,1529,11,1101,0.0208899998664856,123,0.0243899989128113,2.12417154569252,3.79911310228141,11.3999316104604,324.379872188555,11
"475",2021-06-18,27601,283,590,26,21.9,14,1,0,13,1,4,14,10,0,1530,14,864,0.0196800005435944,63,0,1.83425247784958,3.83776205762395,14.4395321120594,291.884827693773,14
"476",2021-06-19,27610,250,590,18,20.3,9,0,0,9,0,3,12,9,0,1530,9,926,0.0194400000572205,37,0,1.86930841671715,3.9502482889654,9.28795652949746,257.998792486041,9
"477",2021-06-20,27622,237,590,7,18.7,12,0,0,10,0,3,12,9,0,1530,10,562,0.0266899991035461,15,0,2.59961516398491,2.48822566792741,10.4449513425248,247.545346817837,12
"478",2021-06-21,27633,227,591,13,17.4,11,0,0,11,2,2,11,9,1,1532,11,520,0.0230800008773804,7,0,2.27734354008308,2.04077534868707,11.4287702993687,235.848259814244,11
"479",2021-06-22,27644,204,591,13,16.1,11,0,0,10,0,2,8,6,0,1532,10,1297,0.0115699994564056,65,0,1.10178335498958,1.99596833749072,10.188581752317,207.847067747266,11
"480",2021-06-23,27655,191,591,18,15.3,11,0,0,10,0,1,6,5,0,1532,10,1105,0.00814000010490417,18,0,0.800952815308914,1.80106104494653,10.1370914570003,193.618446828705,11
"481",2021-06-24,27661,179,591,8,14.7,6,1,0,5,1,0,6,6,0,1533,6,904,0.00995999991893768,51,0,0.942810463530855,1.63229517606629,6.09682312689346,181.888556618988,6
"482",2021-06-25,27665,158,591,7,12,4,0,0,4,2,0,8,8,0,1535,4,1024,0.00194999992847443,64,0,0.183529405032888,1.39647759423534,4.01256519138579,158.496325059739,4
"483",2021-06-26,27669,143,591,9,10.7,4,0,0,4,1,0,8,8,0,1536,4,764,0.00523999989032745,19,0,0.511284791342295,1.20247421918179,4.03500469722934,144.251417925949,4
"484",2021-06-27,27674,129,591,8,10.9,5,0,0,5,0,0,7,7,0,1536,5,398,0.0200999999046326,13,0,1.94642334842914,1.10916110267382,5.16657536353911,133.297644379309,5
"485",2021-06-28,27683,121,591,1,9.1,9,0,0,9,0,0,6,6,0,1536,9,555,0.00180000007152557,5,0,0.178392864231552,0.809311006123604,9.0274804251732,121.369459049551,9
"486",2021-06-29,27686,115,591,8,8.4,3,0,0,3,0,0,5,5,0,1536,3,929,0.00646000027656555,14,0,0.636409359165365,0.742829006720145,3.03267843671775,116.252673407514,3
"487",2021-06-30,27688,100,591,8,7,2,0,1,1,0,0,4,4,0,1536,1,1221,0.000820000022649765,51,0,0.0787122663251072,0.639651785436743,2.00134724281731,100.134724281731,2
"488",2021-07-01,27691,96,591,7,6.9,3,0,0,3,0,0,3,3,0,1536,3,884,0.00225999996066093,74,0,0.208542793864746,0.534756404055871,3.0107082845249,96.3426651047968,3
"489",2021-07-02,27695,85,591,6,6.7,4,0,0,4,2,0,4,4,0,1538,4,785,0.0140100002288818,29,0,1.35108724565998,0.701550381288312,4.09250108895395,86.9656481402715,4
"490",2021-07-03,27701,79,591,6,6.3,6,0,0,6,0,0,3,3,0,1538,6,627,0.00158999994397163,16,0,0.155043540415274,0.650658774013023,6.01592239476365,79.2096448643881,6
"491",2021-07-04,27703,74,592,2,5.4,2,0,0,2,1,0,4,4,1,1539,2,437,0.00685999989509583,34,0,0.636479820415473,0.463523984296785,2.02178803651458,74.8061573510395,2
"492",2021-07-05,27709,73,592,2,5.6,6,0,0,6,0,0,4,4,0,1539,6,505,0.00197999998927116,27,0,0.187951126801116,0.464889450378151,6.01930188145333,73.2348395576822,6
"493",2021-07-06,27714,69,592,12,6.1,5,0,2,3,0,0,4,4,0,1539,3,1174,0.00596000015735626,28,0,0.582116487914829,0.457133325913789,5.02989059877691,69.687483771869,5
"494",2021-07-07,27720,68,592,6,5.9,6,0,0,6,0,0,4,4,0,1539,6,1218,0.0320199990272522,23,0,3.14265582717109,0.894839548891786,6.32273906125005,71.6577093608339,6
"495",2021-07-08,27722,59,593,5,5.6,2,0,0,2,1,0,5,5,1,1540,2,933,0.00321999996900558,87,0,0.294535291282569,0.907124191380046,2.01008255953364,59.2974355062423,2
"496",2021-07-09,27724,57,593,3,5.1,2,0,0,2,0,0,4,4,0,1540,2,823,0.00486000001430511,56,0,0.455037544001491,0.77911709114312,2.01557688760303,57.4439412966864,2
"497",2021-07-10,27725,53,593,0,4.3,1,0,0,1,0,0,4,4,0,1540,1,930,0,22,0,0,0.756968013940938,1,53,1
"498",2021-07-11,27730,55,593,0,4,5,0,0,5,0,0,4,4,0,1540,5,422,0.00237000003457069,8,0,0.23259070106717,0.699269568319752,5.0199051663747,55.2189568301217,5
"499",2021-07-12,27733,53,593,1,3.9,3,0,1,2,0,0,3,3,0,1540,2,460,0.00216999992728233,16,0,0.209705875325603,0.702377389537536,3.00717867106287,53.190234783166,3
"500",2021-07-13,27735,52,593,2,2.4,2,0,0,2,0,0,3,3,0,1540,2,1188,0.000839999988675117,14,0,0.0830216294963427,0.63107812404918,2.00284200415621,52.0738921080615,2
"501",2021-07-14,27740,54,593,0,1.6,5,0,0,5,0,0,2,2,0,1540,5,1098,0,15,0,0,0.182127291596168,5,54,5
"502",2021-07-15,27751,60,593,1,1,11,0,0,11,0,0,2,2,0,1540,11,947,0.00105999998748302,31,0,0.102640080587569,0.154713690068311,11.0193247164102,60.1054075440558,11
"503",2021-07-16,27754,60,593,8,1.7,3,0,0,3,0,0,2,2,0,1540,3,867,0.00460999995470047,34,0,0.443603769225894,0.153080293671797,3.02277822833941,60.4555645667882,3
"504",2021-07-17,27756,57,593,5,2.4,2,0,0,2,0,0,2,2,0,1540,2,761,0.00263000011444092,18,0,0.256922989356809,0.189783577865627,2.0087950117097,57.2506578337264,2
"505",2021-07-18,27764,62,593,4,3,8,0,0,8,0,0,2,2,0,1540,8,214,0.00467000007629395,17,0,0.432632041699959,0.21836091224174,8.05923960144272,62.4591069111811,8
"506",2021-07-19,27773,67,593,2,3.1,9,0,0,9,0,0,2,2,0,1540,9,367,0,10,0,0,0.188402930052368,9,67,9
"507",2021-07-20,27777,68,593,10,4.3,4,0,0,4,0,0,2,2,0,1540,4,1142,0.00437999993562698,22,0,0.429721643168901,0.237931503434162,4.02942054265399,68.5001492251179,4
"508",2021-07-21,27782,71,593,12,6,5,0,0,5,0,0,2,2,0,1540,5,1058,0.0103999996185303,8,0,1.03219508409053,0.385387944018523,5.08833549572575,72.2543640393056,5
"509",2021-07-22,27787,73,593,5,6.6,5,0,0,5,1,0,3,3,0,1541,5,1046,0.00477999985218048,28,0,0.46553816064998,0.437230526884582,5.03984086422627,73.5816766177035,5
"510",2021-07-23,27799,81,593,3,5.9,12,0,0,12,0,0,3,3,0,1541,12,928,0.00647000014781952,38,0,0.621548668444774,0.462651226772993,12.1276614715749,81.8617149331307,12
"511",2021-07-24,27802,83,593,2,5.4,3,0,0,3,0,0,3,3,0,1541,3,713,0.0028099998831749,16,0,0.274832636036173,0.465209747727188,3.01411214460526,83.3904360007455,3
"512",2021-07-25,27809,85,593,7,5.9,7,0,0,7,0,0,3,3,0,1541,7,410,0.00244000002741814,14,0,0.235943398877698,0.437111370181151,7.02826892744798,85.3432655475825,7
"513",2021-07-26,27818,89,593,5,6.3,9,0,0,9,1,0,4,4,0,1542,9,410,0,10,0,0,0.437111370181151,9,89,9
"514",2021-07-27,27826,96,593,7,5.9,8,0,0,8,0,0,4,4,0,1542,8,1125,0.0106700003147125,5,0,1.06227879239394,0.5274766772133,8.14545610638361,97.7454732766033,8
"515",2021-07-28,27832,96,593,8,5.3,6,0,0,6,0,0,3,3,0,1542,6,1074,0.00372000008821487,11,0,0.368228580160624,0.432624319509027,6.03781570519399,96.6050512831038,6
"516",2021-07-29,27836,92,593,9,5.9,4,0,0,4,0,0,3,3,0,1542,4,1234,0.00243000000715256,15,0,0.240081666038932,0.400416248850306,4.01643699592148,92.3780509061941,4
"517",2021-07-30,27839,87,593,4,6,3,0,0,3,0,0,3,3,0,1542,3,940,0.00745000004768372,21,0,0.72872008791079,0.415726451631166,3.03741842091854,88.0851342066376,3
"518",2021-07-31,27846,88,593,8,6.9,7,0,0,7,0,0,2,2,0,1542,7,936,0.00962000012397766,8,0,0.953847469919819,0.512728570757401,7.11428268411771,89.4366966003369,7
"519",2021-08-01,27855,90,593,1,6,9,0,0,7,0,0,2,2,0,1542,7,563,0.00178000003099442,13,0,0.173982641918378,0.503877034048927,7.02084526502963,90.268010550381,9
"520",2021-08-02,27866,92,593,3,5.7,11,0,0,11,1,0,3,3,0,1543,11,462,0.0043299999833107,4,0,0.429283260147971,0.565203214070065,11.0808239550722,92.6759821696946,11
"521",2021-08-03,27883,104,593,10,6.1,17,0,0,16,0,0,3,3,0,1543,16,550,0.0109099996089935,3,0,1.08508133543335,0.568460720218552,16.2971568429903,105.931519479437,17
"522",2021-08-04,27895,113,593,15,7.1,12,0,0,10,2,0,5,5,0,1545,10,1289,0.00776000022888184,22,0,0.762977901985408,0.624853480479235,10.1305916531448,114.475685680537,12
"523",2021-08-05,27915,126,593,9,7.1,20,0,0,20,0,1,5,4,0,1545,20,1482,0.00472000002861023,19,0,0.466025319280504,0.657131145228031,20.1595302215014,127.005040395459,20
"524",2021-08-06,27929,128,593,15,8.7,14,0,0,12,1,1,6,5,0,1546,12,1109,0.00541000008583069,44,0,0.520354735055181,0.627364666248658,12.1068769906375,129.140021233467,14
"525",2021-08-07,27942,138,593,13,9.4,13,0,0,13,0,1,6,5,0,1546,13,846,0.01182000041008,14,0,1.16275817987531,0.657209053385157,13.2587237012752,140.746451598152,13
"526",2021-08-08,27962,150,593,5,10,20,0,0,19,1,1,5,4,0,1547,19,612,0.00653999984264374,4,0,0.6497532311198,0.725176280413932,19.211302924892,151.668180985989,20
"527",2021-08-09,27976,158,593,13,11.4,14,0,0,14,1,1,5,4,0,1548,14,556,0.0143900001049042,9,0,1.41607788642951,0.866146941311295,14.3393271710298,161.829549501622,14
"528",2021-08-10,27996,173,593,18,12.6,20,3,0,17,1,1,6,5,0,1549,20,1264,0.0102799999713898,16,0,1.01514999717474,0.856156750131494,20.3475070928687,176.005936353315,20
"529",2021-08-11,28011,179,593,20,13.3,15,2,0,13,0,1,6,5,0,1549,15,1296,0.0108000004291534,8,0,1.07337427578089,0.900499089245134,15.2755788616275,182.288574415421,15
"530",2021-08-12,28030,193,593,18,14.6,19,3,0,16,0,1,5,4,0,1549,19,1053,0.0133000004291534,38,0,1.28367556845999,1.01730626769935,19.4174575657907,197.240490010401,19
"531",2021-08-13,28047,207,593,26,16.1,17,3,0,14,0,1,5,4,0,1549,17,1077,0.0213599991798401,14,0,2.10859020317945,1.24419704885996,17.6135423785234,214.470780726726,17
"532",2021-08-14,28064,215,593,16,16.6,17,2,0,15,1,1,6,5,0,1550,17,1005,0.0119400000572205,12,0,1.17991151007931,1.24664752460339,17.3433221463562,219.342015380387,17
"533",2021-08-15,28082,212,593,8,17,18,1,0,17,0,1,6,5,0,1550,18,543,0.0221000003814697,2,0,2.20188994626386,1.46838134105254,18.6783777161556,219.989781990277,18
"534",2021-08-16,28101,215,593,21,18.1,19,0,0,19,0,1,5,4,0,1550,19,611,0.0114600002765656,8,0,1.1311890418387,1.42768293468242,19.3678682024163,219.162719132606,19
"535",2021-08-17,28122,211,593,18,18.1,21,0,0,21,0,1,5,4,0,1550,21,1323,0.0158700001239777,10,0,1.57509453593567,1.50767501164827,21.5661472205435,216.68843159689,21
"536",2021-08-18,28153,224,593,24,18.7,31,0,0,31,0,1,4,3,0,1550,31,1295,0.015440000295639,12,0,1.52982405377601,1.57288212279043,31.811720732958,229.865336909116,31
"537",2021-08-19,28176,232,593,19,18.9,23,0,0,23,3,1,7,6,0,1553,23,1279,0.0172000002861023,17,0,1.69743829983988,1.63199108441613,23.6682289593898,238.740396459932,23
"538",2021-08-20,28195,232,593,17,17.6,19,0,0,19,0,2,7,5,0,1553,19,1142,0.014889999628067,50,0,1.42654191067555,1.53455561405843,19.4639183982005,237.664687809606,19
"539",2021-08-21,28218,241,593,27,19.1,23,1,0,22,1,2,8,6,0,1554,23,879,0.0182000005245209,12,0,1.79548826723388,1.62249515079479,23.7068281990123,248.406330259215,23
"540",2021-08-22,28249,258,593,17,20.4,31,0,0,31,1,1,7,6,0,1555,31,520,0.0173099994659424,6,0,1.71125470005514,1.55240440133641,31.9079873701672,265.556798113004,31
"541",2021-08-23,28290,277,593,16,19.7,41,1,0,40,0,1,5,4,0,1555,41,575,0.0139100003242493,11,0.0909099960327148,1.53553927351591,1.61016872014743,42.0775768313464,284.280214202023,41
"542",2021-08-24,28322,291,593,26,20.9,32,1,0,31,0,1,5,4,0,1555,32,1233,0.0154100000858307,23,0,1.51278105938131,1.60126679492538,32.828570594778,298.534813846263,32
"543",2021-08-25,28348,307,593,27,21.3,26,0,0,25,2,1,7,6,0,1557,25,1318,0.0197300004959106,68,0,1.8762006243586,1.65074916215147,25.8028284322808,316.858733148409,26
"544",2021-08-26,28376,315,593,44,24.9,28,2,0,24,3,1,10,9,0,1560,26,1198,0.0125199997425079,22,0,1.22942292553479,1.58388982296503,26.5471143617516,321.628500921221,28
"545",2021-08-27,28409,332,593,24,25.9,33,0,0,33,2,1,11,10,0,1562,33,896,0.0278999996185303,9,0,2.7622541058788,1.7747058508512,34.560202708635,347.696584826267,33
"546",2021-08-28,28441,336,593,38,27.4,32,0,0,29,2,1,13,12,0,1564,29,1115,0.0242199993133545,16,0,2.38773644866404,1.85931273391266,30.1851896404234,349.731852385595,32
"547",2021-08-29,28480,357,593,28,29,39,0,0,35,1,0,12,12,0,1565,35,537,0.0260700011253357,2,0,2.59732664272825,1.98589444000881,36.5559587335613,372.870779082325,39
"548",2021-08-30,28517,379,593,20,29.6,37,0,1,35,1,1,11,10,0,1566,35,627,0.0111600005626678,9,0,1.10020760264036,1.92370420131231,36.6590921603378,386.13702653623,37
"549",2021-08-31,28547,387,593,22,29,30,0,0,24,0,1,9,8,0,1566,24,553,0.0361700010299683,16,0,3.51529183999516,2.20977716997143,25.4440295735232,410.284976873061,30
"550",2021-09-01,28586,398,593,55,33,39,0,0,37,2,1,11,10,0,1568,37,807,0.0309800004959106,5,0,3.07892369460589,2.38159475143533,38.9498630514915,418.974202553882,39
"551",2021-09-02,28631,425,593,34,31.6,45,0,1,39,1,1,12,11,0,1569,39,1298,0.0169500005245209,8,0,1.68461720373875,2.44662250546447,41.124525475013,437.254444278988,45
"552",2021-09-03,28683,457,593,50,35.3,52,0,1,49,1,2,7,5,0,1570,49,1050,0.035239999294281,45,0.0222199988365173,3.47049307823181,2.5477995015149,52.9106549389696,484.146312389982,52
"553",2021-09-04,28738,488,593,38,35.3,55,0,0,52,0,2,7,5,0,1570,52,911,0.0318300008773804,8,0,3.1552917083018,2.65745025289172,54.8083182333317,514.35498649742,55
"554",2021-09-05,28764,482,593,23,34.6,26,0,0,25,2,1,9,8,0,1572,25,412,0.0388299989700317,6,0,3.82726305637633,2.83315545484145,26.6376903192469,513.57466935508,26
"555",2021-09-06,28824,499,593,29,35.9,60,0,1,53,1,1,10,9,0,1573,53,519,0.0346799993515015,2,0,3.45468707551426,3.169509665252,57.1339210010043,528.50616187738,60
"556",2021-09-07,28889,524,593,50,39.9,65,1,2,56,1,1,10,9,0,1574,57,825,0.0460599994659424,11,0.0909099960327148,4.66501309997157,3.33375555953435,63.5512551479788,565.839608728787,65
"557",2021-09-08,28941,537,594,66,41.4,52,0,1,50,2,1,9,8,1,1576,50,1376,0.03125,17,0,3.08686288585786,3.3348897297132,53.6417444479493,565.372335370976,52
"558",2021-09-09,29011,582,594,58,44.9,70,0,3,63,3,2,12,10,0,1579,63,1485,0.0343400001525879,13,0,3.40419894703558,3.58054426446989,69.6707849492282,615.911060959537,70
"559",2021-09-10,29077,612,594,62,46.6,66,0,0,58,0,1,9,8,0,1579,58,1263,0.0332500004768372,35,0,3.23534288152892,3.54695137922662,61.2118242099551,645.890283042974,66
"560",2021-09-11,29131,634,594,44,47.4,54,0,0,49,1,1,9,8,0,1580,49,1162,0.0309800004959106,15,0,3.05851831573901,3.5331266088605,51.5651373568422,667.18973641302,54
"561",2021-09-12,29186,646,594,53,51.7,55,0,1,50,2,1,10,9,0,1582,50,585,0.0598299980163574,3,0,5.95247429244372,3.83672821401299,56.0941413645764,711.816306430327,55
"562",2021-09-13,29248,675,594,36,52.7,62,0,0,55,5,4,15,11,0,1587,55,530,0.0301900005340576,20,0,2.90921823328191,3.75880409369408,57.7386873145357,708.611162496574,62
"563",2021-09-14,29310,695,594,63,54.6,62,0,2,55,2,5,12,7,0,1589,55,1224,0.0334999990463257,29,0,3.27246598824443,3.55986879201878,60.0806424168269,733.928117812631,62
"564",2021-09-15,29357,707,594,58,53.4,47,0,1,42,2,6,13,7,0,1591,42,1537,0.0305800008773804,13,0,3.03235234506669,3.55208157190575,45.1798791281418,743.694631990387,47
"565",2021-09-16,29417,735,594,63,54.1,60,1,1,50,1,7,13,6,0,1592,51,1708,0.0316199994087219,39,0,3.09141150487104,3.50739765159653,54.6985499100298,773.89086635043,60
"566",2021-09-17,29477,732,595,90,58.1,60,1,2,46,0,7,11,4,1,1592,47,1417,0.0310500001907349,4,0,3.09625969530411,3.48752862499299,51.4907990837997,770.792870837051,60
"567",2021-09-18,29539,748,595,44,58.1,62,0,5,50,0,7,10,3,0,1592,50,1575,0.0298399996757507,28,0,2.93187769739909,3.46943710808728,57.5091077626592,785.536252129381,62
"568",2021-09-19,29582,739,595,60,59.1,43,2,1,39,3,7,11,4,0,1595,41,1058,0.0321399998664856,3,0,3.20491233352891,3.07692825681374,44.2490725809959,779.538161886731,43
"569",2021-09-20,29633,718,595,60,62.6,51,2,0,40,2,8,13,5,0,1597,42,1220,0.0385199999809265,66,0.0606099987030029,3.965370131503,3.22780709941675,44.8506013158672,766.731708209349,51
"570",2021-09-21,29693,717,595,36,58.7,60,0,0,51,1,7,14,7,0,1598,51,1196,0.0200699996948242,23,0,1.96913204552992,3.04161653617182,52.7188915470906,741.165592926745,60
"571",2021-09-22,29744,704,595,63,59.4,51,0,0,42,5,9,18,9,0,1603,42,2383,0.0180400002002716,29,0,1.7823101358726,2.86303907771552,43.2812563392856,725.476296734692,51
"572",2021-09-23,29780,676,595,44,56.7,36,0,0,29,3,9,19,10,0,1606,29,1528,0.0274900007247925,48,0,2.66527418194689,2.80216231729779,30.3229497548185,706.838414974391,36
"573",2021-09-24,29824,670,595,56,51.9,44,1,0,34,2,8,18,10,0,1608,35,2089,0.0181900000572205,48,0,1.77814272903761,2.61385989354543,36.0652170825377,690.391298437151,44
"574",2021-09-25,29868,665,595,62,54.4,44,0,1,35,2,10,18,8,0,1610,35,1935,0.0273900008201599,32,0,2.6944408534321,2.57994034440729,37.6141361309713,695.668586488454,44
"575",2021-09-26,29916,643,595,38,51.3,48,1,0,38,3,11,19,8,0,1613,39,1060,0.0339599990844727,4,0,3.38323299149822,2.60541472411719,41.2583953662593,680.234569756532,48
"576",2021-09-27,29957,624,595,31,47.1,41,0,0,29,0,11,19,8,0,1613,29,852,0.0164300000667572,15,0.0666699981689453,1.72992041861722,2.28606476513351,29.8586725557794,642.476264648495,41
"577",2021-09-28,30002,600,596,44,48.3,45,1,1,32,3,11,20,9,1,1616,33,1723,0.0203099989891052,35,0,1.99056474733949,2.28912657967773,35.1243297652821,620.442359368766,45
"578",2021-09-29,30047,588,596,65,48.6,45,1,0,37,0,11,20,9,0,1616,38,2041,0.0215599989891052,8,0,2.14758213454191,2.34130829377335,39.3968084027604,609.613772126923,45
"579",2021-09-30,30095,591,596,61,51,48,2,0,38,3,12,22,10,0,1619,40,1837,0.017960000038147,29,0,1.76808789228703,2.21313882382194,41.2105069893022,608.88524076694,48
"580",2021-10-01,30138,574,596,48,49.9,43,0,0,24,1,11,21,10,0,1620,24,1834,0.0196300005912781,13,0,1.94918359958874,2.23757323390067,24.8006956150862,593.149970127479,43
"581",2021-10-02,30174,556,596,60,49.6,36,0,0,28,0,9,16,7,0,1620,28,1477,0.0189600002765656,13,0,1.87945774553607,2.12114707562981,28.9007288172132,573.885900798948,36
"582",2021-10-03,30201,542,597,37,49.4,27,5,0,18,2,7,15,8,1,1622,23,1029,0.0213800001144409,12,0,2.11335447817096,1.9397358594402,23.8319622951262,561.605372346017,27
"583",2021-10-04,30245,539,598,25,48.6,44,1,0,40,0,4,11,7,1,1622,41,1256,0.0199000000953674,8,0,1.97740507276752,1.9750908100331,42.3876596511414,557.242647608908,44
"584",2021-10-05,30295,536,598,33,47,50,1,0,42,0,4,10,6,0,1622,43,1637,0.0116100001335144,13,0,1.15185274051897,1.85527480905874,43.847752102179,546.567328529487,50
"585",2021-10-06,30336,527,598,28,41.7,41,1,0,33,0,4,9,5,0,1622,34,1958,0.0127699995040894,36,0,1.25394478580778,1.72761233066815,34.729727630586,538.310778274084,41
"586",2021-10-07,30373,516,598,53,40.6,37,1,0,31,2,3,9,6,0,1624,32,1681,0.0184399998188019,9,0,1.83417986363349,1.7370540408605,33.0046050557787,532.199256524431,37
"587",2021-10-08,30401,498,600,58,42,28,0,0,19,0,2,7,5,2,1624,19,2154,0.0246099996566772,13,0,2.44623623721655,1.80806156052162,19.7955279745354,518.851206911506,28
"588",2021-10-09,30430,478,600,37,38.7,29,1,0,26,3,3,8,5,0,1627,27,1520,0.0184200000762939,12,0,1.82757180913621,1.80064928389307,27.8445817140605,492.952224419294,29
"589",2021-10-10,30451,440,601,20,36.3,21,0,0,19,2,3,8,5,1,1629,19,1009,0.0178400003910065,24,0,1.7425518290925,1.74767747688186,19.5666863674206,453.12326324553,21
"590",2021-10-11,30470,418,601,18,35.3,19,0,0,17,1,4,9,5,0,1630,17,635,0.0220499992370605,7,0,2.18095786846315,1.77675644769552,17.6345994001388,433.603679368119,19
"591",2021-10-12,30504,418,601,31,35,34,0,0,27,2,5,9,4,0,1632,27,1118,0.0143099999427795,12,0,1.41580353416172,1.8144637039302,27.6542898996787,428.129376965396,34
"592",2021-10-13,30526,413,601,24,34.4,22,0,0,20,0,5,9,4,0,1632,20,1674,0.0203099989891052,9,0,2.02013893688426,1.92392001122684,20.6915358430787,427.280215159575,22
"593",2021-10-14,30546,400,601,39,32.4,20,0,0,17,0,5,8,3,0,1632,17,1288,0.0116499996185303,33,0,1.13589701049713,1.82416531792165,17.3305151245259,407.776826459434,20
"594",2021-10-15,30582,385,601,33,28.9,36,1,0,20,2,5,10,5,0,1634,21,1605,0.0155799996852875,15,0,1.54357404289422,1.6952135758756,21.55481758977,395.17165581245,36
"595",2021-10-16,30612,379,602,22,26.7,30,0,0,24,1,4,10,6,1,1635,24,1409,0.0156099998950958,8,0,1.55218700438885,1.65587288948312,24.6376153218559,389.069008624307,30
"596",2021-10-17,30637,370,602,34,28.7,25,1,0,20,0,4,10,6,0,1635,21,815,0.0368099999427795,8,0,3.64521870636273,1.92768244337887,22.3102263970807,393.084941281899,25
"597",2021-10-18,30673,375,602,23,29.4,36,3,0,23,1,3,11,8,0,1636,26,812,0.0135500001907349,20,0,1.32242790323038,1.80503530548847,26.5885031775568,383.488026599377,36
"598",2021-10-19,30695,359,602,23,28.3,22,0,0,19,3,2,13,11,0,1639,19,1138,0.0105400002002716,9,0,1.04572974959975,1.75216762197962,19.3400764231001,365.425654520681,22
"599",2021-10-20,30721,354,602,35,29.9,26,1,0,20,1,3,13,10,0,1640,21,1788,0.0134200000762939,19,0,1.32788932686295,1.653274820548,21.4772925271728,362.045788315199,26
"600",2021-10-21,30739,343,602,44,30.6,18,0,0,15,0,3,13,10,0,1640,15,1305,0.0214599990844727,7,0,2.13455021381379,1.79593956387895,15.5480259134974,355.531525888641,18
"601",2021-10-22,30765,329,602,34,30.7,26,0,0,12,0,2,10,8,0,1640,12,1417,0.0218799996376038,19,0,2.15905010351564,1.8838647153963,12.4434528258398,341.157998308441,26
"602",2021-10-23,30789,330,602,22,30.7,24,0,1,20,0,1,8,7,0,1640,20,1331,0.0120200002193451,9,0,1.19392688745883,1.83268469869201,21.4087061645208,336.743651714594,24
"603",2021-10-24,30809,323,603,14,27.9,20,0,0,12,1,1,8,7,1,1641,12,822,0.00243000000715256,8,0,0.240657832033663,1.34631885950214,12.0494293279725,324.330472744594,20
"604",2021-10-25,30835,315,603,15,26.7,26,0,2,19,3,1,8,7,0,1644,19,815,0.0135000002384186,5,0,1.34176831637941,1.34908177566629,21.436349611205,322.234217238399,26
"605",2021-10-26,30857,302,603,30,27.7,22,0,6,14,3,2,10,8,0,1647,14,1386,0.0180400002002716,10,0,1.79107738378055,1.45556000912069,20.4291862951593,311.258161509864,22
"606",2021-10-27,30883,311,603,35,27.7,26,1,5,19,2,2,11,9,0,1649,20,1365,0.014650000333786,9,0,1.45540396329097,1.47377638575326,25.4982152407432,318.747246993557,26
"607",2021-10-28,30908,303,603,26,25.1,25,1,6,17,4,3,15,12,0,1653,18,1856,0.0113100004196167,41,0,1.10655565518232,1.32692002023448,24.3409174465942,308.738777017668,25
"608",2021-10-29,30929,298,603,12,22,21,0,1,17,1,3,16,13,0,1654,17,1548,0.0148599994182587,18,0,1.46891948272442,1.22832993155002,18.4274156030561,305.49234410063,21
"609",2021-10-30,30952,289,603,28,22.9,23,0,2,20,1,2,17,15,0,1655,20,1178,0.0118799996376038,7,0,1.18098224245547,1.22648069654954,22.4042749415825,294.841772905867,23
"610",2021-10-31,30973,275,604,32,25.4,21,0,2,16,0,1,16,15,1,1655,16,936,0.0181599998474121,7,0,1.80251960309414,1.44960380670104,18.4936321519803,283.484302612161,21
"611",2021-11-01,31024,301,604,13,25.1,51,0,10,37,1,1,15,14,0,1656,37,773,0.0116400003433228,14,0,1.14329355341659,1.42125026913492,47.7240406317055,306.890168382253,51
"612",2021-11-02,31074,329,604,31,25.3,50,1,6,37,2,0,16,16,0,1658,38,1531,0.0267799997329712,17,0,2.64859041286685,1.54375213043296,45.7226690819684,343.914687578094,50
"613",2021-11-03,31117,351,604,44,26.6,43,0,19,22,2,0,17,17,0,1660,22,1657,0.0169000005722046,11,0,1.67885497291025,1.57567370323572,41.6321779184049,361.086111334551,43
"614",2021-11-04,31150,370,604,33,27.6,33,2,5,23,4,0,20,20,0,1664,25,1511,0.0258100008964539,35,0,2.52256865165212,1.77796127415998,31.0794100639525,385.975268946497,33
"615",2021-11-05,31189,387,606,45,32.3,39,0,7,23,2,1,20,19,2,1666,23,1264,0.0213599991798401,15,0.0666699981689453,2.18913908802596,1.88084978920306,30.8617963521202,401.500660359587,39
"616",2021-11-06,31222,393,607,40,34,33,3,4,21,3,1,21,20,1,1669,24,1414,0.0212199997901917,10,0.1,2.17732301287437,2.02318418497718,28.8944118909079,407.645994713617,33
"617",2021-11-07,31260,412,608,39,35,38,3,3,27,6,3,25,22,1,1675,30,1016,0.0255900001525879,10,0,2.53405849464223,2.12768974091263,34.3011918973796,429.869702057346,38
"618",2021-11-08,31324,448,609,36,38.3,64,6,7,45,1,2,24,22,1,1676,51,849,0.0270900011062622,13,0.0769199991226196,2.7841497596068,2.36209777036837,60.4303354863816,469.348829370568,64
"619",2021-11-09,31366,464,609,39,39.4,42,0,9,29,3,2,26,24,0,1679,29,1627,0.0215100002288818,21,0.0476200008392334,2.18427126153001,2.29576646303454,39.0841965713965,481.347145142343,42
"620",2021-11-10,31407,482,609,34,38,41,1,5,28,5,2,30,28,0,1684,29,1507,0.00995000004768372,72,0.0555600023269653,1.20297468267263,2.22778356442916,34.5971149506022,491.924462282424,41
"621",2021-11-11,31454,487,610,48,40.1,47,1,5,35,3,5,33,28,1,1687,36,1632,0.0208299994468689,24,0,2.05281153969143,2.16067540557763,42.2648966460441,504.111240739541,47
"622",2021-11-12,31513,508,610,50,40.9,59,1,2,36,1,5,34,29,0,1688,37,1517,0.0184599995613098,29,0.0344799995422363,1.87605040887657,2.11594845141344,40.1880909492537,524.312167627591,59
"623",2021-11-13,31549,525,611,43,41.3,36,1,5,28,1,3,32,29,1,1689,29,1627,0.0196700000762939,20,0,1.94311415447056,2.08249004307004,34.9644945393061,542.460677004679,36
"624",2021-11-14,31582,534,611,43,41.9,33,1,2,27,0,3,28,25,0,1689,28,912,0.037279999256134,8,0,3.69558253495589,2.24842204882913,31.7711053592616,567.777509351632,33
"625",2021-11-15,31622,532,613,41,42.6,40,1,3,34,1,2,24,22,2,1690,35,921,0.0217199993133545,18,0,2.1303641499041,2.15502410458589,39.2762194212228,551.398535202586,40
"626",2021-11-16,31672,548,614,42,43,50,1,3,37,1,1,24,23,1,1691,38,1729,0.0208200001716614,24,0,2.0534957385512,2.13634188701748,42.3356136915586,567.260955341425,50
"627",2021-11-17,31694,516,614,44,44.4,22,0,1,12,1,2,23,21,0,1692,12,1886,0.0148500001430511,19,0.0526300001144409,1.52268085417159,2.18201419723162,13.3127473172276,529.448134640788,22
"628",2021-11-18,31731,505,614,39,43.1,37,2,1,21,1,3,21,18,0,1693,23,1686,0.0183899998664856,42,0.0238100004196167,1.85217359910409,2.15335163429057,24.729143460976,521.009454251865,37
"629",2021-11-19,31767,504,615,25,39.6,36,0,2,24,2,2,19,17,1,1695,24,1564,0.0140699994564056,40,0,1.37191266520065,2.08133195662258,26.5635613061485,515.834787429118,36
"630",2021-11-20,31808,487,616,50,40.6,41,1,0,36,1,2,16,14,1,1696,37,1680,0.0166700005531311,76,0.0131599998474121,1.65180870829519,2.03971689288324,38.0460800876876,500.768675748753,41
"631",2021-11-21,31850,489,616,25,38,42,2,2,30,1,1,16,15,0,1697,32,924,0.0238100004196167,5,0,2.36818518705337,1.85008870032574,35.2970869755494,508.821110345114,42
"632",2021-11-22,31904,482,616,31,36.6,54,2,2,41,2,0,18,18,0,1699,43,1048,0.0152699995040894,18,0,1.50121571109622,1.76021035192462,46.1048797560116,494.384931218549,54
"633",2021-11-23,31951,491,617,27,34.4,47,3,1,30,2,0,17,17,1,1701,33,1457,0.0102999997138977,9,0,1.0236766427796,1.61309333824296,34.5782028045255,499.602956879454,47
"634",2021-11-24,32000,501,617,46,34.7,49,1,1,36,1,0,15,15,0,1702,37,1743,0.0183599996566772,16,0,1.81929956802663,1.65546744022225,39.1521509979297,516.600747296291,49
"635",2021-11-25,32044,507,618,60,37.7,44,2,0,37,0,0,13,13,1,1702,39,1548,0.0219600009918213,6,0,2.18752133432042,1.70337425953887,40.4602269655791,525.982950552529,44
"636",2021-11-26,32084,499,618,51,41.4,40,8,1,27,3,1,15,14,0,1705,35,1853,0.0221300005912781,40,0,2.16623830404851,1.81684935080285,37.2977102504977,517.501640428525,40
"637",2021-11-27,32113,498,618,43,40.4,29,6,0,18,1,1,15,14,0,1706,24,1818,0.0203500008583069,2,0,2.03276382200011,1.87127150990355,24.8350291266173,515.326854377309,29
"638",2021-11-28,32178,532,618,22,40,65,13,1,39,1,2,14,12,0,1707,52,1272,0.0117900002002716,46,0,1.13785130916127,1.69550952734754,54.0127268328093,542.36097452028,65
"639",2021-11-29,32228,538,618,26,39.3,50,7,0,35,1,2,15,13,0,1708,42,989,0.0161800003051758,16,0,1.59224082605163,1.70851311519831,43.144620462504,552.662043067313,50
"640",2021-11-30,32296,569,618,61,44.1,68,6,1,49,2,2,16,14,0,1710,55,1907,0.0272699999809265,25,0,2.69171273103659,1.94680398494931,58.5339314275327,595.214672404838,68
"641",2021-12-01,32374,607,618,62,46.4,78,4,0,54,0,2,16,14,0,1710,58,1958,0.0194099998474121,72,0.0138900005817413,1.92142166222257,1.96139285554873,59.9074542755549,626.962495607963,78
"642",2021-12-02,32445,633,618,64,47,71,6,0,50,0,2,14,12,0,1710,56,2077,0.0245499992370605,19,0,2.43274563050452,1.99642489786074,58.3317833024439,659.357479115125,71
"643",2021-12-03,32537,694,618,59,48.1,92,7,0,69,1,2,11,9,0,1711,76,1911,0.0245900011062622,12,0,2.44365533614493,2.03605590244594,79.1787546115953,723.027048690094,92
"644",2021-12-04,32591,715,618,70,52,54,2,0,45,0,2,11,9,0,1711,47,1446,0.0242000007629395,6,0.166669998168945,2.4788719760485,2.09978563873857,48.9941389464723,745.336369079313,54
"645",2021-12-05,32669,751,618,35,53.9,78,5,1,58,0,2,10,8,0,1711,63,1461,0.0246399998664856,10,0,2.44724947688208,2.28684251984155,66.6388958713968,782.457314276491,78
"646",2021-12-06,32778,812,618,69,60,109,4,3,82,0,2,9,7,0,1711,86,1178,0.0348000001907349,14,0,3.439127535628,2.55068347835246,94.062326971895,859.797784897428,109
"647",2021-12-07,32876,858,618,70,61.3,98,4,2,72,2,1,10,9,0,1713,76,1905,0.0278200006484985,22,0.0454500007629395,2.80212772455497,2.56645704885508,81.6450624991821,899.15083716182,98
"648",2021-12-08,32985,912,618,44,58.7,109,5,4,87,2,1,11,10,0,1715,92,2324,0.0249600005149841,13,0,2.48211558394622,2.64655618052989,99.9085285489363,950.74541344163,109
"649",2021-12-09,33109,999,618,147,70.6,124,5,3,94,1,1,12,11,0,1716,99,1969,0.0304699993133545,15,0,3.02396313749975,2.73101582438635,107.124071099648,1050.7065356419,124
"650",2021-12-10,33278,1135,619,87,74.6,169,6,6,128,3,0,13,13,1,1719,134,2152,0.0399600005149841,23,0,3.95374349922969,2.94674270482703,149.068109361544,1211.80823974144,169
"651",2021-12-11,33406,1220,619,150,86,128,3,4,104,0,0,12,12,0,1719,107,1669,0.0437400007247925,12,0,4.34277580069475,3.21301467977649,118.953433362153,1310.68400655912,128
"652",2021-12-12,33591,1343,620,106,96.1,185,3,4,158,1,0,13,13,1,1720,161,1977,0.0364199995994568,14,0.0714300012588501,3.66661774112255,3.38721014609656,175.104038011297,1427.28399409423,185
"653",2021-12-13,33888,1578,620,100,100.6,297,5,9,262,1,0,14,14,0,1721,267,2090,0.0377999997138977,79,0.0126600003242493,3.68843427513425,3.42282539459745,292.856087239669,1677.62136952883,297
"654",2021-12-14,34195,1815,620,199,119,307,4,3,266,2,0,15,15,0,1723,270,2041,0.0494899988174438,12,0,4.9200724591526,3.7253889281114,295.737291142706,1967.84512379263,307
"655",2021-12-15,34522,2065,620,252,148.7,327,1,4,305,0,0,12,12,0,1723,306,2780,0.0460400009155273,20,0.05,4.60682866232735,4.02891936788013,334.128312363446,2227.82668310626,327
"656",2021-12-16,34933,2416,621,308,171.7,411,7,2,387,3,0,15,15,1,1726,394,2938,0.0871300029754639,58,0.0172399997711182,8.57769922325226,4.82231023727335,453.845622005371,2770.70817960654,411
"657",2021-12-17,35404,2816,621,355,210,471,7,9,430,2,0,17,17,0,1728,437,3115,0.102089996337891,10,0.1,10.208330834961,5.71582271380639,522.355378301718,3308.02916544082,471
"658",2021-12-18,35907,3272,621,308,232.6,503,23,15,436,1,0,17,17,0,1729,459,2673,0.0912800025939941,3,0,9.1177670752521,6.39796432445744,545.631597843389,3782.62873233893,503
"659",2021-12-19,36451,3750,621,402,274.9,544,21,9,494,1,0,18,18,0,1730,515,2673,0.0939000034332275,46,0.0217400002479553,9.26792016139842,7.19815038449685,605.694528917555,4344.86307464239,544
"660",2021-12-20,37358,4530,621,387,315.9,907,8,20,853,1,0,17,17,0,1731,861,2474,0.100240001678467,11,0,9.9796283361178,8.09689239320879,1028.06894560393,5303.77737930988,907
"661",2021-12-21,38213,5279,621,487,357,855,5,18,808,3,0,18,18,0,1734,813,2743,0.117749996185303,96,0.0208299994468689,11.4472673294535,9.02934880325178,990.292684206418,6313.3248215568,855
"662",2021-12-22,39026,5968,621,670,416.7,813,6,30,753,2,0,20,20,0,1736,759,4020,0.182089996337891,124,0.0161300003528595,17.7124011902045,10.9015734500914,1019.1032094966,7777.29638244496,813
"663",2021-12-23,39878,6703,621,736,477.9,852,1,47,788,2,1,20,19,0,1738,789,3597,0.217959995269775,96,0.0104200005531311,21.2564966974948,12.712830232126,1123.05965111882,9141.73363935293,852
"664",2021-12-24,40642,7317,621,860,550,764,0,32,715,3,1,22,21,0,1741,715,3803,0.26636999130249,68,0.0735300016403198,26.2982463713488,15.0113895944671,1068.83723716611,10610.5427473348,764
"665",2021-12-25,41173,7724,622,504,578,531,0,32,491,3,1,22,21,1,1744,491,2656,0.250380001068115,57,0.035090000629425,24.5856768475043,17.2210909905032,729.617508822871,10974.3332752502,531
"666",2021-12-26,41945,8316,622,428,581.7,772,0,49,711,7,1,25,24,0,1751,711,2040,0.21863000869751,54,0.0185199999809265,21.34695786733,18.9466678056362,1019.78199850745,11354.4628686188,772
"667",2021-12-27,43031,9104,622,547,604.6,1086,1,55,1023,5,2,29,27,0,1756,1024,1898,0.272390003204346,183,0.0546400022506714,25.3241396681269,21.1387408530661,1522.85193401388,13050.1211008422,1086
"668",2021-12-28,44256,10029,622,872,659.6,1225,0,75,1144,7,1,35,34,0,1763,1144,2597,0.388139991760254,90,0.1,37.848885694134,24.910400619449,1960.1098446404,16526.0197831282,1225
"669",2021-12-29,45612,11039,622,1239,740.9,1356,0,73,1276,5,4,39,35,0,1768,1276,3486,0.304360008239746,144,0.0347199988365173,29.3663545056808,26.5752510930885,1990.36339791216,16587.597609367,1356
"670",2021-12-30,47011,12034,623,1339,827,1399,0,77,1319,11,5,45,40,1,1779,1319,3324,0.314680004119873,129,0.0542600011825562,30.4951020517523,27.8950518579824,2084.45941973193,18315.2135383275,1399
"671",2021-12-31,47880,12424,626,1339,895.4,869,0,64,804,14,5,54,49,3,1793,804,3305,0.357639999389648,182,0.0164800000190735,33.9833541148912,28.9929243927742,1335.65518043236,19650.5521911587,869
"672",2022-01-01,48292,12292,626,1178,991.7,412,0,57,354,17,6,70,64,0,1810,354,2500,0.400400009155273,169,0.118339996337891,38.2540083278114,30.9455431756752,642.784115578792,20340.277821171,412
"673",2022-01-02,48871,12220,627,503,1002.4,579,0,70,509,9,5,75,70,1,1819,509,2226,0.312220001220703,64,0.0468800020217896,30.4804385522567,32.2503261306648,844.547644567313,18595.2302880404,579
"674",2022-01-03,49573,11952,627,569,1005.6,702,0,102,600,8,4,72,68,0,1827,600,1773,0.250990009307861,105,0.1428600025177,24.4944401899465,32.1317976337819,953.548787633702,16962.8518496633,702
"675",2022-01-04,50292,11736,629,804,995.9,719,0,101,618,12,4,79,75,2,1839,618,2135,0.333019981384277,300,0.146669998168945,31.006105121401,31.1542575519629,1046.97379874004,17964.3179644225,719
"676",2022-01-05,50890,11426,630,692,917.7,598,0,120,477,17,7,93,86,1,1856,477,2678,0.314409999847412,314,0.0541400003433228,28.7095568081274,31.0604293094552,831.394991324677,17040.6691213328,598
"677",2022-01-06,51463,11091,634,841,846.6,573,2,109,462,12,7,92,85,4,1868,464,2294,0.282040004730225,121,0.0743800020217896,27.1635507700113,30.5844934120637,788.728726595399,16247.5674712706,573
"678",2022-01-07,51995,10895,635,659,749.4,532,4,142,386,19,8,99,91,1,1887,390,2309,0.298400001525879,444,0.0427899980545044,25.7175576701582,29.4036653485304,703.67133691278,15690.7928606788,532
"679",2022-01-08,52389,10767,636,707,682.1,394,0,96,298,21,10,111,101,1,1908,298,2371,0.309150009155273,280,0.0964299964904785,28.6682410684454,28.0342700257638,540.224711000659,16050.2263870607,394
"680",2022-01-09,52738,10443,636,507,682.7,349,0,89,260,18,13,121,108,0,1926,260,1324,0.273409996032715,172,0.0581400012969971,24.865970252032,27.2322031257317,459.657847362468,14887.6150000241,349
"681",2022-01-10,53310,9995,637,410,660,572,0,143,429,13,14,122,108,1,1939,429,1338,0.174890003204346,128,0.0781300020217896,16.6441653851435,26.1107352964741,694.214511040394,12842.3986896241,572
"682",2022-01-11,53772,9272,640,601,631,462,1,111,349,15,9,125,116,3,1954,350,2131,0.284370002746582,413,0.0944299983978271,25.3534616820467,25.3032148051378,612.882860943338,13295.5939619046,462
"683",2022-01-12,54243,8382,643,483,601.1,471,1,150,320,17,9,124,115,3,1971,321,1529,0.293659992218018,162,0.20988000869751,28.5633760798549,25.282331843956,627.934356279376,12479.8933779867,471
"684",2022-01-13,54630,7393,646,405,538.9,387,0,107,280,15,11,123,112,3,1986,280,2014,0.133070001602173,158,0.107589998245239,13.121648386258,23.2763457891341,449.885408618063,9053.39937826193,387
"685",2022-01-14,55002,6872,648,435,506.9,372,0,92,280,19,15,133,118,2,2005,280,1729,0.20878999710083,272,0.158090000152588,20.1898243392723,22.4866695990075,468.759592707249,9246.75686101506,372
"686",2022-01-15,55299,6767,652,380,460.1,297,0,79,218,16,11,137,126,4,2021,218,1523,0.182530002593994,200,0.13,17.6432497940019,20.9116708455156,362.832225417821,8810.51683212109,297
"687",2022-01-16,55560,6460,657,386,442.9,261,0,57,204,12,14,139,125,5,2033,204,1332,0.2207200050354,82,0.158540000915527,21.7114092490966,20.4610192736677,336.809152399741,8860.62315932513,261
"688",2022-01-17,55848,6069,660,292,426,288,1,98,189,14,15,134,119,3,2047,190,885,0.174009990692139,181,0.0718200016021729,15.6658782413261,20.3212639674081,338.946201339984,7696.3289259598,288
"689",2022-01-18,56242,5724,661,205,369.4,394,2,110,282,17,16,132,116,1,2064,284,976,0.157790002822876,18,0.166669998168945,15.7950807567573,18.955780978081,470.779212009762,7271.47961106998,394
"690",2022-01-19,56575,5455,665,497,371.4,333,0,98,235,23,21,138,117,4,2087,235,1667,0.210559997558594,285,0.0877200031280518,19.2624854929135,17.6270823228037,410.478935778903,7253.50040286772,333
"691",2022-01-20,56849,5158,668,483,382.6,274,0,86,188,18,19,136,117,3,2105,188,1737,0.204379997253418,156,0.211539993286133,20.497004447006,18.6807046171963,339.955604401881,6967.56918885586,274
"692",2022-01-21,57121,4905,671,358,371.6,272,1,89,182,12,19,133,114,3,2117,183,1216,0.240130004882812,86,0.220930004119873,23.8861802067441,19.2087554554065,346.81716609205,6910.34535345085,272
"693",2022-01-22,57339,4706,674,389,372.9,218,0,43,175,12,21,129,108,3,2129,175,1245,0.166270008087158,90,0.2,16.8543940126226,19.0960617723523,268.484103792345,6063.58967112443,218
"694",2022-01-23,57540,4535,680,246,352.9,201,1,60,140,21,19,133,114,6,2150,141,948,0.220459995269775,120,0.0666699981689453,20.3180220314626,18.8970064555475,250.034753839295,6112.11069972486,201
"695",2022-01-24,57838,4269,685,238,345.1,298,0,96,202,10,18,124,106,5,2160,202,907,0.162070007324219,69,0.304349994659424,17.2128735937056,19.1180057916017,357.512501954431,5526.71718239341,301
"696",2022-01-25,58107,4074,690,263,353.4,269,1,110,158,12,21,117,96,5,2172,159,1403,0.171770000457764,65,0.369230003356934,18.0513120477141,19.4403245474526,318.125768573634,5332.73195703764,273
"697",2022-01-26,58295,3808,694,390,338.1,188,0,60,128,10,22,116,94,4,2182,128,1305,0.19617000579834,269,0.0966499996185303,17.9161821768881,19.2479955023062,227.251738724245,4975.73922704628,194
"698",2022-01-27,58468,3588,695,291,310.7,173,0,44,129,5,20,100,80,1,2187,129,1233,0.15085000038147,115,0.104350004196167,14.6883012576344,18.4181807609674,205.431328668769,4490.04346715924,182
"699",2022-01-28,58634,3391,697,226,291.9,166,0,43,123,3,19,89,70,2,2190,123,1029,0.174930000305176,124,0.0725799989700317,16.3922714819003,17.347622371704,200.510218527183,4342.41586199739,176
"700",2022-01-29,58769,3224,700,196,264.3,135,0,29,106,8,17,90,73,3,2198,106,889,0.133859996795654,81,0.061729998588562,12.7836770141247,16.7660913719185,158.19343719932,3929.43058047743,152
"701",2022-01-30,58932,3132,700,188,256,163,0,35,128,3,16,85,69,0,2201,128,685,0.160580005645752,109,0.0275200009346008,14.2313581825204,15.8965679649268,194.17882747319,3894.90693473461,184
"702",2022-01-31,59116,3033,703,216,252.9,184,0,20,164,5,16,81,65,3,2206,164,808,0.100249996185303,53,0.132080001831055,10.2209334511929,14.8977193731393,212.690483588922,3563.59900442196,211
"703",2022-02-01,59289,2826,707,266,253.3,173,0,51,122,2,12,67,55,4,2208,122,1301,0.10914999961853,101,0,10.1286839874256,13.7659153645266,194.150289292025,3315.92391425625,209
"704",2022-02-02,59399,2627,710,272,236.4,110,0,23,87,9,13,70,57,3,2217,87,1024,0.138669996261597,197,0.0558400011062622,12.5305942989197,12.996545667674,128.659258512057,3190.42381736982,158
"705",2022-02-03,59493,2460,711,207,224.4,94,0,17,77,6,12,68,56,1,2223,77,952,0.139709997177124,127,0.0472399997711182,12.8826132792914,12.7385902421964,110.978454495924,3002.42854623342,160
"706",2022-02-04,59556,2274,714,180,217.9,63,0,6,57,3,12,64,52,3,2226,57,911,0.102089996337891,81,0.0246900010108948,9.57700370420375,11.7649805596683,72.343465168669,2646.75508409743,150
"707",2022-02-05,59578,2105,715,148,211,22,0,2,20,4,12,61,49,1,2230,20,599,0.123540000915527,112,0.0892899990081787,11.814478261226,11.6265235949685,26.0443432061723,2530.66712244963,105
"708",2022-02-06,59579,1919,715,108,199.6,1,0,0,1,0,12,60,48,0,2230,1,221,0.226240005493164,78,0.0256399989128113,17.3909568993942,12.0778948402362,1.29766442846542,2490.21803822515,159
