"","date","observed_cumulative_cases","observed_active_cases","observed_cumulative_deaths","observed_new_cases","observed_daily_average_cases","observed_new_episodes","observed_new_cases_community_outbreak","observed_new_cases_institution_outbreak","observed_new_cases_sporadic","observed_new_ICU_p_acute_care","observed_census_ICU","observed_census_ICU_p_acute_care","observed_census_acute_care","observed_new_deaths","cumulative_hosp","observed_new_community_cases","num_non_ltch_tests","non_ltch_pct_positivity","num_ltch_tests","ltch_pct_positivity","observed_pct_positivity","pct_positivity_7_day","adjusted_new_episodes","adjusted_active_cases","adjusted_episode_cases"
"1",2020-03-01,7,7,0,0,0,2,0,0,2,0,0,1,1,0,0,2,NA,NA,NA,NA,NA,NA,NA,NA,2
"2",2020-03-02,10,10,0,0,0,3,2,0,1,0,0,1,1,0,0,3,NA,NA,NA,NA,NA,NA,NA,NA,3
"3",2020-03-03,11,11,0,0,0,1,0,0,1,0,0,1,1,0,0,1,NA,NA,NA,NA,NA,NA,NA,NA,1
"4",2020-03-04,12,12,0,0,0,1,0,0,1,0,0,1,1,0,0,1,NA,NA,NA,NA,NA,NA,NA,NA,1
"5",2020-03-05,18,18,0,0,0,6,2,0,4,0,0,1,1,0,0,6,NA,NA,NA,NA,NA,NA,NA,NA,6
"6",2020-03-06,23,23,0,0,0,5,0,1,4,0,0,1,1,0,0,4,NA,NA,NA,NA,NA,NA,NA,NA,5
"7",2020-03-07,27,27,0,0,0,4,0,0,4,0,0,1,1,0,0,4,NA,NA,NA,NA,NA,NA,NA,NA,4
"8",2020-03-08,36,36,0,0,0,9,1,0,8,0,0,1,1,0,0,9,NA,NA,NA,NA,NA,NA,NA,NA,9
"9",2020-03-09,45,45,0,1,0.1,9,0,0,9,0,0,1,1,0,0,9,NA,NA,NA,NA,NA,NA,NA,NA,9
"10",2020-03-10,52,52,0,0,0.1,7,1,0,6,0,0,1,1,0,0,7,NA,NA,NA,NA,NA,NA,NA,NA,7
"11",2020-03-11,61,61,0,0,0.1,9,0,0,9,0,0,1,1,0,0,9,NA,NA,NA,NA,NA,NA,NA,NA,9
"12",2020-03-12,75,75,0,3,0.6,14,1,0,13,0,0,1,1,0,0,14,NA,NA,NA,NA,NA,NA,NA,NA,14
"13",2020-03-13,97,97,0,1,0.7,22,2,2,18,0,0,1,1,0,0,20,NA,NA,NA,NA,NA,NA,NA,NA,22
"14",2020-03-14,115,115,0,4,1.3,18,1,1,16,1,0,2,2,0,1,17,NA,NA,NA,NA,NA,NA,NA,NA,18
"15",2020-03-15,142,142,0,4,1.9,27,1,0,26,0,0,2,2,0,1,27,NA,NA,NA,NA,NA,NA,NA,NA,27
"16",2020-03-16,156,156,0,0,1.7,14,0,0,14,0,0,2,2,0,1,14,NA,NA,NA,NA,NA,NA,NA,NA,14
"17",2020-03-17,179,178,0,5,2.4,23,1,0,22,2,0,4,4,0,3,23,127,0,4,0,0,0,23,178,23
"18",2020-03-18,195,193,0,4,3,16,0,0,16,0,0,3,3,0,3,16,210,0.0190499997138977,1,0,1.89597153550641,0.947985767753203,16.8908784212493,203.74622095632,16
"19",2020-03-19,220,218,0,1,2.7,25,0,0,25,4,0,7,7,0,7,25,110,0.0272699999809265,9,0,2.52075630075791,1.47224261208811,26.850706345927,234.138159336483,25
"20",2020-03-20,242,240,0,2,2.9,22,1,1,20,3,1,10,9,0,10,21,137,0.00730000019073486,4,0,0.709290798674238,1.28150465873464,22.4374317123509,244.999219569724,22
"21",2020-03-21,262,260,0,4,2.9,20,0,2,18,3,1,10,9,0,13,18,204,0.0147099995613098,3,0,1.44968111618705,1.31513995022512,20.7663225949901,271.069104149857,20
"22",2020-03-22,288,286,0,6,3.1,26,0,1,25,3,5,13,8,0,16,25,159,0.0314499998092651,2,0,3.10593165818208,1.61360523488461,28.2803344488655,312.087026095021,26
"23",2020-03-23,309,307,0,9,4.4,21,1,0,20,4,5,17,12,0,20,21,138,0.0362299990653992,3,0,3.54591480214545,1.88964945877902,23.1868260333448,338.969313916041,21
"24",2020-03-24,327,323,1,8,4.9,18,1,3,14,3,7,20,13,1,23,15,253,0.0197599995136261,4,0,1.94524508830638,2.16754161425136,18.8569041191874,341.452002033169,18
"25",2020-03-25,350,346,1,8,5.4,23,0,1,22,4,8,23,15,0,27,22,153,0.0588199996948242,2,0,5.80610319568265,2.7261318514194,26.751233303668,404.996669230414,23
"26",2020-03-26,364,356,1,19,8,14,1,3,10,2,7,25,18,0,29,11,274,0.025550000667572,3,0,2.52732858588979,2.72707074929538,14.8164339179978,382.422770437021,14
"27",2020-03-27,381,364,1,27,11.6,17,3,2,12,5,9,26,17,0,34,15,577,0.0294600009918213,4,0,2.92571782655437,3.04370318184968,18.2888142847528,395.275226643335,17
"28",2020-03-28,406,386,2,26,14.7,25,1,1,23,3,8,25,17,1,37,24,367,0.0817399978637695,3,0,8.10772411243335,3.99485218131344,30.7144817223855,477.907914368368,25
"29",2020-03-29,425,398,2,11,15.4,19,5,4,10,7,8,31,23,0,44,15,184,0.0434800004959106,0,0,4.34800004959106,4.17229052294329,20.9153469015905,448.820537788868,19
"30",2020-03-30,450,407,3,48,21,25,8,3,14,4,12,32,20,1,48,22,549,0.0783199977874756,0,0,7.83199977874756,4.78458837674359,30.0601336928018,500.612473316833,25
"31",2020-03-31,467,404,3,51,27.1,17,2,3,12,6,13,34,21,0,54,14,943,0.064689998626709,0,0,6.4689998626709,5.43083905879567,19.6596949069078,480.751195885054,17
"32",2020-04-01,494,407,3,37,31.3,27,6,4,16,3,15,33,18,0,57,22,575,0.0573899984359741,4,0.25,5.87206374795943,5.44026199483521,29.7938493943728,477.186213795897,27
"33",2020-04-02,511,403,6,32,33.1,17,5,4,7,6,14,34,20,3,63,12,107,0.0841100025177002,9,0,7.75842264602924,6.1875611462837,18.734143625909,494.82165677011,17
"34",2020-04-03,538,409,6,26,33,27,3,4,19,5,14,37,23,0,68,22,217,0.110600004196167,2,0,10.9589958495745,7.33517229242944,33.0804373984003,540.631767997533,27
"35",2020-04-04,555,416,7,18,31.9,17,3,7,6,7,14,43,29,1,75,9,315,0.0253999996185303,3,0,2.51603769806196,6.53635994751924,16.665007123409,446.738107037571,17
"36",2020-04-05,582,427,8,40,36,27,4,8,13,4,13,43,30,1,79,17,422,0.0663500022888184,5,0.2,6.79149905524154,6.88543123404074,28.3906363218678,512.164806437503,27
"37",2020-04-06,601,427,9,40,34.9,19,3,7,9,4,12,44,32,1,83,12,238,0.117650003433228,4,0.25,11.9837606682266,7.47853993253774,23.2231938552896,577.275314684054,19
"38",2020-04-07,624,425,9,25,31.1,23,2,11,10,4,14,45,31,0,87,12,285,0.108769998550415,6,0,10.6527318167932,8.07621592598378,26.7541263378207,557.958641131149,23
"39",2020-04-08,644,428,11,26,29.6,20,1,11,7,5,16,44,28,2,92,8,368,0.0434800004959106,6,0.333330001831055,4.813000051733,7.92492111223715,20.1307653641582,488.495946982462,20
"40",2020-04-09,680,436,11,25,28.6,36,1,20,13,6,16,47,31,0,98,14,295,0.0949199962615967,5,0,9.33379963239034,8.14997496743159,37.8375421040923,555.512025527445,36
"41",2020-04-10,714,452,11,37,30.1,34,0,20,13,4,16,48,32,0,102,13,331,0.090629997253418,8,0,8.84912362562872,7.84856464972505,36.3783937016672,569.464150242584,34
"42",2020-04-11,757,481,11,31,32,43,0,34,7,5,19,52,33,0,107,7,225,0.102220001220703,11,0.363639984130859,11.4404830932617,9.12348542046787,43.3518469053692,642.6054802118,43
"43",2020-04-12,790,496,13,35,31.3,33,0,18,14,1,18,48,30,2,108,14,227,0.101319999694824,12,0.5,12.1337405567887,9.88666277783175,36.9887229317868,672.74332672616,33
"44",2020-04-13,814,503,16,16,27.9,24,0,19,5,3,20,50,30,3,111,5,165,0.0606099987030029,26,0.0384599995613098,5.75948155737672,8.99748004771035,24.8457072240011,588.078146734512,24
"45",2020-04-14,847,504,18,32,28.9,33,0,26,7,5,20,50,30,2,116,7,208,0.0673099994659424,18,0.166669998168945,7.52236276812258,8.55028446932883,34.5463897331131,615.340060784143,33
"46",2020-04-15,876,502,24,60,33.7,29,2,18,9,4,16,50,34,6,120,11,390,0.1,24,0.208330001831055,10.6280000106148,9.38099874916909,32.4332930579711,658.683010463771,29
"47",2020-04-16,946,551,24,21,33.1,70,1,55,13,7,13,52,39,0,127,14,310,0.0354800009727478,11,0,3.42641753942424,8.5370870216025,70.408753357862,606.444507155853,70
"48",2020-04-17,978,555,26,73,38.3,32,0,26,6,0,13,49,36,2,127,6,378,0.0846599960327148,66,0.5,14.6399726352176,9.36435116582948,34.5796343980144,793.616181816333,32
"49",2020-04-18,1018,577,31,31,38.3,40,0,31,9,1,11,46,35,5,128,9,421,0.0617600011825562,8,0,6.06082995288022,8.59582928863213,41.6019215831069,679.70097260585,40
"50",2020-04-19,1035,580,35,37,38.6,17,0,13,4,4,15,47,32,4,132,4,452,0.0442500019073486,47,0.127659997940063,5.21062540386864,7.60681283821498,17.6120916963398,668.753295969267,17
"51",2020-04-20,1096,617,39,16,38.6,61,1,47,13,3,13,45,32,4,135,14,325,0.0523099994659424,43,0.0232599997520447,4.89155701515467,7.48282361789754,63.0111376652101,705.633709959614,61
"52",2020-04-21,1132,628,47,51,41.3,36,0,26,10,2,11,43,32,8,137,10,543,0.069980001449585,25,0.36,8.27449661745152,7.59027131065882,38.4300109288097,780.604686329246,36
"53",2020-04-22,1173,645,54,35,37.7,41,1,31,9,4,9,45,36,7,141,10,656,0.0243899989128113,122,0.106560001373291,3.72752692215241,6.60448944087848,42.0946806285664,715.606900542534,41
"54",2020-04-23,1218,661,57,50,41.9,45,0,35,10,5,11,48,37,3,146,10,775,0.0361299991607666,105,0.0285700011253357,3.522795394063,6.61825770582687,46.0345561432074,729.38416106601,45
"55",2020-04-24,1259,668,65,38,36.9,41,0,36,5,7,10,48,38,8,153,5,517,0.0406199979782104,94,0.106379995346069,5.07369206501886,5.25164619579848,41.7450076867158,767.533026945232,41
"56",2020-04-25,1360,742,78,53,40,101,0,95,6,5,9,49,40,13,158,6,557,0.0502699995040894,28,0.0357100009918213,4.95731106864082,5.09400064090713,101.873502326334,850.02312102326,101
"57",2020-04-26,1414,759,87,87,47.1,54,0,41,13,5,9,50,41,9,163,13,358,0.0502799987792969,81,0.0123500001430511,4.32815252268233,4.96793308645194,55.6523899813239,855.474153524985,54
"58",2020-04-27,1475,782,95,87,57.3,61,0,54,7,8,11,54,43,8,171,7,269,0.0632000017166138,80,0.1,7.16355314090806,5.29250396155957,62.4726283976431,946.513629565269,61
"59",2020-04-28,1495,777,103,65,59.3,20,0,13,7,7,13,60,47,8,178,7,503,0.0616300010681152,11,0.272730007171631,6.61477054788908,5.05540023733636,21.3598138746382,927.939340084835,20
"60",2020-04-29,1520,766,111,28,58.3,25,0,17,8,7,13,61,48,8,185,8,668,0.0314400005340576,74,0.148649997711182,4.31294072606172,5.13903078075198,26.0132815163677,863.021705192206,25
"61",2020-04-30,1540,756,122,30,55.4,20,0,10,10,2,11,55,44,11,187,10,603,0.0414599990844727,6,0.333330001831055,4.43355656139957,5.26913951894292,21.302023723712,854.432993512628,20
"62",2020-05-01,1563,739,135,43,56.1,23,0,16,7,6,11,57,46,13,193,7,516,0.031010000705719,55,0.0909099960327148,3.67797025323123,5.06975068868754,23.7560889594948,818.82139158095,23
"63",2020-05-02,1584,740,139,22,51.7,21,0,15,6,4,12,57,45,4,197,6,508,0.0511800003051758,28,0.0357100009918213,5.03718660126871,5.08116147906296,21.8875767837565,849.467803329972,21
"64",2020-05-03,1603,721,148,23,42.6,19,0,13,6,3,12,52,40,9,200,6,826,0.0205800008773804,231,0.0043299999833107,1.70286761786764,4.70612077837514,19.3000535582798,757.056435919958,19
"65",2020-05-04,1621,718,152,14,32.1,18,0,11,7,6,10,51,41,4,206,7,637,0.0109899997711182,24,0.125,1.51295459216374,3.89889241426881,18.3110216191517,749.901931792994,18
"66",2020-05-05,1646,718,156,29,27,25,0,24,1,3,9,49,40,4,209,1,923,0.0292499995231628,29,0.172409992218018,3.36109656871868,3.4340818458159,25.0987069277126,788.871574097661,25
"67",2020-05-06,1662,692,161,23,26.3,16,0,11,5,4,10,52,42,5,213,5,598,0.0167200005054474,149,0.0134200000762939,1.60617674881196,3.04740127763736,16.2358467973134,724.641196748175,16
"68",2020-05-07,1685,670,167,32,26.6,23,0,16,7,6,10,54,44,6,219,7,813,0.0356699991226196,234,0.0128199994564056,3.05631224063884,2.85065208895726,23.6282932657994,730.136641155088,23
"69",2020-05-08,1698,637,173,16,22.7,13,0,8,5,4,8,54,46,6,223,5,715,0.00978999972343445,127,0.0472399997711182,1.54386339349022,2.54577968042283,13.226696867025,665.881180858985,13
"70",2020-05-09,1715,620,179,12,21.3,17,0,12,5,5,6,51,45,6,228,5,1100,0.0154499995708466,164,0.0304900002479553,1.74013920637626,2.0747729097239,17.2555174945764,651.684169327476,17
"71",2020-05-10,1727,552,185,25,21.6,12,0,8,4,3,5,52,47,6,231,4,907,0.0176400005817413,316,0.0126600003242493,1.63532629845479,2.06512414980778,12.1921016328188,578.510025328993,12
"72",2020-05-11,1747,532,188,14,21.6,20,0,14,6,1,5,51,46,3,232,6,517,0.00967000007629395,197,0.0152300000190735,1.12040616851561,2.00904580357234,20.1974210173793,549.504663540968,20
"73",2020-05-12,1770,515,193,13,19.3,23,0,17,6,4,6,50,44,5,236,6,835,0.0131700003147125,322,0.00310999989509583,1.03702422031165,1.67703546808562,23.1827287124741,530.684214487364,23
"74",2020-05-13,1791,498,195,21,19,21,0,15,6,2,7,47,40,2,238,6,1249,0.0144099998474121,224,0.0133899998664856,1.42548878340193,1.65122290159847,21.2511780582705,518.847778836452,21
"75",2020-05-14,1805,470,198,25,18,14,0,10,4,2,6,45,39,3,240,4,1046,0.0267700004577637,127,0.0236199998855591,2.64289518024611,1.59216332154237,14.3104606585083,506.479127374723,14
"76",2020-05-15,1825,455,201,17,18.1,20,0,12,8,1,5,43,38,3,241,8,1163,0.012039999961853,137,0.0146000003814697,1.23097846214588,1.54746547420746,20.2892058578969,471.448583167886,20
"77",2020-05-16,1841,436,207,19,19.1,16,0,6,10,1,4,41,37,6,242,10,967,0.0134399998188019,25,0.04,1.41093546620781,1.50043636846911,16.4143561549713,454.065928356748,16
"78",2020-05-17,1853,397,212,15,17.7,12,0,9,3,1,2,41,39,5,243,3,353,0.0254999995231628,10,0.1,2.7552341134095,1.66042319917693,12.2427428271429,429.122967458573,12
"79",2020-05-18,1868,389,213,26,19.4,15,0,8,7,2,1,42,41,1,245,7,376,0.0398900008201599,17,0.0588199996948242,4.07088557333133,2.08192025700774,15.8368614821336,435.505588078568,15
"80",2020-05-19,1880,352,219,23,20.9,12,0,8,4,0,1,39,38,6,245,4,359,0.0390000009536743,31,0.225809993743896,5.38490003805894,2.70304537382878,12.6325637219034,407.6656075275,12
"81",2020-05-20,1895,338,223,17,20.3,15,0,9,6,3,1,40,39,4,248,6,675,0.0296300005912781,36,0.0555600023269653,3.09429120715661,2.94144572007945,15.5452291636292,368.714576217781,15
"82",2020-05-21,1903,324,229,11,18.3,8,0,1,7,0,1,37,36,6,248,7,478,0.0209200000762939,36,0,1.94547860631683,2.8418147809467,8.39993659379849,342.511350912959,8
"83",2020-05-22,1910,308,233,7,16.9,7,0,3,4,1,1,35,34,4,249,4,514,0.00583999991416931,14,0,0.568515143159664,2.74717716394867,7.0667834226028,313.142323540416,7
"84",2020-05-23,1919,304,236,6,15,9,1,3,5,1,0,34,34,3,250,6,582,0.00859000027179718,43,0,0.799900825309753,2.65988650096323,9.14094641673068,311.141285114355,9
"85",2020-05-24,1929,301,237,8,14,10,0,3,7,1,1,35,34,1,251,7,332,0.0150600004196167,25,0.04,1.68064989896716,2.50637447032861,10.3454951361471,315.856290854325,10
"86",2020-05-25,1944,297,240,6,11.1,15,1,7,7,0,1,34,33,3,251,8,401,0.0174600005149841,8,0,1.71184846124905,2.16936916860257,15.4021813687641,311.930983315369,15
"87",2020-05-26,1950,287,243,16,10.1,6,0,2,4,1,1,34,33,3,252,4,1123,0.00800999999046326,41,0.0731699991226196,1.03051545990701,1.54731422886658,6.1210545581516,295.685664547378,6
"88",2020-05-27,1955,261,243,8,8.9,5,0,1,4,1,1,32,31,0,253,4,1150,0.00957000017166138,13,0.0769199991226196,1.03228376491871,1.25274173711831,5.12126228078188,268.912363821017,5
"89",2020-05-28,1959,236,244,4,7.9,4,0,2,2,1,1,30,29,1,254,2,1403,0.00284999996423721,88,0,0.268179071081476,1.01312751779898,4.01575148564884,237.858675306564,4
"90",2020-05-29,1966,227,247,7,7.9,7,0,3,4,2,1,31,30,3,256,4,1380,0.0065200001001358,37,0,0.634975309681539,1.0226218273021,7.07459049237128,231.23301044207,7
"91",2020-05-30,1969,210,248,15,9.1,3,1,1,1,0,1,31,30,1,256,2,1020,0.0127499997615814,119,0,1.1417910234252,1.07146328417574,3.06706304428207,217.041619649617,3
"92",2020-05-31,1973,195,249,10,9.4,4,0,1,3,3,1,34,33,1,259,3,1309,0.00535000026226044,11,0.0909099960327148,0.606300022701423,0.917984730423488,4.05341650674657,198.472072938527,4
"93",2020-06-01,1984,186,250,5,9.3,11,0,5,6,2,1,33,32,1,261,6,763,0.00130999997258186,20,0,0.127653892602805,0.691671220616881,11.0224932368799,186.697290343276,11
"94",2020-06-02,1987,167,251,8,8.1,3,0,1,2,0,1,28,27,1,261,2,858,0.0104900002479553,9,0,1.03811075118174,0.692756262227556,3.06097338816638,172.091277911893,3
"95",2020-06-03,1997,157,251,8,8.1,10,0,7,3,0,1,23,22,0,261,3,1110,0.00449999988079071,141,0,0.399280564962245,0.602327233662346,10.0351775889716,158.840960489515,10
"96",2020-06-04,2004,146,254,8,8.7,7,0,2,5,0,0,20,20,3,261,5,1430,0.00559000015258789,21,0,0.550909732474203,0.642717328147021,7.08089414574637,148.362109055794,7
"97",2020-06-05,2008,137,256,15,9.9,4,0,1,3,1,0,21,21,2,262,3,1366,0.00952000021934509,29,0,0.932209340474939,0.685179332546079,4.08212991037479,140.750599240449,4
"98",2020-06-06,2011,128,257,2,8,3,0,0,3,0,0,21,21,1,262,3,1404,0.000710000023245811,68,0,0.0677201109128477,0.5317406307586,3.00596630649185,128.254562410319,3
"99",2020-06-07,2012,118,258,4,7.1,1,0,0,1,0,0,20,20,1,262,1,870,0.00230000004172325,22,0,0.22432735832951,0.477173107276898,1.00658792863873,118.77737557937,1
"100",2020-06-08,2015,110,258,0,6.4,3,0,0,3,0,0,19,19,0,262,3,701,0.0014300000667572,12,0,0.140593274445554,0.47902159039729,3.01238660945365,110.454175679967,3
"101",2020-06-09,2025,107,259,3,5.7,10,0,3,7,0,0,18,18,1,262,7,1338,0.00224000006914139,10,0,0.222338285794598,0.362482666770557,10.0457066021713,107.698658061761,10
"102",2020-06-10,2035,105,259,7,5.6,10,0,4,6,0,0,17,17,0,262,6,1281,0.00233999997377396,12,0,0.231828303666237,0.338560915156841,10.0408492748909,105.71486231059,10
"103",2020-06-11,2042,104,260,5,5.1,7,0,2,5,0,0,16,16,1,262,5,1529,0.00326999992132187,6,0,0.325721816267175,0.306391212841551,7.04782814048238,104.994825322034,7
"104",2020-06-12,2046,107,260,10,4.4,4,0,2,2,0,0,16,16,0,262,2,1596,0.00814999997615814,13,0,0.808415162333648,0.288706330249938,4.04748222811145,109.540299203962,4
"105",2020-06-13,2049,105,260,6,5,3,0,3,0,0,0,16,16,0,262,0,1479,0.00270000010728836,23,0.0434800004959106,0.332446083228058,0.326524326294968,3,106.025125799761,3
"106",2020-06-14,2052,102,260,1,4.6,3,0,1,2,0,0,16,16,0,262,2,768,0,13,0,0,0.294477560819324,3,102,3
"107",2020-06-15,2057,100,260,2,4.9,5,0,2,3,0,0,14,14,0,262,3,720,0.00555999994277954,17,0,0.543175028331244,0.351989239945851,5.04785504119916,101.595168039972,5
"108",2020-06-16,2061,99,260,3,4.9,4,0,1,3,1,0,14,14,0,263,3,1250,0.000799999982118607,14,0,0.0791139222822989,0.331528616586952,4.00697012898748,99.2300142565868,4
"109",2020-06-17,2064,89,260,8,5,3,0,0,3,1,1,6,5,0,264,3,1098,0.0091100001335144,26,0,0.889927059305944,0.425542724535481,3.0784047385576,91.3260072438756,3
"110",2020-06-18,2066,75,260,2,4.6,2,0,0,2,0,1,6,5,0,264,2,1304,0.00230000004172325,122,0,0.210322584460527,0.409057119991674,2.01235328751568,75.4632482818381,2
"111",2020-06-19,2069,73,260,5,3.9,3,0,0,3,0,1,5,4,0,264,3,1875,0.0010700000077486,19,0,0.105926611115556,0.308701612674804,3.00933239209209,73.2270882075743,3
"112",2020-06-20,2075,73,261,1,3.1,6,0,0,6,1,1,5,4,1,265,6,1792,0.000560000017285347,158,0,0.0514625656910432,0.268561110169516,6.00906795442686,73.1103267788602,6
"113",2020-06-21,2081,77,261,1,3.1,6,0,0,6,0,1,4,3,0,265,6,1102,0.00363000005483627,86,0,0.336722227308886,0.316664285499357,6.05933209451857,77.7614285463217,6
"114",2020-06-22,2083,76,262,6,3.7,2,0,1,1,0,1,1,0,1,265,1,509,0.0039300000667572,10,0,0.385427752211833,0.294128960339441,2.01131904082438,76.8602471026529,2
"115",2020-06-23,2092,81,262,4,3.9,9,0,0,9,0,1,1,0,0,265,9,1255,0.00158999994397163,20,0,0.156505876837992,0.305184953847397,9.04136564528934,81.3722908076041,9
"116",2020-06-24,2094,75,263,3,3.1,2,0,0,2,1,1,2,1,1,266,2,1733,0.00289000004529953,24,0,0.285052366448724,0.218774283439223,2.01674253789149,75.6278451709309,2
"117",2020-06-25,2100,73,263,6,3.7,6,0,0,6,0,1,2,1,0,266,6,1796,0.00277999997138977,21,0.0476200008392334,0.32982388366758,0.235845897611659,6.05811657281031,73.7070849691921,6
"118",2020-06-26,2104,67,263,6,3.9,4,0,0,4,0,1,2,1,0,266,4,2028,0.00196999996900558,23,0,0.194790830674954,0.248540786120145,4.0228820613147,67.3832745270213,4
"119",2020-06-27,2107,69,263,3,4.1,3,0,0,3,0,1,1,0,0,266,3,1574,0.000640000030398369,80,0,0.0609044768952257,0.249889630577885,3.00536583255675,69.1234141488053,3
"120",2020-06-28,2109,68,263,2,4.3,2,0,0,2,0,1,1,0,0,266,2,880,0.00114000000059605,12,0,0.112466367771808,0.217853079215445,2.00660570704042,68.2245940393742,2
"121",2020-06-29,2113,69,263,1,3.6,4,0,0,4,2,1,3,2,0,268,4,854,0.00351000010967255,8,0,0.347742470262222,0.212469467508358,4.04084927662506,69.7046500217823,4
"122",2020-06-30,2116,68,263,10,4.4,3,0,0,3,0,1,3,2,0,268,3,1605,0.00435999989509583,11,0,0.433032167798812,0.251973223359904,3.03815118727795,68.8647602449669,3
"123",2020-07-01,2118,67,263,4,4.6,2,0,0,2,0,2,3,1,0,268,2,1601,0.00312000006437302,15,0,0.309103966773589,0.255409166263456,2.01815520755218,67.6081994529981,2
"124",2020-07-02,2124,66,263,4,4.3,6,0,1,5,0,1,3,2,0,268,5,1012,0.00197999998927116,12,0,0.195679686439689,0.236245709516614,6.02873309390154,66.3792768395004,6
"125",2020-07-03,2132,74,263,4,4,8,0,0,8,0,1,3,2,0,268,8,1334,0.00300000011920929,14,0,0.296884284794154,0.2508304886765,8.06974994032822,74.645186948036,8
"126",2020-07-04,2136,75,263,4,4.1,4,0,0,4,0,1,3,2,0,268,4,1257,0.00317999988794327,40,0,0.308192741645697,0.286157383640853,4.03620337357075,75.6788132544516,4
"127",2020-07-05,2138,72,263,5,4.6,2,0,0,2,0,1,2,1,0,268,2,734,0.00272000014781952,47,0,0.255631255889824,0.306609510514855,2.01501449028929,72.5405216504146,2
"128",2020-07-06,2144,72,263,0,4.4,6,0,1,5,0,1,2,1,0,268,5,602,0,10,0,0,0.256932014763109,6,72,6
"129",2020-07-07,2151,73,263,6,3.9,7,0,1,6,0,1,1,0,0,268,6,1272,0.0039300000667572,21,0,0.386617175940847,0.250301301640543,7.06812382719357,73.8288398975218,7
"130",2020-07-08,2164,79,263,5,4,13,0,1,12,0,1,1,0,0,268,12,1684,0.00296999990940094,39,0,0.29027741424441,0.247611794136374,13.1022965850292,79.6734525181086,13
"131",2020-07-09,2172,83,263,5,4.1,8,0,0,8,1,0,2,2,0,269,8,1504,0.00266000002622604,41,0,0.258941102876632,0.256649139341652,8.06083557601135,83.6311691011177,8
"132",2020-07-10,2188,96,263,12,5.3,16,0,0,16,0,0,2,2,0,269,16,1900,0.00684000015258789,14,0.0714300012588501,0.73124453017455,0.318700602967423,16.3435969160872,98.0615814965232,16
"133",2020-07-11,2195,101,263,7,5.7,7,0,0,7,1,1,2,1,0,270,7,1571,0.00381999999284744,25,0,0.376016290022765,0.328389681307004,7.07729854944494,102.115307641991,7
"134",2020-07-12,2218,121,263,9,6.3,23,0,2,21,1,1,3,2,0,271,21,1068,0.00842999994754791,13,0,0.832862159480219,0.410851238962775,23.5136402745597,123.959546343891,23
"135",2020-07-13,2241,139,263,6,7.1,23,0,2,21,0,0,3,3,0,271,21,808,0.00619000017642975,65,0,0.572911814725686,0.492695783923587,23.3533244708798,141.338671497728,23
"136",2020-07-14,2260,149,263,4,6.9,19,0,2,17,1,0,4,4,0,272,17,1406,0.00356000006198883,66,0,0.340038049399205,0.486041622989067,19.1697630157543,150.487922902787,19
"137",2020-07-15,2281,168,263,15,8.3,21,0,0,21,1,0,5,5,0,273,21,1404,0.00782999992370605,46,0,0.758159992612641,0.552881991327385,21.4675701763287,171.74056141063,21
"138",2020-07-16,2303,186,263,7,8.6,22,0,1,21,0,0,5,5,0,273,21,1695,0.00708000004291534,25,0.04,0.755848841438459,0.623868811121932,22.4661448500486,190.128711529002,22
"139",2020-07-17,2333,213,263,17,9.3,30,0,0,29,0,1,5,4,0,273,29,1787,0.00726999998092651,21,0,0.718555860946663,0.622056144089377,29.6119630183903,217.494762859211,30
"140",2020-07-18,2359,232,263,16,10.6,26,0,0,24,2,1,6,5,0,275,24,1551,0.00708999991416931,81,0,0.673810653607635,0.664598196030073,24.4749148603225,236.590843649784,26
"141",2020-07-19,2377,250,263,28,13.3,18,0,0,18,0,1,6,5,0,275,18,2025,0.0212299990653992,22,0,2.10018310246377,0.845644045027723,19.1101874385089,265.41926997929,18
"142",2020-07-20,2407,275,263,47,19.1,30,0,0,27,2,3,8,5,0,277,27,1548,0.0148599994182587,35,0.0285700011253357,1.51631264301018,0.980415591925508,28.2023174887565,287.245826274372,30
"143",2020-07-21,2431,294,263,23,21.9,24,0,0,23,0,3,8,5,0,277,23,1428,0.0161099994182587,15,0,1.59425358068423,1.15958923925194,24.0768417401039,307.764846590893,24
"144",2020-07-22,2458,314,263,13,21.6,27,0,1,23,2,3,9,6,0,279,23,1771,0.00902999997138977,16,0,0.894914938406899,1.17912566007969,24.6044720684306,322.252357803791,27
"145",2020-07-23,2477,322,263,29,24.7,19,0,1,17,1,3,10,7,0,280,17,1667,0.0101999998092651,32,0,1.0007886805206,1.21411706566285,18.4996408632448,331.463785762637,19
"146",2020-07-24,2500,337,263,34,27.1,23,0,1,18,0,3,7,4,0,280,18,2036,0.0122800004482269,83,0,1.17989999587494,1.28002337065261,19.6237123575465,348.677281360732,23
"147",2020-07-25,2512,336,263,26,28.6,12,0,1,10,0,3,7,4,0,280,10,2126,0.00800000011920929,320,0,0.695339339878943,1.28309889726279,11.2042036238885,342.861241762655,12
"148",2020-07-26,2519,338,263,21,27.6,7,0,0,6,2,4,9,5,0,282,6,1816,0.0121099996566772,73,0,1.16420113163186,1.14938718714395,6.20513790293162,349.556101865148,7
"149",2020-07-27,2534,340,264,22,24,15,0,1,13,1,4,9,5,1,283,13,1601,0.00874000012874603,24,0,0.861091704992147,1.05578419599852,14.3287451860519,348.597951019818,15
"150",2020-07-28,2554,330,264,14,22.7,20,0,1,18,1,4,10,6,0,284,18,1488,0.00739000022411346,24,0,0.727269863325452,0.931929379232976,19.3844454636945,337.048166834399,20
"151",2020-07-29,2570,324,264,20,23.7,16,2,2,12,2,4,11,7,0,286,14,2254,0.00620999991893768,52,0,0.606996522865808,0.89079817701282,16.2495633938243,329.775609971362,16
"152",2020-07-30,2590,334,264,19,22.3,20,1,0,18,1,4,12,8,0,287,19,1891,0.00898999989032745,134,0,0.83951060704243,0.867758452230225,19.4684318677173,342.234539148293,20
"153",2020-07-31,2600,321,264,18,20,10,0,1,9,1,3,13,10,0,288,9,2129,0.00797999978065491,207,0,0.727286795077667,0.803099423544901,10.1922272070329,327.856103717507,10
"154",2020-08-01,2618,309,264,15,18.4,18,0,0,18,1,2,13,11,0,289,18,1629,0.00551999986171722,83,0.0120500004291534,0.58365828331525,0.787144986892945,18.3085302866013,314.296436586655,18
"155",2020-08-02,2626,294,264,2,15.7,8,0,0,8,0,2,13,11,0,289,8,1340,0.00149000003933907,11,0,0.147786828476266,0.641942943585003,8.03472101082974,295.275997147993,8
"156",2020-08-03,2635,280,264,10,14,9,0,1,7,0,1,12,11,0,289,7,1046,0.0114699995517731,47,0,1.09767790769942,0.675740972543185,8.22565221846581,289.026088738632,9
"157",2020-08-04,2647,268,264,20,14.9,12,0,1,11,1,1,11,10,0,290,11,1699,0.0058899998664856,12,0,0.584869069150148,0.655398001946713,12.1889374212391,272.603202626554,12
"158",2020-08-05,2656,248,264,12,13.7,9,1,0,8,1,1,12,11,0,291,9,1599,0.005,70,0,0.479029358897543,0.637116978522675,9.12661095508795,251.488835206868,9
"159",2020-08-06,2666,224,264,13,12.9,10,0,0,10,1,2,10,8,0,292,10,1639,0.00305000007152557,10,0,0.303150401287472,0.560494091986252,10.0890276257589,225.994218816999,10
"160",2020-08-07,2678,225,264,6,11.1,12,0,3,9,1,2,10,8,0,293,9,1689,0,39,0,0,0.456595978403729,12,225,12
"161",2020-08-08,2684,208,264,14,11,6,1,1,4,0,1,10,9,0,293,5,1518,0.00725000023841858,95,0,0.682300084433937,0.470687664277827,6.10018716174259,212.167785928492,6
"162",2020-08-09,2686,199,264,16,13,2,0,1,1,2,2,12,10,0,295,1,1589,0.00441000014543533,102,0,0.414399185753799,0.508775143888903,2.01216985874582,201.421801890418,2
"163",2020-08-10,2698,200,264,8,12.7,12,2,0,10,0,1,12,11,0,295,12,1384,0.00578000009059906,27,0,0.566939767922686,0.432955409635084,12.1997950902473,203.329918170788,12
"164",2020-08-11,2711,204,264,8,11,13,2,1,10,0,1,12,11,0,295,12,1460,0.00342000007629395,41,0,0.332658235269098,0.396925290509219,13.1172319987018,205.99294397793,13
"165",2020-08-12,2718,187,264,12,11,7,3,0,4,0,2,10,8,0,295,7,1486,0.00268999993801117,7,0,0.267738774808078,0.366740921353581,7.05503968703477,188.470345925072,7
"166",2020-08-13,2740,190,264,11,10.7,22,0,0,22,0,2,9,7,0,295,22,1689,0.00532999992370605,56,0,0.515895121555273,0.397133024248982,22.3333118437538,192.878602286965,22
"167",2020-08-14,2751,185,264,6,10.7,11,4,1,6,1,2,10,8,0,296,10,1882,0.00477999985218048,36,0,0.469028139822923,0.464137044223685,11.1377417332294,187.548222064745,11
"168",2020-08-15,2755,177,264,2,9,4,0,0,4,1,2,11,9,0,297,4,2044,0.00734000027179718,21,0,0.726535620123653,0.470456406465073,4.08534607378273,180.776563764886,4
"169",2020-08-16,2759,158,264,26,10.4,4,0,1,3,0,2,11,9,0,297,3,1196,0.00501999974250793,22,0,0.492932651234769,0.481675472962354,4.04342856556886,160.287237786626,4
"170",2020-08-17,2783,173,265,8,10.4,24,1,4,19,1,1,9,8,1,298,20,1358,0.00662999987602234,32,0,0.647736678535132,0.493217888764132,24.3804478460989,176.290873868756,24
"171",2020-08-18,2809,192,265,15,11.4,26,1,1,24,0,1,7,6,0,298,25,1888,0.00583000004291534,77,0.0519500017166138,0.763724692783889,0.554798811266245,26.560716692467,196.306304198146,26
"172",2020-08-19,2833,201,265,23,13,24,4,3,15,2,1,7,6,0,300,19,1519,0.0118499994277954,25,0.04,1.23057960691847,0.69234750156773,22.686641358439,208.263942791908,24
"173",2020-08-20,2850,209,266,24,14.9,17,1,0,16,3,0,6,6,1,303,17,1607,0.00995999991893768,103,0,0.936007009925898,0.752363485620677,17.467298800981,214.745026435589,17
"174",2020-08-21,2871,216,266,16,16.3,21,3,2,16,0,0,6,6,0,303,19,1804,0.00721000015735626,116,0.00861999988555908,0.729518764093518,0.789576431945047,21.4070583913204,220.627611185537,21
"175",2020-08-22,2890,226,266,16,18.3,19,1,0,18,1,0,7,7,0,304,19,1864,0.00589999973773956,73,0,0.56776455917122,0.766894851808986,19.3168024449545,229.768281713669,19
"176",2020-08-23,2907,236,266,13,16.4,17,1,1,15,0,0,7,7,0,304,16,694,0.0172899997234344,5,0,1.71663230444399,0.941709087981731,17.8066105680433,247.897505878638,17
"177",2020-08-24,2926,252,266,19,18,19,2,0,17,1,1,8,7,0,305,19,1142,0.00962999999523163,58,0,0.91645499954621,0.980097419554742,19.5113654592509,258.782320827959,19
"178",2020-08-25,2940,254,266,23,19.1,14,0,1,13,4,2,11,9,0,309,13,1647,0.0145700001716614,73,0,1.3951622257399,1.0703027814056,14.5326411377724,264.406988384169,14
"179",2020-08-26,2958,262,266,15,18,18,1,4,13,0,2,11,9,0,309,14,1832,0.0049099999666214,41,0,0.480251998870817,0.963113123113079,18.1974530565072,265.695192914635,18
"180",2020-08-27,2971,265,266,16,16.9,13,1,3,9,1,2,9,7,0,310,10,1469,0.00612999975681305,9,0,0.609267228874044,0.916436011534243,13.1789264160924,269.741550026449,13
"181",2020-08-28,2999,275,266,20,17.4,28,0,3,21,1,1,9,8,0,311,21,2137,0.00607999980449677,35,0,0.598202559033591,0.897676553668539,24.3689217035098,279.831117545962,28
"182",2020-08-29,3020,289,266,12,16.9,21,0,2,18,0,1,9,8,0,311,18,1790,0.00726000010967255,11,0.0909099960327148,0.777091068999096,0.927580340786807,20.4107816801155,295.595328086299,21
"183",2020-08-30,3040,303,267,16,17.3,20,0,6,12,2,1,10,9,1,313,12,1402,0.00428000003099442,33,0,0.418157494317364,0.742083939340146,18.1473627694541,306.720909928715,20
"184",2020-08-31,3061,313,267,13,16.4,21,1,3,17,1,1,11,10,0,314,18,1353,0.00517000019550323,54,0,0.497157801315982,0.682184339592971,21.2628048694089,317.56988467361,21
"185",2020-09-01,3086,317,267,18,15.7,25,1,2,22,0,1,11,10,0,314,23,1361,0.0154299998283386,22,0.0909099960327148,1.66306939111269,0.720456791789084,26.1233235156171,332.482328454374,25
"186",2020-09-02,3122,327,267,15,15.7,36,1,9,26,0,1,9,8,0,314,27,1528,0.00261999994516373,51,0,0.253537676770752,0.688069031489075,36.2010355741907,329.43476417631,36
"187",2020-09-03,3144,328,267,24,16.9,22,1,4,17,1,1,8,7,0,315,18,1493,0.00938000023365021,133,0.00751999974250793,0.922785997207461,0.732857426965277,22.4877981454711,336.888766206363,22
"188",2020-09-04,3166,332,267,24,17.4,22,0,3,19,3,1,11,10,0,318,19,2705,0.00813000023365021,258,0.00774999976158142,0.809691210614641,0.763070091476856,22.4517931791222,339.89449134045,22
"189",2020-09-05,3191,339,267,17,18.1,25,1,11,13,2,1,13,12,0,320,14,2256,0.00398999989032745,164,0,0.371960320354493,0.705194270241913,25.1529295085207,342.703078813465,25
"190",2020-09-06,3212,341,267,27,19.7,21,1,3,16,1,1,14,13,0,321,17,1310,0.00611000001430511,192,0.03125,0.932363516560565,0.778652273419513,20.4654797974233,350.336977113021,21
"191",2020-09-07,3253,366,267,29,22,41,2,6,33,0,1,12,11,0,321,35,1290,0.0147300004959106,44,0,1.4244153403092,0.911117636132829,42.4641019888573,381.310323654908,41
"192",2020-09-08,3305,403,267,24,22.9,52,0,14,36,3,1,14,13,0,324,36,1097,0.0127600002288818,4,0,1.27136423715562,0.855159756996104,51.3441233806746,418.04671451144,52
"193",2020-09-09,3350,434,267,15,22.9,45,2,10,31,0,1,13,12,0,324,33,1587,0.0144900000095367,29,0,1.42299690687715,1.02222536129702,44.3790643762748,452.136786039493,45
"194",2020-09-10,3427,496,267,33,24.1,77,1,21,52,2,2,14,12,0,326,53,1959,0.0127600002288818,61,0,1.23746734892968,1.06717984011448,75.9260886070932,514.025282058834,77
"195",2020-09-11,3457,510,267,60,29.3,30,0,1,25,0,1,12,11,0,326,25,2314,0.0155599999427795,93,0.0752699995040894,1.78670335776785,1.20675300399351,27.3117742645395,536.760194996605,30
"196",2020-09-12,3506,535,269,47,33.6,49,0,4,42,1,0,12,12,2,327,42,1900,0.0168400001525879,26,0,1.66126688940379,1.39093965671483,48.0490631528338,561.101161589668,49
"197",2020-09-13,3541,548,270,31,34.1,35,1,5,29,1,1,11,10,1,328,30,1199,0.0166799998283386,44,0,1.6089557356539,1.48759568801388,36.4175291388834,573.89353227027,35
"198",2020-09-14,3609,598,272,59,38.4,68,0,19,49,1,1,11,10,2,329,49,2394,0.0141999995708466,218,0.0412799978256226,1.6460121936674,1.51925238135077,70.3686220735816,626.906857142894,68
"199",2020-09-15,3681,646,273,41,40.9,72,0,14,55,1,1,11,10,1,330,55,2961,0.0121599996089935,28,0,1.20460886056306,1.5097158989804,70.9456977956393,668.853105017873,72
"200",2020-09-16,3757,684,274,41,44.6,76,0,7,66,1,0,11,11,1,331,66,1887,0.0190799999237061,162,0.00616999983787537,1.80592971350753,1.56442058564189,76.5003496099227,720.276350502836,76
"201",2020-09-17,3807,709,278,57,48,50,2,4,38,2,2,11,9,4,333,40,2512,0.0191100001335144,208,0.00481000006198883,1.80164707162801,1.6450176888845,46.1163931904597,746.513069300897,50
"202",2020-09-18,3895,777,278,46,46,88,1,6,78,0,2,11,9,0,333,79,2409,0.0128699994087219,281,0.0213499999046326,1.37558284568077,1.58628618715778,88.1913944586497,808.388778409757,88
"203",2020-09-19,3965,828,280,46,45.9,70,2,4,60,0,2,10,8,2,333,62,2101,0.0214199995994568,161,0,1.98954107685494,1.6331824996508,69.6225237689064,876.378220655718,70
"204",2020-09-20,4008,860,280,76,52.3,43,1,4,34,2,2,11,9,0,335,35,2847,0.0186199998855591,112,0,1.79152212484578,1.6592634123925,40.8414369965289,905.246737628996,43
"205",2020-09-21,4117,940,280,56,51.9,109,2,22,82,1,3,12,9,0,336,84,2949,0.0189900004863739,73,0,1.85312744653596,1.68885130565944,110.571420994931,991.156377800413,109
"206",2020-09-22,4227,1020,280,85,58.1,110,0,27,82,3,3,15,12,0,339,82,2507,0.0135599994659424,64,0.03125,1.40003573166541,1.71676943010263,112.371472458671,1061.93782814444,110
"207",2020-09-23,4334,1080,281,67,61.9,107,0,26,76,2,3,16,13,1,341,76,1896,0.0168799996376038,7,0.571430015563965,1.89198578149472,1.7290631541008,106.222776583812,1140.00787776996,107
"208",2020-09-24,4435,1133,282,38,59.1,101,2,18,75,2,3,18,15,1,343,77,2730,0.0128199994564056,55,0,1.25668217292593,1.65121102571479,97.8417300745685,1174.81402824008,101
"209",2020-09-25,4554,1196,284,57,60.7,119,5,16,86,3,3,20,17,2,346,91,3291,0.0133700001239777,59,0.0339000010490417,1.37315732745982,1.6508645231118,110.669681184176,1244.23009556346,119
"210",2020-09-26,4639,1243,286,76,65,85,3,14,66,3,4,21,17,2,349,69,3437,0.0299699997901917,12,0,2.98657260883992,1.79329759910965,89.0518591597006,1352.02117297837,85
"211",2020-09-27,4721,1273,287,109,69.7,82,2,12,64,2,4,22,18,1,351,66,2684,0.0331599998474121,13,0,3.30001629923819,2.00879676687999,84.3962681821885,1396.37044539282,82
"212",2020-09-28,4836,1343,288,86,74,115,3,11,97,6,4,27,23,1,357,100,3135,0.0258400011062622,192,0.0104200005531311,2.49501182970644,2.10049453590435,118.327220366383,1441.40456952053,115
"213",2020-09-29,4943,1374,291,58,70.1,107,5,18,74,4,3,27,24,3,361,79,2165,0.0263299989700317,79,0.0253200006484985,2.62944419881239,2.27612431692535,103.10039131541,1480.1004768022,107
"214",2020-09-30,5026,1404,291,108,76,83,1,10,67,5,5,30,25,0,366,68,3170,0.0305999994277954,281,0.0142299997806549,2.92670611777674,2.42394150782278,83.8445983637194,1524.67376621562,83
"215",2020-10-01,5127,1440,293,105,85.6,101,2,11,78,3,5,29,24,2,369,80,3844,0.0226300001144409,120,0.00833000004291534,2.21971040476944,2.56151696951471,96.2149836218494,1533.86970519329,101
"216",2020-10-02,5223,1490,294,115,93.9,96,0,13,79,1,5,29,24,1,370,79,3362,0.021710000038147,197,0,2.05082945007727,2.65832727274577,96.7579873238191,1579.73925458849,96
"217",2020-10-03,5296,1503,295,65,92.3,73,2,6,64,5,6,31,25,1,375,66,3113,0.0301999998092651,485,0.0103100001811981,2.75188853513406,2.62480097650208,77.3338576183005,1624.46648485312,73
"218",2020-10-04,5353,1483,295,77,87.7,57,1,7,47,3,6,32,26,0,378,48,3118,0.0291899991035461,102,0,2.826534695803,2.55716074743991,58.9843933100992,1606.10115164327,57
"219",2020-10-05,5431,1484,295,82,87.1,78,3,13,59,3,6,33,27,0,381,62,3821,0.0177999997138977,238,0.00839999973773956,1.72488294763206,2.44714233571499,78.1406385869931,1559.17270424351,78
"220",2020-10-06,5506,1455,296,139,98.7,75,5,15,52,2,7,34,27,1,383,57,2158,0.0194599997997284,55,0,1.89763576899295,2.34259827431222,75.1765402130465,1536.08536859619,75
"221",2020-10-07,5607,1469,296,174,108.1,101,12,22,63,3,10,36,26,0,386,75,2268,0.0313100004196167,76,0,3.02948297575472,2.35728068259479,103.672620474761,1599.69439303233,101
"222",2020-10-08,5687,1428,296,85,105.3,80,5,14,55,2,9,36,27,0,388,60,2434,0.0271199989318848,182,0,2.52332100153699,2.40065362499015,78.4462143577635,1533.81990171477,80
"223",2020-10-09,5770,1429,296,96,102.6,83,5,19,57,2,9,37,28,0,390,62,2508,0.0207299995422363,247,0.00810000002384186,1.95976547578285,2.38764448580523,84.5683088427247,1511.24376348796,83
"224",2020-10-10,5835,1414,297,68,103,65,5,7,51,6,9,43,34,1,396,56,2628,0.0300600004196167,21,0,2.98216991705371,2.42054182607947,67.9044132374717,1537.83643424616,65
"225",2020-10-11,5899,1379,297,139,111.9,64,6,6,48,5,10,46,36,0,401,54,2660,0.0233100008964539,238,0.0168099999427795,2.2776184393012,2.34212521800778,63.6119470412776,1471.23842536892,64
"226",2020-10-12,5960,1350,297,62,109,61,2,13,43,3,10,46,36,0,404,45,1994,0.0150499999523163,237,0.0126600003242493,1.47961093598233,2.30708635920068,59.9553598363411,1408.66079509023,61
"227",2020-10-13,6045,1371,298,74,99.7,85,4,10,68,1,7,45,38,1,405,72,2117,0.0302300000190735,18,0,2.9975133508374,2.4642117280356,88.338117214558,1491.68831529388,85
"228",2020-10-14,6112,1376,300,84,86.9,67,1,16,49,2,7,45,38,2,407,50,3004,0.0296300005912781,110,0.0363599991798401,2.98677333609447,2.45811035094128,70.385699930845,1496.69446209685,67
"229",2020-10-15,6198,1401,300,107,90,86,3,25,52,5,8,49,41,0,412,55,2119,0.021710000038147,105,0.00952000021934509,2.11344829603708,2.39955710729844,83.4136654854713,1487.95536991173,86
"230",2020-10-16,6273,1421,301,77,87.3,75,2,10,59,4,8,47,39,1,416,61,3126,0.0214299988746643,280,0.0035699999332428,1.99617664308598,2.40475870262745,74.5759830265261,1504.30281771629,75
"231",2020-10-17,6320,1403,302,64,86.7,47,1,10,36,6,8,50,42,1,422,37,3037,0.0214000010490417,149,0,2.03991849296735,2.2701513563294,49.2165686331838,1487.04988627992,47
"232",2020-10-18,6377,1370,305,74,77.4,57,1,11,40,2,6,49,43,3,424,41,1144,0.0271000003814697,37,0.0540500020980835,2.79443272769098,2.34398196895651,55.3646830455574,1482.4296529857,57
"233",2020-10-19,6441,1349,307,69,78.4,64,1,6,57,3,6,48,42,2,427,58,1334,0.0374799990653992,27,0,3.67364575703472,2.65741551482114,70.2573711193721,1494.53782137988,64
"234",2020-10-20,6519,1353,309,46,74.4,78,3,14,57,4,5,46,41,2,431,60,1595,0.0250799989700317,48,0.0208299994468689,2.49558358677117,2.58571126281168,78.3973396835925,1452.16000986501,78
"235",2020-10-21,6607,1377,312,69,72.3,88,1,46,40,4,4,45,41,3,435,41,2258,0.0305599999427795,446,0.00897000014781952,2.69989274913919,2.54472832181807,90.2508506173123,1486.18100731803,88
"236",2020-10-22,6672,1362,312,88,69.6,65,1,24,36,1,3,44,41,0,436,37,2238,0.0268099999427795,87,0.0114900004863739,2.62367354469914,2.6176176430555,63.850874926103,1466.94301755006,65
"237",2020-10-23,6751,1364,313,92,71.7,79,1,13,64,2,3,37,34,1,438,65,2768,0.0245700001716614,65,0.0153799998760223,2.4359145946735,2.68043735042515,82.6498833515051,1461.57601371466,79
"238",2020-10-24,6816,1354,317,63,71.6,65,2,17,41,2,3,36,33,4,440,43,2358,0.0211999988555908,191,0,1.96114544140773,2.6691840573452,62.4765374652383,1431.98213320773,65
"239",2020-10-25,6886,1335,319,69,70.9,70,1,24,42,3,3,38,35,2,443,43,1751,0.0308400011062622,77,0,2.95409419787008,2.69199283879936,70.7304346747566,1450.81698350698,70
"240",2020-10-26,6959,1295,320,77,72,73,1,16,51,4,3,39,36,1,447,52,995,0.0392000007629395,121,0.0165299999713898,3.67420526484435,2.69207276848645,73.6109112949593,1434.73327167254,73
"241",2020-10-27,7037,1265,322,61,74.1,78,0,15,60,2,3,32,29,2,449,60,1354,0.0288000011444092,116,0,2.65273479928776,2.71452294170311,79.6742477650477,1363.54872371309,78
"242",2020-10-28,7149,1271,325,93,77.6,112,2,69,38,2,2,30,28,3,451,40,1900,0.0405299997329712,166,0.01807000041008,3.87253724882471,2.88204358451533,113.549066014249,1415.54657260276,112
"243",2020-10-29,7213,1255,326,65,74.3,64,0,18,42,9,2,38,36,1,460,42,2190,0.0292199993133545,96,0,2.79929127280168,2.90713183138712,63.4527411806814,1358.1711948037,64
"244",2020-10-30,7263,1224,328,122,78.6,50,1,9,36,4,2,41,39,2,464,37,2789,0.0358599996566772,105,0.0571400022506714,3.66320799166528,3.0824594595288,49.9804295902736,1355.67691401338,50
"245",2020-10-31,7302,1154,329,83,81.4,39,0,5,32,2,2,40,38,1,466,32,2352,0.0276399993896484,322,0,2.43116224997955,3.1496047178962,39.2847072822581,1236.39225636643,39
"246",2020-11-01,7352,1113,332,50,78.7,50,1,6,40,1,2,38,36,3,467,41,1714,0.0256699991226196,104,0,2.42015283257261,3.07332737999656,49.9140251338751,1192.10512131715,50
"247",2020-11-02,7416,1066,332,56,75.7,64,3,8,47,6,2,43,41,0,473,50,1030,0.0174800002574921,14,0.0714300012588501,1.82034677038705,2.80849045221695,60.6729496371625,1122.9872862643,64
"248",2020-11-03,7487,995,333,36,72.1,71,1,36,33,2,2,44,42,1,475,34,1456,0.0219799995422363,13,0,2.1785486271951,2.74074957048942,72.1752682417359,1058.65858530962,71
"249",2020-11-04,7552,918,337,53,66.4,65,5,1,51,1,1,41,40,4,476,56,1466,0.0272900009155273,295,0.0033899998664856,2.32863096551824,2.52019153001707,60.8296169735886,980.778363959899,65
"250",2020-11-05,7599,875,337,45,63.6,47,0,6,34,5,2,44,42,0,481,34,2536,0.0240499997138977,41,0,2.36673648717286,2.45839798921295,42.3631727347454,935.816945379478,47
"251",2020-11-06,7673,869,341,79,57.4,74,1,12,58,5,3,47,44,4,486,59,2342,0.0234800004959106,116,0.0258599996566772,2.35923194148076,2.27211569632945,75.0877967605779,929.208396354952,74
"252",2020-11-07,7708,836,346,75,56.3,35,3,4,25,3,4,47,43,5,489,28,2499,0.0276099991798401,142,0,2.61254782091709,2.2980279207491,34.1482702986107,900.141213201377,35
"253",2020-11-08,7745,774,346,47,55.9,37,1,5,29,1,4,48,44,0,490,30,1176,0.0204099988937378,92,0.0108700001239777,1.97178223268467,2.23397497790797,36.7371881080539,818.819453187792,37
"254",2020-11-09,7816,744,350,31,52.3,71,3,24,42,7,4,47,43,4,497,45,711,0.0210999989509583,20,0.1,2.3258685710166,2.3061923779979,72.0737201772265,794.818840263479,71
"255",2020-11-10,7883,753,350,52,54.6,67,0,11,54,3,5,48,43,0,500,54,1374,0.0334800004959106,17,0,3.30708272332,2.46741153458718,70.2445165755774,826.131870026108,67
"256",2020-11-11,7939,751,353,77,58,56,0,6,48,2,5,47,42,3,502,48,2375,0.0261100006103516,241,0.0290499997138977,2.63808491516187,2.51161924167912,57.7187471652311,809.182898356011,56
"257",2020-11-12,7981,741,355,60,60.1,42,1,8,31,3,3,44,41,2,505,32,2318,0.0215700006484985,214,0.00467000007629395,2.0141643570121,2.4612517945133,41.8928296431754,784.830836424779,42
"258",2020-11-13,8020,717,357,79,60.1,39,1,7,27,0,3,36,33,2,505,28,2719,0.0217000007629395,200,0,2.02131901591067,2.41297851943186,36.6621091377281,759.561866133966,39
"259",2020-11-14,8041,694,357,50,56.6,21,3,2,14,3,3,37,34,0,508,17,1710,0.015789999961853,245,0.0163300001621246,1.58576726212221,2.26629558246116,19.791689733481,726.319569119753,21
"260",2020-11-15,8071,650,360,30,54.1,30,1,1,25,0,2,35,33,3,508,26,984,0.0152400004863739,306,0.00653999984264374,1.31762794034426,2.17284496926967,28.0060806297038,675.152015742596,30
"261",2020-11-16,8115,612,363,11,51.3,44,0,3,39,3,2,33,31,3,511,39,735,0.0122399997711182,53,0,1.14167510555481,2.0036744742037,43.307596599098,632.519208170461,44
"262",2020-11-17,8156,589,363,40,49.6,41,1,10,29,1,2,32,30,0,512,30,1828,0.020789999961853,38,0,2.03666237568421,1.82218585311287,41.7943490921623,624.229053842786,41
"263",2020-11-18,8198,582,363,66,48,42,3,6,31,1,2,32,30,0,513,34,2684,0.0204900002479553,20,0.05,2.07082694768905,1.74114900061676,42.0677087659221,617.39430887549,42
"264",2020-11-19,8218,563,364,53,47,20,2,1,17,0,2,30,28,1,513,19,2476,0.0121200001239777,187,0.0160399997234344,1.23952685900304,1.63048650090118,20.6916337646931,583.494200501168,20
"265",2020-11-20,8243,520,364,28,39.7,25,1,2,20,1,2,30,28,0,514,21,2643,0.00757000029087067,222,0.0225200009346008,0.872842966012306,1.46641849377284,23.5382971186851,533.329261986487,25
"266",2020-11-21,8272,488,365,27,36.4,29,4,4,19,2,2,31,29,1,516,23,1495,0.0187300002574921,71,0,1.7880811229215,1.49532047388702,28.2077629375794,513.625578849511,29
"267",2020-11-22,8299,475,368,26,35.9,27,3,4,19,3,4,31,27,3,519,22,1220,0.0147500002384186,36,0,1.4327229530948,1.51176261856567,26.9256600985968,494.985843037885,27
"268",2020-11-23,8339,458,370,20,37.1,40,2,9,26,1,3,27,24,2,520,28,922,0.0173500001430511,13,0,1.71087701945381,1.5930771776941,38.4068359844139,481.011817173627,40
"269",2020-11-24,8382,467,370,21,34.4,43,2,7,33,1,3,23,20,0,521,35,1403,0.00855000019073486,41,0.0975599956512451,1.10772923056108,1.46037244267651,43.1385924622434,482.192076567648,43
"270",2020-11-25,8437,475,371,38,30.4,55,4,10,39,2,2,23,21,1,523,43,2618,0.0122200000286102,72,0.0138900005817413,1.22646989281736,1.33975000626627,54.5487880579467,492.108705291272,55
"271",2020-11-26,8482,490,372,60,31.4,45,3,4,37,3,2,23,21,1,526,40,3059,0.0143799996376038,224,0.00446000009775162,1.37031553193196,1.35843410239897,45.6097084197191,509.718928141559,45
"272",2020-11-27,8530,502,374,56,35.4,48,2,3,42,3,1,24,23,2,529,44,3154,0.0177600002288818,336,0.00298000007867813,1.63370546556817,1.46712874519267,49.1110235709833,526.084859832582,48
"273",2020-11-28,8574,504,375,60,40.1,44,2,3,39,2,1,25,24,1,531,41,2597,0.0119400000572205,191,0,1.1122015835223,1.3705745252785,45.3391647522006,520.461927685588,44
"274",2020-11-29,8619,516,377,22,39.6,45,0,4,38,5,1,28,27,2,536,38,898,0.0245000004768372,12,0,2.41769235474723,1.51128443980027,44.6980579775873,552.636787274606,45
"275",2020-11-30,8662,522,378,47,43.4,43,1,7,34,1,1,25,24,1,537,35,1135,0.0229099988937378,61,0,2.17415123280873,1.57746647027955,44.2347268061161,555.329354079788,43
"276",2020-12-01,8716,544,378,34,45.3,54,2,12,39,3,1,27,26,0,540,41,1906,0.0141700005531311,113,0.0176999998092651,1.43675686145195,1.62447041754967,54.7299509143346,566.953495058489,54
"277",2020-12-02,8758,558,379,49,46.9,42,1,5,34,6,1,31,30,1,546,35,2859,0.0101400005817413,81,0.0123500001430511,1.0200888324757,1.59498740892943,41.0485102527151,574.716249171858,42
"278",2020-12-03,8796,557,380,38,43.7,38,0,5,32,3,1,33,32,1,549,32,3327,0.0102199995517731,202,0,0.963500666158943,1.53687099953329,37.905458690983,572.760640339923,38
"279",2020-12-04,8839,561,382,55,43.6,43,1,5,33,2,1,31,30,2,551,34,2994,0.0110199999809265,165,0.0121200001239777,1.10774548791865,1.46173385986907,40.1060774819142,579.250278451585,43
"280",2020-12-05,8874,550,382,46,41.6,35,3,2,29,1,1,31,30,0,552,32,2277,0.0184500002861023,209,0,1.68988940673592,1.54426069175673,35.5880892498281,577.29528398142,35
"281",2020-12-06,8913,544,383,33,43.1,39,0,7,30,1,2,31,29,1,553,30,1397,0.0157500004768372,20,0,1.55276998349623,1.42070035300659,38.3680281245866,568.806909992504,39
"282",2020-12-07,8967,547,384,23,39.7,54,0,4,45,2,1,30,29,1,555,45,1068,0.0168499994277954,25,0.04,1.73795053878184,1.3583859681456,51.2967650471069,574.918455128166,54
"283",2020-12-08,9014,551,384,57,43,47,1,1,44,0,1,27,26,0,555,45,2367,0.01942999958992,69,0,1.88796424586784,1.4228441659193,48.4950136343559,581.550055834002,47
"284",2020-12-09,9067,560,386,36,41.1,53,2,3,46,1,3,24,21,2,556,48,2911,0.00962000012397766,167,0.00598999977111816,0.942305078709412,1.41173220109555,52.3283099115172,575.4969489677,53
"285",2020-12-10,9112,559,386,60,44.3,45,2,0,43,1,3,23,20,0,557,45,3091,0.0139100003242493,252,0.00397000014781952,1.3160709255012,1.46209938100158,46.7392357456407,580.605172929181,45
"286",2020-12-11,9151,543,386,48,43.3,39,6,2,30,1,2,23,21,0,558,36,3047,0.0118099999427795,32,0,1.16872587936503,1.47081086549392,39.2356111129636,561.637134287201,39
"287",2020-12-12,9184,532,387,59,45.1,33,2,5,26,0,2,20,18,1,558,28,2616,0.0156700003147125,24,0,1.55275457663969,1.45122017548018,34.2768135807198,556.259458033676,33
"288",2020-12-13,9223,529,388,30,44.7,39,5,2,32,0,2,19,17,1,558,37,1502,0.0119799995422363,47,0,1.16165005244925,1.39534589961632,40.262245073944,547.046693084227,39
"289",2020-12-14,9266,526,388,16,43.7,43,4,4,35,2,2,20,18,0,560,39,917,0.0174500000476837,20,0,1.70775347318313,1.39103203310222,44.9559440534064,552.380168515174,43
"290",2020-12-15,9312,534,389,54,43.3,46,1,7,37,1,1,20,19,1,561,38,2079,0.0134700000286102,49,0,1.31598355542672,1.30932050589635,46.4685904611151,554.637560690407,46
"291",2020-12-16,9367,552,389,53,45.7,55,3,4,47,0,1,18,17,0,561,50,2312,0.0168700003623962,94,0,1.62109064164007,1.4062898720293,56.3803671437053,578.279253266506,55
"292",2020-12-17,9404,547,390,61,45.9,37,1,5,29,1,0,17,17,1,562,30,3207,0.0134099996089935,83,0.0241000008583069,1.36796865706023,1.41370383368059,36.2052136609426,568.975062417854,37
"293",2020-12-18,9445,534,390,25,42.6,41,3,4,34,0,0,16,16,0,562,37,3298,0.00727999985218048,170,0.00587999999523163,0.72113724082124,1.34976259960291,41.783585321539,545.309042208157,41
"294",2020-12-19,9484,531,390,46,40.7,39,1,6,29,3,0,19,19,0,565,30,2799,0.0117900002002716,140,0,1.12283805922287,1.28834595425765,36.9892476417624,548.509683259195,39
"295",2020-12-20,9528,525,390,24,39.9,44,5,2,34,0,0,16,16,0,565,39,1360,0.0161800003051758,51,0,1.55951810170369,1.34518424700828,42.7861653951266,549.044534165166,44
"296",2020-12-21,9603,547,390,22,40.7,75,7,8,60,1,0,15,15,0,566,67,1365,0.00658999979496002,32,0.03125,0.715486737302822,1.20343185616823,76.4078067221107,558.493586223799,75
"297",2020-12-22,9687,591,390,73,43.4,84,5,7,70,2,0,15,15,0,568,75,3021,0.0225099992752075,48,0,2.21579367254486,1.33197615861368,86.8804203045855,629.457712000134,84
"298",2020-12-23,9787,658,390,52,43.3,100,5,6,88,1,1,13,12,0,569,93,2652,0.0199800002574921,199,0.0150800001621246,1.96379799070964,1.38093435133791,104.363476769669,695.948039940242,100
"299",2020-12-24,9862,685,390,49,41.6,75,11,6,56,2,1,13,12,0,571,67,3469,0.01557000041008,144,0,1.49494413015686,1.39907370463743,75.9414834488036,715.073375558663,75
"300",2020-12-25,9927,716,390,47,44.7,65,6,2,56,0,1,10,9,0,571,62,2537,0.0295600008964539,161,0,2.77960423551903,1.69314041816568,69.0610578130098,774.447054743791,65
"301",2020-12-26,10019,758,390,95,51.7,92,5,4,82,2,2,12,10,0,573,87,951,0.0199800002574921,50,0,1.89819982466284,1.80390638465711,95.8498446286897,800.254968144216,92
"302",2020-12-27,10129,822,391,37,53.6,110,8,6,94,2,4,12,8,1,575,102,1480,0.0270300006866455,32,0.0625,2.77806885028012,1.97798506302517,116.321657182126,889.062766703019,110
"303",2020-12-28,10260,915,391,65,59.7,131,15,6,108,1,2,13,11,0,576,123,1188,0.04125,39,0.0256399989128113,4.07538385962507,2.45797036621406,143.721100466014,1024.51062541791,131
"304",2020-12-29,10381,993,391,112,65.3,121,5,15,101,3,4,12,8,0,579,106,1880,0.0505299997329712,25,0.04,5.03918107600976,2.8613114238519,136.68673188505,1139.95212039486,121
"305",2020-12-30,10518,1084,391,88,70.4,137,12,10,115,3,5,13,8,0,582,127,2458,0.0573600006103516,62,0,5.59487625000969,3.3800368894662,157.867040072646,1262.10922392715,137
"306",2020-12-31,10643,1171,391,147,84.4,125,0,9,116,2,5,13,8,0,584,116,2652,0.0331800007820129,144,0,3.14711595400208,3.6160614357298,135.721051392709,1279.22716535226,125
"307",2021-01-01,10760,1226,392,87,90.1,117,0,5,111,2,6,13,7,1,586,111,2759,0.0391400003433228,134,0.0149300003051758,3.80186246070242,3.76209832504171,128.393273222128,1362.88426099396,117
"308",2021-01-02,10873,1287,392,134,95.7,113,2,8,101,2,6,15,9,0,588,103,2369,0.0295499992370605,431,0,2.50014100687844,3.84808992250108,118.562551969857,1381.49518820588,113
"309",2021-01-03,10996,1314,393,106,105.6,123,0,5,118,4,5,19,14,1,592,118,1516,0.0600299978256226,126,0.0238100004196167,5.72506313986088,4.26908910672691,142.839418198567,1534.92369078743,123
"310",2021-01-04,11171,1426,393,117,113,175,4,30,140,5,8,21,13,0,597,144,1386,0.0533900022506714,155,0.00644999980926514,4.86685873393035,4.38215694591337,194.581540438329,1629.81442128512,175
"311",2021-01-05,11311,1498,395,105,112,140,2,19,119,6,8,23,15,2,603,121,2417,0.0575099992752075,97,0.0103100001811981,5.56888378145397,4.45782876097683,159.788832338407,1742.98901523086,140
"312",2021-01-06,11494,1592,395,132,118.3,183,11,42,129,7,7,28,21,0,610,140,2627,0.0513899993896484,211,0.0142200005054474,4.86264793880394,4.35322471651887,201.992518521376,1819.34349632879,183
"313",2021-01-07,11612,1629,395,186,123.9,118,2,7,108,6,9,32,23,0,616,110,2311,0.048899998664856,91,0.0109899997711182,4.74637747267502,4.58169064775786,132.332804677427,1856.06489835936,118
"314",2021-01-08,11742,1659,395,185,137.9,130,6,13,110,0,11,30,19,0,616,116,2661,0.0368300008773804,249,0,3.36785678126149,4.51968983640915,140.473033139841,1823.08415499134,130
"315",2021-01-09,11840,1668,397,155,140.9,98,6,2,90,4,11,30,19,2,620,96,3020,0.0324499988555908,375,0.00266999989748001,2.91606027998348,4.57910687542416,106.221184115422,1810.84307400546,98
"316",2021-01-10,11932,1652,397,114,142,92,5,3,82,5,11,34,23,0,625,87,1824,0.0509899997711182,78,0,4.88989272252995,4.45979681580546,102.493531843753,1889.23350121701,92
"317",2021-01-11,12096,1705,397,66,134.7,164,2,25,135,3,13,34,21,0,628,137,1608,0.0342000007629395,115,0,3.1917354165297,4.22049348474822,174.841450851426,1864.81513650862,164
"318",2021-01-12,12236,1733,398,161,142.7,140,1,22,115,4,13,35,22,1,632,116,2211,0.0705600023269653,74,0.0135099995136261,6.87124311198812,4.40654481768167,161.407764954368,2082.70393677516,140
"319",2021-01-13,12324,1721,402,172,148.4,88,0,9,75,3,11,35,24,4,635,75,2532,0.0375200009346008,173,0.0115600001811981,3.58597125315181,4.22416243401708,91.8983197453768,1902.24011042391,88
"320",2021-01-14,12416,1709,402,128,140.1,92,2,14,75,9,10,41,31,0,644,77,2581,0.0337100005149841,146,0,3.19052113418313,4.00189724280395,98.2147119262819,1869.12912574046,92
"321",2021-01-15,12510,1679,404,145,134.4,94,6,7,79,5,11,41,30,2,649,85,2923,0.0372900009155273,206,0.00485000014305115,3.51542897748657,4.02297898512182,100.775338906079,1852.33875321538,94
"322",2021-01-16,12571,1632,405,119,129.3,61,0,0,59,2,9,39,30,1,651,59,2470,0.0323900008201599,289,0,2.89972098679938,4.02064480038124,64.0242919519725,1770.977024841,61
"323",2021-01-17,12651,1573,407,72,123.3,80,2,3,72,2,9,39,30,2,653,74,2036,0.026029999256134,32,0,2.56272139678379,3.68819175384607,82.5692890507964,1691.38502266085,80
"324",2021-01-18,12772,1594,408,63,122.9,121,2,45,72,7,10,43,33,1,660,74,1021,0.0391799998283386,48,0,3.74207481990025,3.7668116686133,127.132252045769,1769.17310487778,121
"325",2021-01-19,12846,1539,415,81,111.4,74,3,24,47,8,9,45,36,7,668,50,2337,0.0410799980163574,89,0,3.95729412053698,3.35053324126313,79.8107872937779,1717.85603290248,74
"326",2021-01-20,12907,1498,415,166,110.6,61,1,8,50,2,7,37,30,0,670,51,3065,0.0225099992752075,163,0.00612999975681305,2.16828803404187,3.14800706710457,62.2475346479595,1593.38837064007,61
"327",2021-01-21,12977,1464,417,81,103.9,70,1,9,59,3,7,37,30,2,673,60,2636,0.0242799997329712,117,0,2.32481217929939,3.02433435926403,73.0964321560389,1563.95294460735,70
"328",2021-01-22,13056,1434,418,95,96.7,79,1,3,74,5,6,37,31,1,678,75,2311,0.0307200002670288,111,0.00901000022888184,2.97250332958338,2.94677355242072,84.5471193391781,1559.18092176508,79
"329",2021-01-23,13104,1367,418,84,91.7,48,1,4,40,4,9,39,30,0,682,41,2122,0.0329900002479553,276,0,2.91929860409346,2.9495703548913,48.5150298737837,1484.1962399381,48
"330",2021-01-24,13150,1286,419,44,87.7,46,2,9,35,3,8,38,30,1,685,37,1247,0.0224499988555908,36,0,2.18200690357925,2.8951825701478,48.370961426419,1368.4069295777,46
"331",2021-01-25,13213,1227,419,29,82.9,63,1,18,43,4,7,39,32,0,689,44,825,0.0206100010871887,48,0,1.94768051511233,2.63884052660667,64.5167323993233,1297.18251486295,63
"332",2021-01-26,13276,1166,420,74,81.9,63,1,19,41,8,5,40,35,1,697,42,2354,0.024210000038147,79,0,2.34238964610761,2.40813988740247,63.8891831553574,1246.20922759873,63
"333",2021-01-27,13354,1127,422,80,69.6,78,1,26,50,1,4,30,26,2,698,51,2800,0.0196399998664856,175,0.00570999979972839,1.88205880978528,2.36724999822296,79.8188373031242,1189.29077726708,78
"334",2021-01-28,13392,1066,422,66,67.4,38,1,3,33,3,5,30,25,0,701,34,2355,0.0212299990653992,209,0.0287100005149841,2.18397183723271,2.34712994935629,39.1806832856857,1134.37083478062,38
"335",2021-01-29,13421,964,422,73,64.3,29,1,2,26,3,4,31,27,0,704,27,2847,0.0122899997234344,180,0.00555999994277954,1.18898015204222,2.09234092399327,29.9427683909216,997.660323290682,29
"336",2021-01-30,13440,867,423,42,58.3,19,1,6,12,2,5,33,28,1,706,13,2155,0.0157799994945526,216,0,1.43424288953019,1.88019010762709,19.5475612444397,903.518122994554,19
"337",2021-01-31,13482,808,424,25,55.6,42,3,5,34,4,6,32,26,1,710,37,922,0.0195200002193451,24,0,1.90247782264653,1.84025738177955,44.067226059053,853.143747451751,42
"338",2021-02-01,13522,717,424,26,55.1,40,6,7,25,4,5,29,24,0,714,31,548,0.0292000007629395,29,0,2.77324097367259,1.95819459014531,40.5247358450912,775.394696804207,40
"339",2021-02-02,13564,653,425,59,53,42,4,5,31,3,5,27,22,1,717,35,2439,0.0221399998664856,107,0.0280399990081787,2.23879574109322,1.94339546085754,42.3011724210078,695.933302597659,42
"340",2021-02-03,13627,638,425,54,49.3,63,5,21,36,2,4,26,22,0,719,41,2865,0.0129100000858307,212,0,1.20205233168362,1.84625167827158,63.4473510348666,660.522194152314,63
"341",2021-02-04,13709,640,425,51,47.1,82,3,43,33,2,5,25,20,0,721,36,2814,0.0127900004386902,90,0,1.23936161275738,1.71130736048939,80.3102892720537,663.294031503177,82
"342",2021-02-05,13767,639,427,72,47,58,1,8,48,2,5,21,16,2,723,49,2435,0.0160199999809265,149,0,1.50962461120573,1.75711371179847,59.1723594701671,667.329340845649,58
"343",2021-02-06,13792,608,427,61,49.7,25,2,3,19,3,6,21,15,0,726,21,2369,0.0143499994277954,205,0.0146300005912781,1.43722994427581,1.75754043390498,24.8863641777697,633.662353337333,25
"344",2021-02-07,13817,563,429,33,50.9,25,1,2,19,3,4,23,19,2,729,20,1004,0.0249000000953674,75,0,2.31692308579693,1.81674690006933,23.3608437298345,601.307750994842,25
"345",2021-02-08,13864,560,431,24,50.6,47,1,7,38,2,5,21,16,2,731,39,852,0.0140799999237061,29,0,1.36165266004513,1.61509142669397,47.559543848127,582.393450126952,47
"346",2021-02-09,13919,578,431,43,48.3,55,5,8,39,0,2,19,17,0,731,44,2244,0.0178299999237061,149,0,1.67198160588368,1.5341179788069,54.160482813249,606.380887864952,55
"347",2021-02-10,13976,595,432,40,46.3,57,0,6,50,3,4,20,16,1,734,50,2791,0.0125399994850159,100,0,1.21062395581734,1.53534249654029,57.777648586568,616.154018180159,57
"348",2021-02-11,14036,621,433,51,46.3,60,1,11,46,1,3,16,13,1,735,47,2563,0.0152199995517731,58,0,1.48831968146488,1.57090793492707,60.0542851506282,648.142788905109,60
"349",2021-02-12,14087,624,435,52,43.4,51,1,7,41,3,2,16,14,2,738,42,2612,0.0157000005245209,173,0,1.47247401687787,1.56560070716595,50.81619959486,650.98353683792,51
"350",2021-02-13,14119,622,435,46,41.3,32,0,3,28,6,2,21,19,0,744,28,2099,0.0219199991226196,46,0.0217400002479553,2.19161390068925,1.67336984379644,32.8021408110418,662.033270873858,32
"351",2021-02-14,14160,597,437,48,43.4,41,0,4,35,4,2,21,19,2,748,35,1175,0.0170200002193451,10,0,1.6876371525511,1.58347185333275,40.7346576111594,626.588302681777,41
"352",2021-02-15,14222,620,438,34,44.9,62,2,8,51,4,2,23,21,1,752,53,867,0.0265300011634827,26,0,2.57575711184093,1.75691534644644,65.0091049125838,666.898963128339,62
"353",2021-02-16,14273,615,438,60,47.3,51,3,13,32,3,2,24,22,0,755,35,1561,0.0333100008964539,23,0,3.28263329541443,1.98700844495083,51.3740930755929,674.287635471133,51
"354",2021-02-17,14330,630,439,49,48.6,57,5,6,44,2,2,25,23,1,757,49,2063,0.0184200000762939,222,0,1.66303983183345,2.0516392843817,57.393124953801,660.768749406013,57
"355",2021-02-18,14402,646,439,68,51,72,3,12,53,3,3,26,23,0,760,56,2348,0.0212899994850159,116,0,2.02877105482213,2.12884662343274,71.3364737402017,684.488607788755,72
"356",2021-02-19,14456,650,440,58,51.9,54,3,15,33,1,3,26,23,1,761,36,2576,0.0151400005817413,96,0,1.4596048465032,2.12700817052207,52.5431368473288,677.862193076769,54
"357",2021-02-20,14505,629,440,66,54.7,49,0,3,45,4,3,26,23,0,765,45,2384,0.0255900001525879,68,0,2.48803264126303,2.16935370488975,51.2880259127049,674.959295535364,49
"358",2021-02-21,14547,619,440,53,55.4,42,0,7,33,2,4,24,20,0,767,33,1000,0.03,28,0,2.91828793774319,2.34516095991719,42.8281909224146,672.05000548408,42
"359",2021-02-22,14612,634,440,32,55.1,65,0,11,54,1,6,23,17,0,768,54,863,0.0150600004196167,66,0,1.39900757396439,2.17705388307769,67.2186074630903,660.048095029615,65
"360",2021-02-23,14667,640,440,47,53.3,55,0,7,47,4,6,26,20,0,772,47,2036,0.019650000333786,84,0,1.88714154149001,1.97769791823134,56.6047675738595,675.469175473831,55
"361",2021-02-24,14713,647,441,60,54.9,46,2,10,34,1,6,24,18,1,773,36,2874,0.0187899994850159,41,0,1.85257147581255,2.00477386737122,47.9585926379221,682.200262131544,46
"362",2021-02-25,14746,643,441,43,51.3,33,1,5,25,1,6,23,17,0,774,26,2376,0.0185199999809265,128,0.00781000018119812,1.79725239528254,1.97169977315127,32.3722999992776,676.938034597519,33
"363",2021-02-26,14811,646,441,57,51.1,65,5,12,43,1,6,21,15,0,775,48,2639,0.0181900000572205,181,0,1.70224858691507,2.00636316463868,62.3995558561164,678.294022563567,65
"364",2021-02-27,14857,651,442,71,51.9,46,0,4,34,3,6,23,17,1,778,34,2535,0.0209100008010864,47,0.0212800002098083,2.09167358794016,1.94974044273542,40.0885240160014,690.989092188733,46
"365",2021-02-28,14922,662,442,49,51.3,65,2,8,54,7,6,28,22,0,785,56,1552,0.0257699990272522,94,0,2.42983222905804,1.87996105578039,67.9960504198236,709.239024605771,65
"366",2021-03-01,14999,676,442,54,54.4,77,4,7,64,3,6,29,23,0,788,68,996,0.0291199994087219,45,0,2.78612098089212,2.07812011391293,80.5638514667185,731.31122928679,77
"367",2021-03-02,15062,685,443,61,56.4,63,1,6,54,3,4,29,25,1,791,55,2006,0.0259200000762939,41,0,2.54008403287961,2.17139761268287,65.1027723315952,736.098164493503,63
"368",2021-03-03,15121,695,443,65,57.1,59,0,5,51,6,5,32,27,0,797,51,2676,0.0209299993515015,109,0,2.01108360016582,2.19404220187619,59.0120830668918,736.047014342937,59
"369",2021-03-04,15178,691,443,61,59.7,57,3,3,50,1,5,31,26,0,798,53,2414,0.0202999997138977,225,0.00444000005722046,1.89477829944008,2.2079744738987,58.9491775267246,729.45059756541,57
"370",2021-03-05,15251,695,444,51,58.9,73,1,10,57,1,2,28,26,1,799,58,2440,0.0188499999046326,154,0,1.77309174122219,2.218094924514,71.0201314408922,731.189506058967,73
"371",2021-03-06,15307,708,446,46,55.3,56,3,3,47,1,2,27,25,2,800,50,1957,0.0209500002861023,25,0,2.06857470029779,2.21479508342224,56.037441043955,751.010165182402,56
"372",2021-03-07,15347,699,447,54,56,40,1,0,38,2,5,26,21,1,802,39,1752,0.0194099998474121,16,0.0625,1.97999545999242,2.15053268784143,41.2677514094147,739.645082953356,40
"373",2021-03-08,15430,740,448,38,53.7,83,1,9,65,6,4,29,25,1,808,66,1170,0.0205100011825562,142,0,1.8290168737493,2.01380352967817,78.5450983793472,779.748072738135,83
"374",2021-03-09,15488,748,448,70,55,58,0,9,47,1,3,27,24,0,809,47,2105,0.0318300008773804,57,0,3.09908195406502,2.0936603755618,60.2775743128987,816.077140128685,58
"375",2021-03-10,15568,771,448,76,56.6,80,5,8,64,0,2,24,22,0,809,69,2655,0.0180799996852875,173,0,1.69739742448509,2.04884806475027,80.4395313613394,809.433024341923,80
"376",2021-03-11,15629,768,451,73,58.3,61,1,7,52,1,2,20,18,3,810,53,2321,0.0280100011825562,86,0,2.70092283941475,2.16401157046094,64.2039224017781,828.917215180483,61
"377",2021-03-12,15711,773,451,93,64.3,82,5,4,67,2,2,17,15,0,812,72,2361,0.0228699994087219,133,0,2.16503883736938,2.22000401276768,80.577884505997,822.148676710217,82
"378",2021-03-13,15779,791,451,57,65.9,68,5,3,54,5,4,22,18,0,817,59,2353,0.0187000000476837,99,0,1.79449837325448,2.18085025176149,65.1092935408664,832.68561340382,68
"379",2021-03-14,15847,816,451,65,67.4,68,2,10,51,2,3,23,20,0,819,53,1535,0.0299699997901917,36,0,2.92832270387933,2.31632557231676,67.5578649026276,886.173920010267,68
"380",2021-03-15,15954,863,452,58,70.3,107,4,3,97,4,5,25,20,1,823,101,1000,0.0320000004768372,13,0,3.1589339068941,2.50631371990888,113.369761950183,943.060441217899,107
"381",2021-03-16,16040,881,453,85,72.4,86,7,4,72,5,6,27,21,1,828,79,1583,0.0341100001335144,9,0,3.39171672181867,2.54811868673083,90.8688869851125,968.75303080866,86
"382",2021-03-17,16128,908,454,77,72.6,88,3,5,76,3,5,27,22,1,831,79,2842,0.0267400002479553,175,0,2.51889561500461,2.66547557109076,89.843915205023,975.168038052669,88
"383",2021-03-18,16221,946,455,63,71.1,93,6,3,80,2,5,24,19,1,833,86,2566,0.0284500002861023,161,0,2.67703339692477,2.66206279359219,95.7611237424791,1020.37236116727,93
"384",2021-03-19,16346,993,457,117,74.6,125,8,5,104,2,4,24,20,2,835,112,2615,0.0382399988174438,97,0,3.68722702461709,2.87951824891329,129.127870330717,1100.52656462858,125
"385",2021-03-20,16449,1047,458,83,78.3,103,6,5,87,4,4,27,23,1,839,93,1997,0.0435699987411499,151,0.00662000000476837,4.09724895189927,3.20848261729112,109.190305559445,1172.98118194342,103
"386",2021-03-21,16534,1075,459,87,81.4,85,5,1,77,4,4,29,25,1,843,82,1306,0.0421099996566772,87,0,3.94800140356213,3.35415100296009,92.5073130619813,1199.63855538573,85
"387",2021-03-22,16683,1151,460,56,81.1,149,6,7,133,4,7,30,23,1,847,139,1150,0.0547800016403198,131,0,4.91779874210521,3.60541740799025,166.074844773855,1317.23126859502,149
"388",2021-03-23,16807,1190,461,108,84.4,124,2,0,120,5,9,31,22,1,852,122,1966,0.0350999999046326,153,0,3.25656440832976,3.58610993463469,133.667723985562,1303.80812740015,124
"389",2021-03-24,16960,1280,461,85,85.6,153,7,2,137,4,9,33,24,0,856,144,3106,0.0457200002670288,47,0,4.50384779033909,3.86967453111105,165.046397377161,1449.30131001921,153
"390",2021-03-25,17109,1362,462,123,94.1,149,7,4,132,8,10,40,30,1,864,139,3005,0.0379399991035461,282,0,3.4685031124477,3.98274163332861,157.15870498804,1500.7349366454,149
"391",2021-03-26,17258,1446,463,103,92.1,149,10,2,130,4,11,42,31,1,868,140,2390,0.0673600006103516,117,0,6.42163547900839,4.37337141252737,168.402212923352,1718.69714205119,149
"392",2021-03-27,17374,1499,465,138,100,116,7,3,100,5,13,44,31,2,873,107,2476,0.0626000022888184,117,0,5.97753974805686,4.64198438340702,128.783343226529,1762.1423504352,116
"393",2021-03-28,17511,1558,466,139,107.4,137,3,5,124,5,13,45,32,1,878,127,2480,0.0826599979400635,157,0,7.77386404593695,5.18853618946057,160.993944694592,1913.68949475728,137
"394",2021-03-29,17720,1706,466,111,115.3,209,7,1,189,4,12,47,35,0,882,196,1644,0.0839400005340576,40,0,8.19461762933437,5.65665317335045,244.168428705637,2116.55785393784,209
"395",2021-03-30,17929,1837,467,170,124.1,209,9,6,186,6,12,48,36,1,888,195,1968,0.0406500005722046,64,0,3.93696855935525,5.75385376635409,223.545672906072,2049.39180065874,209
"396",2021-03-31,18137,1941,468,163,135.3,208,7,5,191,8,14,54,40,1,896,198,3023,0.0793900012969971,224,0,7.3913142568778,6.16634897585962,245.978722453648,2362.32171859864,208
"397",2021-04-01,18374,2076,469,144,138.3,237,12,4,203,3,15,52,37,1,899,215,2634,0.0721299982070923,100,0.01,6.98575037591372,6.66881287064048,263.108081337236,2501.89942723769,237
"398",2021-04-02,18572,2170,470,242,158.1,198,15,7,162,6,15,56,41,1,905,177,3130,0.0939299964904785,99,0,9.10501359601108,7.05215260164086,231.328256830184,2750.23908091242,198
"399",2021-04-03,18823,2349,470,223,170.3,251,16,3,223,12,14,61,47,0,917,239,2885,0.101909999847412,36,0,10.0654005326869,7.63613271373086,312.647306154188,3043.35364918906,251
"400",2021-04-04,19053,2508,471,152,172.1,230,9,2,215,12,16,64,48,1,929,224,1818,0.0929599952697754,139,0,8.63573180380438,7.7592566791405,282.80856363232,3144.05302495472,230
"401",2021-04-05,19338,2653,472,184,182.6,285,8,4,269,5,18,67,49,1,934,277,2045,0.105620002746582,162,0,9.7867197832696,7.98669984398839,360.61292251382,3415.50210624247,285
"402",2021-04-06,19612,2790,473,156,180.6,274,7,6,245,10,20,70,50,1,944,252,1749,0.128640003204346,83,0,12.2811880788429,9.17873120391519,348.888213540725,3796.26236420089,274
"403",2021-04-07,19920,2931,474,219,188.6,308,3,6,290,12,24,76,52,1,956,293,3364,0.098100004196167,44,0,9.68334548462165,9.50616423645002,382.322001056773,3764.50438599795,308
"404",2021-04-08,20215,3103,475,170,192.3,295,23,5,255,10,30,83,53,1,966,278,3366,0.0858600044250488,194,0.0103100001811981,8.1742953631985,9.67595637749071,349.736244875937,3847.90132320155,295
"405",2021-04-09,20512,3256,477,261,195,297,13,2,276,14,31,88,57,2,980,289,3418,0.110299997329712,158,0,10.542656344322,9.8813339129637,380.477643310792,4264.09414055342,297
"406",2021-04-10,20799,3420,480,381,217.6,287,12,2,262,14,27,92,65,3,994,274,3187,0.0875399971008301,97,0,8.49543150914572,9.65705262388639,344.360093773039,4273.25372519632,287
"407",2021-04-11,21068,3558,480,205,225.1,269,8,4,249,13,29,100,71,0,1007,257,2714,0.145909996032715,29,0,14.4367382148301,10.4857678254615,369.960440107665,5066.48733814425,269
"408",2021-04-12,21383,3652,481,265,236.7,315,16,4,291,16,27,101,74,1,1023,307,2125,0.0804699993133545,107,0,7.66123425362358,10.1821270355121,380.07227514046,4473.66758570997,315
"409",2021-04-13,21619,3678,483,245,249.4,236,10,0,219,12,28,105,77,2,1035,229,2670,0.0767799997329712,178,0,7.19812497496605,9.45597516352965,277.408487002098,4455.49526285466,236
"410",2021-04-14,21892,3749,485,389,273.7,273,10,11,248,12,28,101,73,2,1047,258,3971,0.171490001678467,97,0.0103100001811981,16.7646722390061,10.4675932712989,396.022722585641,5594.76816656422,273
"411",2021-04-15,22114,3752,485,312,294,222,15,3,202,19,29,107,78,0,1066,217,3902,0.130959997177124,98,0.0101999998092651,12.8001377241611,11.1284278942935,301.571983065171,5162.40590073973,222
"412",2021-04-16,22350,3791,487,348,306.4,236,1,10,219,20,24,114,90,2,1086,220,2970,0.120539999008179,244,0.00409999996423721,11.1700123536268,11.2180501813371,302.167718917681,5034.58101098604,236
"413",2021-04-17,22531,3738,490,405,309.9,181,5,7,167,16,23,123,100,3,1102,172,2935,0.101870002746582,121,0.00825999975204468,9.81635857431988,11.4067540477905,228.584450532268,4815.5969540094,181
"414",2021-04-18,22693,3679,490,294,322.6,162,5,8,146,11,22,122,100,0,1113,151,1949,0.0646500015258789,188,0.0159599995613098,6.03665572725616,10.2067422638514,185.769483998858,4331.21809027682,162
"415",2021-04-19,22920,3619,491,258,321.6,227,5,4,218,22,22,116,94,1,1135,223,2084,0.112279996871948,88,0.0340899991989136,10.9112077997534,10.6710241990128,298.456926746583,4778.6529950488,227
"416",2021-04-20,23109,3507,492,188,313.4,189,8,2,179,17,27,119,92,1,1152,187,2775,0.100539999008179,221,0,9.3123663967856,10.9730586878442,240.140892812795,4466.09685077258,189
"417",2021-04-21,23304,3408,493,207,287.4,195,3,2,185,12,25,111,86,1,1164,188,2521,0.136850004196167,236,0.0211899995803833,12.6949474239937,10.3916694285567,260.089893470865,4678.56572845058,195
"418",2021-04-22,23480,3300,496,239,277,176,7,4,161,14,22,107,85,3,1178,168,2358,0.163269996643066,213,0.00939000010490417,15.0521478843522,10.7133851657268,246.263327097068,4758.74392512098,176
"419",2021-04-23,23688,3224,499,189,254.3,208,5,8,186,21,29,113,84,3,1199,191,2507,0.0805700016021729,86,0.0116299998760223,7.82835225630488,10.2360051518237,242.910701056774,3965.19424192166,208
"420",2021-04-24,23845,3104,500,227,228.9,157,2,2,151,17,31,119,88,1,1216,153,2464,0.0852299976348877,214,0.00467000007629395,7.87924175461875,9.95927417758067,190.403198554864,3822.2452831,157
"421",2021-04-25,23993,2973,505,139,206.7,148,2,6,136,20,30,125,95,5,1236,138,1621,0.135719995498657,93,0.0215100002288818,12.9523070434428,10.9472243656073,196.49196874578,4103.85958754495,148
"422",2021-04-26,24156,2837,510,173,194.6,163,4,7,148,12,31,124,93,5,1248,152,1304,0.115030002593994,31,0,11.2358893919527,10.9936074502072,209.155398720969,3773.12411954861,163
"423",2021-04-27,24316,2744,511,189,194.7,160,3,5,148,10,31,121,90,1,1258,151,2425,0.0610300016403198,332,0.00903999984264374,5.47693267774876,10.4456883474877,180.287398239035,3185.35510442325,160
"424",2021-04-28,24482,2641,513,186,191.7,166,2,7,155,12,27,116,89,2,1270,157,2408,0.0689400005340576,38,0,6.78689784489005,9.60168126475858,195.292308905647,3167.38845745104,166
"425",2021-04-29,24608,2544,513,159,180.3,126,2,7,113,13,29,113,84,0,1283,115,2728,0.0652500009536743,111,0.00901000022888184,6.30511139933178,8.35210462404138,143.293999941626,3015.06031175213,126
"426",2021-04-30,24761,2453,516,178,178.7,153,4,3,139,13,27,109,82,3,1296,143,2122,0.0669199991226196,179,0,6.17141408684045,8.11539917126075,171.917157562446,2897.57893357119,153
"427",2021-05-01,24885,2398,520,138,166,124,3,5,113,7,29,110,81,4,1303,116,2051,0.089709997177124,70,0.0285700011253357,8.76921755252498,8.24253857096164,150.873456659551,3015.55645749659,124
"428",2021-05-02,24982,2337,520,128,164.4,97,0,4,91,8,27,108,81,0,1311,91,1279,0.0695900011062622,21,0,6.84658549345456,7.37029263524904,113.297092007412,2806.89345078376,97
"429",2021-05-03,25089,2220,523,102,154.3,107,4,3,100,10,22,98,76,3,1321,104,976,0.174179992675781,140,0.0071399998664856,15.3225154868163,7.9540963630867,153.798297326923,3218.96365447855,107
"430",2021-05-04,25194,2125,524,141,147.4,105,1,2,99,8,23,94,71,1,1329,100,2386,0.0389800000190735,57,0.0175399994850159,3.84797625935961,7.72138830331683,113.300535605178,2365.13638161004,105
"431",2021-05-05,25276,2010,525,114,137.1,82,1,2,75,8,23,88,65,1,1337,76,1904,0.0777299976348877,65,0.0307699990272522,7.61797691384447,7.84011388459603,95.0027781616762,2459.67873822328,82
"432",2021-05-06,25382,1940,527,122,131.9,106,3,6,92,12,22,88,66,2,1349,95,2133,0.0534499979019165,246,0,4.79230119902429,7.62399814169496,114.370090755799,2213.03132701316,106
"433",2021-05-07,25494,1842,530,108,121.9,112,4,4,103,19,23,95,72,3,1368,107,2302,0.0469199991226196,82,0.0122000002861023,4.57257709747193,7.39559285749945,125.368500866849,2089.35307099753,112
"434",2021-05-08,25583,1766,534,136,121.6,89,1,3,85,4,21,86,65,4,1372,86,1901,0.0489200019836426,86,0.0116299998760223,4.73060411475805,6.81864808067561,100.947628234038,2011.34315652686,89
"435",2021-05-09,25666,1705,537,69,113.1,83,0,5,78,4,22,83,61,3,1376,78,1173,0.172210006713867,123,0.00813000023365021,15.6637598691439,8.0782444200598,118.880398958208,2489.30872081724,83
"436",2021-05-10,25759,1638,538,82,110.3,93,3,2,87,9,22,85,63,1,1385,90,715,0.104899997711182,14,0,10.2885457288745,7.35910588321097,119.193377128216,2132.91946373353,93
"437",2021-05-11,25891,1607,540,124,107.9,132,1,6,123,5,21,79,58,2,1390,124,1899,0.0458099985122681,86,0.0232599997520447,4.48330212360065,7.44986672095969,146.326245981918,1818.5828813947,132
"438",2021-05-12,25988,1547,541,115,108,97,3,3,90,8,22,80,58,1,1398,93,2118,0.0495800018310547,174,0.00574999988079071,4.62525933060347,7.02233563763954,108.632394518554,1757.1324120452,97
"439",2021-05-13,26081,1519,541,78,101.7,93,1,1,90,7,20,77,57,0,1405,91,1684,0.0795699977874756,54,0.0185199999809265,7.76731624125886,7.44733778653019,112.757690100101,1865.49375013246,93
"440",2021-05-14,26164,1440,541,128,104.6,83,2,4,75,7,21,70,49,0,1412,77,1738,0.0471799993515015,105,0,4.44920449663102,7.42971312926721,91.0609672822397,1628.15315436916,83
"441",2021-05-15,26238,1392,542,85,97.3,74,2,8,63,7,19,64,45,1,1419,65,1779,0.0522800016403198,61,0,5.05468059337657,7.47600976906985,82.6488091945883,1598.63295998257,74
"442",2021-05-16,26307,1364,543,46,94,69,2,3,63,7,19,67,48,1,1426,65,805,0.0409899997711182,20,0,3.99963028069699,5.80970554214887,75.6348383868037,1524.21414707077,69
"443",2021-05-17,26381,1329,545,87,94.7,74,7,5,59,10,19,71,52,2,1436,66,774,0.229969997406006,19,0,22.4459997468157,7.54648468756904,114.506037843241,2205.0533983889,74
"444",2021-05-18,26460,1297,546,97,90.9,79,1,6,71,5,16,64,48,1,1441,72,1920,0.0265599989891052,56,0,2.58072864671468,7.27468847658533,83.4568433055605,1395.29896899044,79
"445",2021-05-19,26531,1283,550,91,87.4,71,2,5,64,4,14,57,43,4,1445,66,2042,0.0665999984741211,122,0.0163900005817413,6.37693054321293,7.52492722124382,83.3601080221923,1523.27300897686,71
"446",2021-05-20,26591,1238,553,73,86.7,60,5,8,45,11,15,63,48,3,1456,50,1487,0.0511100006103516,65,0.0307699990272522,5.02581319873481,7.13328392945467,65.3797727908449,1420.72317430132,60
"447",2021-05-21,26672,1203,554,77,79.4,81,4,11,63,4,13,59,46,1,1460,67,1682,0.0416200017929077,190,0,3.73957494741831,7.03190827956714,85.3580661587917,1335.11572520935,81
"448",2021-05-22,26731,1171,558,77,78.3,59,0,13,46,8,15,58,43,4,1468,46,1380,0.0623199987411499,101,0.00990000009536743,5.87451034925179,7.14902681612074,66.9358993116159,1373.0203933457,59
"449",2021-05-23,26786,1147,559,39,77.3,55,0,4,51,5,12,59,47,1,1473,51,826,0.0375300002098083,14,0.0714300012588501,3.80950002272923,7.12186535069678,60.7056457080355,1275.32109072778,55
"450",2021-05-24,26837,1101,561,65,74.1,51,2,11,38,5,11,57,46,2,1478,40,733,0.0832199954986572,30,0,7.99479117962198,5.05740698395482,60.3914739896363,1359.50032156474,51
"451",2021-05-25,26897,1034,563,56,68.3,60,1,12,46,3,11,54,43,2,1481,47,1035,0.0647300004959106,19,0.0526300001144409,6.45118790469088,5.61032973509427,67.904390422006,1229.89658928413,60
"452",2021-05-26,26953,993,566,76,66.1,56,1,11,44,1,8,47,39,3,1482,45,1371,0.0320900011062622,61,0.0491800022125244,3.28179969634424,5.1681681855416,60.3370180370339,1088.70353135055,56
"453",2021-05-27,27000,947,566,62,64.6,47,0,8,38,3,9,42,33,0,1485,38,1368,0.0548199987411499,113,0.00884999990463257,5.13124971418748,5.18323054489199,51.7262906916887,1089.7051917113,47
"454",2021-05-28,27035,897,569,65,62.9,35,0,1,30,1,7,34,27,3,1486,30,1589,0.0346099996566772,197,0.0152300000190735,3.24723401221823,5.11289612557769,33.8608921495419,982.540675271303,35
"455",2021-05-29,27070,858,571,45,58.3,35,0,3,31,5,9,36,27,2,1491,31,1074,0.024210000038147,104,0.00962000012397766,2.29219185516668,4.60113634070839,36.086792671645,915.757035879722,35
"456",2021-05-30,27097,809,573,46,59.3,27,0,3,22,5,8,36,28,2,1496,22,718,0.0905300045013428,34,0,8.6436892595697,5.29173480311417,30.5845536884645,1014.35926972581,27
"457",2021-05-31,27145,777,576,40,55.7,48,1,2,41,5,6,35,29,3,1501,42,783,0.0855700016021729,27,0.037039999961853,8.39523348808289,5.34894084718001,54.3549668687133,968.566887071196,48
"458",2021-06-01,27187,741,577,38,53.1,42,1,5,36,2,5,31,26,1,1503,37,1565,0.0172500002384186,27,0.037039999961853,1.75856346558387,4.67856592730758,43.9108491984923,779.268628542778,42
"459",2021-06-02,27218,702,577,48,49.1,31,0,0,30,1,6,30,24,0,1504,30,1688,0.042649998664856,43,0.0232599997520447,4.21683291366926,4.81214210121116,33.7151323659625,788.934097363523,31
"460",2021-06-03,27263,691,577,48,47.1,45,2,4,39,2,5,29,24,0,1506,41,1176,0.0136099994182587,186,0,1.17513651364701,4.24698307256252,46.4149425980101,714.846959395731,45
"461",2021-06-04,27293,644,579,43,44,30,0,0,27,3,6,29,23,2,1509,27,1195,0.0476999998092651,68,0.0147099995613098,4.59238161062873,4.43914701519259,30.6413999124492,730.854131245085,30
"462",2021-06-05,27312,612,582,39,43.1,19,1,0,18,2,4,30,26,3,1511,19,999,0.0160199999809265,90,0.0222199988365173,1.65323965805621,4.34786812989109,19.9224780893905,641.71350477405,19
"463",2021-06-06,27329,563,582,21,39.6,17,0,1,16,2,4,28,24,0,1513,16,608,0.106909999847412,22,0,10.3176634773375,4.58700730385793,21.8480599932727,733.591111013282,17
"464",2021-06-07,27356,530,583,17,36.3,27,1,3,23,1,4,26,22,1,1514,24,843,0.00949000000953674,30,0.0666699981689453,1.14549483998944,3.55133035413029,27.8073670533718,547.82935576196,27
"465",2021-06-08,27389,502,584,28,34.9,33,0,2,30,1,3,25,22,1,1515,30,1771,0.0299300003051758,100,0,2.83303209729911,3.70482587294676,34.495970187571,543.765901138688,33
"466",2021-06-09,27416,476,585,33,32.7,27,1,0,24,2,4,23,19,1,1517,25,1194,0.0594600009918213,26,0,5.81928206428153,3.93374718017708,29.2724408709667,557.347274183205,27
"467",2021-06-10,27445,463,585,20,28.7,29,0,0,28,2,5,20,15,0,1519,28,1216,0.0304299998283386,136,0,2.73689939284465,4.1568561629196,30.2505232741998,500.214009855518,29
"468",2021-06-11,27467,453,585,36,27.7,22,0,1,20,1,4,15,11,0,1520,20,1055,0.017059999704361,96,0,1.56370979045186,3.72418876003719,21.9184442404075,473.802762045229,22
"469",2021-06-12,27485,430,585,29,26.3,18,0,0,18,2,6,16,10,0,1522,18,880,0.011360000371933,44,0,1.08190479732695,3.64256949421873,18.57191066543,443.662310340828,18
"470",2021-06-13,27506,423,586,18,25.9,21,0,1,18,2,5,15,10,1,1524,18,583,0.132080001831055,17,0,12.8337735112508,4.00201378477777,25.7841199770364,582.426819460356,21
"471",2021-06-14,27525,386,589,22,26.6,19,2,1,16,2,4,14,10,3,1526,18,655,0.0564900016784668,29,0,5.40949577476546,4.61115677546006,21.8595384139441,447.32121265458,19
"472",2021-06-15,27552,372,589,22,25.7,27,1,0,24,0,4,14,10,0,1526,25,1518,0.0144900000095367,36,0,1.41543243336401,4.40864253775504,26.0391920019678,387.463176989281,27
"473",2021-06-16,27569,351,589,24,24.4,17,0,0,17,1,4,12,8,0,1527,17,1251,0.0223799991607666,42,0,2.16530386311825,3.88664565187458,18.0810217105903,373.31991884807,17
"474",2021-06-17,27580,308,590,12,23.3,11,0,0,11,0,5,11,6,1,1527,11,1101,0.0208899998664856,123,0.0243899989128113,2.12417154569252,3.79911310228141,11.686197159812,327.213520474736,11
"475",2021-06-18,27594,278,590,26,21.9,14,1,0,13,1,4,12,8,0,1528,14,864,0.0196800005435944,63,0,1.83425247784958,3.83776205762395,14.7541431561115,292.975128385643,14
"476",2021-06-19,27603,245,590,18,20.3,9,0,0,9,0,3,10,7,0,1528,9,926,0.0194400000572205,37,0,1.86930841671715,3.9502482889654,9.49407185509296,258.449733833086,9
"477",2021-06-20,27615,232,590,7,18.7,12,0,0,10,0,3,10,7,0,1528,10,562,0.0266899991035461,15,0,2.59961516398491,2.48822566792741,10.7634413972518,249.711840416242,12
"478",2021-06-21,27626,222,591,13,17.4,11,0,0,11,2,2,9,7,1,1530,11,520,0.0230800008773804,7,0,2.27734354008308,2.04077534868707,11.7356781858274,236.847323386698,11
"479",2021-06-22,27637,199,591,13,16.1,11,0,0,10,0,2,6,4,0,1530,10,1297,0.0115699994564056,65,0,1.10178335498958,1.99596833749072,10.3235659784015,205.438962970189,11
"480",2021-06-23,27648,186,591,18,15.3,11,0,0,10,0,1,4,3,0,1530,10,1105,0.00814000010490417,18,0,0.800952815308914,1.80106104494653,10.235219637477,190.375085257072,11
"481",2021-06-24,27654,174,591,8,14.7,6,1,0,5,1,0,4,4,0,1531,6,904,0.00995999991893768,51,0,0.942810463530855,1.63229517606629,6.16612779020375,178.817705915909,6
"482",2021-06-25,27658,153,591,7,12,4,0,0,4,2,0,6,6,0,1533,4,1024,0.00194999992847443,64,0,0.183529405032888,1.39647759423534,4.02155918265999,153.824638736745,4
"483",2021-06-26,27662,138,591,9,10.7,4,0,0,4,1,0,6,6,0,1534,4,764,0.00523999989032745,19,0,0.511284791342295,1.20247421918179,4.06006057833539,140.072089952571,4
"484",2021-06-27,27667,124,591,8,10.9,5,0,0,5,0,0,5,5,0,1534,5,398,0.0200999999046326,13,0,1.94642334842914,1.10916110267382,5.28580771903378,131.088031432038,5
"485",2021-06-28,27676,116,591,1,9.1,9,0,0,9,0,0,4,4,0,1534,9,555,0.00180000007152557,5,0,0.178392864231552,0.809311006123604,9.04715053576928,116.607718016582,9
"486",2021-06-29,27679,110,591,8,8.4,3,0,0,3,0,0,3,3,0,1534,3,929,0.00646000027656555,14,0,0.636409359165365,0.742829006720145,3.05606921252612,112.055871125958,3
"487",2021-06-30,27681,95,591,8,7,2,0,1,1,0,0,2,2,0,1534,1,1221,0.000820000022649765,51,0,0.0787122663251072,0.639651785436743,2.00231158070689,95.2196001671547,2
"488",2021-07-01,27684,91,591,7,6.9,3,0,0,3,0,0,1,1,0,1534,3,884,0.00225999996066093,74,0,0.208542793864746,0.534756404055871,3.01837312739292,91.5573181975853,3
"489",2021-07-02,27688,80,591,6,6.7,4,0,0,4,2,0,2,2,0,1536,4,785,0.0140100002288818,29,0,1.35108724565998,0.701550381288312,4.1587120969174,83.1742419383479,4
"490",2021-07-03,27694,74,591,6,6.3,6,0,0,6,0,0,1,1,0,1536,6,627,0.00158999994397163,16,0,0.155043540415274,0.650658774013023,6.02731942606799,74.3369395881718,6
"491",2021-07-04,27696,69,592,2,5.4,2,0,0,2,1,0,2,2,1,1537,2,437,0.00685999989509583,34,0,0.636479820415473,0.463523984296785,2.03738361355576,70.2897346676738,2
"492",2021-07-05,27702,68,592,2,5.6,6,0,0,6,0,0,2,2,0,1537,6,505,0.00197999998927116,27,0,0.187951126801116,0.464889450378151,6.03311790287609,68.3753362325957,6
"493",2021-07-06,27707,64,592,12,6.1,5,0,2,3,0,0,2,2,0,1537,3,1174,0.00596000015735626,28,0,0.582116487914829,0.457133325913789,5.05128587850855,65.0940987415157,5
"494",2021-07-07,27713,63,592,6,5.9,6,0,0,6,0,0,2,2,0,1537,6,1218,0.0320199990272522,23,0,3.14265582717109,0.894839548891786,6.55375124495719,68.8143880720505,6
"495",2021-07-08,27715,54,593,5,5.6,2,0,0,2,1,0,3,3,1,1538,2,933,0.00321999996900558,87,0,0.294535291282569,0.907124191380046,2.01729951705406,54.4670869604596,2
"496",2021-07-09,27717,52,593,3,5.1,2,0,0,2,0,0,2,2,0,1538,2,823,0.00486000001430511,56,0,0.455037544001491,0.77911709114312,2.0267266096311,52.6948918504085,2
"497",2021-07-10,27718,48,593,0,4.3,1,0,0,1,0,0,2,2,0,1538,1,930,0,22,0,0,0.756968013940938,1,48,1
"498",2021-07-11,27723,50,593,0,4,5,0,0,5,0,0,2,2,0,1538,5,422,0.00237000003457069,8,0,0.23259070106717,0.699269568319752,5.03415301085148,50.3415301085148,5
"499",2021-07-12,27726,48,593,1,3.9,3,0,1,2,0,0,1,1,0,1538,2,460,0.00216999992728233,16,0,0.209705875325603,0.702377389537536,3.01231706513245,48.2956095631787,3
"500",2021-07-13,27728,47,593,2,2.4,2,0,0,2,0,0,1,1,0,1538,2,1188,0.000839999988675117,14,0,0.0830216294963427,0.63107812404918,2.00487627166535,47.1145923841358,2
"501",2021-07-14,27733,49,593,0,1.6,5,0,0,5,0,0,0,0,0,1538,5,1098,0,15,0,0,0.182127291596168,5,49,5
"502",2021-07-15,27744,55,593,1,1,11,0,0,11,0,0,0,0,0,1538,11,947,0.00105999998748302,31,0,0.102640080587569,0.154713690068311,11.0331570827812,55.1657854139062,11
"503",2021-07-16,27747,55,593,8,1.7,3,0,0,3,0,0,0,0,0,1538,3,867,0.00460999995470047,34,0,0.443603769225894,0.153080293671797,3.03908257107773,55.7165138030918,3
"504",2021-07-17,27749,52,593,5,2.4,2,0,0,2,0,0,0,0,0,1538,2,761,0.00263000011444092,18,0,0.256922989356809,0.189783577865627,2.01509036019624,52.3923493651022,2
"505",2021-07-18,27757,57,593,4,3,8,0,0,8,0,0,0,0,0,1538,8,214,0.00467000007629395,17,0,0.432632041699959,0.21836091224174,8.10164249385437,57.7242027687124,8
"506",2021-07-19,27766,62,593,2,3.1,9,0,0,9,0,0,0,0,0,1538,9,367,0,10,0,0,0.188402930052368,9,62,9
"507",2021-07-20,27770,63,593,10,4.3,4,0,0,4,0,0,0,0,0,1538,4,1142,0.00437999993562698,22,0,0.429721643168901,0.237931503434162,4.05047936267418,63.7950499621183,4
"508",2021-07-21,27775,66,593,12,6,5,0,0,5,0,0,0,0,0,1538,5,1058,0.0103999996185303,8,0,1.03219508409053,0.385387944018523,5.15156482931623,68.0006557469743,5
"509",2021-07-22,27780,68,593,5,6.6,5,0,0,5,1,0,1,1,0,1539,5,1046,0.00477999985218048,28,0,0.46553816064998,0.437230526884582,5.06835840719129,68.9296743378015,5
"510",2021-07-23,27792,76,593,3,5.9,12,0,0,12,0,0,1,1,0,1539,12,928,0.00647000014781952,38,0,0.621548668444774,0.462651226772993,12.2190397981077,77.3872520546821,12
"511",2021-07-24,27795,78,593,2,5.4,3,0,0,3,0,0,1,1,0,1539,3,713,0.0028099998831749,16,0,0.274832636036173,0.465209747727188,3.02421342372971,78.6295490169726,3
"512",2021-07-25,27802,80,593,7,5.9,7,0,0,7,0,0,1,1,0,1539,7,410,0.00244000002741814,14,0,0.235943398877698,0.437111370181151,7.04850343713367,80.5543249958133,7
"513",2021-07-26,27811,84,593,5,6.3,9,0,0,9,1,0,2,2,0,1540,9,410,0,10,0,0,0.437111370181151,9,84,9
"514",2021-07-27,27819,91,593,7,5.9,8,0,0,8,0,0,2,2,0,1540,8,1125,0.0106700003147125,5,0,1.06227879239394,0.5274766772133,8.24957158790936,93.838876812469,8
"515",2021-07-28,27825,91,593,8,5.3,6,0,0,6,0,0,1,1,0,1540,6,1074,0.00372000008821487,11,0,0.368228580160624,0.432624319509027,6.06488366716132,91.9840689519468,6
"516",2021-07-29,27829,87,593,9,5.9,4,0,0,4,0,0,1,1,0,1540,4,1234,0.00243000000715256,15,0,0.240081666038932,0.400416248850306,4.02820237166094,87.6134015836255,4
"517",2021-07-30,27832,82,593,4,6,3,0,0,3,0,0,1,1,0,1540,3,940,0.00745000004768372,21,0,0.72872008791079,0.415726451631166,3.06420201226253,83.7548550018425,3
"518",2021-07-31,27839,83,593,8,6.9,7,0,0,7,0,0,0,0,0,1540,7,936,0.00962000012397766,8,0,0.953847469919819,0.512728570757401,7.19608465849196,85.3250038078332,7
"519",2021-08-01,27848,85,593,1,6,9,0,0,7,0,0,0,0,0,1540,7,563,0.00178000003099442,13,0,0.173982641918378,0.503877034048927,7.03576601920112,85.4343016617279,9
"520",2021-08-02,27859,87,593,3,5.7,11,0,0,11,1,0,1,1,0,1541,11,462,0.0043299999833107,4,0,0.429283260147971,0.565203214070065,11.1386766311157,88.0968060824602,11
"521",2021-08-03,27876,99,593,10,6.1,17,0,0,16,0,0,1,1,0,1541,16,550,0.0109099996089935,3,0,1.08508133543335,0.568460720218552,16.5098576265175,102.154744064077,17
"522",2021-08-04,27888,108,593,15,7.1,12,0,0,10,2,0,3,3,0,1543,10,1289,0.00776000022888184,22,0,0.762977901985408,0.624853480479235,10.2240673633674,110.419927524368,12
"523",2021-08-05,27908,121,593,9,7.1,20,0,0,20,0,1,3,2,0,1543,20,1482,0.00472000002861023,19,0,0.466025319280504,0.657131145228031,20.2737197611672,122.656004555061,20
"524",2021-08-06,27922,123,593,15,8.7,14,0,0,12,1,1,4,3,0,1544,12,1109,0.00541000008583069,44,0,0.520354735055181,0.627364666248658,12.1833780714165,124.879625232019,14
"525",2021-08-07,27935,133,593,13,9.4,13,0,0,13,0,1,4,3,0,1544,13,846,0.01182000041008,14,0,1.16275817987531,0.657209053385157,13.4439145702605,137.541587526511,13
"526",2021-08-08,27955,145,593,5,10,20,0,0,19,1,1,3,2,0,1545,19,612,0.00653999984264374,4,0,0.6497532311198,0.725176280413932,19.3625506539829,147.76683393829,20
"527",2021-08-09,27969,153,593,13,11.4,14,0,0,14,1,1,3,2,0,1546,14,556,0.0143900001049042,9,0,1.41607788642951,0.866146941311295,14.5822128956989,159.362755217281,14
"528",2021-08-10,27989,168,593,18,12.6,20,3,0,17,1,1,4,3,0,1547,20,1264,0.0102799999713898,16,0,1.01514999717474,0.856156750131494,20.5962478931499,173.008482302459,20
"529",2021-08-11,28004,174,593,20,13.3,15,2,0,13,0,1,4,3,0,1547,15,1296,0.0108000004291534,8,0,1.07337427578089,0.900499089245134,15.4728344227037,179.484879303362,15
"530",2021-08-12,28023,188,593,18,14.6,19,3,0,16,0,1,3,2,0,1547,19,1053,0.0133000004291534,38,0,1.28367556845999,1.01730626769935,19.716267953058,195.087282903942,19
"531",2021-08-13,28040,202,593,26,16.1,17,3,0,14,0,1,3,2,0,1547,17,1077,0.0213599991798401,14,0,2.10859020317945,1.24419704885996,18.0527075793844,214.508643002097,17
"532",2021-08-14,28057,210,593,16,16.6,17,2,0,15,1,1,4,3,0,1548,17,1005,0.0119400000572205,12,0,1.17991151007931,1.24664752460339,17.5890674194495,217.276715181435,17
"533",2021-08-15,28075,207,593,8,17,18,1,0,17,0,1,4,3,0,1548,18,543,0.0221000003814697,2,0,2.20188994626386,1.46838134105254,19.1639511604743,220.385438345454,18
"534",2021-08-16,28094,210,593,21,18.1,19,0,0,19,0,1,3,2,0,1548,19,611,0.0114600002765656,8,0,1.1311890418387,1.42768293468242,19.6311832050301,216.976235424017,19
"535",2021-08-17,28115,206,593,18,18.1,21,0,0,21,0,1,3,2,0,1548,21,1323,0.0158700001239777,10,0,1.57509453593567,1.50767501164827,21.9713876188112,215.528849975005,21
"536",2021-08-18,28146,219,593,24,18.7,31,0,0,31,0,1,2,1,0,1548,31,1295,0.015440000295639,12,0,1.52982405377601,1.57288212279043,32.3927392757854,228.839029077322,31
"537",2021-08-19,28169,227,593,19,18.9,23,0,0,23,3,1,5,4,0,1551,23,1279,0.0172000002861023,17,0,1.69743829983988,1.63199108441613,24.1465380631192,238.315832188176,23
"538",2021-08-20,28188,227,593,17,17.6,19,0,0,19,0,2,5,3,0,1551,19,1142,0.014889999628067,50,0,1.42654191067555,1.53455561405843,19.7959848106612,236.509923790531,19
"539",2021-08-21,28211,236,593,27,19.1,23,1,0,22,1,2,6,4,0,1552,23,879,0.0182000005245209,12,0,1.79548826723388,1.62249515079479,24.2127661078826,248.444034846099,23
"540",2021-08-22,28242,253,593,17,20.4,31,0,0,31,1,1,5,4,0,1553,31,520,0.0173099994659424,6,0,1.71125470005514,1.55240440133641,32.5579122486383,265.714574158241,31
"541",2021-08-23,28283,272,593,16,19.7,41,1,0,40,0,1,3,2,0,1553,41,575,0.0139100003242493,11,0.0909099960327148,1.53553927351591,1.61016872014743,42.8488915149715,284.265816879811,41
"542",2021-08-24,28315,286,593,26,20.9,32,1,0,31,0,1,3,2,0,1553,32,1233,0.0154100000858307,23,0,1.51278105938131,1.60126679492538,33.4216500370798,298.705997206401,32
"543",2021-08-25,28341,302,593,27,21.3,26,0,0,25,2,1,5,4,0,1555,25,1318,0.0197300004959106,68,0,1.8762006243586,1.65074916215147,26.3774819885161,318.639982421275,26
"544",2021-08-26,28369,310,593,44,24.9,28,2,0,24,3,1,8,7,0,1558,26,1198,0.0125199997425079,22,0,1.22942292553479,1.58388982296503,26.9387313013196,321.192565515733,28
"545",2021-08-27,28402,327,593,24,25.9,33,0,0,33,2,1,9,8,0,1560,33,896,0.0278999996185303,9,0,2.7622541058788,1.7747058508512,35.676974361101,353.526382305456,33
"546",2021-08-28,28434,331,593,38,27.4,32,0,0,29,2,1,11,10,0,1562,29,1115,0.0242199993133545,16,0,2.38773644866404,1.85931273391266,31.033532093552,354.210314585025,32
"547",2021-08-29,28473,352,593,28,29,39,0,0,35,1,0,10,10,0,1563,35,537,0.0260700011253357,2,0,2.59732664272825,1.98589444000881,37.6696926070068,378.849479933326,39
"548",2021-08-30,28510,374,593,20,29.6,37,0,0,36,1,1,9,8,0,1564,36,627,0.0111600005626678,9,0,1.10020760264036,1.92370420131231,37.1631715908679,386.084060416238,37
"549",2021-08-31,28540,382,593,22,29,30,0,0,24,0,1,7,6,0,1564,24,553,0.0361700010299683,16,0,3.51529183999516,2.20977716997143,26.4776460927794,421.435866976738,30
"550",2021-09-01,28579,393,593,55,33,39,0,0,37,2,1,9,8,0,1566,37,807,0.0309800004959106,5,0,3.07892369460589,2.38159475143533,40.3455482211461,428.535147321903,39
"551",2021-09-02,28624,420,593,34,31.6,45,0,1,39,1,1,10,9,0,1567,39,1298,0.0169500005245209,8,0,1.68461720373875,2.44662250546447,41.9294453524239,440.778642256873,45
"552",2021-09-03,28676,452,593,50,35.3,52,0,1,49,1,2,5,3,0,1568,49,1050,0.035239999294281,45,0.0222199988365173,3.47049307823181,2.5477995015149,54.9940617347414,498.067671512308,52
"553",2021-09-04,28731,483,593,38,35.3,55,0,0,52,0,2,5,3,0,1568,52,911,0.0318300008773804,8,0,3.1552917083018,2.65745025289172,56.8184738219169,527.756208768959,55
"554",2021-09-05,28757,477,593,23,34.6,26,0,0,25,2,1,7,6,0,1570,25,412,0.0388299989700317,6,0,3.82726305637633,2.83315545484145,27.8099265382528,530.613398349863,26
"555",2021-09-06,28817,494,593,29,35.9,60,0,1,53,1,1,8,7,0,1571,53,519,0.0346799993515015,2,0,3.45468707551426,3.169509665252,59.3771385749897,544.118989736697,60
"556",2021-09-07,28882,519,593,50,39.9,65,1,2,56,1,1,8,7,0,1572,57,825,0.0460599994659424,11,0.0909099960327148,4.66501309997157,3.33375555953435,66.8089810218493,590.102827198944,65
"557",2021-09-08,28934,532,594,66,41.4,52,0,1,50,2,1,7,6,1,1574,50,1376,0.03125,17,0,3.08686288585786,3.3348897297132,55.5326688106628,580.227596145452,52
"558",2021-09-09,29004,577,594,58,44.9,70,0,3,63,3,2,10,8,0,1577,63,1485,0.0343400001525879,13,0,3.40419894703558,3.58054426446989,72.2982823576796,634.684268577478,70
"559",2021-09-10,29070,607,594,62,46.6,66,0,0,58,0,1,7,6,0,1577,58,1263,0.0332500004768372,35,0,3.23534288152892,3.54695137922662,63.5108038300585,664.673412497337,66
"560",2021-09-11,29124,629,594,44,47.4,54,0,0,49,1,1,7,6,0,1578,49,1162,0.0309800004959106,15,0,3.05851831573901,3.5331266088605,53.4012274167739,685.497388676546,54
"561",2021-09-12,29179,641,594,53,51.7,55,0,1,50,2,1,8,7,0,1580,50,585,0.0598299980163574,3,0,5.95247429244372,3.83672821401299,59.7404577298333,753.052668096463,55
"562",2021-09-13,29241,670,594,36,52.7,62,0,0,55,5,4,13,9,0,1585,55,530,0.0301900005340576,20,0,2.90921823328191,3.75880409369408,59.6990020485857,727.242388591863,62
"563",2021-09-14,29303,690,594,63,54.6,62,0,2,55,2,5,10,5,0,1587,55,1224,0.0334999990463257,29,0,3.27246598824443,3.55986879201878,62.2857239126198,756.311809085594,62
"564",2021-09-15,29350,702,594,58,53.4,47,0,1,42,2,6,11,5,0,1589,42,1537,0.0305800008773804,13,0,3.03235234506669,3.55208157190575,46.7402066436869,764.514882473053,47
"565",2021-09-16,29410,730,594,63,54.1,60,1,1,50,1,7,11,4,0,1590,51,1708,0.0316199994087219,39,0,3.09141150487104,3.50739765159653,56.6301348416589,796.274479106098,60
"566",2021-09-17,29470,727,595,90,58.1,60,1,2,46,0,7,9,2,1,1590,47,1417,0.0310500001907349,4,0,3.09625969530411,3.48752862499299,53.2736788297333,793.105627855662,60
"567",2021-09-18,29532,743,595,44,58.1,62,0,5,50,0,7,8,1,0,1590,50,1575,0.0298399996757507,28,0,2.93187769739909,3.46943710808728,59.3050926092513,806.973676173474,62
"568",2021-09-19,29575,734,595,60,59.1,43,2,1,39,3,7,9,2,0,1593,41,1058,0.0321399998664856,3,0,3.20491233352891,3.07692825681374,45.8589278189684,803.084219978605,43
"569",2021-09-20,29626,713,595,60,62.6,51,2,0,40,2,8,11,3,0,1595,42,1220,0.0385199999809265,66,0.0606099987030029,3.965370131503,3.22780709941675,46.8910225537129,796.030930495173,51
"570",2021-09-21,29686,712,595,36,58.7,60,0,0,51,1,7,12,5,0,1596,51,1196,0.0200699996948242,23,0,1.96913204552992,3.04161653617182,53.949250488804,753.173849961342,60
"571",2021-09-22,29737,699,595,63,59.4,51,0,0,42,5,9,16,7,0,1601,42,2383,0.0180400002002716,29,0,1.7823101358726,2.86303907771552,44.1983620149375,735.587024962889,51
"572",2021-09-23,29773,671,595,44,56.7,36,0,0,29,3,9,17,8,0,1604,29,1528,0.0274900007247925,48,0,2.66527418194689,2.80216231729779,31.2698990041958,723.520766614324,36
"573",2021-09-24,29817,665,595,56,51.9,44,1,0,34,2,8,16,8,0,1606,35,2089,0.0181900000572205,48,0,1.77814272903761,2.61385989354543,36.8276848278614,699.726011729367,44
"574",2021-09-25,29861,660,595,62,54.4,44,0,1,35,2,10,16,6,0,1608,35,1935,0.0273900008201599,32,0,2.6944408534321,2.57994034440729,38.7695125857828,712.225094474761,44
"575",2021-09-26,29909,638,595,38,51.3,48,1,0,38,3,11,17,6,0,1611,39,1060,0.0339599990844727,4,0,3.38323299149822,2.60541472411719,42.8749237257735,701.389777872909,48
"576",2021-09-27,29950,619,595,31,47.1,41,0,0,29,0,11,17,6,0,1611,29,852,0.0164300000667572,15,0.0666699981689453,1.72992041861722,2.28606476513351,30.4732985679878,650.447303916705,41
"577",2021-09-28,29995,595,596,44,48.3,45,1,1,32,3,11,18,7,1,1614,33,1723,0.0203099989891052,35,0,1.99056474733949,2.28912657967773,35.9291095563578,629.782429879784,45
"578",2021-09-29,30040,583,596,65,48.6,45,1,0,37,0,11,18,7,0,1614,38,2041,0.0215599989891052,8,0,2.14758213454191,2.34130829377335,40.3966246570815,619.769267765225,45
"579",2021-09-30,30088,586,596,61,51,48,2,0,38,3,12,20,8,0,1617,40,1837,0.017960000038147,29,0,1.76808789228703,2.21313882382194,42.0769712527488,616.42762885277,48
"580",2021-10-01,30131,569,596,48,49.9,43,0,0,24,1,11,19,8,0,1618,24,1834,0.0196300005912781,13,0,1.94918359958874,2.23757323390067,25.3738225300911,601.571042484242,43
"581",2021-10-02,30167,551,596,60,49.6,36,0,0,28,0,9,14,5,0,1618,28,1477,0.0189600002765656,13,0,1.87945774553607,2.12114707562981,29.5454581232552,581.412408068343,36
"582",2021-10-03,30194,537,597,37,49.4,27,5,0,18,2,7,13,6,1,1620,23,1029,0.0213800001144409,12,0,2.11335447817096,1.9397358594402,24.4274694699153,570.328308928023,27
"583",2021-10-04,30238,534,598,25,48.6,44,1,0,40,0,4,9,5,1,1620,41,1256,0.0199000000953674,8,0,1.97740507276752,1.9750908100331,43.3809273548115,565.010127011448,44
"584",2021-10-05,30288,531,598,33,47,50,1,0,42,0,4,8,4,0,1620,43,1637,0.0116100001335144,13,0,1.15185274051897,1.85527480905874,44.4545614038115,548.962141986603,50
"585",2021-10-06,30329,522,598,28,41.7,41,1,0,33,0,4,7,3,0,1620,34,1958,0.0127699995040894,36,0,1.25394478580778,1.72761233066815,35.2520566378038,541.222751909811,41
"586",2021-10-07,30366,511,598,53,40.6,37,1,0,31,2,3,7,4,0,1622,32,1681,0.0184399998188019,9,0,1.83417986363349,1.7370540408605,33.7236875455144,538.525135492433,37
"587",2021-10-08,30394,493,600,58,42,28,0,0,19,0,2,5,3,2,1622,19,2154,0.0246099996566772,13,0,2.44623623721655,1.80806156052162,20.3649559634678,528.417015262611,28
"588",2021-10-09,30423,473,600,37,38.7,29,1,0,26,3,3,6,3,0,1625,27,1520,0.0184200000762939,12,0,1.82757180913621,1.80064928389307,28.4491216954577,498.386465257463,29
"589",2021-10-10,30444,435,601,20,36.3,21,0,0,19,2,3,6,3,1,1627,19,1009,0.0178400003910065,24,0,1.7425518290925,1.74767747688186,19.9723126796118,457.260842927954,21
"590",2021-10-11,30463,413,601,18,35.3,19,0,0,17,1,4,7,3,0,1628,17,635,0.0220499992370605,7,0,2.18095786846315,1.77675644769552,18.0888369276246,439.452332418174,19
"591",2021-10-12,30497,413,601,31,35,34,0,0,27,2,5,7,2,0,1630,27,1118,0.0143099999427795,12,0,1.41580353416172,1.8144637039302,28.1226216160717,430.171952868059,34
"592",2021-10-13,30519,408,601,24,34.4,22,0,0,20,0,5,7,2,0,1630,20,1674,0.0203099989891052,9,0,2.02013893688426,1.92392001122684,21.1865276937788,432.205164953088,22
"593",2021-10-14,30539,395,601,39,32.4,20,0,0,17,0,5,6,1,0,1630,17,1288,0.0116499996185303,33,0,1.13589701049713,1.82416531792165,17.5670933074371,408.176579790449,20
"594",2021-10-15,30575,380,601,33,28.9,36,1,0,20,2,5,8,3,0,1632,21,1605,0.0155799996852875,15,0,1.54357404289422,1.6952135758756,21.9519483940658,397.225732845,36
"595",2021-10-16,30605,374,602,22,26.7,30,0,0,24,1,4,8,4,1,1633,24,1409,0.0156099998950958,8,0,1.55218700438885,1.65587288948312,25.0940116046502,391.048347505799,30
"596",2021-10-17,30630,365,602,34,28.7,25,1,0,20,0,4,8,4,0,1633,21,815,0.0368099999427795,8,0,3.64521870636273,1.92768244337887,23.2480684418832,404.073570537493,25
"597",2021-10-18,30666,370,602,23,29.4,36,3,0,23,1,3,9,6,0,1634,26,812,0.0135500001907349,20,0,1.32242790323038,1.80503530548847,27.009745662552,384.369457505548,36
"598",2021-10-19,30688,354,602,23,28.3,22,0,0,19,3,2,11,9,0,1637,19,1138,0.0105400002002716,9,0,1.04572974959975,1.75216762197962,19.5834984521021,364.871497476007,22
"599",2021-10-20,30714,349,602,35,29.9,26,1,0,20,1,3,11,8,0,1638,21,1788,0.0134200000762939,19,0,1.32788932686295,1.653274820548,21.8189319573126,362.609869195338,26
"600",2021-10-21,30732,338,602,44,30.6,18,0,0,15,0,3,11,8,0,1638,15,1305,0.0214599990844727,7,0,2.13455021381379,1.79593956387895,15.9402953292749,359.187988086328,18
"601",2021-10-22,30758,324,602,34,30.7,26,0,0,12,0,2,8,6,0,1638,12,1417,0.0218799996376038,19,0,2.15905010351564,1.8838647153963,12.7608702629221,344.543497098898,26
"602",2021-10-23,30782,325,602,22,30.7,24,0,1,20,0,1,6,5,0,1638,20,1331,0.0120200002193451,9,0,1.19392688745883,1.83268469869201,21.7012524190549,336.395351809642,24
"603",2021-10-24,30802,318,603,14,27.9,20,0,0,12,1,1,6,5,1,1639,12,822,0.00243000000715256,8,0,0.240657832033663,1.34631885950214,12.0848101614852,320.247469279357,20
"604",2021-10-25,30828,310,603,15,26.7,26,0,2,19,3,1,6,5,0,1642,19,815,0.0135000002384186,5,0,1.34176831637941,1.34908177566629,21.7486826648918,322.215348742971,26
"605",2021-10-26,30850,297,603,30,27.7,22,0,6,14,3,2,8,6,0,1645,14,1386,0.0180400002002716,10,0,1.79107738378055,1.45556000912069,20.7363919456867,312.622029133495,22
"606",2021-10-27,30876,306,603,35,27.7,26,1,5,19,2,2,9,7,0,1647,20,1365,0.014650000333786,9,0,1.45540396329097,1.47377638575326,25.8548308616553,319.078912183326,26
"607",2021-10-28,30901,298,603,26,25.1,25,1,6,17,4,3,13,10,0,1651,18,1856,0.0113100004196167,41,0,1.10655565518232,1.32692002023448,24.5849414686525,307.684030981025,25
"608",2021-10-29,30922,293,603,12,22,21,0,1,17,1,3,14,11,0,1652,17,1548,0.0148599994182587,18,0,1.46891948272442,1.22832993155002,18.7333538165158,305.639568719948,21
"609",2021-10-30,30945,284,603,28,22.9,23,0,2,20,1,2,15,13,0,1653,20,1178,0.0118799996376038,7,0,1.18098224245547,1.22648069654954,22.6936493876484,293.849821304607,23
"610",2021-10-31,30966,270,604,32,25.4,21,0,2,16,0,1,14,13,1,1653,16,936,0.0181599998474121,7,0,1.80251960309414,1.44960380670104,18.8469672609545,284.292572528606,21
"611",2021-11-01,31017,296,604,13,25.1,51,0,10,37,1,1,13,12,0,1654,37,773,0.0116400003433228,14,0,1.14329355341659,1.42125026913492,48.2422989632974,305.938391706379,51
"612",2021-11-02,31067,324,604,31,25.3,50,1,6,37,2,0,14,14,0,1656,38,1531,0.0267799997329712,17,0,2.64859041286685,1.54375213043296,46.9557319312216,349.201503834626,50
"613",2021-11-03,31110,346,604,44,26.6,43,0,19,22,2,0,15,15,0,1658,22,1657,0.0169000005722046,11,0,1.67885497291025,1.57567370323572,42.084682182551,363.059092507393,43
"614",2021-11-04,31143,365,604,33,27.6,33,2,5,23,4,0,18,18,0,1662,25,1511,0.0258100008964539,35,0,2.52256865165212,1.77796127415998,31.8520369502777,392.039739474055,33
"615",2021-11-05,31182,382,606,45,32.3,39,0,7,23,2,1,18,17,2,1664,23,1264,0.0213599991798401,15,0.0666699981689453,2.18913908802596,1.88084978920306,31.4786583348099,406.558586256408,39
"616",2021-11-06,31215,388,607,40,34,33,3,4,21,3,1,19,18,1,1667,24,1414,0.0212199997901917,10,0.1,2.17732301287437,2.02318418497718,29.5346196279323,412.809683984905,33
"617",2021-11-07,31253,407,608,39,35,38,3,3,27,6,3,23,20,1,1673,30,1016,0.0255900001525879,10,0,2.53405849464223,2.12768974091263,35.2325671714832,437.288494626455,38
"618",2021-11-08,31317,443,609,36,38.3,64,6,7,45,1,2,22,20,1,1674,51,849,0.0270900011062622,13,0.0769199991226196,2.7841497596068,2.36209777036837,62.1699362204093,479.221210698849,64
"619",2021-11-09,31359,459,609,39,39.4,42,0,9,29,3,2,24,22,0,1677,29,1627,0.0215100002288818,21,0.0476200008392334,2.18427126153001,2.29576646303454,39.8602495739552,488.443260498119,42
"620",2021-11-10,31400,477,609,34,38,41,1,5,28,5,2,28,26,0,1682,29,1507,0.00995000004768372,72,0.0555600023269653,1.20297468267263,2.22778356442916,35.0245216243669,493.851614304242,41
"621",2021-11-11,31447,482,610,48,40.1,47,1,5,35,3,5,31,26,1,1685,36,1632,0.0208299994468689,24,0,2.05281153969143,2.16067540557763,43.1702922781523,511.057802168594,47
"622",2021-11-12,31506,503,610,50,40.9,59,1,2,36,1,5,32,27,0,1686,37,1517,0.0184599995613098,29,0.0344799995422363,1.87605040887657,2.11594845141344,41.038510119362,530.712718649704,59
"623",2021-11-13,31542,520,611,43,41.3,36,1,5,28,1,3,30,27,1,1687,29,1627,0.0196700000762939,20,0,1.94311415447056,2.08249004307004,35.6548664727055,549.673467786444,36
"624",2021-11-14,31575,529,611,43,41.9,33,1,2,27,0,3,26,23,0,1687,28,912,0.037279999256134,8,0,3.69558253495589,2.24842204882913,33.0388382300016,586.412336559673,33
"625",2021-11-15,31615,527,613,41,42.6,40,1,3,34,1,2,22,20,2,1688,35,921,0.0217199993133545,18,0,2.1303641499041,2.15502410458589,40.1897197401622,559.970922944729,40
"626",2021-11-16,31665,543,614,42,43,50,1,3,37,1,1,22,21,1,1689,38,1729,0.0208200001716614,24,0,2.0534957385512,2.13634188701748,43.2916276127774,575.746152466793,50
"627",2021-11-17,31687,511,614,44,44.4,22,0,1,12,1,2,21,19,0,1690,12,1886,0.0148500001430511,19,0.0526300001144409,1.52268085417159,2.18201419723162,13.5366075479089,533.850538081789,22
"628",2021-11-18,31724,500,614,39,43.1,37,2,1,21,1,3,19,16,0,1691,23,1686,0.0183899998664856,42,0.0238100004196167,1.85217359910409,2.15335163429057,25.2510543276169,527.196833209063,37
"629",2021-11-19,31760,499,615,25,39.6,36,0,2,24,2,2,17,15,1,1693,24,1564,0.0140699994564056,40,0,1.37191266520065,2.08133195662258,26.9669507424378,519.104517519853,36
"630",2021-11-20,31802,483,616,50,40.6,42,1,0,37,1,2,14,12,1,1694,38,1680,0.0166700005531311,76,0.0131599998474121,1.65180870829519,2.03971689288324,39.8433592901566,506.430066766991,42
"631",2021-11-21,31844,485,616,25,38,42,2,2,30,1,1,14,13,0,1695,32,924,0.0238100004196167,5,0,2.36818518705337,1.85008870032574,36.2255240030327,518.730598170965,42
"632",2021-11-22,31899,479,616,31,36.6,55,2,2,42,2,0,16,16,0,1697,44,1048,0.0152699995040894,18,0,1.50121571109622,1.76021035192462,47.9398244163628,500.117633987223,55
"633",2021-11-23,31947,489,617,27,34.4,48,3,1,31,2,0,15,15,1,1699,34,1457,0.0102999997138977,9,0,1.0236766427796,1.61309333824296,36.0221352248227,503.700709557009,48
"634",2021-11-24,31996,499,617,46,34.7,49,1,1,36,0,0,12,12,0,1699,37,1743,0.0183599996566772,16,0,1.81929956802663,1.65546744022225,39.9768448449069,525.660691286717,49
"635",2021-11-25,32039,504,618,60,37.7,43,2,0,36,0,0,10,10,1,1699,38,1548,0.0219600009918213,6,0,2.18752133432042,1.70337425953887,40.4411953719491,536.377959670062,43
"636",2021-11-26,32079,496,618,51,41.4,40,8,0,28,3,1,12,11,0,1702,36,1853,0.0221300005912781,40,0,2.16623830404851,1.81684935080285,38.2902103641822,527.554009462066,40
"637",2021-11-27,32108,495,618,43,40.4,29,6,0,18,1,1,12,11,0,1703,24,1818,0.0203500008583069,2,0,2.03276382200011,1.87127150990355,25.4327314972315,524.550087130399,29
"638",2021-11-28,32174,530,618,22,40,66,13,1,40,1,2,11,9,0,1704,53,1272,0.0117900002002716,46,0,1.13785130916127,1.69550952734754,55.7710386015737,547.710386015737,66
"639",2021-11-29,32222,534,618,26,39.3,48,7,0,33,1,2,12,10,0,1705,40,989,0.0161800003051758,16,0,1.59224082605163,1.70851311519831,41.8704038626069,558.969891565803,48
"640",2021-11-30,32289,564,618,61,44.1,67,6,1,48,3,2,14,12,0,1708,54,1907,0.0272699999809265,25,0,2.69171273103659,1.94680398494931,59.2686358992684,608.58353050347,67
"641",2021-12-01,32365,600,618,62,46.4,76,4,0,52,0,2,14,12,0,1708,56,1958,0.0194099998474121,72,0.0138900005817413,1.92142166222257,1.96139285554873,59.1599292116391,633.856384410419,76
"642",2021-12-02,32437,627,618,63,46.9,72,6,0,51,0,2,12,10,0,1708,57,2077,0.0245499992370605,19,0,2.43274563050452,1.99642489786074,61.0722853403589,671.795138743948,72
"643",2021-12-03,32527,685,618,59,48,90,7,0,67,1,2,9,7,0,1709,74,1911,0.0245900011062622,12,0,2.44365533614493,2.03605590244594,79.3105354817702,734.158335202873,90
"644",2021-12-04,32581,705,618,70,51.9,54,2,0,45,0,2,9,7,0,1709,47,1446,0.0242000007629395,6,0.166669998168945,2.4788719760485,2.09978563873857,50.4215161931426,756.322742897138,54
"645",2021-12-05,32659,741,618,35,53.7,78,5,1,58,0,2,8,6,0,1709,63,1461,0.0246399998664856,10,0,2.44724947688208,2.28684251984155,68.5277812621701,794.255331988382,78
"646",2021-12-06,32767,800,618,69,59.9,108,4,3,82,0,2,7,5,0,1709,86,1178,0.0348000001907349,14,0,3.439127535628,2.55068347835246,97.6858710321877,880.798800299421,108
"647",2021-12-07,32865,845,618,68,60.9,98,4,2,72,2,1,8,7,0,1711,76,1905,0.0278200006484985,22,0.0454500007629395,2.80212772455497,2.56645704885508,84.2541481314685,914.536252251196,98
"648",2021-12-08,32974,899,618,44,58.3,109,6,3,87,0,1,7,6,0,1711,93,2324,0.0249600005149841,13,0,2.48211558394622,2.64655618052989,102.779093031519,964.531232638013,109
"649",2021-12-09,33097,985,618,147,70.3,123,5,2,93,1,1,8,7,0,1712,98,1969,0.0304699993133545,15,0,3.02396313749975,2.73101582438635,108.703004588587,1072.47407673223,123
"650",2021-12-10,33265,1118,619,87,74.3,168,6,6,127,3,0,9,9,1,1715,133,2152,0.0399600005149841,23,0,3.95374349922969,2.94674270482703,154.442825920219,1247.81262690831,168
"651",2021-12-11,33391,1201,619,150,85.7,126,3,4,103,0,0,8,8,0,1715,106,1669,0.0437400007247925,12,0,4.34277580069475,3.21301467977649,123.518855265333,1354.17118088364,126
"652",2021-12-12,33577,1324,620,106,95.9,186,3,4,158,1,0,9,9,1,1716,161,1977,0.0364199995994568,14,0.0714300012588501,3.66661774112255,3.38721014609656,182.336369530788,1466.56741154511,186
"653",2021-12-13,33873,1560,620,100,100.3,296,7,7,261,0,0,9,9,0,1716,268,2093,0.0391799998283386,79,0.0126600003242493,3.82154142110168,3.44184070116423,305.077380451424,1735.07728919486,296
"654",2021-12-14,34181,1798,620,199,119,308,4,3,268,0,0,8,8,0,1716,272,2038,0.0480900001525879,12,0,4.78084977126703,3.72451527926595,313.189207424163,2050.44189319354,308
"655",2021-12-15,34506,2048,620,252,148.7,325,1,3,304,0,0,5,5,0,1716,305,2780,0.0471199989318848,20,0.05,4.71405703680856,4.04336405824629,350.224188946632,2331.52504577935,325
"656",2021-12-16,34918,2399,621,308,171.7,412,7,2,388,3,0,8,8,1,1719,395,2906,0.0770800018310547,58,0.0172399997711182,7.59090436261032,4.69578423326208,485.055656535121,2933.79878488039,412
"657",2021-12-17,35386,2798,621,354,209.9,468,9,6,428,2,0,10,10,0,1721,437,3095,0.0956400012969971,10,0.1,9.56540431607749,5.49745006424034,565.758454685687,3583.99120414314,468
"658",2021-12-18,35886,3251,621,308,232.4,500,23,12,436,1,0,10,10,0,1722,459,2641,0.0814099979400635,3,0,8.13176265354416,6.03873390036168,580.613494593828,4027.36921770051,500
"659",2021-12-19,36427,3726,621,402,274.7,541,21,9,491,1,0,11,11,0,1723,512,2659,0.0891300010681152,46,0.0217400002479553,8.79839973573103,6.77184561387718,653.294044619103,4688.74923877105,541
"660",2021-12-20,37320,4492,621,387,315.7,893,8,18,841,1,0,10,10,0,1724,849,2473,0.0998799991607666,11,0,9.94376964269629,7.64644964553355,1114.92789276568,5803.76925124077,893
"661",2021-12-21,38167,5232,621,487,356.9,847,6,16,801,3,0,11,11,0,1727,807,2719,0.109969997406006,97,0.0206200003623962,10.689224537716,8.49050318359769,1076.32985743979,6874.40621328994,847
"662",2021-12-22,38958,5896,621,670,416.6,791,9,17,741,1,0,12,12,0,1728,750,3871,0.150869998931885,121,0.00825999975204468,14.6547401261354,9.91060076778724,1089.77956271927,8433.47773572375,791
"663",2021-12-23,39789,6611,621,734,477.4,831,1,39,775,2,1,12,11,0,1730,776,3503,0.196690006256104,98,0.0204099988937378,19.1892605333718,11.5675087921817,1252.30717667699,10336.5641043964,831
"664",2021-12-24,40521,7193,621,859,549.6,732,0,24,691,3,1,14,13,0,1733,691,3687,0.244099998474121,67,0.0596999979019165,24.0808895640254,13.6411495418886,1203.67173215834,12279.8535013241,732
"665",2021-12-25,41021,7570,622,499,576.9,500,0,23,469,3,1,14,13,1,1736,469,2525,0.216240005493164,56,0.0178600001335144,21.1935751211823,15.5071227515512,783.906462774459,12281.5819258052,500
"666",2021-12-26,41753,8121,622,426,580.3,732,0,39,681,6,1,16,15,0,1742,681,2031,0.217630004882812,54,0.0185199999809265,21.2473199000461,17.2855399178819,1144.93050815474,13188.3431082594,732
"667",2021-12-27,42755,8826,622,542,602.4,1002,1,37,957,5,2,20,18,0,1747,958,1850,0.254589996337891,178,0.0561800003051758,23.7175312267958,19.2532201441818,1662.27005296562,14973.5213856728,1035
"668",2021-12-28,43908,9681,622,850,654.3,1153,0,46,1101,6,1,25,24,0,1753,1101,2367,0.329529991149902,91,0.0879100036621094,32.0584743443885,22.3059701165636,2183.56565139844,18795.4342154299,1218
"669",2021-12-29,45182,10612,622,1224,733.4,1274,0,42,1225,5,4,29,25,0,1758,1225,3356,0.278610000610352,143,0.0349699997901917,26.8652721354198,24.0503318321757,2233.4824604208,18984.4994857025,1353
"670",2021-12-30,46436,11461,623,1329,818.4,1254,0,35,1216,9,5,33,28,1,1767,1216,3318,0.314349994659424,129,0.0542600011825562,30.4616426583266,25.6606721357407,2338.81123055077,21713.7997642618,1345
"671",2021-12-31,47201,11752,626,1335,886.4,765,0,17,747,11,4,39,35,3,1778,747,3292,0.357229995727539,180,0.00555999994277954,33.8998256314735,27.0633772882332,1507.67761667611,23451.7313938121,877
"672",2022-01-01,47544,11554,626,1171,982.4,343,0,25,317,12,5,50,45,0,1790,317,2481,0.397019996643066,165,0.0969699954986572,37.8309395664673,29.4401436375597,694.186766971734,24390.4855065975,487
"673",2022-01-02,48029,11392,627,499,992.9,485,0,29,455,7,4,53,49,1,1797,455,2194,0.308570003509521,63,0.0317499995231628,30.0843082707066,30.702570547654,885.992611451876,21456.834790461,649
"674",2022-01-03,48597,11008,627,562,995.7,568,0,64,503,8,4,53,49,0,1805,503,1758,0.245729999542236,105,0.1428600025177,23.9932173622979,30.7419542812972,921.423995814021,18764.459932248,761
"675",2022-01-04,49143,10630,629,796,988,546,0,26,520,10,4,58,54,2,1815,520,2065,0.332200012207031,290,0.131029996871948,30.7427483779356,30.5539934289468,1015.4752243766,20227.1569906217,788
"676",2022-01-05,49567,10165,631,684,910.9,424,0,34,390,9,6,64,58,2,1824,390,2395,0.333190002441406,181,0.0828699970245361,31.5601523799926,31.2246906067429,785.46840478788,19586.3495760739,740
"677",2022-01-06,49934,9655,635,817,837.7,367,0,36,331,8,5,64,59,4,1832,331,1927,0.330050010681152,19,0.473680000305176,33.1452358986834,31.608061069651,689.19274142828,19053.0994516316,746
"678",2022-01-07,50208,9230,636,625,736.3,274,0,26,248,7,4,64,60,1,1839,248,1881,0.359910011291504,116,0.16378999710083,34.85179623951,31.7440568707991,527.830316419074,18676.9912118873,765
"679",2022-01-08,50308,8845,637,631,659.1,100,0,11,89,2,5,64,59,1,1841,89,2040,0.348040008544922,82,0.28048999786377,34.5429687679769,31.274346756729,190.285147236612,17817.7205315487,788
"680",2022-01-09,50309,8218,637,231,620.9,1,0,0,1,0,5,64,59,0,1841,1,892,0.338569984436035,9,1,34.5176943526019,31.9076876255712,2.01369761076738,16548.5669652863,780
