"","date","observed_cumulative_cases","observed_active_cases","observed_cumulative_deaths","observed_new_cases","observed_daily_average_cases","observed_new_episodes","observed_new_cases_community_outbreak","observed_new_cases_institution_outbreak","observed_new_cases_sporadic","observed_new_ICU_p_acute_care","observed_census_ICU","observed_census_ICU_p_acute_care","observed_census_acute_care","observed_new_deaths","cumulative_hosp","observed_new_community_cases","num_non_ltch_tests","non_ltch_pct_positivity","num_ltch_tests","ltch_pct_positivity","observed_pct_positivity","pct_positivity_7_day","adjusted_new_episodes","adjusted_active_cases","adjusted_episode_cases"
"1",2020-03-01,7,7,0,0,0,2,0,0,2,0,0,1,1,0,0,2,NA,NA,NA,NA,NA,NA,NA,NA,2
"2",2020-03-02,10,10,0,0,0,3,2,0,1,0,0,1,1,0,0,3,NA,NA,NA,NA,NA,NA,NA,NA,3
"3",2020-03-03,11,11,0,0,0,1,0,0,1,0,0,1,1,0,0,1,NA,NA,NA,NA,NA,NA,NA,NA,1
"4",2020-03-04,12,12,0,0,0,1,0,0,1,0,0,1,1,0,0,1,NA,NA,NA,NA,NA,NA,NA,NA,1
"5",2020-03-05,18,18,0,0,0,6,2,0,4,0,0,1,1,0,0,6,NA,NA,NA,NA,NA,NA,NA,NA,6
"6",2020-03-06,23,23,0,0,0,5,0,1,4,0,0,1,1,0,0,4,NA,NA,NA,NA,NA,NA,NA,NA,5
"7",2020-03-07,27,27,0,0,0,4,0,0,4,0,0,1,1,0,0,4,NA,NA,NA,NA,NA,NA,NA,NA,4
"8",2020-03-08,36,36,0,0,0,9,1,0,8,0,0,1,1,0,0,9,NA,NA,NA,NA,NA,NA,NA,NA,9
"9",2020-03-09,45,45,0,1,0.1,9,0,0,9,0,0,1,1,0,0,9,NA,NA,NA,NA,NA,NA,NA,NA,9
"10",2020-03-10,52,52,0,0,0.1,7,1,0,6,0,0,1,1,0,0,7,NA,NA,NA,NA,NA,NA,NA,NA,7
"11",2020-03-11,61,61,0,0,0.1,9,0,0,9,0,0,1,1,0,0,9,NA,NA,NA,NA,NA,NA,NA,NA,9
"12",2020-03-12,75,75,0,3,0.6,14,1,0,13,0,0,1,1,0,0,14,NA,NA,NA,NA,NA,NA,NA,NA,14
"13",2020-03-13,97,97,0,1,0.7,22,2,2,18,0,0,1,1,0,0,20,NA,NA,NA,NA,NA,NA,NA,NA,22
"14",2020-03-14,115,115,0,4,1.3,18,1,1,16,1,0,2,2,0,1,17,NA,NA,NA,NA,NA,NA,NA,NA,18
"15",2020-03-15,142,142,0,4,1.9,27,1,0,26,0,0,2,2,0,1,27,NA,NA,NA,NA,NA,NA,NA,NA,27
"16",2020-03-16,156,156,0,0,1.7,14,0,0,14,0,0,2,2,0,1,14,NA,NA,NA,NA,NA,NA,NA,NA,14
"17",2020-03-17,179,178,0,5,2.4,23,1,0,22,2,0,4,4,0,3,23,127,0,4,0,0,0,23,178,23
"18",2020-03-18,195,193,0,4,3,16,0,0,16,0,0,3,3,0,3,16,210,0.0190499997138977,1,0,1.89597153550641,0.947985767753203,16.5104424042817,199.157211501648,16
"19",2020-03-19,220,218,0,1,2.7,25,0,0,25,4,0,7,7,0,7,25,110,0.0272699999809265,9,0,2.52075630075791,1.47224261208811,26.060390480117,227.24660498662,25
"20",2020-03-20,242,240,0,2,2.9,22,1,1,20,3,1,10,9,0,10,21,137,0.00730000019073486,4,0,0.709290798674238,1.28150465873464,22.2506331836485,242.864379241697,22
"21",2020-03-21,262,260,0,4,2.9,20,0,2,18,3,1,10,9,0,13,18,204,0.0147099995613098,3,0,1.44968111618705,1.31513995022512,20.4390762403849,266.342212361115,20
"22",2020-03-22,288,286,0,6,3.1,26,0,1,25,3,5,13,8,0,16,25,159,0.0314499998092651,2,0,3.10593165818208,1.61360523488461,27.3065524665117,300.946960216894,26
"23",2020-03-23,309,307,0,9,4.4,21,1,0,20,4,5,17,12,0,20,21,138,0.0362299990653992,3,0,3.54591480214545,1.88964945877902,22.2529753910091,325.317306906656,21
"24",2020-03-24,327,323,1,8,4.9,18,1,3,14,3,7,20,13,1,23,15,253,0.0197599995136261,4,0,1.94524508830638,2.16754161425136,18.4909763087802,333.572356515734,18
"25",2020-03-25,350,346,1,8,5.4,23,0,1,22,4,8,23,15,0,27,22,153,0.0588199996948242,2,0,5.80610319568265,2.7261318514194,25.1493264410431,379.803043118224,23
"26",2020-03-26,364,356,1,19,8,14,1,3,10,2,7,25,18,0,29,11,274,0.025550000667572,3,0,2.52732858588979,2.72707074929538,14.4677882886147,371.139330067893,14
"27",2020-03-27,381,364,1,27,11.6,17,3,2,12,5,9,26,17,0,34,15,577,0.0294600009918213,4,0,2.92571782655437,3.04370318184968,17.7384458378275,381.919618997946,17
"28",2020-03-28,406,386,2,26,14.7,25,1,1,23,3,8,25,17,1,37,24,367,0.0817399978637695,3,0,8.10772411243335,3.99485218131344,28.2741996214342,438.6600439114,25
"29",2020-03-29,425,398,2,11,15.4,19,5,4,10,7,8,31,23,0,44,15,184,0.0434800004959106,0,0,4.34800004959106,4.17229052294329,20.0974272742069,427.118403675623,19
"30",2020-03-30,450,407,3,48,21,25,8,3,14,4,12,32,20,1,48,22,549,0.0783199977874756,0,0,7.83199977874756,4.78458837674359,27.899280919296,460.636697006976,25
"31",2020-03-31,467,404,3,51,27.1,17,2,3,12,6,13,34,21,0,54,14,943,0.064689998626709,0,0,6.4689998626709,5.43083905879567,18.523912837662,447.975770458246,17
"32",2020-04-01,494,407,3,37,31.3,27,6,4,16,3,15,33,18,0,57,22,575,0.0573899984359741,4,0.25,5.87206374795943,5.44026199483521,28.1737439813962,447.214263655829,27
"33",2020-04-02,511,403,6,32,33.1,17,5,4,7,6,14,34,20,3,63,12,107,0.0841100025177002,9,0,7.75842264602924,6.1875611462837,17.5665693688072,455.610621302442,17
"34",2020-04-03,538,409,6,26,33,27,3,4,19,5,14,37,23,0,68,22,217,0.110600004196167,2,0,10.9589958495745,7.33517229242944,30.0568447981234,484.420432837839,27
"35",2020-04-04,555,416,7,18,31.9,17,3,7,6,7,14,43,29,1,75,9,315,0.0253999996185303,3,0,2.51603769806196,6.53635994751924,16.3810259928188,433.611868112513,17
"36",2020-04-05,582,427,8,40,36,27,4,8,13,4,13,43,30,1,79,17,422,0.0663500022888184,5,0.2,6.79149905524154,6.88543123404074,26.942716890316,475.796477186173,27
"37",2020-04-06,601,427,9,40,34.9,19,3,7,9,4,12,44,32,1,83,12,238,0.117650003433228,4,0.25,11.9837606682266,7.47853993253774,21.4197434507604,513.102537789557,19
"38",2020-04-07,624,425,9,25,31.1,23,2,11,10,4,14,45,31,0,87,12,285,0.108769998550415,6,0,10.6527318167932,8.07621592598378,25.1509840491672,501.180685074671,23
"39",2020-04-08,644,428,11,26,29.6,20,1,11,7,5,16,44,28,2,92,8,368,0.0434800004959106,6,0.333330001831055,4.813000051733,7.92492111223715,19.6478892937489,462.662077215568,20
"40",2020-04-09,680,436,11,25,28.6,36,1,20,13,6,16,47,31,0,98,14,295,0.0949199962615967,5,0,9.33379963239034,8.14997496743159,36.1987783870646,504.476241197153,36
"41",2020-04-10,714,452,11,37,30.1,34,0,20,13,4,16,48,32,0,102,13,331,0.090629997253418,8,0,8.84912362562872,7.84856464972505,34.9357022940021,519.302879760687,34
"42",2020-04-11,757,481,11,31,32,43,0,34,7,5,19,52,33,0,107,7,225,0.102220001220703,11,0.363639984130859,11.4404830932617,9.12348542046787,42.3475266211923,573.594329256212,43
"43",2020-04-12,790,496,13,35,31.3,33,0,18,14,1,18,48,30,2,108,14,227,0.101319999694824,12,0.5,12.1337405567887,9.88666277783175,34.8583650325996,597.267789726386,33
"44",2020-04-13,814,503,16,16,27.9,24,0,19,5,3,20,50,30,3,111,5,165,0.0606099987030029,26,0.0384599995613098,5.75948155737672,8.99748004771035,24.4845608765921,551.746824185164,24
"45",2020-04-14,847,504,18,32,28.9,33,0,26,7,5,20,50,30,2,116,7,208,0.0673099994659424,18,0.166669998168945,7.52236276812258,8.55028446932883,33.8860276267775,567.79398912798,33
"46",2020-04-15,876,502,24,60,33.7,29,2,18,9,4,16,50,34,6,120,11,390,0.1,24,0.208330001831055,10.6280000106148,9.38099874916909,30.9671577190711,591.773924997609,29
"47",2020-04-16,946,551,24,21,33.1,70,1,55,13,7,13,52,39,0,127,14,310,0.0354800009727478,11,0,3.42641753942424,8.5370870216025,69.8071667624619,582.767777579752,70
"48",2020-04-17,978,555,26,73,38.3,32,0,26,6,0,13,49,36,2,127,6,378,0.0846599960327148,66,0.5,14.6399726352176,9.36435116582948,33.4780409457485,691.718787481739,32
"49",2020-04-18,1018,577,31,31,38.3,40,0,31,9,1,11,46,35,5,128,9,421,0.0617600011825562,8,0,6.06082995288022,8.59582928863213,40.9178454487708,635.844091548975,40
"50",2020-04-19,1035,580,35,37,38.6,17,0,13,4,4,15,47,32,4,132,4,452,0.0442500019073486,47,0.127659997940063,5.21062540386864,7.60681283821498,17.3507072903196,630.852557096342,17
"51",2020-04-20,1096,617,39,16,38.6,61,1,47,13,3,13,45,32,4,135,14,325,0.0523099994659424,43,0.0232599997520447,4.89155701515467,7.48282361789754,62.1523120559276,667.78403846481,61
"52",2020-04-21,1132,628,47,51,41.3,36,0,26,10,2,11,43,32,8,137,10,543,0.069980001449585,25,0.36,8.27449661745152,7.59027131065882,37.3923118927867,715.437186867004,36
"53",2020-04-22,1173,645,54,35,37.7,41,1,31,9,4,9,45,36,7,141,10,656,0.0243899989128113,122,0.106560001373291,3.72752692215241,6.60448944087848,41.6272139931086,685.455302555505,41
"54",2020-04-23,1218,661,57,50,41.9,45,0,35,10,5,11,48,37,3,146,10,775,0.0361299991607666,105,0.0285700011253357,3.522795394063,6.61825770582687,45.5927647505062,700.18175000846,45
"55",2020-04-24,1259,668,65,38,36.9,41,0,36,5,7,10,48,38,8,153,5,517,0.0406199979782104,94,0.106379995346069,5.07369206501886,5.25164619579848,41.4268635379924,725.028968675786,41
"56",2020-04-25,1360,742,78,53,40,101,0,95,6,5,9,49,40,13,158,6,557,0.0502699995040894,28,0.0357100009918213,4.95731106864082,5.09400064090713,101.500486505189,803.893497808381,101
"57",2020-04-26,1414,759,87,87,47.1,54,0,41,13,5,9,50,41,9,163,13,358,0.0502799987792969,81,0.0123500001430511,4.32815252268233,4.96793308645194,54.946762088698,814.276340409368,54
"58",2020-04-27,1475,782,95,87,57.3,61,0,54,7,8,11,54,43,8,171,7,269,0.0632000017166138,80,0.1,7.16355314090806,5.29250396155957,61.8437649425298,876.260597865472,61
"59",2020-04-28,1494,776,103,65,59.3,19,0,12,7,7,13,60,47,8,178,7,503,0.0616300010681152,11,0.272730007171631,6.61477054788908,5.05540023733636,19.7791261377423,862.371697555432,19
"60",2020-04-29,1519,765,111,27,58.1,25,0,17,8,7,13,61,48,8,185,8,668,0.0314400005340576,74,0.148649997711182,4.31294072606172,5.13903078075198,25.5805751279772,820.51749661282,25
"61",2020-04-30,1539,755,122,30,55.3,20,0,10,10,2,11,55,44,11,187,10,603,0.0414599990844727,6,0.333330001831055,4.43355656139957,5.26913951894292,20.7460143877224,811.32408627304,20
"62",2020-05-01,1562,738,135,43,56,23,0,16,7,6,11,57,46,13,193,7,516,0.031010000705719,55,0.0909099960327148,3.67797025323123,5.06975068868754,23.4332127225555,783.672998463711,23
"63",2020-05-02,1583,739,139,22,51.6,21,0,15,6,4,12,57,45,4,197,6,508,0.0511800003051758,28,0.0357100009918213,5.03718660126871,5.08116147906296,21.5085506806304,801.636492164317,21
"64",2020-05-03,1602,720,148,23,42.4,19,0,13,6,3,12,52,40,9,200,6,826,0.0205800008773804,231,0.0043299999833107,1.70286761786764,4.70612077837514,19.1719202711037,740.630432532446,19
"65",2020-05-04,1620,717,152,14,32,18,0,11,7,6,10,51,41,4,206,7,637,0.0109899997711182,24,0.125,1.51295459216374,3.89889241426881,18.1782045891748,735.253241491188,18
"66",2020-05-05,1645,717,156,29,26.9,25,0,24,1,3,9,49,40,4,209,1,923,0.0292499995231628,29,0.172409992218018,3.36109656871868,3.4340818458159,25.0565556424975,757.55039567069,25
"67",2020-05-06,1661,691,161,23,26.3,16,0,11,5,4,10,52,42,5,213,5,598,0.0167200005054474,149,0.0134200000762939,1.60617674881196,3.04740127763736,16.135132026314,709.675246036588,16
"68",2020-05-07,1684,669,167,32,26.6,23,0,16,7,6,10,54,44,6,219,7,813,0.0356699991226196,234,0.0128199994564056,3.05631224063884,2.85065208895726,23.3599902271052,703.404780276198,23
"69",2020-05-08,1697,636,173,16,22.7,13,0,8,5,4,8,54,46,6,223,5,715,0.00978999972343445,127,0.0472399997711182,1.54386339349022,2.54577968042283,13.1298894339422,652.521935997445,13
"70",2020-05-09,1714,619,179,12,21.3,17,0,12,5,5,6,51,45,6,228,5,1100,0.0154499995708466,164,0.0304900002479553,1.74013920637626,2.0747729097239,17.1464026528836,637.124648426986,17
"71",2020-05-10,1726,551,185,25,21.6,12,0,8,4,3,5,52,47,6,231,4,907,0.0176400005817413,316,0.0126600003242493,1.63532629845479,2.06512414980778,12.1100675658806,566.161807200053,12
"72",2020-05-11,1746,531,188,14,21.6,20,0,14,6,1,5,51,46,3,232,6,517,0.00967000007629395,197,0.0152300000190735,1.12040616851561,2.00904580357234,20.113115388546,541.01071188632,20
"73",2020-05-12,1769,514,193,13,19.3,23,0,17,6,4,6,50,44,5,236,6,835,0.0131700003147125,322,0.00310999989509583,1.03702422031165,1.67703546808562,23.1046972079488,522.969060814277,23
"74",2020-05-13,1790,497,195,21,19,21,0,15,6,2,7,47,40,2,238,6,1249,0.0144099998474121,224,0.0133899998664856,1.42548878340193,1.65122290159847,21.1439163065445,508.921067392104,21
"75",2020-05-14,1804,469,198,25,18,14,0,10,4,2,6,45,39,3,240,4,1046,0.0267700004577637,127,0.0236199998855591,2.64289518024611,1.59216332154237,14.1778831782025,489.856802644243,14
"76",2020-05-15,1824,454,201,17,18.1,20,0,12,8,1,5,43,38,3,241,8,1163,0.012039999961853,137,0.0146000003814697,1.23097846214588,1.54746547420746,20.165704915414,463.403753949743,20
"77",2020-05-16,1840,435,207,19,19.1,16,0,6,10,1,4,41,37,6,242,10,967,0.0134399998188019,25,0.04,1.41093546620781,1.50043636846911,16.237411690448,445.327408534489,16
"78",2020-05-17,1851,395,212,15,17.7,11,0,8,3,1,2,41,39,5,243,3,353,0.0254999995231628,10,0.1,2.7552341134095,1.66042319917693,11.1390832119777,413.312622910393,11
"79",2020-05-18,1866,387,213,25,19.3,15,0,8,7,2,1,42,41,1,245,7,376,0.0398900008201599,17,0.0588199996948242,4.07088557333133,2.08192025700774,15.4794925736241,413.509089427506,15
"80",2020-05-19,1878,350,219,23,20.7,12,0,8,4,0,1,39,38,6,245,4,359,0.0390000009536743,31,0.225809993743896,5.38490003805894,2.70304537382878,12.3624370501835,381.713241891059,12
"81",2020-05-20,1893,336,223,17,20.1,15,0,9,6,3,1,40,39,4,248,6,675,0.0296300005912781,36,0.0555600023269653,3.09429120715661,2.94144572007945,15.3123973805282,353.494253309582,15
"82",2020-05-21,1901,322,229,11,18.1,8,0,1,7,0,1,37,36,6,248,7,478,0.0209200000762939,36,0,1.94547860631683,2.8418147809467,8.22914978253987,332.540889996834,8
"83",2020-05-22,1908,306,233,7,16.7,7,0,3,4,1,1,35,34,4,249,4,514,0.00583999991416931,14,0,0.568515143159664,2.74717716394867,7.03826458244631,308.927240557143,7
"84",2020-05-23,1917,302,236,6,14.9,9,1,3,5,1,0,34,34,3,250,6,582,0.00859000027179718,43,0,0.799900825309753,2.65988650096323,9.08075740315947,306.06478929236,9
"85",2020-05-24,1927,299,237,8,13.9,10,0,3,7,1,1,35,34,1,251,7,332,0.0150600004196167,25,0.04,1.68064989896716,2.50637447032861,10.1979567175005,307.45557979038,10
"86",2020-05-25,1942,295,240,6,11.1,15,1,7,7,0,1,34,33,3,251,8,401,0.0174600005149841,8,0,1.71184846124905,2.16936916860257,15.2304359606571,303.497326049231,15
"87",2020-05-26,1948,286,243,16,10.1,6,0,2,4,1,1,34,33,3,252,4,1123,0.00800999999046326,41,0.0731699991226196,1.03051545990701,1.54731422886658,6.06936005883442,290.959244206661,6
"88",2020-05-27,1953,260,243,8,8.9,5,0,1,4,1,1,32,31,0,253,4,1150,0.00957000017166138,13,0.0769199991226196,1.03228376491871,1.25274173711831,5.06947907668948,264.516139984816,5
"89",2020-05-28,1957,235,244,4,7.9,4,0,2,2,1,1,30,29,1,254,2,1403,0.00284999996423721,88,0,0.268179071081476,1.01312751779898,4.00902505438882,236.060443890687,4
"90",2020-05-29,1964,226,247,7,7.9,7,0,3,4,2,1,31,30,3,256,4,1380,0.0065200001001358,37,0,0.634975309681539,1.0226218273021,7.04273776236398,228.414683573565,7
"91",2020-05-30,1967,209,248,15,9.1,3,1,1,1,0,1,31,30,1,256,2,1020,0.0127499997615814,119,0,1.1417910234252,1.07146328417574,3.03842479596013,213.015391177834,3
"92",2020-05-31,1971,194,249,10,9.4,4,0,1,3,3,1,34,33,1,259,3,1309,0.00535000026226044,11,0.0909099960327148,0.606300022701423,0.917984730423488,4.03060580375694,195.979175309616,4
"93",2020-06-01,1982,185,250,5,9.3,11,0,5,6,2,1,33,32,1,261,6,763,0.00130999997258186,20,0,0.127653892602805,0.691671220616881,11.0128878437721,185.397375182974,11
"94",2020-06-02,1985,167,251,8,8.1,3,0,1,2,0,1,28,27,1,261,2,858,0.0104900002479553,9,0,1.03811075118174,0.692756262227556,3.03493563443731,169.917125475515,3
"95",2020-06-03,1995,157,251,8,8.1,10,0,7,3,0,1,23,22,0,261,3,1110,0.00449999988079071,141,0,0.399280564962245,0.602327233662346,10.0201555371229,158.054806442767,10
"96",2020-06-04,2002,146,254,8,8.7,7,0,2,5,0,0,20,20,3,261,5,1430,0.00559000015258789,21,0,0.550909732474203,0.642717328147021,7.04634953688651,147.353406477086,7
"97",2020-06-05,2006,137,256,15,9.9,4,0,1,3,1,0,21,21,2,262,3,1366,0.00952000021934509,29,0,0.932209340474939,0.685179332546079,4.04705758711313,139.148963144833,4
"98",2020-06-06,2009,128,257,2,8,3,0,0,3,0,0,21,21,1,262,3,1404,0.000710000023245811,68,0,0.0677201109128477,0.5317406307586,3.00341848647104,128.145855422764,3
"99",2020-06-07,2010,118,258,4,7.1,1,0,0,1,0,0,20,20,1,262,1,870,0.00230000004172325,22,0,0.22432735832951,0.477173107276898,1.00377465437862,118.445409216677,1
"100",2020-06-08,2013,110,258,0,6.4,3,0,0,3,0,0,19,19,0,262,3,701,0.0014300000667572,12,0,0.140593274445554,0.47902159039729,3.00709709715671,110.260226895746,3
"101",2020-06-09,2023,107,259,3,5.7,10,0,3,7,0,0,18,18,1,262,7,1338,0.00224000006914139,10,0,0.222338285794598,0.362482666770557,10.0261882961214,107.400306812142,10
"102",2020-06-10,2033,105,259,7,5.6,10,0,4,6,0,0,17,17,0,262,6,1281,0.00233999997377396,12,0,0.231828303666237,0.338560915156841,10.023405216235,105.409591284113,10
"103",2020-06-11,2040,104,260,5,5.1,7,0,2,5,0,0,16,16,1,262,5,1529,0.00326999992132187,6,0,0.325721816267175,0.306391212841551,7.02740386391435,104.570000369419,7
"104",2020-06-12,2044,107,260,10,4.4,4,0,2,2,0,0,16,16,0,262,2,1596,0.00814999997615814,13,0,0.808415162333648,0.288706330249938,4.02720566813581,108.455503245266,4
"105",2020-06-13,2047,105,260,6,5,3,0,3,0,0,0,16,16,0,262,0,1479,0.00270000010728836,23,0.0434800004959106,0.332446083228058,0.326524326294968,3,105.587361491131,3
"106",2020-06-14,2050,102,260,1,4.6,3,0,1,2,0,0,16,16,0,262,2,768,0,13,0,0,0.294477560819324,3,102,3
"107",2020-06-15,2055,100,260,2,4.9,5,0,2,3,0,0,14,14,0,262,3,720,0.00555999994277954,17,0,0.543175028331244,0.351989239945851,5.02741927709108,100.913975903036,5
"108",2020-06-16,2059,99,260,3,4.9,4,0,1,3,1,0,14,14,0,263,3,1250,0.000799999982118607,14,0,0.0791139222822989,0.331528616586952,4.00399364190855,99.1317901829821,4
"109",2020-06-17,2062,89,260,8,5,3,0,0,3,1,1,6,5,0,264,3,1098,0.0091100001335144,26,0,0.889927059305944,0.425542724535481,3.044923192999,90.3327213923035,3
"110",2020-06-18,2064,75,260,2,4.6,2,0,0,2,0,1,6,5,0,264,2,1304,0.00230000004172325,122,0,0.210322584460527,0.409057119991674,2.00707800484318,75.2654251816193,2
"111",2020-06-19,2067,73,260,5,3.9,3,0,0,3,0,1,5,4,0,264,3,1875,0.0010700000077486,19,0,0.105926611115556,0.308701612674804,3.00534713665026,73.1301136584897,3
"112",2020-06-20,2073,73,261,1,3.1,6,0,0,6,1,1,5,4,1,265,6,1792,0.000560000017285347,158,0,0.0514625656910432,0.268561110169516,6.0051956230493,73.0632134137665,6
"113",2020-06-21,2079,77,261,1,3.1,6,0,0,6,0,1,4,3,0,265,6,1102,0.00363000005483627,86,0,0.336722227308886,0.316664285499357,6.03399523016245,77.4362721204181,6
"114",2020-06-22,2081,76,262,6,3.7,2,0,1,1,0,1,1,0,1,265,1,509,0.0039300000667572,10,0,0.385427752211833,0.294128960339441,2.00648541739787,76.4928917222383,2
"115",2020-06-23,2090,81,262,4,3.9,9,0,0,9,0,1,1,0,0,265,9,1255,0.00158999994397163,20,0,0.156505876837992,0.305184953847397,9.02370107854509,81.2133097069058,9
"116",2020-06-24,2092,75,263,3,3.1,2,0,0,2,1,1,2,1,1,266,2,1733,0.00289000004529953,24,0,0.285052366448724,0.218774283439223,2.00959289291475,75.3597334843033,2
"117",2020-06-25,2098,73,263,6,3.7,6,0,0,6,0,1,2,1,0,266,6,1796,0.00277999997138977,21,0.0476200008392334,0.32982388366758,0.235845897611659,6.03329877842625,73.4051351375194,6
"118",2020-06-26,2102,67,263,6,3.9,4,0,0,4,0,1,2,1,0,266,4,2028,0.00196999996900558,23,0,0.194790830674954,0.248540786120145,4.01311062667341,67.2196029967797,4
"119",2020-06-27,2105,69,263,3,4.1,3,0,0,3,0,1,1,0,0,266,3,1574,0.000640000030398369,80,0,0.0609044768952257,0.249889630577885,3.00307443575454,69.0707120223545,3
"120",2020-06-28,2107,68,263,2,4.3,2,0,0,2,0,1,1,0,0,266,2,880,0.00114000000059605,12,0,0.112466367771808,0.217853079215445,2.00378484078553,68.1286845867079,2
"121",2020-06-29,2111,69,263,1,3.6,4,0,0,4,2,1,3,2,0,268,4,854,0.00351000010967255,8,0,0.347742470262222,0.212469467508358,4.02340521722866,69.4037399971944,4
"122",2020-06-30,2114,68,263,10,4.4,3,0,0,3,0,1,3,2,0,268,3,1605,0.00435999989509583,11,0,0.433032167798812,0.251973223359904,3.02185930570981,68.495477596089,3
"123",2020-07-01,2116,67,263,4,4.6,2,0,0,2,0,2,3,1,0,268,2,1601,0.00312000006437302,15,0,0.309103966773589,0.255409166263456,2.01040230358276,67.3484771700226,2
"124",2020-07-02,2122,66,263,4,4.3,6,0,1,5,0,1,3,2,0,268,5,1012,0.00197999998927116,12,0,0.195679686439689,0.236245709516614,6.01646306519917,66.217312460629,6
"125",2020-07-03,2130,74,263,4,4,8,0,0,8,0,1,3,2,0,268,8,1334,0.00300000011920929,14,0,0.296884284794154,0.2508304886765,8.03996429410616,74.369669720482,8
"126",2020-07-04,2134,75,263,4,4.1,4,0,0,4,0,1,3,2,0,268,4,1257,0.00317999988794327,40,0,0.308192741645697,0.286157383640853,4.02074327608323,75.3889364265605,4
"127",2020-07-05,2136,72,263,5,4.6,2,0,0,2,0,1,2,1,0,268,2,734,0.00272000014781952,47,0,0.255631255889824,0.306609510514855,2.00860278163611,72.3097001389,2
"128",2020-07-06,2142,72,263,0,4.4,6,0,1,5,0,1,2,1,0,268,5,602,0,10,0,0,0.256932014763109,6,72,6
"129",2020-07-07,2149,73,263,6,3.9,7,0,1,6,0,1,1,0,0,268,6,1272,0.0039300000667572,21,0,0.386617175940847,0.250301301640543,7.03903258773829,73.4748964841492,7
"130",2020-07-08,2162,79,263,5,4,13,0,1,12,0,1,1,0,0,268,12,1684,0.00296999990940094,39,0,0.29027741424441,0.247611794136374,13.0586123915078,79.3858649107595,13
"131",2020-07-09,2170,83,263,5,4.1,8,0,0,8,1,0,2,2,0,269,8,1504,0.00266000002622604,41,0,0.258941102876632,0.256649139341652,8.03485667285728,83.3616379808942,8
"132",2020-07-10,2186,96,263,12,5.3,16,0,0,16,0,0,2,2,0,269,16,1900,0.00684000015258789,14,0.0714300012588501,0.73124453017455,0.318700602967423,16.196869103312,97.1812146198718,16
"133",2020-07-11,2193,101,263,7,5.7,7,0,0,7,1,1,2,1,0,270,7,1571,0.00381999999284744,25,0,0.376016290022765,0.328389681307004,7.04428938504407,101.639032555636,7
"134",2020-07-12,2216,121,263,9,6.3,23,0,2,21,1,1,3,2,0,271,21,1068,0.00842999994754791,13,0,0.832862159480219,0.410851238962775,23.2942980438503,122.695717300281,23
"135",2020-07-13,2239,139,263,6,7.1,23,0,2,21,0,0,3,3,0,271,21,808,0.00619000017642975,65,0,0.572911814725686,0.492695783923587,23.2024426544697,140.339977570061,23
"136",2020-07-14,2258,149,263,4,6.9,19,0,2,17,1,0,4,4,0,272,17,1406,0.00356000006198883,66,0,0.340038049399205,0.486041622989067,19.0972683138943,149.852528162956,19
"137",2020-07-15,2279,168,263,15,8.3,21,0,0,21,1,0,5,5,0,273,21,1404,0.00782999992370605,46,0,0.758159992612641,0.552881991327385,21.2679014771073,170.143211816858,21
"138",2020-07-16,2301,186,263,7,8.6,22,0,1,21,0,0,5,5,0,273,21,1695,0.00708000004291534,25,0.04,0.755848841438459,0.623868811121932,22.2670848146357,188.365608358202,22
"139",2020-07-17,2331,213,263,17,9.3,30,0,0,29,0,1,5,4,0,273,29,1787,0.00726999998092651,21,0,0.718555860946663,0.622056144089377,29.3506335623222,215.575343061194,30
"140",2020-07-18,2357,232,263,16,10.6,26,0,0,24,2,1,6,5,0,275,24,1551,0.00708999991416931,81,0,0.673810653607635,0.664598196030073,24.2721097260299,234.630394018289,26
"141",2020-07-19,2375,250,263,28,13.3,18,0,0,18,0,1,6,5,0,275,18,2025,0.0212299990653992,22,0,2.10018310246377,0.845644045027723,18.6360988568128,258.834706344622,18
"142",2020-07-20,2405,275,263,47,19.1,30,0,0,27,2,3,8,5,0,277,27,1548,0.0148599994182587,35,0.0285700011253357,1.51631264301018,0.980415591925508,27.6888861768705,282.01643328294,30
"143",2020-07-21,2429,294,263,23,21.9,24,0,0,23,0,3,8,5,0,277,23,1428,0.0161099994182587,15,0,1.59425358068423,1.15958923925194,23.6169929293817,301.88677918427,24
"144",2020-07-22,2456,314,263,13,21.6,27,0,1,23,2,3,9,6,0,279,23,1771,0.00902999997138977,16,0,0.894914938406899,1.17912566007969,24.3463415080794,318.728314501605,27
"145",2020-07-23,2475,322,263,29,24.7,19,0,1,17,1,3,10,7,0,280,17,1667,0.0101999998092651,32,0,1.0007886805206,1.21411706566285,18.2862768672233,327.422420661523,19
"146",2020-07-24,2498,337,263,34,27.1,23,0,1,18,0,3,7,4,0,280,18,2036,0.0122800004482269,83,0,1.17989999587494,1.28002337065261,19.3573655257244,343.690676787173,23
"147",2020-07-25,2510,336,263,26,28.6,12,0,1,10,0,3,7,4,0,280,10,2126,0.00800000011920929,320,0,0.695339339878943,1.28309889726279,11.1170015865852,339.931253309264,12
"148",2020-07-26,2517,338,263,21,27.6,7,0,0,6,2,4,9,5,0,282,6,1816,0.0121099996566772,73,0,1.16420113163186,1.14938718714395,6.11753689603895,344.621245143528,7
"149",2020-07-27,2532,340,264,22,24,15,0,1,13,1,4,9,5,1,283,13,1601,0.00874000012874603,24,0,0.861091704992147,1.05578419599852,14.1883595776504,344.926327415472,15
"150",2020-07-28,2552,330,264,14,22.7,20,0,1,18,1,4,10,6,0,284,18,1488,0.00739000022411346,24,0,0.727269863325452,0.931929379232976,19.2202739028387,334.038354885377,20
"151",2020-07-29,2568,324,264,20,23.7,16,2,2,12,2,4,11,7,0,286,14,2254,0.00620999991893768,52,0,0.606996522865808,0.89079817701282,16.1429911598776,327.309223985739,16
"152",2020-07-30,2588,334,264,19,22.3,20,1,0,18,1,4,12,8,0,287,19,1891,0.00898999989032745,134,0,0.83951060704243,0.867758452230225,19.2683951963551,338.718105030664,20
"153",2020-07-31,2598,321,264,18,20,10,0,1,9,1,3,13,10,0,288,9,2129,0.00797999978065491,207,0,0.727286795077667,0.803099423544901,10.1101395155454,324.928309387785,10
"154",2020-08-01,2616,309,264,15,18.4,18,0,0,18,1,2,13,11,0,289,18,1629,0.00551999986171722,83,0.0120500004291534,0.58365828331525,0.787144986892945,18.1767771421218,312.034674273092,18
"155",2020-08-02,2624,294,264,2,15.7,8,0,0,8,0,2,13,11,0,289,8,1340,0.00149000003933907,11,0,0.147786828476266,0.641942943585003,8.01989393369992,294.731102063472,8
"156",2020-08-03,2633,280,264,10,14,9,0,1,7,0,1,12,11,0,289,7,1046,0.0114699995517731,47,0,1.09767790769942,0.675740972543185,8.12929088658772,285.171635463509,9
"157",2020-08-04,2645,268,264,20,14.9,12,0,1,11,1,1,11,10,0,290,11,1699,0.0058899998664856,12,0,0.584869069150148,0.655398001946713,12.1082545825062,270.637475282878,12
"158",2020-08-05,2654,248,264,12,13.7,9,1,0,8,1,1,12,11,0,291,9,1599,0.005,70,0,0.479029358897543,0.637116978522675,9.07254368136212,249.998981441978,9
"159",2020-08-06,2664,224,264,13,12.9,10,0,0,10,1,2,10,8,0,292,10,1639,0.00305000007152557,10,0,0.303150401287472,0.560494091986252,10.0510097385411,225.142618143321,10
"160",2020-08-07,2676,225,264,6,11.1,12,0,3,9,1,2,10,8,0,293,9,1689,0,39,0,0,0.456595978403729,12,225,12
"161",2020-08-08,2682,208,264,14,11,6,1,1,4,0,1,10,9,0,293,5,1518,0.00725000023841858,95,0,0.682300084433937,0.470687664277827,6.05740376520326,210.387996632456,6
"162",2020-08-09,2684,199,264,16,13,2,0,1,1,2,2,12,10,0,295,1,1589,0.00441000014543533,102,0,0.414399185753799,0.508775143888903,2.00697290652665,200.387608398804,2
"163",2020-08-10,2696,200,264,8,12.7,12,2,0,10,0,1,12,11,0,295,12,1384,0.00578000009059906,27,0,0.566939767922686,0.432955409635084,12.1144756498721,201.907927497868,12
"164",2020-08-11,2709,204,264,8,11,13,2,1,10,0,1,12,11,0,295,12,1460,0.00342000007629395,41,0,0.332658235269098,0.396925290509219,13.0671698649881,205.141887704797,13
"165",2020-08-12,2716,187,264,12,11,7,3,0,4,0,2,10,8,0,295,7,1486,0.00268999993801117,7,0,0.267738774808078,0.366740921353581,7.03153582970563,187.842457164993,7
"166",2020-08-13,2738,190,264,11,10.7,22,0,0,22,0,2,9,7,0,295,22,1689,0.00532999992370605,56,0,0.515895121555273,0.397133024248982,22.1909761139603,191.649339166021,22
"167",2020-08-14,2749,185,264,6,10.7,11,4,1,6,1,2,10,8,0,296,10,1882,0.00477999985218048,36,0,0.469028139822923,0.464137044223685,11.0789212307791,186.460042769414,11
"168",2020-08-15,2753,177,264,2,9,4,0,0,4,1,2,11,9,0,297,4,2044,0.00734000027179718,21,0,0.726535620123653,0.470456406465073,4.04890033708143,179.163839915853,4
"169",2020-08-16,2757,158,264,26,10.4,4,0,1,3,0,2,11,9,0,297,3,1196,0.00501999974250793,22,0,0.492932651234769,0.481675472962354,4.02488306024113,159.310507839366,4
"170",2020-08-17,2781,173,265,8,10.4,24,1,4,19,1,1,9,8,1,298,20,1358,0.00662999987602234,32,0,0.647736678535132,0.493217888764132,24.2179834067529,174.885556468412,24
"171",2020-08-18,2807,192,265,15,11.4,26,1,1,24,0,1,7,6,0,298,25,1888,0.00583000004291534,77,0.0519500017166138,0.763724692783889,0.554798811266245,26.3212711968288,194.467362791645,26
"172",2020-08-19,2831,201,265,23,13,24,4,3,15,2,1,7,6,0,300,19,1519,0.0118499994277954,25,0.04,1.23057960691847,0.69234750156773,22.3934216583553,205.161987017338,24
"173",2020-08-20,2848,209,266,24,14.9,17,1,0,16,3,0,6,6,1,303,17,1607,0.00995999991893768,103,0,0.936007009925898,0.752363485620677,17.2677459884551,212.291700681595,17
"174",2020-08-21,2869,216,266,16,16.3,21,3,2,16,0,0,6,6,0,303,19,1804,0.00721000015735626,116,0.00861999988555908,0.729518764093518,0.789576431945047,21.2332303252528,218.651460539716,21
"175",2020-08-22,2888,226,266,16,18.3,19,1,0,18,1,0,7,7,0,304,19,1864,0.00589999973773956,73,0,0.56776455917122,0.766894851808986,19.1815168016508,228.159094588057,19
"176",2020-08-23,2905,236,266,13,16.4,17,1,1,15,0,0,7,7,0,304,16,694,0.0172899997234344,5,0,1.71663230444399,0.941709087981731,17.4621598501551,242.816857789788,17
"177",2020-08-24,2924,252,266,19,18,19,2,0,17,1,1,8,7,0,305,19,1142,0.00962999999523163,58,0,0.91645499954621,0.980097419554742,19.2929946536595,255.886034353799,19
"178",2020-08-25,2938,254,266,23,19.1,14,0,1,13,4,2,11,9,0,309,13,1647,0.0145700001716614,73,0,1.3951622257399,1.0703027814056,14.3051848787657,259.962843015883,14
"179",2020-08-26,2956,262,266,15,18,18,1,4,13,0,2,11,9,0,309,14,1832,0.0049099999666214,41,0,0.480251998870817,0.963113123113079,18.1131337458539,264.117217243837,18
"180",2020-08-27,2969,265,266,16,16.9,13,1,3,9,1,2,9,7,0,310,10,1469,0.00612999975681305,9,0,0.609267228874044,0.916436011534243,13.1025186241369,267.716743539628,13
"181",2020-08-28,2997,275,266,20,17.4,28,0,3,21,1,1,9,8,0,311,21,2137,0.00607999980449677,35,0,0.598202559033591,0.897676553668539,24.2113793272343,277.768062618545,28
"182",2020-08-29,3018,289,266,12,16.9,21,0,2,18,0,1,9,8,0,311,18,1790,0.00726000010967255,11,0.0909099960327148,0.777091068999096,0.927580340786807,20.2353636404606,292.778894005173,21
"183",2020-08-30,3038,303,267,16,17.3,20,0,6,12,2,1,10,9,1,313,12,1402,0.00428000003099442,33,0,0.418157494317364,0.742083939340146,18.0844337504957,305.131952200016,20
"184",2020-08-31,3059,313,267,13,16.4,21,1,3,17,1,1,11,10,0,314,18,1353,0.00517000019550323,54,0,0.497157801315982,0.682184339592971,21.1505780656466,315.618385252632,21
"185",2020-09-01,3084,317,267,18,15.7,25,1,2,22,0,1,11,10,0,314,23,1361,0.0154299998283386,22,0.0909099960327148,1.66306939111269,0.720456791789084,25.6436253729142,325.870836661469,25
"186",2020-09-02,3120,327,267,15,15.7,36,1,9,26,0,1,9,8,0,314,27,1528,0.00261999994516373,51,0,0.253537676770752,0.688069031489075,36.1151864041023,328.395035338573,36
"187",2020-09-03,3142,328,267,24,16.9,22,1,4,17,1,1,8,7,0,315,18,1493,0.00938000023365021,133,0.00751999974250793,0.922785997207461,0.732857426965277,22.2794914011154,333.092954420325,22
"188",2020-09-04,3164,332,267,24,17.4,22,0,3,19,3,1,11,10,0,318,19,2705,0.00813000023365021,258,0.00774999976158142,0.809691210614641,0.763070091476856,22.2588618054816,336.523269443152,22
"189",2020-09-05,3189,339,267,17,18.1,25,1,11,13,2,1,13,12,0,320,14,2256,0.00398999989032745,164,0,0.371960320354493,0.705194270241913,25.0876232987049,341.12173559007,25
"190",2020-09-06,3210,341,267,27,19.7,21,1,3,16,1,1,14,13,0,321,17,1310,0.00611000001430511,192,0.03125,0.932363516560565,0.778652273419513,20.2667037625719,346.349763708061,21
"191",2020-09-07,3251,366,267,29,22,41,2,6,33,0,1,12,11,0,321,35,1290,0.0147300004959106,44,0,1.4244153403092,0.911117636132829,41.8388796063305,374.772283883342,41
"192",2020-09-08,3303,403,267,24,22.9,52,0,14,36,3,1,14,13,0,324,36,1097,0.0127600002288818,4,0,1.27136423715562,0.855159756996104,50.7701360294715,411.621244996584,52
"193",2020-09-09,3348,434,267,15,22.9,45,2,10,31,0,1,13,12,0,324,33,1587,0.0144900000095367,29,0,1.42299690687715,1.02222536129702,43.7901560068071,444.391748695584,45
"194",2020-09-10,3425,496,267,33,24.1,77,1,21,52,2,2,14,12,0,326,53,1959,0.0127600002288818,61,0,1.23746734892968,1.06717984011448,75.1035818985104,506.32786078606,77
"195",2020-09-11,3455,510,267,60,29.3,30,0,1,25,0,1,12,11,0,326,25,2314,0.0155599999427795,93,0.0752699995040894,1.78670335776785,1.20675300399351,26.75160110908,525.332662625232,30
"196",2020-09-12,3504,535,269,47,33.6,49,0,4,42,1,0,12,12,2,327,42,1900,0.0168400001525879,26,0,1.66126688940379,1.39093965671483,47.1740420435718,549.955059364545,49
"197",2020-09-13,3539,548,270,31,34.1,35,1,5,29,1,1,11,10,1,328,30,1199,0.0166799998283386,44,0,1.6089557356539,1.48759568801388,35.8121949802941,562.836094973373,35
"198",2020-09-14,3607,598,272,59,38.4,68,0,19,49,1,1,11,10,2,329,49,2394,0.0141999995708466,218,0.0412799978256226,1.6460121936674,1.51925238135077,69.357138210148,614.562625503439,68
"199",2020-09-15,3679,646,273,41,40.9,72,0,14,55,1,1,11,10,1,330,55,2961,0.0121599996089935,28,0,1.20460886056306,1.5097158989804,70.1148172827208,659.094035720684,72
"200",2020-09-16,3755,684,274,41,44.6,76,0,7,66,1,0,11,11,1,331,66,1887,0.0190799999237061,162,0.00616999983787537,1.80592971350753,1.56442058564189,75.0055787951514,704.785089331569,76
"201",2020-09-17,3805,709,278,57,48,50,2,4,38,2,2,11,9,4,333,40,2512,0.0191100001335144,208,0.00481000006198883,1.80164707162801,1.6450176888845,45.212619817448,730.493686264265,50
"202",2020-09-18,3893,777,278,46,46,88,1,6,78,0,2,11,9,0,333,79,2409,0.0128699994087219,281,0.0213499999046326,1.37558284568077,1.58628618715778,86.8285582203238,794.984680217615,88
"203",2020-09-19,3963,828,280,46,45.9,70,2,4,60,0,2,10,8,2,333,62,2101,0.0214199995994568,161,0,1.98954107685494,1.6331824996508,68.0755803463903,855.719040755018,70
"204",2020-09-20,4006,860,280,76,52.3,43,1,4,34,2,2,11,9,0,335,35,2847,0.0186199998855591,112,0,1.79152212484578,1.6592634123925,40.0550794647415,885.924809705078,43
"205",2020-09-21,4115,940,280,56,51.9,109,2,22,82,1,3,12,9,0,336,84,2949,0.0189900004863739,73,0,1.85312744653596,1.68885130565944,108.619265511408,969.310828341951,109
"206",2020-09-22,4225,1020,280,85,58.1,110,0,27,82,3,3,15,12,0,339,82,2507,0.0135599994659424,64,0.03125,1.40003573166541,1.71676943010263,110.931736662069,1044.028919455,110
"207",2020-09-23,4332,1080,281,67,61.9,107,0,26,76,2,3,16,13,1,341,76,1896,0.0168799996376038,7,0.571430015563965,1.89198578149472,1.7290631541008,104.419504368691,1114.38243050245,107
"208",2020-09-24,4433,1133,282,38,59.1,101,2,18,75,2,3,18,15,1,343,77,2730,0.0128199994564056,55,0,1.25668217292593,1.65121102571479,96.6282126685123,1156.95798640811,101
"209",2020-09-25,4552,1196,284,57,60.7,119,5,16,86,3,3,20,17,2,346,91,3291,0.0133700001239777,59,0.0339000010490417,1.37315732745982,1.6508645231118,109.102599908045,1223.63417022002,119
"210",2020-09-26,4637,1243,286,76,65,85,3,14,66,3,4,21,17,2,349,69,3437,0.0299699997901917,12,0,2.98657260883992,1.79329759910965,86.4675051793486,1305.46534692653,85
"211",2020-09-27,4719,1273,287,109,69.7,82,2,12,64,2,4,22,18,1,351,66,2684,0.0331599998474121,13,0,3.30001629923819,2.00879676687999,81.6648395914321,1343.68698181656,82
"212",2020-09-28,4834,1343,288,86,74,115,3,11,97,6,4,27,23,1,357,100,3135,0.0258400011062622,192,0.0104200005531311,2.49501182970644,2.10049453590435,115.19824287053,1399.38240175121,115
"213",2020-09-29,4941,1374,291,58,70.1,107,5,18,74,4,3,27,24,3,361,79,2165,0.0263299989700317,79,0.0253200006484985,2.62944419881239,2.27612431692535,100.495312419545,1434.79188942348,107
"214",2020-09-30,5024,1404,291,108,76,83,1,10,67,5,5,30,25,0,366,68,3170,0.0305999994277954,281,0.0142299997806549,2.92670611777674,2.42394150782278,81.3487519392986,1473.14187827611,83
"215",2020-10-01,5125,1440,293,105,85.6,101,2,11,78,3,5,29,24,2,369,80,3844,0.0226300001144409,120,0.00833000004291534,2.21971040476944,2.56151696951471,93.9880045522863,1493.78408194115,101
"216",2020-10-02,5221,1490,294,115,93.9,96,0,13,79,1,5,29,24,1,370,79,3362,0.021710000038147,197,0,2.05082945007727,2.65832727274577,94.7261615403214,1541.4174771529,96
"217",2020-10-03,5293,1502,295,65,92.3,72,2,6,63,5,6,31,25,1,375,65,3113,0.0301999998092651,485,0.0103100001811981,2.75188853513406,2.62480097650208,74.0098104488389,1571.54977375625,72
"218",2020-10-04,5350,1482,295,77,87.7,57,1,7,47,3,6,32,26,0,378,48,3118,0.0291899991035461,102,0,2.826534695803,2.55716074743991,57.2829190294664,1552.48512503478,57
"219",2020-10-05,5428,1483,295,82,87.1,78,3,13,59,3,6,33,27,0,381,62,3821,0.0177999997138977,238,0.00839999973773956,1.72488294763206,2.44714233571499,76.7994768680968,1526.04232573206,78
"220",2020-10-06,5503,1454,296,139,98.7,75,5,15,52,2,7,34,27,1,383,57,2158,0.0194599997997284,55,0,1.89763576899295,2.34259827431222,73.8200472533291,1500.42717028668,75
"221",2020-10-07,5604,1468,296,174,108.1,101,12,22,63,3,10,36,26,0,386,75,2268,0.0313100004196167,76,0,3.02948297575472,2.35728068259479,100.823179860188,1542.83237379675,101
"222",2020-10-08,5684,1427,296,85,105.3,80,5,14,55,2,9,36,27,0,388,60,2434,0.0271199989318848,182,0,2.52332100153699,2.40065362499015,76.5475264554574,1487.58867086563,80
"223",2020-10-09,5767,1428,296,96,102.6,83,5,19,57,2,9,37,28,0,390,62,2508,0.0207299995422363,247,0.00810000002384186,1.95976547578285,2.38764448580523,83.044517076018,1475.08984491216,83
"224",2020-10-10,5832,1413,297,68,103,65,5,8,50,6,9,43,34,1,396,55,2628,0.0300600004196167,21,0,2.98216991705371,2.42054182607947,65.7598788888101,1483.90379763434,65
"225",2020-10-11,5896,1378,297,138,111.7,64,6,6,48,5,10,46,36,0,401,54,2660,0.0233100008964539,238,0.0168099999427795,2.2776184393012,2.34212521800778,62.0695202486805,1430.8110907904,64
"226",2020-10-12,5957,1349,297,62,108.9,61,2,13,43,3,10,46,36,0,404,45,1994,0.0150499999523163,237,0.0126600003242493,1.47961093598233,2.30708635920068,59.1203532965791,1382.58570215745,61
"227",2020-10-13,6042,1370,298,74,99.6,85,4,10,68,1,7,45,38,1,405,72,2117,0.0302300000190735,18,0,2.9975133508374,2.4642117280356,85.631521105968,1439.09977659967,85
"228",2020-10-14,6109,1375,300,84,86.7,67,1,16,49,2,7,45,38,2,407,50,3004,0.0296300005912781,110,0.0363599991798401,2.98677333609447,2.45811035094128,68.51285378988,1444.1034792217,67
"229",2020-10-15,6195,1400,300,107,89.9,86,3,25,52,5,8,49,41,0,412,55,2119,0.021710000038147,105,0.00952000021934509,2.11344829603708,2.39955710729844,81.9559118014936,1449.7868458562,86
"230",2020-10-16,6270,1420,301,77,87.1,75,2,10,59,4,8,47,39,1,416,61,3126,0.0214299988746643,280,0.0035699999332428,1.99617664308598,2.40475870262745,73.0489141168902,1467.69603354072,75
"231",2020-10-17,6317,1402,302,64,86.6,47,1,10,36,6,8,50,42,1,422,37,3037,0.0214000010490417,149,0,2.03991849296735,2.2701513563294,48.2700168680606,1450.12334186543,47
"232",2020-10-18,6374,1369,305,74,77.4,57,1,11,40,2,6,49,43,3,424,41,1144,0.0271000003814697,37,0.0540500020980835,2.79443272769098,2.34398196895651,53.9278465640819,1433.37126698118,57
"233",2020-10-19,6438,1348,307,69,78.4,64,1,6,57,3,6,48,42,2,427,58,1334,0.0374799990653992,27,0,3.67364575703472,2.65741551482114,67.5852563969124,1431.32630384548,64
"234",2020-10-20,6516,1352,309,46,74.4,78,3,14,57,4,5,46,41,2,431,60,1595,0.0250799989700317,48,0.0208299994468689,2.49558358677117,2.58571126281168,76.5195229640748,1408.77325079049,78
"235",2020-10-21,6604,1376,312,69,72.3,88,1,46,40,4,4,45,41,3,435,41,2258,0.0305599999427795,446,0.00897000014781952,2.69989274913919,2.54472832181807,88.8626245349333,1438.51149658703,88
"236",2020-10-22,6669,1361,312,88,69.6,65,1,24,36,1,3,44,41,0,436,37,2238,0.0268099999427795,87,0.0114900004863739,2.62367354469914,2.6176176430555,62.6334523509345,1421.08455809789,65
"237",2020-10-23,6748,1363,313,92,71.7,79,1,13,64,2,3,37,34,1,438,65,2768,0.0245700001716614,65,0.0153799998760223,2.4359145946735,2.68043735042515,80.6642217175306,1418.8666800153,79
"238",2020-10-24,6813,1353,317,63,71.6,65,2,17,41,2,3,36,33,4,440,43,2358,0.0211999988555908,191,0,1.96114544140773,2.6691840573452,61.4189699827696,1397.64805550436,65
"239",2020-10-25,6883,1334,319,69,70.9,70,1,24,42,3,3,38,35,2,443,43,1751,0.0308400011062622,77,0,2.95409419787008,2.69199283879936,69.1374095488005,1400.30940321163,70
"240",2020-10-26,6956,1294,320,77,72,73,1,16,51,4,3,39,36,1,447,52,995,0.0392000007629395,121,0.0165299999713898,3.67420526484435,2.69207276848645,71.2148573624604,1374.00048898123,73
"241",2020-10-27,7034,1264,322,61,74.1,78,0,15,60,2,3,32,29,2,449,60,1354,0.0288000011444092,116,0,2.65273479928776,2.71452294170311,77.6781816805637,1320.42036073721,78
"242",2020-10-28,7146,1270,325,93,77.6,112,2,69,38,2,2,30,28,3,451,40,1900,0.0405299997329712,166,0.01807000041008,3.87253724882471,2.88204358451533,111.606456883638,1352.75500605549,112
"243",2020-10-29,7210,1254,326,65,74.3,64,0,18,42,9,2,38,36,1,460,42,2190,0.0292199993133545,96,0,2.79929127280168,2.90713183138712,61.9783008181498,1313.0664101419,64
"244",2020-10-30,7260,1223,328,122,78.6,50,1,9,36,4,2,41,39,2,464,37,2789,0.0358599996566772,105,0.0571400022506714,3.66320799166528,3.0824594595288,48.2806479556258,1298.38466080352,50
"245",2020-10-31,7299,1153,329,83,81.4,39,0,5,32,2,2,40,38,1,466,32,2352,0.0276399993896484,322,0,2.43116224997955,3.1496047178962,38.3090579482219,1200.16699419687,39
"246",2020-11-01,7349,1112,332,50,78.7,50,1,6,40,1,2,38,36,3,467,41,1714,0.0256699991226196,104,0,2.42015283257261,3.07332737999656,48.6696352274272,1157.28376519266,50
"247",2020-11-02,7413,1065,332,56,75.7,64,3,8,47,6,2,43,41,0,473,50,1030,0.0174800002574921,14,0.0714300012588501,1.82034677038705,2.80849045221695,59.5315073378967,1097.6211062972,64
"248",2020-11-03,7484,995,333,36,72.1,71,1,36,33,2,2,44,42,1,475,34,1456,0.0219799995422363,13,0,2.1785486271951,2.74074957048942,71.246353177701,1031.47415917096,71
"249",2020-11-04,7549,918,337,53,66.4,65,5,1,51,1,1,41,40,4,476,56,1466,0.0272900009155273,295,0.0033899998664856,2.32863096551824,2.52019153001707,59.1942375624447,953.969822898646,65
"250",2020-11-05,7596,875,337,45,63.6,47,0,6,34,5,2,44,42,0,481,34,2536,0.0240499997138977,41,0,2.36673648717286,2.45839798921295,41.3540159281946,909.845998152068,47
"251",2020-11-06,7670,869,341,79,57.4,74,1,12,58,5,3,47,44,4,486,59,2342,0.0234800004959106,116,0.0258599996566772,2.35923194148076,2.27211569632945,73.3421656164466,903.497320689697,74
"252",2020-11-07,7705,836,346,75,56.3,35,3,4,25,3,4,47,43,5,489,28,2499,0.0276099991798401,142,0,2.61254782091709,2.2980279207491,33.2308842936527,872.750688196201,35
"253",2020-11-08,7742,774,346,47,55.9,37,1,5,29,1,4,48,44,0,490,30,1176,0.0204099988937378,92,0.0108700001239777,1.97178223268467,2.23397497790797,35.9953484711428,799.679990555486,37
"254",2020-11-09,7813,744,350,31,52.3,71,3,24,42,7,4,47,43,4,497,45,711,0.0210999989509583,20,0.1,2.3258685710166,2.3061923779979,70.7611349426923,773.117431052513,71
"255",2020-11-10,7880,753,350,52,54.6,67,0,11,54,3,5,48,43,0,500,54,1374,0.0334800004959106,17,0,3.30708272332,2.46741153458718,68.0049259093951,794.902022403232,67
"256",2020-11-11,7936,751,353,77,58,56,0,6,48,2,5,47,42,3,502,48,2375,0.0261100006103516,241,0.0290499997138977,2.63808491516187,2.51161924167912,56.1307130116301,784.336780661129,56
"257",2020-11-12,7978,741,355,60,60.1,42,1,8,31,3,3,44,41,2,505,32,2318,0.0215700006484985,214,0.00467000007629395,2.0141643570121,2.4612517945133,41.0845256669291,766.113547474826,42
"258",2020-11-13,8017,717,357,79,60.1,39,1,7,27,0,3,36,33,2,505,28,2719,0.0217000007629395,200,0,2.02131901591067,2.41297851943186,35.9523308278707,741.386471556547,39
"259",2020-11-14,8038,694,357,50,56.6,21,3,2,14,3,3,37,34,0,508,17,1710,0.015789999961853,245,0.0163300001621246,1.58576726212221,2.26629558246116,19.4536107299989,712.517990977603,21
"260",2020-11-15,8068,650,360,30,54.1,30,1,1,25,0,2,35,33,3,508,26,984,0.0152400004863739,306,0.00653999984264374,1.31762794034426,2.17284496926967,27.5764492699319,664.411231748299,30
"261",2020-11-16,8112,612,363,11,51.3,44,0,3,39,3,2,33,31,3,511,39,735,0.0122399997711182,53,0,1.14167510555481,2.0036744742037,42.7492074518296,623.75679385948,44
"262",2020-11-17,8153,589,363,40,49.6,41,1,10,29,1,2,32,30,0,512,30,1828,0.020789999961853,38,0,2.03666237568421,1.82218585311287,41.0280997304207,609.18502470726,41
"263",2020-11-18,8195,582,363,66,48,42,3,6,31,1,2,32,30,0,513,34,2684,0.0204900002479553,20,0.05,2.07082694768905,1.74114900061676,41.1847253325,602.279710103382,42
"264",2020-11-19,8215,563,364,53,47,20,2,1,17,0,2,30,28,1,513,19,2476,0.0121200001239777,187,0.0160399997234344,1.23952685900304,1.63048650090118,20.3962821338037,574.742465333236,20
"265",2020-11-20,8240,520,364,28,39.7,25,1,2,20,1,2,30,28,0,514,21,2643,0.00757000029087067,222,0.0225200009346008,0.872842966012306,1.46641849377284,23.3084255594542,527.637204329343,25
"266",2020-11-21,8269,488,365,27,36.4,29,4,4,19,2,2,31,29,1,516,23,1495,0.0187300002574921,71,0,1.7880811229215,1.49532047388702,27.6920062299813,502.682566966559,29
"267",2020-11-22,8296,475,368,26,35.9,27,3,4,19,3,4,31,27,3,519,22,1220,0.0147500002384186,36,0,1.4327229530948,1.51176261856567,26.53037109779,486.451194156829,27
"268",2020-11-23,8336,458,370,20,37.1,40,2,9,26,1,3,27,24,2,520,28,922,0.0173500001430511,13,0,1.71087701945381,1.5930771776941,37.8060681740469,471.184972275482,40
"269",2020-11-24,8379,467,370,21,34.4,43,2,7,33,1,3,23,20,0,521,35,1403,0.00855000019073486,41,0.0975599956512451,1.10772923056108,1.46037244267651,42.6523739491967,475.704532407853,43
"270",2020-11-25,8434,475,371,38,30.4,55,4,10,39,2,2,23,21,1,523,43,2618,0.0122200000286102,72,0.0138900005817413,1.22646989281736,1.33975000626627,53.8874017836379,484.802694121581,55
"271",2020-11-26,8479,490,372,60,31.4,45,3,4,37,3,2,23,21,1,526,40,3059,0.0143799996376038,224,0.00446000009775162,1.37031553193196,1.35843410239897,44.9223070357925,501.298261188458,45
"272",2020-11-27,8527,502,374,56,35.4,48,2,3,42,3,1,24,23,2,529,44,3154,0.0177600002288818,336,0.00298000007867813,1.63370546556817,1.46712874519267,48.20954321192,515.799788463269,48
"273",2020-11-28,8571,504,375,60,40.1,44,2,3,39,2,1,25,24,1,531,41,2597,0.0119400000572205,191,0,1.1122015835223,1.3705745252785,44.7672949075184,513.432113009494,44
"274",2020-11-29,8616,516,377,22,39.6,45,0,4,38,5,1,28,27,2,536,38,898,0.0245000004768372,12,0,2.41769235474723,1.51128443980027,43.5458935452043,536.991607087511,45
"275",2020-11-30,8659,522,378,47,43.4,43,1,7,34,1,1,25,24,1,537,35,1135,0.0229099988937378,61,0,2.17415123280873,1.57746647027955,43.2804208707031,541.096562700201,43
"276",2020-12-01,8713,544,378,34,45.3,54,2,12,39,3,1,27,26,0,540,41,1906,0.0141700005531311,113,0.0176999998092651,1.43675686145195,1.62447041754967,53.9912018104154,557.151555728438,54
"277",2020-12-02,8755,558,379,49,46.9,42,1,5,34,6,1,31,30,1,546,35,2859,0.0101400005817413,81,0.0123500001430511,1.0200888324757,1.59498740892943,40.6007599707706,567.577830391143,42
"278",2020-12-03,8793,557,380,38,43.7,38,0,5,32,3,1,33,32,1,549,32,3327,0.0102199995517731,202,0,0.963500666158943,1.53687099953329,37.5187963926155,566.030299708964,38
"279",2020-12-04,8836,561,382,55,43.6,43,1,5,33,2,1,31,30,2,551,34,2994,0.0110199999809265,165,0.0121200001239777,1.10774548791865,1.46173385986907,39.6337439943808,571.456775907282,43
"280",2020-12-05,8871,550,382,46,41.6,35,3,2,29,1,1,31,30,0,552,32,2277,0.0184500002861023,209,0,1.68988940673592,1.54426069175673,34.9099200020575,565.639250035364,35
"281",2020-12-06,8910,544,383,33,43.1,39,0,7,30,1,2,31,29,1,553,30,1397,0.0157500004768372,20,0,1.55276998349623,1.42070035300659,37.7838326177659,558.213498135488,39
"282",2020-12-07,8964,547,384,23,39.7,54,0,4,45,2,1,30,29,1,555,45,1068,0.0168499994277954,25,0.04,1.73795053878184,1.3583859681456,50.3159666288374,562.996305466091,54
"283",2020-12-08,9011,551,384,57,43,47,1,1,44,0,1,27,26,0,555,45,2367,0.01942999958992,69,0,1.88796424586784,1.4228441659193,47.4295561861857,568.504121301962,47
"284",2020-12-09,9064,560,386,36,41.1,53,2,3,46,1,3,24,21,2,556,48,2911,0.00962000012397766,167,0.00598999977111816,0.942305078709412,1.41173220109555,51.7610754606844,568.879213707984,53
"285",2020-12-10,9109,559,386,60,44.3,45,2,0,43,1,3,23,20,0,557,45,3091,0.0139100003242493,252,0.00397000014781952,1.3160709255012,1.46209938100158,45.9965216963865,571.379013961779,45
"286",2020-12-11,9148,543,386,48,43.3,39,6,2,30,1,2,23,21,0,558,36,3047,0.0118099999427795,32,0,1.16872587936503,1.47081086549392,38.7079622675941,553.678430869545,39
"287",2020-12-12,9181,532,387,59,45.1,33,2,5,26,0,2,20,18,1,558,28,2616,0.0156700003147125,24,0,1.55275457663969,1.45122017548018,33.7315698510782,545.899827170486,33
"288",2020-12-13,9220,529,388,30,44.7,39,5,2,32,0,2,19,17,1,558,37,1502,0.0119799995422363,47,0,1.16165005244925,1.39534589961632,39.7232226025109,539.340128560224,39
"289",2020-12-14,9263,526,388,16,43.7,43,4,4,35,2,2,20,18,0,560,39,917,0.0174500000476837,20,0,1.70775347318313,1.39103203310222,44.1206880326736,541.114920645804,43
"290",2020-12-15,9309,534,389,54,43.3,46,1,7,37,1,1,20,19,1,561,38,2079,0.0134700000286102,49,0,1.31598355542672,1.30932050589635,45.8414513450955,545.824605744237,46
"291",2020-12-16,9364,552,389,53,45.7,55,3,4,47,0,1,18,17,0,561,50,2312,0.0168700003623962,94,0,1.62109064164007,1.4062898720293,55.3638677275427,567.057099712071,55
"292",2020-12-17,9401,547,390,61,45.9,37,1,5,29,1,0,17,17,1,562,30,3207,0.0134099996089935,83,0.0241000008583069,1.36796865706023,1.41370383368059,35.6905455829787,559.590947796311,37
"293",2020-12-18,9442,534,390,25,42.6,41,3,4,34,0,0,16,16,0,562,37,3298,0.00727999985218048,170,0.00587999999523163,0.72113724082124,1.34976259960291,41.4489671833395,540.479688537926,41
"294",2020-12-19,9481,531,390,46,40.7,39,1,6,29,3,0,19,19,0,565,30,2799,0.0117900002002716,140,0,1.12283805922287,1.28834595425765,36.566804552279,541.032440575338,39
"295",2020-12-20,9525,525,390,24,39.9,44,5,2,34,0,0,16,16,0,565,39,1360,0.0161800003051758,51,0,1.55951810170369,1.34518424700828,42.0234107561553,538.776683255937,44
"296",2020-12-21,9600,547,390,22,40.7,75,7,8,60,1,0,15,15,0,566,67,1365,0.00658999979496002,32,0.03125,0.715486737302822,1.20343185616823,75.8066243730434,553.585425851563,75
"297",2020-12-22,9684,591,390,73,43.4,84,5,7,70,2,0,15,15,0,568,75,3021,0.0225099992752075,48,0,2.21579367254486,1.33197615861368,84.7963113874556,613.03493373315,84
"298",2020-12-23,9784,658,390,52,43.3,100,5,6,88,1,1,13,12,0,569,93,2652,0.0199800002574921,199,0.0150800001621246,1.96379799070964,1.38093435133791,102.073085970339,679.742909338529,100
"299",2020-12-24,9859,685,390,49,41.6,75,11,6,56,2,1,13,12,0,571,67,3469,0.01557000041008,144,0,1.49494413015686,1.39907370463743,74.6853678885348,702.231000054423,75
"300",2020-12-25,9925,717,390,47,44.7,66,6,3,56,0,1,10,9,0,571,62,2537,0.0295600008964539,161,0,2.77960423551903,1.69314041816568,67.8998104080899,750.534904235492,66
"301",2020-12-26,10018,760,390,95,51.7,93,5,5,82,2,2,12,10,0,573,87,951,0.0199800002574921,50,0,1.89819982466284,1.80390638465711,94.7787925867478,784.274509953199,93
"302",2020-12-27,10128,824,391,37,53.6,110,8,6,94,2,4,12,8,1,575,102,1480,0.0270300006866455,32,0.0625,2.77806885028012,1.97798506302517,112.768020639333,862.518127517747,110
"303",2020-12-28,10260,918,391,65,59.7,132,15,7,108,1,2,13,11,0,576,123,1188,0.04125,39,0.0256399989128113,4.07538385962507,2.45797036621406,138.434679453799,980.95151006982,132
"304",2020-12-29,10381,996,391,112,65.3,121,5,15,101,3,4,12,8,0,579,106,1880,0.0505299997329712,25,0.04,5.03918107600976,2.8613114238519,129.987952730406,1080.45283886306,121
"305",2020-12-30,10518,1087,391,88,70.4,137,12,10,115,3,5,13,8,0,582,127,2458,0.0573600006103516,62,0,5.59487625000969,3.3800368894662,148.956089462788,1189.33282870906,137
"306",2020-12-31,10643,1174,391,147,84.4,125,0,9,116,2,5,13,8,0,584,116,2652,0.0331800007820129,144,0,3.14711595400208,3.6160614357298,131.142790215581,1236.16927338872,125
"307",2021-01-01,10760,1229,392,87,90.1,117,0,5,111,2,6,13,7,1,586,111,2759,0.0391400003433228,134,0.0149300003051758,3.80186246070242,3.76209832504171,123.10091526468,1307.62184558821,117
"308",2021-01-02,10873,1290,392,134,95.7,113,2,8,101,2,6,15,9,0,588,103,2369,0.0295499992370605,431,0,2.50014100687844,3.84808992250108,115.333079708661,1344.26866819585,113
"309",2021-01-03,10996,1317,393,106,105.6,123,0,5,118,4,5,19,14,1,592,118,1516,0.0600299978256226,126,0.0238100004196167,5.72506313986088,4.26908910672691,134.367297807736,1443.87060349821,123
"310",2021-01-04,11171,1429,393,117,113,175,4,30,140,5,8,21,13,0,597,144,1386,0.0533900022506714,155,0.00644999980926514,4.86685873393035,4.38215694591337,185.792508084807,1546.02426425825,175
"311",2021-01-05,11312,1502,395,105,112,141,2,19,120,6,8,23,15,2,603,122,2417,0.0575099992752075,97,0.0103100001811981,5.56888378145397,4.45782876097683,152.432018939469,1642.74502005805,141
"312",2021-01-06,11495,1596,395,132,118.3,183,11,42,129,7,7,28,21,0,610,140,2627,0.0513899993896484,211,0.0142200005054474,4.86264793880394,4.35322471651887,193.455018977098,1726.58721633892,183
"313",2021-01-07,11613,1633,395,186,123.9,118,2,7,108,6,9,32,23,0,616,110,2311,0.048899998664856,91,0.0109899997711182,4.74637747267502,4.58169064775786,125.78516472871,1763.41976365439,118
"314",2021-01-08,11743,1662,395,185,137.9,130,6,13,110,0,11,30,19,0,616,116,2661,0.0368300008773804,249,0,3.36785678126149,4.51968983640915,135.573649648054,1756.18453202642,130
"315",2021-01-09,11841,1671,397,155,140.9,98,6,2,90,4,11,30,19,2,620,96,3020,0.0324499988555908,375,0.00266999989748001,2.91606027998348,4.57910687542416,102.710453060513,1752.99132358455,98
"316",2021-01-10,11933,1655,397,114,142,92,5,3,82,5,11,34,23,0,625,87,1824,0.0509899997711182,78,0,4.88989272252995,4.45979681580546,97.1583599739146,1791.17339950378,92
"317",2021-01-11,12097,1707,397,66,134.7,164,2,25,135,3,13,34,21,0,628,137,1608,0.0342000007629395,115,0,3.1917354165297,4.22049348474822,169.357705485643,1798.67593623353,164
"318",2021-01-12,12237,1735,398,161,142.7,140,1,22,115,4,13,35,22,1,632,116,2211,0.0705600023269653,74,0.0135099995136261,6.87124311198812,4.40654481768167,151.41183660663,1935.599452694,140
"319",2021-01-13,12325,1723,402,172,148.4,88,0,9,75,3,11,35,24,4,635,75,2532,0.0375200009346008,173,0.0115600001811981,3.58597125315181,4.22416243401708,88.5254629862537,1826.96496967087,88
"320",2021-01-14,12417,1711,402,128,140.1,92,2,14,75,9,10,41,31,0,644,77,2581,0.0337100005149841,146,0,3.19052113418313,4.00189724280395,95.1337794406187,1802.85580029739,92
"321",2021-01-15,12511,1681,404,145,134.4,94,6,7,79,5,11,41,30,2,649,85,2923,0.0372900009155273,206,0.00485000014305115,3.51542897748657,4.02297898512182,97.0279645154325,1780.43539235814,94
"322",2021-01-16,12573,1635,405,119,129.3,62,0,0,60,2,9,39,30,1,651,60,2470,0.0323900008201599,289,0,2.89972098679938,4.02064480038124,62.9275371317469,1714.7753868401,62
"323",2021-01-17,12653,1576,407,72,123.3,80,2,3,72,2,9,39,30,2,653,74,2036,0.026029999256134,32,0,2.56272139678379,3.68819175384607,80.1910092616698,1643.95987292421,80
"324",2021-01-18,12774,1597,408,63,122.9,121,2,45,72,7,10,43,33,1,660,74,1021,0.0391799998283386,48,0,3.74207481990025,3.7668116686133,123.659498072303,1697.55700569551,121
"325",2021-01-19,12848,1541,415,81,111.4,74,3,24,47,8,9,45,36,7,668,50,2337,0.0410799980163574,89,0,3.95729412053698,3.35053324126313,77.3293793701347,1643.61147218755,74
"326",2021-01-20,12909,1500,415,166,110.6,61,1,8,50,2,7,37,30,0,670,51,3065,0.0225099992752075,163,0.00612999975681305,2.16828803404187,3.14800706710457,60.8607245996238,1554.72719410658,61
"327",2021-01-21,12980,1467,417,81,103.9,71,1,9,60,3,7,37,30,2,673,61,2636,0.0242799997329712,117,0,2.32481217929939,3.02433435926403,72.386231954864,1524.38692258665,71
"328",2021-01-22,13061,1439,418,95,96.7,81,1,4,75,5,6,37,31,1,678,76,2311,0.0307200002670288,111,0.00901000022888184,2.97250332958338,2.94677355242072,83.8012890277611,1510.974406723,81
"329",2021-01-23,13109,1372,418,84,91.7,48,1,4,40,4,9,39,30,0,682,41,2122,0.0329900002479553,276,0,2.91929860409346,2.9495703548913,47.0139900766483,1439.39498500394,48
"330",2021-01-24,13155,1291,419,44,87.7,46,2,9,35,3,8,38,30,1,685,37,1247,0.0224499988555908,36,0,2.18200690357925,2.8951825701478,47.358478578102,1338.39988768459,46
"331",2021-01-25,13218,1232,419,29,82.9,63,1,18,43,4,7,39,32,0,689,44,825,0.0206100010871887,48,0,1.94768051511233,2.63884052660667,63.4420002844415,1272.37600796436,63
"332",2021-01-26,13281,1171,420,74,81.9,63,1,19,41,8,5,40,35,1,697,42,2354,0.024210000038147,79,0,2.34238964610761,2.40813988740247,62.6554016362443,1217.15417419148,63
"333",2021-01-27,13359,1132,422,80,69.6,78,1,26,50,1,4,30,26,2,698,51,2800,0.0196399998664856,175,0.00570999979972839,1.88205880978528,2.36724999822296,78.6150959053065,1167.84879538837,78
"334",2021-01-28,13397,1071,422,66,67.4,38,1,3,33,3,5,30,25,0,701,34,2355,0.0212299990653992,209,0.0287100005149841,2.18397183723271,2.34712994935629,38.2494558098751,1110.35785801107,38
"335",2021-01-29,13427,970,422,73,64.3,30,1,2,27,3,4,31,27,0,704,28,2847,0.0122899997234344,180,0.00555999994277954,1.18898015204222,2.09234092399327,30.56017998327,989.406235134712,30
"336",2021-01-30,13446,873,423,42,58.3,19,1,6,12,2,5,33,28,1,706,13,2155,0.0157799994945526,216,0,1.43424288953019,1.88019010762709,19.3137335818633,894.068416689744,19
"337",2021-01-31,13488,814,424,25,55.6,42,3,5,34,4,6,32,26,1,710,37,922,0.0195200002193451,24,0,1.90247782264653,1.84025738177955,43.1844487582235,840.057872680916,42
"338",2021-02-01,13528,723,424,26,55.1,40,6,7,25,4,5,29,24,0,714,31,548,0.0292000007629395,29,0,2.77324097367259,1.95819459014531,39.4465859809887,756.738118201769,40
"339",2021-02-02,13570,659,425,59,53,42,4,5,31,3,5,27,22,1,717,35,2439,0.0221399998664856,107,0.0280399990081787,2.23879574109322,1.94339546085754,41.3184919010596,683.825318937094,42
"340",2021-02-03,13633,644,425,54,49.3,63,5,21,36,2,4,26,22,0,719,41,2865,0.0129100000858307,212,0,1.20205233168362,1.84625167827158,62.8292818912831,657.025793609422,63
"341",2021-02-04,13715,646,425,51,47.1,82,3,43,33,2,5,25,20,0,721,36,2814,0.0127900004386902,90,0,1.23936161275738,1.71130736048939,79.7507502599442,659.471796331222,82
"342",2021-02-05,13773,645,427,72,47,58,1,8,48,2,5,21,16,2,723,49,2435,0.0160199999809265,149,0,1.50962461120573,1.75711371179847,58.244686552584,661.384139314626,58
"343",2021-02-06,13798,614,427,61,49.7,25,2,3,19,3,6,21,15,0,726,21,2369,0.0143499994277954,205,0.0146300005912781,1.43722994427581,1.75754043390498,24.5078558995014,628.848739156851,25
"344",2021-02-07,13823,569,429,33,50.9,25,1,2,19,3,4,23,19,2,729,20,1004,0.0249000000953674,75,0,2.31692308579693,1.81674690006933,22.7797162090135,591.182926146434,25
"345",2021-02-08,13870,566,431,24,50.6,47,1,7,38,2,5,21,16,2,731,39,852,0.0140799999237061,29,0,1.36165266004513,1.61509142669397,46.8935644779726,578.968140885449,47
"346",2021-02-09,13925,584,431,43,48.3,55,5,8,39,0,2,19,17,0,731,44,2244,0.0178299999237061,149,0,1.67198160588368,1.5341179788069,53.2378816405247,600.4300654106,55
"347",2021-02-10,13982,601,432,40,46.3,57,0,6,50,3,4,20,16,1,734,50,2791,0.0125399994850159,100,0,1.21062395581734,1.53534249654029,57.0185309205529,613.242741665046,57
"348",2021-02-11,14042,627,433,51,46.3,60,1,11,46,1,3,16,13,1,735,47,2563,0.0152199995517731,58,0,1.48831968146488,1.57090793492707,59.1770340670014,642.70213531936,60
"349",2021-02-12,14093,629,435,52,43.4,51,1,7,41,3,2,16,14,2,738,42,2612,0.0157000005245209,173,0,1.47247401687787,1.56560070716595,50.0406193098221,644.584512997097,51
"350",2021-02-13,14125,627,435,46,41.3,32,0,3,28,6,2,21,19,0,744,28,2099,0.0219199991226196,46,0.0217400002479553,2.19161390068925,1.67336984379644,32.032564114812,650.122060713825,32
"351",2021-02-14,14166,602,437,48,43.4,41,0,4,35,4,2,21,19,2,748,35,1175,0.0170200002193451,10,0,1.6876371525511,1.58347185333275,39.9938985842806,619.095055649626,41
"352",2021-02-15,14228,625,438,34,44.9,62,2,8,51,4,2,23,21,1,752,53,867,0.0265300011634827,26,0,2.57575711184093,1.75691534644644,63.2970779197089,652.088183015435,62
"353",2021-02-16,14279,620,438,60,47.3,51,3,13,32,3,2,24,22,0,755,35,1561,0.0333100008964539,23,0,3.28263329541443,1.98700844495083,49.9332381845782,654.245933555386,51
"354",2021-02-17,14336,635,439,49,48.6,57,5,6,44,2,2,25,23,1,757,49,2063,0.0184200000762939,222,0,1.66303983183345,2.0516392843817,56.3711775097793,652.76934119816,57
"355",2021-02-18,14408,651,439,68,51,72,3,12,53,3,3,26,23,0,760,56,2348,0.0212899994850159,116,0,2.02877105482213,2.12884662343274,69.9116836115337,673.22332198408,72
"356",2021-02-19,14462,655,440,58,51.9,54,3,15,33,1,3,26,23,1,761,36,2576,0.0151400005817413,96,0,1.4596048465032,2.12700817052207,51.8841638361625,671.086869796846,54
"357",2021-02-20,14511,634,440,66,54.7,49,0,3,45,4,3,26,23,0,765,45,2384,0.0255900001525879,68,0,2.48803264126303,2.16935370488975,49.8839246884755,660.542405610966,49
"358",2021-02-21,14553,624,440,53,55.4,42,0,7,33,2,4,24,20,0,767,33,1000,0.03,28,0,2.91828793774319,2.34516095991719,41.6204552044044,654.641334774193,42
"359",2021-02-22,14618,639,440,32,55.1,65,0,11,54,1,6,23,17,0,768,54,863,0.0150600004196167,66,0,1.39900757396439,2.17705388307769,66.2711850468093,654.042356387243,65
"360",2021-02-23,14673,645,440,47,53.3,55,0,7,47,4,6,26,20,0,772,47,2036,0.019650000333786,84,0,1.88714154149001,1.97769791823134,55.4924413828897,665.481376424762,55
"361",2021-02-24,14719,652,441,60,54.9,46,2,10,34,1,6,24,18,1,773,36,2874,0.0187899994850159,41,0,1.85257147581255,2.00477386737122,47.1222055796429,672.324389942421,46
"362",2021-02-25,14752,648,441,43,51.3,33,1,5,25,1,6,23,17,0,774,26,2376,0.0185199999809265,128,0.00781000018119812,1.79725239528254,1.97169977315127,31.7862802536453,667.596523244699,33
"363",2021-02-26,14817,651,441,57,51.1,65,5,12,43,1,6,21,15,0,775,48,2639,0.0181900000572205,181,0,1.70224858691507,2.00636316463868,61.3748621935266,669.646568499704,65
"364",2021-02-27,14863,656,442,71,51.9,46,0,4,34,3,6,23,17,1,778,34,2535,0.0209100008010864,47,0.0212800002098083,2.09167358794016,1.94974044273542,39.1966517480947,679.088339610299,46
"365",2021-02-28,14928,667,442,49,51.3,65,2,8,54,7,6,28,22,0,785,56,1552,0.0257699990272522,94,0,2.42983222905804,1.87996105578039,66.2895981486063,694.27074937715,65
"366",2021-03-01,15005,681,442,54,54.4,77,4,7,64,3,6,29,23,0,788,68,996,0.0291199994087219,45,0,2.78612098089212,2.07812011391293,78.1878937147849,712.925817937772,77
"367",2021-03-02,15068,690,443,61,56.4,63,1,6,54,3,4,29,25,1,791,55,2006,0.0259200000762939,41,0,2.54008403287961,2.17139761268287,63.3507460986911,719.491178329034,63
"368",2021-03-03,15127,700,443,65,57.1,59,0,5,51,6,5,32,27,0,797,51,2676,0.0209299993515015,109,0,2.01108360016582,2.19404220187619,57.7258190184968,723.687712018584,59
"369",2021-03-04,15184,696,443,61,59.7,57,3,3,50,1,5,31,26,0,798,53,2414,0.0202999997138977,225,0.00444000005722046,1.89477829944008,2.2079744738987,57.6897763280469,718.190270270201,57
"370",2021-03-05,15257,700,444,51,58.9,73,1,11,56,1,2,28,26,1,799,57,2440,0.0188499999046326,154,0,1.77309174122219,2.218094924514,69.7005954494759,720.884505519879,73
"371",2021-03-06,15313,713,446,46,55.3,56,3,3,47,1,2,27,25,2,800,50,1957,0.0209500002861023,25,0,2.06857470029779,2.21479508342224,54.7403482589309,737.817366172355,56
"372",2021-03-07,15353,704,447,54,56,40,1,0,38,2,5,26,21,1,802,39,1752,0.0194099998474121,16,0.0625,1.97999545999242,2.15053268784143,40.2993428217866,727.454803757379,40
"373",2021-03-08,15436,745,448,38,53.7,83,1,9,65,6,4,29,25,1,808,66,1170,0.0205100011825562,142,0,1.8290168737493,2.01380352967817,77.0312182863646,767.928145808206,83
"374",2021-03-09,15493,752,448,70,55,57,0,8,47,1,3,27,24,0,809,47,2105,0.0318300008773804,57,0,3.09908195406502,2.0936603755618,57.4509015648934,791.214425038294,57
"375",2021-03-10,15573,775,448,76,56.6,80,5,8,64,0,2,24,22,0,809,69,2655,0.0180799996852875,173,0,1.69739742448509,2.04884806475027,78.9707320503087,797.135033898395,80
"376",2021-03-11,15634,772,451,73,58.3,61,1,7,52,1,2,20,18,3,810,53,2321,0.0280100011825562,86,0,2.70092283941475,2.16401157046094,62.4087015769988,807.085238064964,61
"377",2021-03-12,15716,777,451,93,64.3,82,5,4,67,2,2,17,15,0,812,72,2361,0.0228699994087219,133,0,2.16503883736938,2.22000401276768,78.6229688788378,805.306205817458,82
"378",2021-03-13,15784,795,451,56,65.7,68,5,3,54,5,4,22,18,0,817,59,2353,0.0187000000476837,99,0,1.79449837325448,2.18085025176149,63.781517244959,819.005189995633,68
"379",2021-03-14,15852,820,451,65,67.3,68,2,10,51,2,3,23,20,0,819,53,1535,0.0299699997901917,36,0,2.92832270387933,2.31632557231676,65.6114983411832,860.404313957929,68
"380",2021-03-15,15959,867,452,58,70.1,107,4,3,97,4,5,25,20,1,823,101,1000,0.0320000004768372,13,0,3.1589339068941,2.50631371990888,109.368548281472,913.084468911252,107
"381",2021-03-16,16046,886,453,85,72.3,87,7,4,73,5,6,27,21,1,828,80,1583,0.0341100001335144,9,0,3.39171672181867,2.54811868673083,88.565669910401,936.564794257691,87
"382",2021-03-17,16134,914,454,78,72.6,88,3,5,76,3,5,27,22,1,831,79,2842,0.0267400002479553,175,0,2.51889561500461,2.66547557109076,87.3483605130847,952.739259607081,88
"383",2021-03-18,16227,952,455,63,71.1,93,6,3,80,2,5,24,19,1,833,86,2566,0.0284500002861023,161,0,2.67703339692477,2.66206279359219,92.8738891597773,994.883052094279,93
"384",2021-03-19,16352,999,457,117,74.6,125,8,5,104,2,4,24,20,2,835,112,2615,0.0382399988174438,97,0,3.68722702461709,2.87951824891329,123.948848622629,1060.9812479822,125
"385",2021-03-20,16455,1053,458,83,78.4,103,6,5,87,4,4,27,23,1,839,93,1997,0.0435699987411499,151,0.00662000000476837,4.09724895189927,3.20848261729112,104.411656560723,1125.59649847787,103
"386",2021-03-21,16540,1081,459,87,81.6,85,5,1,77,4,4,29,25,1,843,82,1306,0.0421099996566772,87,0,3.94800140356213,3.35415100296009,88.4473602927897,1152.81215215251,85
"387",2021-03-22,16689,1157,460,56,81.3,149,6,7,133,4,7,30,23,1,847,139,1150,0.0547800016403198,131,0,4.91779874210521,3.60541740799025,157.50218906142,1252.74124276304,149
"388",2021-03-23,16813,1196,461,108,84.6,124,2,0,120,5,9,31,22,1,852,122,1966,0.0350999999046326,153,0,3.25656440832976,3.58610993463469,128.68520074303,1261.53688597266,124
"389",2021-03-24,16966,1286,461,85,85.6,153,7,2,137,4,9,33,24,0,856,144,3106,0.0457200002670288,47,0,4.50384779033909,3.86967453111105,156.912924410572,1383.45847772219,153
"390",2021-03-25,17115,1368,462,123,94.1,149,7,4,132,8,10,40,30,1,864,139,3005,0.0379399991035461,282,0,3.4685031124477,3.98274163332861,151.112446371162,1447.84047939388,149
"391",2021-03-26,17264,1452,463,103,92.1,149,10,2,130,4,11,42,31,1,868,140,2390,0.0673600006103516,117,0,6.42163547900839,4.37337141252737,157.127551326313,1608.89431804147,149
"392",2021-03-27,17380,1505,465,138,100,116,7,3,100,5,13,44,31,2,873,107,2476,0.0626000022888184,117,0,5.97753974805686,4.64198438340702,120.762203515439,1656.37491860501,116
"393",2021-03-28,17517,1564,466,139,107.4,137,3,5,124,5,13,45,32,1,878,127,2480,0.0826599979400635,157,0,7.77386404593695,5.18853618946057,148.612523646902,1768.58257467523,137
"394",2021-03-29,17726,1712,466,111,115.3,209,7,1,189,4,12,47,35,0,882,196,1644,0.0839400005340576,40,0,8.19461762933437,5.65665317335045,224.02587197132,1948.06271844337,209
"395",2021-03-30,17935,1842,467,170,124.1,209,9,6,186,6,12,48,36,1,888,195,1968,0.0406500005722046,64,0,3.93696855935525,5.75385376635409,213.917887794595,1964.0243554751,209
"396",2021-03-31,18143,1946,468,163,135.3,208,7,5,191,8,14,54,40,1,896,198,3023,0.0793900012969971,224,0,7.3913142568778,6.16634897585962,227.625315754569,2188.02456797168,208
"397",2021-04-01,18380,2081,469,144,138.3,237,12,4,203,3,15,52,37,1,899,215,2634,0.0721299982070923,100,0.01,6.98575037591372,6.66881287064048,244.272399183785,2325.61331489049,237
"398",2021-04-02,18578,2175,470,242,158.1,198,15,7,162,6,15,56,41,1,905,177,3130,0.0939299964904785,99,0,9.10501359601108,7.05215260164086,211.11744793749,2508.22287719797,198
"399",2021-04-03,18829,2354,470,223,170.3,251,16,3,223,12,14,61,47,0,917,239,2885,0.101909999847412,36,0,10.0654005326869,7.63613271373086,282.478453568108,2752.68736275869,251
"400",2021-04-04,19059,2513,471,152,172.1,230,9,2,215,12,16,64,48,1,929,224,1818,0.0929599952697754,139,0,8.63573180380438,7.7592566791405,258.549334581039,2878.16284733104,230
"401",2021-04-05,19344,2658,472,184,182.6,285,8,4,269,5,18,67,49,1,934,277,2045,0.105620002746582,162,0,9.7867197832696,7.98669984398839,326.615440458037,3095.71061638073,285
"402",2021-04-06,19618,2795,473,156,180.6,274,7,6,245,10,20,70,50,1,944,252,1749,0.128640003204346,83,0,12.2811880788429,9.17873120391519,310.07579074094,3372.58664730526,274
"403",2021-04-07,19926,2936,474,219,188.6,308,3,6,290,12,24,76,52,1,956,293,3364,0.098100004196167,44,0,9.68334548462165,9.50616423645002,346.740613684794,3414.38376033637,308
"404",2021-04-08,20221,3108,475,170,192.3,295,23,5,255,10,30,83,53,1,966,278,3366,0.0858600044250488,194,0.0103100001811981,8.1742953631985,9.67595637749071,321.23755124682,3535.49032113351,295
"405",2021-04-09,20518,3261,477,261,195,297,13,2,276,14,31,88,57,2,980,289,3418,0.110299997329712,158,0,10.542656344322,9.8813339129637,342.267582973862,3839.48992414452,297
"406",2021-04-10,20805,3425,480,381,217.6,287,12,2,262,14,27,92,65,3,994,274,3187,0.0875399971008301,97,0,8.49543150914572,9.65705262388639,315.167960285198,3914.59950356498,287
"407",2021-04-11,21074,3563,480,205,225.1,269,7,5,249,13,29,100,71,0,1007,256,2714,0.145909996032715,29,0,14.4367382148301,10.4857678254615,323.187628675727,4428.52547254537,269
"408",2021-04-12,21389,3657,481,265,236.7,315,16,4,291,16,27,101,74,1,1023,307,2125,0.0804699993133545,107,0,7.66123425362358,10.1821270355121,350.576015481958,4128.43155901472,315
"409",2021-04-13,21625,3683,483,245,249.4,236,10,0,219,12,28,105,77,2,1035,229,2670,0.0767799997329712,178,0,7.19812497496605,9.45597516352965,256.736382320654,4129.08338902606,236
"410",2021-04-14,21898,3754,485,389,273.7,273,10,11,248,12,28,101,73,2,1047,258,3971,0.171490001678467,97,0.0103100001811981,16.7646722390061,10.4675932712989,341.779609841823,4812.97153234963,273
"411",2021-04-15,22120,3757,485,312,294,222,15,3,202,19,29,107,78,0,1066,217,3902,0.130959997177124,98,0.0101999998092651,12.8001377241611,11.1284278942935,266.737914135829,4566.19052261894,222
"412",2021-04-16,22356,3796,487,348,306.4,236,1,10,219,20,24,114,90,2,1086,220,2970,0.120539999008179,244,0.00409999996423721,11.1700123536268,11.2180501813371,271.349597293208,4509.46850602281,236
"413",2021-04-17,22537,3743,490,405,309.9,181,5,7,167,16,23,123,100,3,1102,172,2935,0.101870002746582,121,0.00825999975204468,9.81635857431988,11.4067540477905,207.410168594257,4361.2515177227,181
"414",2021-04-18,22699,3684,490,294,322.6,162,5,8,146,11,22,122,100,0,1113,151,1949,0.0646500015258789,188,0.0159599995613098,6.03665572725616,10.2067422638514,174.337984901011,4058.20620116108,162
"415",2021-04-19,22926,3624,491,258,321.6,227,5,4,218,22,22,116,94,1,1135,223,2084,0.112279996871948,88,0.0340899991989136,10.9112077997534,10.6710241990128,267.94233805771,4289.35889291991,227
"416",2021-04-20,23115,3512,492,188,313.4,189,8,2,179,17,27,119,92,1,1152,187,2775,0.100539999008179,221,0,9.3123663967856,10.9730586878442,218.301955981681,4062.31267062922,189
"417",2021-04-21,23310,3413,493,207,287.4,195,3,2,185,12,25,111,86,1,1164,188,2521,0.136850004196167,236,0.0211899995803833,12.6949474239937,10.3916694285567,230.159075453805,4142.05810916934,195
"418",2021-04-22,23486,3305,496,239,277,176,7,4,161,14,22,107,85,3,1178,168,2358,0.163269996643066,213,0.00939000010490417,15.0521478843522,10.7133851657268,214.550308020962,4142.07600005524,176
"419",2021-04-23,23694,3229,499,189,254.3,208,5,8,186,21,29,113,84,3,1199,191,2507,0.0805700016021729,86,0.0116299998760223,7.82835225630488,10.2360051518237,224.159307136077,3654.33718713295,208
"420",2021-04-24,23850,3108,500,227,228.9,156,2,2,150,17,31,119,88,1,1216,152,2464,0.0852299976348877,214,0.00467000007629395,7.87924175461875,9.95927417758067,174.152223165454,3520.05993156731,156
"421",2021-04-25,23999,2978,505,139,206.7,149,2,6,137,20,30,125,95,5,1236,139,1621,0.135719995498657,93,0.0215100002288818,12.9523070434428,10.9472243656073,175.294018158918,3627.03299336156,149
"422",2021-04-26,24162,2842,510,173,194.6,163,4,7,148,12,31,124,93,5,1248,152,1304,0.115030002593994,31,0,11.2358893919527,10.9936074502072,187.737302083193,3379.31192447654,163
"423",2021-04-27,24322,2749,511,189,194.7,160,3,5,148,10,31,121,90,1,1258,151,2425,0.0610300016403198,332,0.00903999984264374,5.47693267774876,10.4456883474877,169.915835938079,3002.34194035616,160
"424",2021-04-28,24488,2646,513,186,191.7,166,2,7,155,12,27,116,89,2,1270,157,2408,0.0689400005340576,38,0,6.78689784489005,9.60168126475858,181.929406541159,2948.17331024144,166
"425",2021-04-29,24614,2549,513,159,180.3,126,2,7,113,13,29,113,84,0,1283,115,2728,0.0652500009536743,111,0.00901000022888184,6.30511139933178,8.35210462404138,134.200722643765,2819.43166973006,126
"426",2021-04-30,24767,2458,516,178,178.7,153,4,3,139,13,27,109,82,3,1296,143,2122,0.0669199991226196,179,0,6.17141408684045,8.11539917126075,160.849631445525,2713.24751114056,153
"427",2021-05-01,24891,2403,520,138,166,124,3,5,113,7,29,110,81,4,1303,116,2051,0.089709997177124,70,0.0285700011253357,8.76921755252498,8.24253857096164,138.11645346637,2757.57618689386,124
"428",2021-05-02,24988,2342,520,128,164.4,97,0,4,91,8,27,108,81,0,1311,91,1279,0.0695900011062622,21,0,6.84658549345456,7.37029263524904,105.483598449416,2611.80865459925,97
"429",2021-05-03,25095,2225,523,102,154.3,107,4,3,100,10,22,98,76,3,1321,104,976,0.174179992675781,140,0.0071399998664856,15.3225154868163,7.9540963630867,133.813799542194,2798.66061520559,107
"430",2021-05-04,25200,2130,524,141,147.4,105,1,2,99,8,23,94,71,1,1329,100,2386,0.0389800000190735,57,0.0175399994850159,3.84797625935961,7.72138830331683,108.474814549767,2267.91354991004,105
"431",2021-05-05,25282,2015,525,114,137.1,82,1,2,75,8,23,88,65,1,1337,76,1904,0.0777299976348877,65,0.0307699990272522,7.61797691384447,7.84011388459603,87.7420015540885,2273.29122541432,82
"432",2021-05-06,25388,1945,527,122,131.9,106,3,6,92,12,22,88,66,2,1349,95,2133,0.0534499979019165,246,0,4.79230119902429,7.62399814169496,108.660597796593,2101.8406601513,106
"433",2021-05-07,25500,1847,530,108,121.9,112,4,4,103,19,23,95,72,3,1368,107,2302,0.0469199991226196,82,0.0122000002861023,4.57257709747193,7.39559285749945,119.232652125655,1989.10942501014,112
"434",2021-05-08,25589,1772,534,136,121.6,89,1,3,85,4,21,86,65,4,1372,86,1901,0.0489200019836426,86,0.0116299998760223,4.73060411475805,6.81864808067561,95.8455761591958,1913.05070876855,89
"435",2021-05-09,25672,1710,537,69,113.1,83,0,5,78,4,22,83,61,3,1376,78,1173,0.172210006713867,123,0.00813000023365021,15.6637598691439,8.0782444200598,103.558222843844,2160.69950080734,83
"436",2021-05-10,25765,1643,538,82,110.3,93,3,2,87,9,22,85,63,1,1385,90,715,0.104899997711182,14,0,10.2885457288745,7.35910588321097,107.58086094666,1927.43727261515,93
"437",2021-05-11,25897,1612,540,124,107.9,132,1,6,123,5,21,79,58,2,1390,124,1899,0.0458099985122681,86,0.0232599997520447,4.48330212360065,7.44986672095969,139.354372104129,1733.60683735368,132
"438",2021-05-12,25994,1552,541,115,108,97,3,3,90,8,22,80,58,1,1398,93,2118,0.0495800018310547,174,0.00574999988079071,4.62525933060347,7.02233563763954,103.237923465296,1672.787712023,97
"439",2021-05-13,26087,1524,541,78,101.7,93,1,1,90,7,20,77,57,0,1405,91,1684,0.0795699977874756,54,0.0185199999809265,7.76731624125886,7.44733778653019,103.893435725126,1723.18237412189,93
"440",2021-05-14,26170,1445,541,128,104.6,83,2,4,75,7,21,70,49,0,1412,77,1738,0.0471799993515015,105,0,4.44920449663102,7.42971312926721,86.7645849382504,1553.17954851652,83
"441",2021-05-15,26244,1397,542,85,97.3,74,2,8,63,7,19,64,45,1,1419,65,1779,0.0522800016403198,61,0,5.05468059337657,7.47600976906985,78.5284326640603,1515.81877587219,74
"442",2021-05-16,26313,1369,543,46,94,69,2,3,63,7,19,67,48,1,1426,65,805,0.0409899997711182,20,0,3.99963028069699,5.80970554214887,72.3744973158035,1461.13364346669,69
"443",2021-05-17,26387,1334,545,87,94.7,74,7,5,59,10,19,71,52,2,1436,66,774,0.229969997406006,19,0,22.4459997468157,7.54648468756904,95.9274491645372,1837.83662402262,74
"444",2021-05-18,26466,1302,546,97,90.9,79,1,6,71,5,16,64,48,1,1441,72,1920,0.0265599989891052,56,0,2.58072864671468,7.27468847658533,81.1265817537401,1358.5390200468,79
"445",2021-05-19,26537,1288,550,91,87.4,71,2,5,64,4,14,57,43,4,1445,66,2042,0.0665999984741211,122,0.0163900005817413,6.37693054321293,7.52492722124382,78.0819127566049,1426.20460046223,71
"446",2021-05-20,26597,1243,553,73,86.7,60,5,8,45,11,15,63,48,3,1456,50,1487,0.0511100006103516,65,0.0307699990272522,5.02581319873481,7.13328392945467,62.2283535851381,1348.11687012653,60
"447",2021-05-21,26678,1208,554,77,79.4,81,4,11,63,4,13,59,46,1,1460,67,1682,0.0416200017929077,190,0,3.73957494741831,7.03190827956714,82.2159164386208,1284.01234414707,81
"448",2021-05-22,26737,1176,558,77,78.3,59,0,13,46,8,15,58,43,4,1468,46,1380,0.0623199987411499,101,0.00990000009536743,5.87451034925179,7.14902681612074,63.5469947729548,1292.24490984771,59
"449",2021-05-23,26792,1152,559,39,77.3,55,0,4,51,5,12,59,47,1,1473,51,826,0.0375300002098083,14,0.0714300012588501,3.80950002272923,7.12186535069678,58.269136891996,1225.84403332509,55
"450",2021-05-24,26843,1106,561,65,74.1,51,2,11,38,5,11,57,46,2,1478,40,733,0.0832199954986572,30,0,7.99479117962198,5.05740698395482,56.380988526242,1254.78433275059,51
"451",2021-05-25,26903,1039,563,56,68.3,60,1,12,46,3,11,54,43,2,1481,47,1035,0.0647300004959106,19,0.0526300001144409,6.45118790469088,5.61032973509427,64.1019065534194,1151.78470019155,60
"452",2021-05-26,26959,998,566,76,66.1,56,1,11,44,1,8,47,39,3,1482,45,1371,0.0320900011062622,61,0.0491800022125244,3.28179969634424,5.1681681855416,58.4849607549504,1053.11090740979,56
"453",2021-05-27,27006,952,566,62,64.6,47,0,8,38,3,9,42,33,0,1485,38,1368,0.0548199987411499,113,0.00884999990463257,5.13124971418748,5.18323054489199,49.2809657508402,1034.19682617894,47
"454",2021-05-28,27041,902,569,65,62.9,35,0,1,30,1,7,34,27,3,1486,30,1589,0.0346099996566772,197,0.0152300000190735,3.24723401221823,5.11289612557769,32.6391918721693,951.285035623223,35
"455",2021-05-29,27076,863,571,45,58.3,35,0,3,31,5,9,36,27,2,1491,31,1074,0.024210000038147,104,0.00962000012397766,2.29219185516668,4.60113634070839,35.1956597478904,896.285624594496,35
"456",2021-05-30,27103,814,573,46,59.3,27,0,3,22,5,8,36,28,2,1496,22,718,0.0905300045013428,34,0,8.6436892595697,5.29173480311417,28.1997553690689,932.39094865555,27
"457",2021-05-31,27151,782,576,40,55.7,48,1,2,41,5,6,35,29,3,1501,42,783,0.0855700016021729,27,0.037039999961853,8.39523348808289,5.34894084718001,49.9330364937017,892.46748900178,48
"458",2021-06-01,27193,746,577,38,53.1,42,1,5,36,2,5,31,26,1,1503,37,1565,0.0172500002384186,27,0.037039999961853,1.75856346558387,4.67856592730758,43.0948502464909,768.074548213032,42
"459",2021-06-02,27224,707,577,48,49.1,31,0,0,30,1,6,30,24,0,1504,30,1688,0.042649998664856,43,0.0232599997520447,4.21683291366926,4.81214210121116,32.1286418571542,757.164993100267,31
"460",2021-06-03,27269,696,577,48,47.1,45,2,4,39,2,5,29,24,0,1506,41,1176,0.0136099994182587,186,0,1.17513651364701,4.24698307256252,45.8107129821778,709.762347209653,45
"461",2021-06-04,27299,649,579,43,44,30,0,0,27,3,6,29,23,2,1509,27,1195,0.0476999998092651,68,0.0147099995613098,4.59238161062873,4.43914701519259,29.0863957212649,699.15077122596,30
"462",2021-06-05,27318,617,582,39,43.1,19,1,0,18,2,4,30,26,3,1511,19,999,0.0160199999809265,90,0.0222199988365173,1.65323965805621,4.34786812989109,19.5285479169934,634.163898146574,19
"463",2021-06-06,27335,568,582,21,39.6,17,0,1,16,3,4,29,25,0,1514,16,608,0.106909999847412,22,0,10.3176634773375,4.58700730385793,19.7777700526159,666.610836867865,17
"464",2021-06-07,27362,535,583,17,36.3,27,1,3,23,1,4,27,23,1,1515,24,843,0.00949000000953674,30,0.0666699981689453,1.14549483998944,3.55133035413029,27.4625932899834,545.311975422547,27
"465",2021-06-08,27395,507,584,28,34.9,33,0,2,30,1,3,26,23,1,1516,30,1771,0.0299300003051758,100,0,2.83303209729911,3.70482587294676,33.4301042579666,531.168761959636,33
"466",2021-06-09,27422,481,585,33,32.7,27,1,0,24,2,4,24,20,1,1518,25,1194,0.0594600009918213,26,0,5.81928206428153,3.93374718017708,27.4479602808983,528.098755804483,27
"467",2021-06-10,27451,468,585,20,28.7,29,0,0,28,2,5,21,16,0,1520,28,1216,0.0304299998283386,136,0,2.73689939284465,4.1568561629196,29.2894716984654,489.552598388635,29
"468",2021-06-11,27473,458,585,36,27.7,22,0,1,20,1,4,16,12,0,1521,20,1055,0.017059999704361,96,0,1.56370979045186,3.72418876003719,21.5262366615804,470.050819550192,22
"469",2021-06-12,27491,435,585,29,26.3,18,0,0,18,2,6,17,11,0,1523,18,880,0.011360000371933,44,0,1.08190479732695,3.64256949421873,18.3276849546845,442.919053071541,18
"470",2021-06-13,27512,428,586,18,25.9,21,0,1,18,2,5,16,11,1,1525,18,583,0.132080001831055,17,0,12.8337735112508,4.00201378477777,22.8870652037547,520.425772622611,21
"471",2021-06-14,27531,391,589,22,26.6,19,2,1,16,2,4,15,11,3,1527,18,655,0.0564900016784668,29,0,5.40949577476546,4.61115677546006,20.6384162286731,426.590041411733,19
"472",2021-06-15,27558,377,589,22,25.7,27,1,0,24,0,4,15,11,0,1527,25,1518,0.0144900000095367,36,0,1.41543243336401,4.40864253775504,25.59542093662,385.978947724229,27
"473",2021-06-16,27575,356,589,24,24.4,17,0,0,17,1,4,13,9,0,1528,17,1251,0.0223799991607666,42,0,2.16530386311825,3.88664565187458,17.6193879073428,368.970711471413,17
"474",2021-06-17,27586,313,590,12,23.3,11,0,0,11,0,5,12,7,1,1528,11,1101,0.0208899998664856,123,0.0243899989128113,2.12417154569252,3.79911310228141,11.3931671479645,324.18739248299,11
"475",2021-06-18,27600,283,590,26,21.9,14,1,0,13,1,4,13,9,0,1529,14,864,0.0196800005435944,63,0,1.83425247784958,3.83776205762395,14.4320978447748,291.734549290804,14
"476",2021-06-19,27609,250,590,18,20.3,9,0,0,9,0,3,11,8,0,1529,9,926,0.0194400000572205,37,0,1.86930841671715,3.9502482889654,9.28308601890695,257.863500525193,9
"477",2021-06-20,27621,237,590,7,18.7,12,0,0,10,0,3,11,8,0,1529,10,562,0.0266899991035461,15,0,2.59961516398491,2.48822566792741,10.4374254141154,247.366982314534,12
"478",2021-06-21,27632,227,591,13,17.4,11,0,0,11,2,2,10,8,1,1531,11,520,0.0230800008773804,7,0,2.27734354008308,2.04077534868707,11.4215180579015,235.698599922149,11
"479",2021-06-22,27643,204,591,13,16.1,11,0,0,10,0,2,7,5,0,1531,10,1297,0.0115699994564056,65,0,1.10178335498958,1.99596833749072,10.1853920714876,207.781998258347,11
"480",2021-06-23,27654,191,591,18,15.3,11,0,0,10,0,1,5,4,0,1531,10,1105,0.00814000010490417,18,0,0.800952815308914,1.80106104494653,10.1347726855025,193.574158293098,11
"481",2021-06-24,27660,179,591,8,14.7,6,1,0,5,1,0,5,5,0,1532,6,904,0.00995999991893768,51,0,0.942810463530855,1.63229517606629,6.09518545586804,181.839699433396,6
"482",2021-06-25,27664,158,591,7,12,4,0,0,4,2,0,7,7,0,1534,4,1024,0.00194999992847443,64,0,0.183529405032888,1.39647759423534,4.01235266313431,158.487930193805,4
"483",2021-06-26,27668,143,591,9,10.7,4,0,0,4,1,0,7,7,0,1535,4,764,0.00523999989032745,19,0,0.511284791342295,1.20247421918179,4.0344126260967,144.230251382957,4
"484",2021-06-27,27673,129,591,8,10.9,5,0,0,5,0,0,6,6,0,1535,5,398,0.0200999999046326,13,0,1.94642334842914,1.10916110267382,5.163757899828,133.224953815563,5
"485",2021-06-28,27682,121,591,1,9.1,9,0,0,9,0,0,5,5,0,1535,9,555,0.00180000007152557,5,0,0.178392864231552,0.809311006123604,9.02701561994003,121.363210001416,9
"486",2021-06-29,27685,115,591,8,8.4,3,0,0,3,0,0,4,4,0,1535,3,929,0.00646000027656555,14,0,0.636409359165365,0.742829006720145,3.03212571206729,116.231485629246,3
"487",2021-06-30,27687,100,591,8,7,2,0,1,1,0,0,3,3,0,1535,1,1221,0.000820000022649765,51,0,0.0787122663251072,0.639651785436743,2.0013244554875,100.13244554875,2
"488",2021-07-01,27690,96,591,7,6.9,3,0,0,3,0,0,2,2,0,1535,3,884,0.00225999996066093,74,0,0.208542793864746,0.534756404055871,3.01052716408538,96.3368692507322,3
"489",2021-07-02,27694,85,591,6,6.7,4,0,0,4,2,0,3,3,0,1537,4,785,0.0140100002288818,29,0,1.35108724565998,0.701550381288312,4.09093652108612,86.9324010730801,4
"490",2021-07-03,27700,79,591,6,6.3,6,0,0,6,0,0,2,2,0,1537,6,627,0.00158999994397163,16,0,0.155043540415274,0.650658774013023,6.01565308261276,79.206098921068,6
"491",2021-07-04,27702,74,592,2,5.4,2,0,0,2,1,0,3,3,1,1538,2,437,0.00685999989509583,34,0,0.636479820415473,0.463523984296785,2.02141951261698,74.7925219668282,2
"492",2021-07-05,27708,73,592,2,5.6,6,0,0,6,0,0,3,3,0,1538,6,505,0.00197999998927116,27,0,0.187951126801116,0.464889450378151,6.01897540850202,73.2308674701079,6
"493",2021-07-06,27713,69,592,12,6.1,5,0,2,3,0,0,3,3,0,1538,3,1174,0.00596000015735626,28,0,0.582116487914829,0.457133325913789,5.02938502775148,69.675855638284,5
"494",2021-07-07,27719,68,592,6,5.9,6,0,0,6,0,0,3,3,0,1538,6,1218,0.0320199990272522,23,0,3.14265582717109,0.894839548891786,6.31728023724445,71.5958426887704,6
"495",2021-07-08,27721,59,593,5,5.6,2,0,0,2,1,0,4,4,1,1539,2,933,0.00321999996900558,87,0,0.294535291282569,0.907124191380046,2.00991202263672,59.2924046677832,2
"496",2021-07-09,27723,57,593,3,5.1,2,0,0,2,0,0,3,3,0,1539,2,823,0.00486000001430511,56,0,0.455037544001491,0.77911709114312,2.01531341937687,57.4364324522409,2
"497",2021-07-10,27724,53,593,0,4.3,1,0,0,1,0,0,3,3,0,1539,1,930,0,22,0,0,0.756968013940938,1,53,1
"498",2021-07-11,27729,55,593,0,4,5,0,0,5,0,0,3,3,0,1539,5,422,0.00237000003457069,8,0,0.23259070106717,0.699269568319752,5.01956848943321,55.2152533837653,5
"499",2021-07-12,27732,53,593,1,3.9,3,0,1,2,0,0,2,2,0,1539,2,460,0.00216999992728233,16,0,0.209705875325603,0.702377389537536,3.00705725067522,53.1870171428933,3
"500",2021-07-13,27734,52,593,2,2.4,2,0,0,2,0,0,2,2,0,1539,2,1188,0.000839999988675117,14,0,0.0830216294963427,0.63107812404918,2.00279393436122,52.0726422933916,2
"501",2021-07-14,27739,54,593,0,1.6,5,0,0,5,0,0,1,1,0,1539,5,1098,0,15,0,0,0.182127291596168,5,54,5
"502",2021-07-15,27750,60,593,1,1,11,0,0,11,0,0,1,1,0,1539,11,947,0.00105999998748302,31,0,0.102640080587569,0.154713690068311,11.0189978572273,60.1036246757855,11
"503",2021-07-16,27753,60,593,8,1.7,3,0,0,3,0,0,1,1,0,1539,3,867,0.00460999995470047,34,0,0.443603769225894,0.153080293671797,3.02239295628965,60.447859125793,3
"504",2021-07-17,27755,57,593,5,2.4,2,0,0,2,0,0,1,1,0,1539,2,761,0.00263000011444092,18,0,0.256922989356809,0.189783577865627,2.0086462524586,57.2464181950702,2
"505",2021-07-18,27763,62,593,4,3,8,0,0,8,0,0,1,1,0,1539,8,214,0.00467000007629395,17,0,0.432632041699959,0.21836091224174,8.05823761997451,62.4513415548025,8
"506",2021-07-19,27772,67,593,2,3.1,9,0,0,9,0,0,1,1,0,1539,9,367,0,10,0,0,0.188402930052368,9,67,9
"507",2021-07-20,27776,68,593,10,4.3,4,0,0,4,0,0,1,1,0,1539,4,1142,0.00437999993562698,22,0,0.429721643168901,0.237931503434162,4.02892292218043,68.4916896770673,4
"508",2021-07-21,27781,71,593,12,6,5,0,0,5,0,0,1,1,0,1539,5,1058,0.0103999996185303,8,0,1.03219508409053,0.385387944018523,5.08684138490214,72.2331476656104,5
"509",2021-07-22,27786,73,593,5,6.6,5,0,0,5,1,0,2,2,0,1540,5,1046,0.00477999985218048,28,0,0.46553816064998,0.437230526884582,5.03916699393241,73.5718381114132,5
"510",2021-07-23,27798,81,593,3,5.9,12,0,0,12,0,0,2,2,0,1540,12,928,0.00647000014781952,38,0,0.621548668444774,0.462651226772993,12.1255021993042,81.8471398453036,12
"511",2021-07-24,27801,83,593,2,5.4,3,0,0,3,0,0,2,2,0,1540,3,713,0.0028099998831749,16,0,0.274832636036173,0.465209747727188,3.01387345111262,83.3838321474491,3
"512",2021-07-25,27808,85,593,7,5.9,7,0,0,7,0,0,2,2,0,1540,7,410,0.00244000002741814,14,0,0.235943398877698,0.437111370181151,7.0277907854494,85.3374595375998,7
"513",2021-07-26,27817,89,593,5,6.3,9,0,0,9,1,0,3,3,0,1541,9,410,0,10,0,0,0.437111370181151,9,89,9
"514",2021-07-27,27825,96,593,7,5.9,8,0,0,8,0,0,3,3,0,1541,8,1125,0.0106700003147125,5,0,1.06227879239394,0.5274766772133,8.14299585480386,97.7159502576463,8
"515",2021-07-28,27831,96,593,8,5.3,6,0,0,6,0,0,2,2,0,1541,6,1074,0.00372000008821487,11,0,0.368228580160624,0.432624319509027,6.03717608853742,96.5948174165987,6
"516",2021-07-29,27835,92,593,9,5.9,4,0,0,4,0,0,2,2,0,1541,4,1234,0.00243000000715256,15,0,0.240081666038932,0.400416248850306,4.01615897978185,92.3716565349826,4
"517",2021-07-30,27838,87,593,4,6,3,0,0,3,0,0,2,2,0,1541,3,940,0.00745000004768372,21,0,0.72872008791079,0.415726451631166,3.03678552394731,88.0667801944721,3
"518",2021-07-31,27846,89,593,8,6.9,8,0,0,8,0,0,1,1,0,1541,8,936,0.00962000012397766,8,0,0.953847469919819,0.512728570757401,8.12839965863039,90.4284462022631,8
"519",2021-08-01,27855,91,593,1,6,9,0,0,7,0,0,1,1,0,1541,7,563,0.00178000003099442,13,0,0.173982641918378,0.503877034048927,7.02049268721427,91.2664049337855,9
"520",2021-08-02,27866,93,593,3,5.7,11,0,0,11,1,0,2,2,0,1542,11,462,0.0043299999833107,4,0,0.429283260147971,0.565203214070065,11.0794568948085,93.6717719288354,11
"521",2021-08-03,27883,105,593,10,6.1,17,0,0,16,0,0,2,2,0,1542,16,550,0.0109099996089935,3,0,1.08508133543335,0.568460720218552,16.2921307178548,106.917107835922,17
"522",2021-08-04,27895,114,593,15,7.1,12,0,0,10,2,0,4,4,0,1544,10,1289,0.00776000022888184,22,0,0.762977901985408,0.624853480479235,10.1283828196421,115.46356414392,12
"523",2021-08-05,27915,127,593,9,7.1,20,0,0,20,0,1,4,3,0,1544,20,1482,0.00472000002861023,19,0,0.466025319280504,0.657131145228031,20.1568319196615,127.995882689851,20
"524",2021-08-06,27929,129,593,15,8.7,14,0,0,12,1,1,5,4,0,1545,12,1109,0.00541000008583069,44,0,0.520354735055181,0.627364666248658,12.1050692680771,130.129494631829,14
"525",2021-08-07,27942,139,593,13,9.4,13,0,0,13,0,1,5,4,0,1545,13,846,0.01182000041008,14,0,1.16275817987531,0.657209053385157,13.2543476361473,141.719563186499,13
"526",2021-08-08,27962,151,593,5,10,20,0,0,19,1,1,4,3,0,1546,19,612,0.00653999984264374,4,0,0.6497532311198,0.725176280413932,19.2077289370567,152.650898394504,20
"527",2021-08-09,27976,159,593,13,11.4,14,0,0,14,1,1,4,3,0,1547,14,556,0.0143900001049042,9,0,1.41607788642951,0.866146941311295,14.3335877749375,162.788604015361,14
"528",2021-08-10,27996,174,593,18,12.6,20,3,0,17,1,1,5,4,0,1548,20,1264,0.0102799999713898,16,0,1.01514999717474,0.856156750131494,20.341629341185,176.97217526831,20
"529",2021-08-11,28011,180,593,20,13.3,15,2,0,13,0,1,5,4,0,1548,15,1296,0.0108000004291534,8,0,1.07337427578089,0.900499089245134,15.2709177075067,183.25101249008,15
"530",2021-08-12,28030,194,593,18,14.6,19,3,0,16,0,1,4,3,0,1548,19,1053,0.0133000004291534,38,0,1.28367556845999,1.01730626769935,19.4103966684434,198.190365983054,19
"531",2021-08-13,28047,208,593,26,16.1,17,3,0,14,0,1,4,3,0,1548,17,1077,0.0213599991798401,14,0,2.10859020317945,1.24419704885996,17.6031648932219,215.37989987001,17
"532",2021-08-14,28064,215,593,16,16.6,17,2,0,15,1,1,5,4,0,1549,17,1005,0.0119400000572205,12,0,1.17991151007931,1.24664752460339,17.3375151790591,219.268574323394,17
"533",2021-08-15,28082,212,593,8,17,18,1,0,17,0,1,5,4,0,1549,18,543,0.0221000003814697,2,0,2.20188994626386,1.46838134105254,18.6669036028348,219.854642433388,18
"534",2021-08-16,28101,215,593,21,18.1,19,0,0,19,0,1,4,3,0,1549,19,611,0.0114600002765656,8,0,1.1311890418387,1.42768293468242,19.3616460619464,219.092310700972,19
"535",2021-08-17,28122,211,593,18,18.1,21,0,0,21,0,1,4,3,0,1549,21,1323,0.0158700001239777,10,0,1.57509453593567,1.50767501164827,21.5565713792238,216.592217191249,21
"536",2021-08-18,28153,224,593,24,18.7,31,0,0,31,0,1,3,2,0,1549,31,1295,0.015440000295639,12,0,1.52982405377601,1.57288212279043,31.7979912494373,229.766130318515,31
"537",2021-08-19,28175,231,593,19,18.9,22,0,0,22,3,1,6,5,0,1552,22,1279,0.0172000002861023,17,0,1.69743829983988,1.63199108441613,22.6283644807757,237.597827048145,22
"538",2021-08-20,28194,231,593,17,17.6,19,0,0,19,0,2,6,4,0,1552,19,1142,0.014889999628067,50,0,1.42654191067555,1.53455561405843,19.4560716600991,236.544871235941,19
"539",2021-08-21,28217,240,593,27,19.1,23,1,0,22,1,2,7,5,0,1553,23,879,0.0182000005245209,12,0,1.79548826723388,1.62249515079479,23.694872872856,247.250847368932,23
"540",2021-08-22,28248,257,593,17,20.4,31,0,0,31,1,1,6,5,0,1554,31,520,0.0173099994659424,6,0,1.71125470005514,1.55240440133641,31.8926296281143,264.400187562109,31
"541",2021-08-23,28289,276,593,16,19.7,41,1,0,40,0,1,4,3,0,1554,41,575,0.0139100003242493,11,0.0909099960327148,1.53553927351591,1.61016872014743,42.05935064499,283.131238488225,41
"542",2021-08-24,28321,290,593,26,20.9,32,1,0,31,0,1,4,3,0,1554,32,1233,0.0154100000858307,23,0,1.51278105938131,1.60126679492538,32.814556111884,297.381914763949,32
"543",2021-08-25,28348,307,593,27,21.3,27,0,0,26,2,1,6,5,0,1556,26,1318,0.0197300004959106,68,0,1.8762006243586,1.65074916215147,26.820819327704,316.691982061736,27
"544",2021-08-26,28376,315,593,44,24.9,28,2,0,24,3,1,9,8,0,1559,26,1198,0.0125199997425079,22,0,1.22942292553479,1.58388982296503,26.537860443121,321.516386137812,28
"545",2021-08-27,28409,332,593,24,25.9,33,0,0,33,2,1,10,9,0,1561,33,896,0.0278999996185303,9,0,2.7622541058788,1.7747058508512,34.533813364976,347.431092035516,33
"546",2021-08-28,28441,336,593,38,27.4,32,0,0,29,2,1,12,11,0,1563,29,1115,0.0242199993133545,16,0,2.38773644866404,1.85931273391266,30.1651432858381,349.499591173849,32
"547",2021-08-29,28480,357,593,28,29,39,0,0,35,1,0,11,11,0,1564,35,537,0.0260700011253357,2,0,2.59732664272825,1.98589444000881,36.5296411727009,372.602339961549,39
"548",2021-08-30,28517,379,593,20,29.6,37,0,1,35,1,1,10,9,0,1565,35,627,0.0111600005626678,9,0,1.10020760264036,1.92370420131231,36.6479442438358,386.016310526108,37
"549",2021-08-31,28547,387,593,22,29,30,0,0,24,0,1,8,7,0,1565,24,553,0.0361700010299683,16,0,3.51529183999516,2.20977716997143,25.4196051878594,409.891133654232,30
"550",2021-09-01,28586,398,593,55,33,39,0,0,37,2,1,10,9,0,1567,37,807,0.0309800004959106,5,0,3.07892369460589,2.38159475143533,38.916882974051,418.619443883035,39
"551",2021-09-02,28631,426,593,34,31.6,45,0,1,39,1,1,11,10,0,1568,39,1298,0.0169500005245209,8,0,1.68461720373875,2.44662250546447,41.1055051970395,438.075518306123,45
"552",2021-09-03,28683,458,593,50,35.3,52,0,1,49,1,2,6,4,0,1569,49,1050,0.035239999294281,45,0.0222199988365173,3.47049307823181,2.5477995015149,52.8614239813306,484.745554764274,52
"553",2021-09-04,28738,489,593,38,35.3,55,0,0,52,0,2,6,4,0,1569,52,911,0.0318300008773804,8,0,3.1552917083018,2.65745025289172,54.7608182036542,514.962309645902,55
"554",2021-09-05,28764,483,593,23,34.6,26,0,0,25,2,1,8,7,0,1571,25,412,0.0388299989700317,6,0,3.82726305637633,2.83315545484145,26.6099903464149,514.105013492736,26
"555",2021-09-06,28824,500,593,29,35.9,60,0,1,53,1,1,9,8,0,1572,53,519,0.0346799993515015,2,0,3.45468707551426,3.169509665252,57.080913710453,529.065223683519,60
"556",2021-09-07,28889,525,593,50,39.9,65,1,2,56,1,1,9,8,0,1573,57,825,0.0460599994659424,11,0.0909099960327148,4.66501309997157,3.33375555953435,63.4742749994924,566.210427626904,65
"557",2021-09-08,28941,537,594,66,41.4,52,0,1,50,2,1,8,7,1,1575,50,1376,0.03125,17,0,3.08686288585786,3.3348897297132,53.5970618552899,564.892444325814,52
"558",2021-09-09,29011,582,594,58,44.9,70,0,3,63,3,2,11,9,0,1578,63,1485,0.0343400001525879,13,0,3.40419894703558,3.58054426446989,69.6086971160337,615.337487643359,70
"559",2021-09-10,29077,612,594,62,46.6,66,0,0,58,0,1,8,7,0,1578,58,1263,0.0332500004768372,35,0,3.23534288152892,3.54695137922662,61.1574992607805,645.317061165477,66
"560",2021-09-11,29131,634,594,44,47.4,54,0,0,49,1,1,8,7,0,1579,49,1162,0.0309800004959106,15,0,3.05851831573901,3.5331266088605,51.5217505002065,666.628363614917,54
"561",2021-09-12,29186,646,594,53,51.7,55,0,1,50,2,1,9,8,0,1581,50,585,0.0598299980163574,3,0,5.95247429244372,3.83672821401299,56.0079788125099,710.703086257628,55
"562",2021-09-13,29248,675,594,36,52.7,62,0,0,55,5,4,14,10,0,1586,55,530,0.0301900005340576,20,0,2.90921823328191,3.75880409369408,57.6923650255679,708.042661677425,62
"563",2021-09-14,29310,695,594,63,54.6,62,0,2,55,2,5,11,6,0,1588,55,1224,0.0334999990463257,29,0,3.27246598824443,3.55986879201878,60.0285362828111,733.269685755522,62
"564",2021-09-15,29357,707,594,58,53.4,47,0,1,42,2,6,12,6,0,1590,42,1537,0.0305800008773804,13,0,3.03235234506669,3.55208157190575,45.1430085477171,743.073977219905,47
"565",2021-09-16,29417,735,594,63,54.1,60,1,1,50,1,7,12,5,0,1591,51,1708,0.0316199994087219,39,0,3.09141150487104,3.50739765159653,54.6529065070524,773.233064366344,60
"566",2021-09-17,29477,732,595,90,58.1,60,1,2,46,0,7,10,3,1,1591,47,1417,0.0310500001907349,4,0,3.09625969530411,3.48752862499299,51.4486695882899,770.136726353792,60
"567",2021-09-18,29539,748,595,44,58.1,62,0,5,50,0,7,9,2,0,1591,50,1575,0.0298399996757507,28,0,2.93187769739909,3.46943710808728,57.4666685932745,784.901362155387,62
"568",2021-09-19,29582,739,595,60,59.1,43,2,1,39,3,7,10,3,0,1594,41,1058,0.0321399998664856,3,0,3.20491233352891,3.07692825681374,44.2110316591815,778.85249746671,43
"569",2021-09-20,29633,718,595,60,62.6,51,2,0,40,2,8,12,4,0,1596,42,1220,0.0385199999809265,66,0.0606099987030029,3.965370131503,3.22780709941675,44.8023861080979,765.907457752722,51
"570",2021-09-21,29693,717,595,36,58.7,60,0,0,51,1,7,13,6,0,1597,51,1196,0.0200699996948242,23,0,1.96913204552992,3.04161653617182,52.6898181327852,740.756854925627,60
"571",2021-09-22,29744,704,595,63,59.4,51,0,0,42,5,9,17,8,0,1602,42,2383,0.0180400002002716,29,0,1.7823101358726,2.86303907771552,43.259585107935,725.11304561872,51
"572",2021-09-23,29780,676,595,44,56.7,36,0,0,29,3,9,18,9,0,1605,29,1528,0.0274900007247925,48,0,2.66527418194689,2.80216231729779,30.3005733190322,706.316812540199,36
"573",2021-09-24,29824,670,595,56,51.9,44,1,0,34,2,8,17,9,0,1607,35,2089,0.0181900000572205,48,0,1.77814272903761,2.61385989354543,36.0471999495672,690.046399034572,44
"574",2021-09-25,29868,665,595,62,54.4,44,0,1,35,2,10,17,7,0,1609,35,1935,0.0273900008201599,32,0,2.6944408534321,2.57994034440729,37.5868345548128,695.149856541443,44
"575",2021-09-26,29916,643,595,38,51.3,48,1,0,38,3,11,18,7,0,1612,39,1060,0.0339599990844727,4,0,3.38323299149822,2.60541472411719,41.2201967584066,679.604782452703,48
"576",2021-09-27,29957,624,595,31,47.1,41,0,0,29,0,11,18,7,0,1612,29,852,0.0164300000667572,15,0.0666699981689453,1.72992041861722,2.28606476513351,29.8441489268692,642.16375621953,41
"577",2021-09-28,30002,600,596,44,48.3,45,1,1,32,3,11,19,8,1,1615,33,1723,0.0203099989891052,35,0,1.99056474733949,2.28912657967773,35.1053127975524,620.096596319134,45
"578",2021-09-29,30047,588,596,65,48.6,45,1,0,37,0,11,19,8,0,1615,38,2041,0.0215599989891052,8,0,2.14758213454191,2.34130829377335,39.3731827182502,609.248195745555,45
"579",2021-09-30,30095,591,596,61,51,48,2,0,38,3,12,21,9,0,1618,40,1837,0.017960000038147,29,0,1.76808789228703,2.21313882382194,41.1900324158603,608.582728944336,48
"580",2021-10-01,30138,574,596,48,49.9,43,0,0,24,1,11,20,9,0,1619,24,1834,0.0196300005912781,13,0,1.94918359958874,2.23757323390067,24.7871526109395,592.826066611637,43
"581",2021-10-02,30174,556,596,60,49.6,36,0,0,28,0,9,15,6,0,1619,28,1477,0.0189600002765656,13,0,1.87945774553607,2.12114707562981,28.8854938466742,573.583377812531,36
"582",2021-10-03,30201,542,597,37,49.4,27,5,0,18,2,7,14,7,1,1621,23,1029,0.0213800001144409,12,0,2.11335447817096,1.9397358594402,23.8178904448494,561.273766135147,27
"583",2021-10-04,30245,539,598,25,48.6,44,1,0,40,0,4,10,6,1,1621,41,1256,0.0199000000953674,8,0,1.97740507276752,1.9750908100331,42.3641887090562,556.934090589787,44
"584",2021-10-05,30295,536,598,33,47,50,1,0,42,0,4,9,5,0,1621,43,1637,0.0116100001335144,13,0,1.15185274051897,1.85527480905874,43.8334131823462,546.388592226455,50
"585",2021-10-06,30336,527,598,28,41.7,41,1,0,33,0,4,8,4,0,1621,34,1958,0.0127699995040894,36,0,1.25394478580778,1.72761233066815,34.7173849823427,538.119467226312,41
"586",2021-10-07,30373,516,598,53,40.6,37,1,0,31,2,3,8,5,0,1623,32,1681,0.0184399998188019,9,0,1.83417986363349,1.7370540408605,32.9876131175441,531.925261520399,37
"587",2021-10-08,30401,498,600,58,42,28,0,0,19,0,2,6,4,2,1623,19,2154,0.0246099996566772,13,0,2.44623623721655,1.80806156052162,19.7820723761095,518.498528594871,28
"588",2021-10-09,30430,478,600,37,38.7,29,1,0,26,3,3,7,4,0,1626,27,1520,0.0184200000762939,12,0,1.82757180913621,1.80064928389307,27.8302964183249,492.69932177627,29
"589",2021-10-10,30451,440,601,20,36.3,21,0,0,19,2,3,7,4,1,1628,19,1009,0.0178400003910065,24,0,1.7425518290925,1.74767747688186,19.5571014069447,452.901295739771,21
"590",2021-10-11,30470,418,601,18,35.3,19,0,0,17,1,4,8,4,0,1629,17,635,0.0220499992370605,7,0,2.18095786846315,1.77675644769552,17.6238657553609,433.339757984756,19
"591",2021-10-12,30504,418,601,31,35,34,0,0,27,2,5,8,3,0,1631,27,1118,0.0143099999427795,12,0,1.41580353416172,1.8144637039302,27.6432232088444,427.958048196184,34
"592",2021-10-13,30526,413,601,24,34.4,22,0,0,20,0,5,8,3,0,1631,20,1674,0.0203099989891052,9,0,2.02013893688426,1.92392001122684,20.6798391725663,427.038678913494,22
"593",2021-10-14,30546,400,601,39,32.4,20,0,0,17,0,5,7,2,0,1631,17,1288,0.0116499996185303,33,0,1.13589701049713,1.82416531792165,17.3249247758121,407.645288842637,20
"594",2021-10-15,30582,385,601,33,28.9,36,1,0,20,2,5,9,4,0,1633,21,1605,0.0155799996852875,15,0,1.54357404289422,1.6952135758756,21.5454333783701,394.999611936786,36
"595",2021-10-16,30612,379,602,22,26.7,30,0,0,24,1,4,9,5,1,1634,24,1409,0.0156099998950958,8,0,1.55218700438885,1.65587288948312,24.626830665633,388.898700928121,30
"596",2021-10-17,30637,370,602,34,28.7,25,1,0,20,0,4,9,5,0,1634,21,815,0.0368099999427795,8,0,3.64521870636273,1.92768244337887,22.2880651647792,392.694481474681,25
"597",2021-10-18,30673,375,602,23,29.4,36,3,0,23,1,3,10,7,0,1635,26,812,0.0135500001907349,20,0,1.32242790323038,1.80503530548847,26.5785492065048,383.344459709205,36
"598",2021-10-19,30695,359,602,23,28.3,22,0,0,19,3,2,12,10,0,1638,19,1138,0.0105400002002716,9,0,1.04572974959975,1.75216762197962,19.3343243541223,365.316970691047,22
"599",2021-10-20,30721,354,602,35,29.9,26,1,0,20,1,3,12,9,0,1639,21,1788,0.0134200000762939,19,0,1.32788932686295,1.653274820548,21.4692195784107,361.909701464637,26
"600",2021-10-21,30739,343,602,44,30.6,18,0,0,15,0,3,12,9,0,1639,15,1305,0.0214599990844727,7,0,2.13455021381379,1.79593956387895,15.5387565768367,355.319567056999,18
"601",2021-10-22,30765,329,602,34,30.7,26,0,0,12,0,2,9,7,0,1639,12,1417,0.0218799996376038,19,0,2.15905010351564,1.8838647153963,12.4359522434136,340.952357340257,26
"602",2021-10-23,30789,330,602,22,30.7,24,0,1,20,0,1,7,6,0,1639,20,1331,0.0120200002193451,9,0,1.19392688745883,1.83268469869201,21.4017932887955,336.629589265126,24
"603",2021-10-24,30809,323,603,14,27.9,20,0,0,12,1,1,7,6,1,1640,12,822,0.00243000000715256,8,0,0.240657832033663,1.34631885950214,12.0485932779417,324.307969064597,20
"604",2021-10-25,30835,315,603,15,26.7,26,0,2,19,3,1,7,6,0,1643,19,815,0.0135000002384186,5,0,1.34176831637941,1.34908177566629,21.4289691728929,322.111857340066,26
"605",2021-10-26,30857,302,603,30,27.7,22,0,6,14,3,2,9,7,0,1646,14,1386,0.0180400002002716,10,0,1.79107738378055,1.45556000912069,20.4219270175193,311.101568520773,22
"606",2021-10-27,30883,311,603,35,27.7,26,1,5,19,2,2,10,8,0,1648,20,1365,0.014650000333786,9,0,1.45540396329097,1.47377638575326,25.4897884041973,318.616209685268,26
"607",2021-10-28,30908,303,603,26,25.1,25,1,6,17,4,3,14,11,0,1652,18,1856,0.0113100004196167,41,0,1.10655565518232,1.32692002023448,24.3351511525045,308.641711067159,25
"608",2021-10-29,30929,298,603,12,22,21,0,1,17,1,3,15,12,0,1653,17,1548,0.0148599994182587,18,0,1.46891948272442,1.22832993155002,18.4201862749875,305.365618232134,21
"609",2021-10-30,30952,289,603,28,22.9,23,0,2,20,1,2,16,14,0,1654,20,1178,0.0118799996376038,7,0,1.18098224245547,1.22648069654954,22.3974370157751,294.74296487795,23
"610",2021-10-31,30973,275,604,32,25.4,21,0,2,16,0,1,15,14,1,1654,16,936,0.0181599998474121,7,0,1.80251960309414,1.44960380670104,18.4852828340182,283.340798709687,21
"611",2021-11-01,31024,301,604,13,25.1,51,0,10,37,1,1,14,13,0,1655,37,773,0.0116400003433228,14,0,1.14329355341659,1.42125026913492,47.7117941736348,306.790541790921,51
"612",2021-11-02,31074,329,604,31,25.3,50,1,6,37,2,0,15,15,0,1657,38,1531,0.0267799997329712,17,0,2.64859041286685,1.54375213043296,45.6935317742563,343.662419835008,50
"613",2021-11-03,31117,351,604,44,26.6,43,0,19,22,2,0,16,16,0,1659,22,1657,0.0169000005722046,11,0,1.67885497291025,1.57567370323572,41.6214852306855,360.915514362301,43
"614",2021-11-04,31150,370,604,33,27.6,33,2,5,23,4,0,19,19,0,1663,25,1511,0.0258100008964539,35,0,2.52256865165212,1.77796127415998,31.0611528702117,385.705062479132,33
"615",2021-11-05,31189,387,606,45,32.3,39,0,7,23,2,1,19,18,2,1665,23,1264,0.0213599991798401,15,0.0666699981689453,2.18913908802596,1.88084978920306,30.8472198871684,401.255395492789,39
"616",2021-11-06,31222,393,607,40,34,33,3,4,21,3,1,20,19,1,1668,24,1414,0.0212199997901917,10,0.1,2.17732301287437,2.02318418497718,28.8792837651642,407.398271654564,33
"617",2021-11-07,31260,412,608,39,35,38,3,3,27,6,3,24,21,1,1674,30,1016,0.0255900001525879,10,0,2.53405849464223,2.12768974091263,34.2791834750405,429.567453057223,38
"618",2021-11-08,31324,448,609,36,38.3,64,6,7,45,1,2,23,21,1,1675,51,849,0.0270900011062622,13,0.0769199991226196,2.7841497596068,2.36209777036837,60.3892286750668,468.987734243724,64
"619",2021-11-09,31366,464,609,39,39.4,42,0,9,29,3,2,25,23,0,1678,29,1627,0.0215100002288818,21,0.0476200008392334,2.18427126153001,2.29576646303454,39.0658584184385,481.053734695015,42
"620",2021-11-10,31407,482,609,34,38,41,1,5,28,5,2,29,27,0,1683,29,1507,0.00995000004768372,72,0.0555600023269653,1.20297468267263,2.22778356442916,34.5870153196068,491.756599450016,41
"621",2021-11-11,31454,487,610,48,40.1,47,1,5,35,3,5,32,27,1,1686,36,1632,0.0208299994468689,24,0,2.05281153969143,2.16067540557763,42.2435021233319,503.821820390629,47
"622",2021-11-12,31513,508,610,50,40.9,59,1,2,36,1,5,33,28,0,1687,37,1517,0.0184599995613098,29,0.0344799995422363,1.87605040887657,2.11594845141344,40.1679955217913,524.03626283973,59
"623",2021-11-13,31549,525,611,43,41.3,36,1,5,28,1,3,31,28,1,1688,29,1627,0.0196700000762939,20,0,1.94311415447056,2.08249004307004,34.9481810322765,542.165346273971,36
"624",2021-11-14,31582,534,611,43,41.9,33,1,2,27,0,3,27,24,0,1688,28,912,0.037279999256134,8,0,3.69558253495589,2.24842204882913,31.7411487980256,567.206194933774,33
"625",2021-11-15,31622,532,613,41,42.6,40,1,3,34,1,2,23,21,2,1689,35,921,0.0217199993133545,18,0,2.1303641499041,2.15502410458589,39.2546333845466,551.070427445108,40
"626",2021-11-16,31672,548,614,42,43,50,1,3,37,1,1,23,22,1,1690,38,1729,0.0208200001716614,24,0,2.0534957385512,2.13634188701748,42.3130230573372,566.935174616336,50
"627",2021-11-17,31694,516,614,44,44.4,22,0,1,12,1,2,22,20,0,1691,12,1886,0.0148500001430511,19,0.0526300001144409,1.52268085417159,2.18201419723162,13.307457494061,529.220672244624,22
"628",2021-11-18,31731,505,614,39,43.1,37,2,1,21,1,3,20,17,0,1692,23,1686,0.0183899998664856,42,0.0238100004196167,1.85217359910409,2.15335163429057,24.7168106934056,520.738669572601,37
"629",2021-11-19,31767,504,615,25,39.6,36,0,2,24,2,2,18,16,1,1694,24,1564,0.0140699994564056,40,0,1.37191266520065,2.08133195662258,26.5540292031092,515.634613265293,36
"630",2021-11-20,31808,487,616,50,40.6,41,1,0,36,1,2,15,13,1,1695,37,1680,0.0166700005531311,76,0.0131599998474121,1.65180870829519,2.03971689288324,38.0283866387684,500.535791704871,41
"631",2021-11-21,31850,489,616,25,38,42,2,2,30,1,1,15,14,0,1696,32,924,0.0238100004196167,5,0,2.36818518705337,1.85008870032574,35.2751479840556,508.48585513135,42
"632",2021-11-22,31904,482,616,31,36.6,54,2,2,41,2,0,17,17,0,1698,43,1048,0.0152699995040894,18,0,1.50121571109622,1.76021035192462,46.0861917666742,494.175451896208,54
"633",2021-11-23,31951,491,617,27,34.4,47,3,1,30,2,0,16,16,1,1700,33,1457,0.0102999997138977,9,0,1.0236766427796,1.61309333824296,34.5684230544784,499.457446052997,47
"634",2021-11-24,32000,501,617,46,34.7,49,1,1,36,1,0,14,14,0,1701,37,1743,0.0183599996566772,16,0,1.81929956802663,1.65546744022225,39.1326634605327,516.336875506133,49
"635",2021-11-25,32044,507,618,60,37.7,44,2,0,37,0,0,12,12,1,1701,39,1548,0.0219600009918213,6,0,2.18752133432042,1.70337425953887,40.435528616447,525.661872013811,44
"636",2021-11-26,32084,499,618,51,41.4,40,8,1,27,3,1,14,13,0,1704,35,1853,0.0221300005912781,40,0,2.16623830404851,1.81684935080285,37.2757607169015,517.188702792395,40
"637",2021-11-27,32113,498,618,43,40.4,29,6,0,18,2,1,15,14,0,1706,24,1818,0.0203500008583069,2,0,2.03276382200011,1.87127150990355,24.8209054038052,515.033787128957,29
"638",2021-11-28,32178,532,618,22,40,65,13,1,39,1,2,14,12,0,1707,52,1272,0.0117900002002716,46,0,1.13785130916127,1.69550952734754,53.9955975224474,542.185728498885,65
"639",2021-11-29,32228,538,618,26,39.3,50,7,0,35,1,2,15,13,0,1708,42,989,0.0161800003051758,16,0,1.59224082605163,1.70851311519831,43.1252602969454,552.414048565634,50
"640",2021-11-30,32296,569,618,61,44.1,68,6,1,49,2,2,16,14,0,1710,55,1907,0.0272699999809265,25,0,2.69171273103659,1.94680398494931,58.4910723894863,594.771276174868,68
"641",2021-12-01,32374,607,618,62,46.4,78,4,0,54,0,2,16,14,0,1710,58,1958,0.0194099998474121,72,0.0138900005817413,1.92142166222257,1.96139285554873,59.8751915021904,626.624848997062,78
"642",2021-12-02,32444,632,618,64,47,70,6,0,49,0,2,14,12,0,1710,55,2077,0.0245499992370605,19,0,2.43274563050452,1.99642489786074,57.2514087038031,657.870732741883,70
"643",2021-12-03,32536,693,618,59,48.1,92,7,0,69,1,2,11,9,0,1711,76,1911,0.0245900011062622,12,0,2.44365533614493,2.03605590244594,79.124989003198,721.494965516003,92
"644",2021-12-04,32590,714,618,70,52,54,2,0,45,0,2,11,9,0,1711,47,1446,0.0242000007629395,6,0.166669998168945,2.4788719760485,2.09978563873857,48.9604099844144,743.781547422806,54
"645",2021-12-05,32668,750,618,35,53.9,78,5,1,58,0,2,10,8,0,1711,63,1461,0.0246399998664856,10,0,2.44724947688208,2.28684251984155,66.5942614596982,780.884064996407,78
"646",2021-12-06,32777,811,618,69,60,109,4,3,82,0,2,9,7,0,1711,86,1178,0.0348000001907349,14,0,3.439127535628,2.55068347835246,93.9767025299966,857.931462230549,109
"647",2021-12-07,32875,857,618,70,61.3,98,4,2,72,2,1,10,9,0,1713,76,1905,0.0278200006484985,22,0.0454500007629395,2.80212772455497,2.56645704885508,81.583409736745,897.407659794612,98
"648",2021-12-08,32984,911,618,44,58.7,109,5,4,87,2,1,11,10,0,1715,92,2324,0.0249600005149841,13,0,2.48211558394622,2.64655618052989,99.842419509061,949.048306225594,109
"649",2021-12-09,33108,998,618,147,70.6,124,5,3,94,1,1,12,11,0,1716,99,1969,0.0304699993133545,15,0,3.02396313749975,2.73101582438635,107.037402314603,1048.78108595933,124
"650",2021-12-10,33277,1134,619,87,74.6,169,6,6,128,3,0,13,13,1,1719,134,2152,0.0399600005149841,23,0,3.95374349922969,2.94674270482703,148.914730923631,1209.44257363729,169
"651",2021-12-11,33405,1219,619,150,86,128,3,4,104,0,0,12,12,0,1719,107,1669,0.0437400007247925,12,0,4.34277580069475,3.21301467977649,118.818908607708,1308.0770989981,128
"652",2021-12-12,33590,1342,620,106,96.1,185,3,4,158,1,0,13,13,1,1720,161,1977,0.0364199995994568,14,0.0714300012588501,3.66661774112255,3.38721014609656,174.933137826374,1424.79671405586,185
"653",2021-12-13,33887,1577,620,100,100.6,297,5,9,262,1,0,14,14,0,1721,267,2090,0.0377999997138977,79,0.0126600003242493,3.68843427513425,3.42282539459745,292.570982569326,1674.87430528774,297
"654",2021-12-14,34194,1814,620,199,119,307,4,3,266,2,0,15,15,0,1723,270,2041,0.0494899988174438,12,0,4.9200724591526,3.7253889281114,295.352711506664,1964.17710619662,307
"655",2021-12-15,34520,2063,620,252,148.7,326,1,4,304,0,0,12,12,0,1723,305,2780,0.0460400009155273,20,0.05,4.60682866232735,4.02891936788013,332.642687918001,2222.91759073717,326
"656",2021-12-16,34931,2415,621,308,171.7,411,7,2,387,3,0,15,15,1,1726,394,2938,0.0871300029754639,58,0.0172399997711182,8.57769922325226,4.82231023727335,452.867218372422,2763.5642953538,411
"657",2021-12-17,35402,2815,621,355,210,471,7,9,430,2,0,17,17,0,1728,437,3115,0.102089996337891,10,0.1,10.208330834961,5.71582271380639,521.063899760461,3298.53518953249,471
"658",2021-12-18,35904,3270,621,308,232.6,502,23,15,435,1,0,17,17,0,1729,458,2673,0.0912800025939941,3,0,9.1177670752521,6.39796432445744,543.266597034474,3771.68509236404,502
"659",2021-12-19,36448,3749,621,402,274.9,544,21,9,494,1,0,18,18,0,1730,515,2673,0.0939000034332275,46,0.0217400002479553,9.26792016139842,7.19815038449685,604.312743725971,4333.64558491003,544
"660",2021-12-20,37356,4530,621,387,315.9,908,8,20,854,1,0,17,17,0,1731,862,2474,0.100240001678467,11,0,9.9796283361178,8.09689239320879,1026.74933704882,5290.68967149787,908
"661",2021-12-21,38212,5280,621,487,357,856,5,17,810,3,0,18,18,0,1734,815,2743,0.117749996185303,96,0.0208299994468689,11.4472673294535,9.02934880325178,988.983636000405,6297.02281973269,856
"662",2021-12-22,39032,5976,621,670,416.7,820,6,30,760,2,0,20,20,0,1736,766,4020,0.182089996337891,124,0.0161300003528595,17.7124011902045,10.9015734500914,1024.297502347,7757.0781645244,820
"663",2021-12-23,39889,6716,621,736,477.9,857,1,45,795,2,1,20,19,0,1738,796,3597,0.217959995269775,96,0.0104200005531311,21.2564966974948,12.712830232126,1125.70802415258,9118.13453543814,857
"664",2021-12-24,40653,7330,621,860,550,764,0,32,715,3,1,22,21,0,1741,715,3803,0.26636999130249,68,0.0735300016403198,26.2982463713488,15.0113895944671,1063.39366665644,10573.5882190094,764
"665",2021-12-25,41191,7744,622,504,578,538,0,32,498,3,1,22,21,1,1744,498,2656,0.250380001068115,57,0.035090000629425,24.5856768475043,17.2210909905032,736.018614316765,10947.6308218254,538
"666",2021-12-26,41964,8337,622,428,581.7,773,0,50,711,7,1,25,24,0,1751,711,2040,0.21863000869751,54,0.0185199999809265,21.34695786733,18.9466678056362,1016.38803328929,11331.6132679787,773
"667",2021-12-27,43055,9130,622,547,604.6,1091,1,57,1026,5,2,29,27,0,1756,1027,1898,0.272390003204346,183,0.0546400022506714,25.3241396681269,21.1387408530661,1521.62295437628,13020.4552808719,1091
"668",2021-12-28,44285,10060,622,872,659.6,1230,0,77,1147,7,1,35,34,0,1763,1147,2597,0.388139991760254,90,0.1,37.848885694134,24.910400619449,1954.48527501049,16466.871723283,1230
"669",2021-12-29,45652,11081,622,1240,741,1367,0,76,1284,5,4,39,35,0,1768,1284,3486,0.304360008239746,144,0.0347199988365173,29.3663545056808,26.5752510930885,1994.4684208236,16556.5020024504,1367
"670",2021-12-30,47056,12081,623,1339,827.1,1404,0,77,1324,11,5,45,40,1,1779,1324,3324,0.314680004119873,129,0.0542600011825562,30.4951020517523,27.8950518579824,2080.38042001923,18280.0897690728,1404
"671",2021-12-31,47936,12481,626,1339,895.6,880,0,65,814,13,5,53,48,3,1792,814,3305,0.357639999389648,182,0.0164800000190735,33.9833541148912,28.9929243927742,1344.46346257243,19617.9158186321,880
"672",2022-01-01,48355,12358,626,1178,991.9,419,0,60,358,17,6,69,63,0,1809,358,2500,0.400400009155273,169,0.118339996337891,38.2540083278114,30.9455431756752,648.438439061876,20312.6319271695,419
"673",2022-01-02,48941,12293,627,503,1002.6,586,0,73,513,9,5,74,69,1,1818,513,2226,0.312220001220703,64,0.0468800020217896,30.4804385522567,32.2503261306648,849.107680812048,18597.8396105702,586
"674",2022-01-03,49651,12030,627,569,1005.7,710,0,103,607,8,4,71,67,0,1826,607,1773,0.250990009307861,105,0.1428600025177,24.4944401899465,32.1317976337819,960.179176932577,16988.2462907725,710
"675",2022-01-04,50388,11831,629,804,996,737,0,102,635,12,4,78,74,2,1838,635,2135,0.333019981384277,300,0.146669998168945,31.006105121401,31.1542575519629,1068.29576969951,18003.5358288423,737
"676",2022-01-05,50995,11523,630,692,917.7,607,0,120,486,17,7,92,85,1,1855,486,2678,0.314409999847412,314,0.0541400003433228,28.7095568081274,31.0604293094552,840.778167000453,17089.5613546218,607
"677",2022-01-06,51585,11201,634,843,846.9,590,2,112,476,12,7,91,84,4,1867,478,2294,0.282040004730225,121,0.0743800020217896,27.1635507700113,30.5844934120637,808.478842450067,16320.6265989188,590
"678",2022-01-07,52127,11014,635,659,749.7,542,4,148,390,19,8,98,90,1,1886,394,2309,0.298400001525879,444,0.0427899980545044,25.7175576701582,29.4036653485304,712.498630223564,15780.1723687369,542
"679",2022-01-08,52536,10894,636,708,682.6,409,0,99,310,21,10,110,100,1,1907,310,2371,0.309150009155273,280,0.0964299964904785,28.6682410684454,28.0342700257638,558.540108569425,16149.1288475978,409
"680",2022-01-09,52891,10571,636,507,683.1,355,0,89,266,18,13,120,107,0,1925,266,1324,0.273409996032715,172,0.0581400012969971,24.865970252032,27.2322031257317,466.296625406728,14993.9948390019,355
"681",2022-01-10,53478,10131,637,410,660.4,587,0,145,442,14,14,122,108,1,1939,442,1342,0.175109996795654,126,0.0714300012588501,16.6211032601078,26.1074407071833,710.616677582929,12964.3949334675,587
"682",2022-01-11,53958,9422,640,602,631.6,480,1,115,363,15,9,125,116,3,1954,364,2155,0.292339992523193,415,0.101199998855591,26.1474974090487,25.413353891133,639.149822743419,13567.4165656277,480
"683",2022-01-12,54448,8542,643,484,601.9,490,1,154,335,17,9,124,115,3,1971,336,1537,0.297329998016357,163,0.208589992523193,28.882139748966,25.438008596967,653.291505247641,12693.2977316231,490
"684",2022-01-13,54853,7568,646,405,539.3,405,0,111,294,15,11,123,112,3,1986,294,2030,0.139409999847412,163,0.134969997406006,13.9079985986058,23.5443582867663,473.8029276969,9339.0903292862,405
"685",2022-01-14,55241,7053,648,435,507.3,388,0,98,290,20,15,134,119,2,2006,290,1747,0.215230007171631,275,0.167269992828369,20.8707255468171,22.8519536977175,489.842838455016,9529.8880676663,388
"686",2022-01-15,55547,6953,652,380,460.4,306,0,75,231,16,11,138,127,4,2022,231,1535,0.18371000289917,208,0.144230003356934,17.8998677652592,21.3136146544052,375.575566729572,9047.19443926716,306
"687",2022-01-16,55816,6648,657,386,443.1,269,0,60,209,12,14,140,126,5,2034,209,1342,0.225779991149902,85,0.188239994049072,22.3543901623924,20.9548174987424,347.614754541212,9148.62625928217,269
"688",2022-01-17,56110,6246,661,292,426.3,294,1,99,194,14,15,135,120,4,2048,195,890,0.177530002593994,182,0.0769199991226196,16.0448826631503,20.8725002706056,346.646088175507,7932.29470125239,294
"689",2022-01-18,56514,5894,663,205,369.6,404,2,114,288,17,16,132,116,2,2065,290,992,0.165319995880127,19,0.157889995574951,16.5180361848675,19.4968629528655,484.603028725377,7532.1870734737,404
"690",2022-01-19,56855,5625,667,499,371.7,341,0,98,243,23,21,138,117,4,2088,243,1678,0.213349990844727,286,0.0909099960327148,19.5520134166399,18.1639877625332,420.945258329928,7475.58468356315,341
"691",2022-01-20,57143,5329,670,483,382.9,288,0,91,197,18,19,136,117,3,2106,197,1739,0.20242000579834,158,0.221520004272461,20.4010833293812,19.0915712955011,355.62610990025,7158.33776476362,288
"692",2022-01-21,57423,5074,673,358,371.9,280,1,90,189,11,19,132,113,3,2117,190,1216,0.237660007476807,87,0.241380004882812,23.7908387963624,19.5087303311504,356.060347500537,7105.21159588276,280
"693",2022-01-22,57654,4873,676,389,373.1,231,0,48,183,12,21,128,107,3,2129,183,1256,0.1719700050354,93,0.204300003051758,17.4198833660694,19.4401611312662,284.640310440878,6301.35646326995,231
"694",2022-01-23,57862,4707,683,249,353.6,208,1,63,144,21,19,132,113,7,2150,145,954,0.22117000579834,120,0.075,20.4838161575062,19.1729362734253,257.977418733995,6329.37041366149,208
"695",2022-01-24,58168,4435,688,237,345.7,306,0,101,205,10,18,123,105,5,2160,205,907,0.1642799949646,70,0.314290008544922,17.5027897677622,19.3812087169413,366.374853152236,5741.15840843984,306
"696",2022-01-25,58438,4227,693,265,354.3,270,1,106,163,12,21,116,95,5,2172,164,1410,0.173050003051758,63,0.349210014343262,18.0584341620234,19.6012655708207,319.833212883566,5511.42067596848,270
"697",2022-01-26,58641,3967,697,389,338.6,203,0,72,131,10,22,115,93,4,2182,131,1305,0.194640007019043,270,0.1,17.8416005815779,19.3569208800975,242.327836737564,5157.94296441157,203
"698",2022-01-27,58822,3736,698,292,311.3,181,0,47,134,5,20,99,79,1,2187,134,1238,0.153470001220703,116,0.112069997787476,14.9923176702051,18.5842400716438,214.804033564017,4678.47663727738,181
"699",2022-01-28,59000,3529,700,227,292.6,178,0,45,133,3,19,88,69,2,2190,133,1038,0.178229999542236,125,0.0719999980926514,16.6812329567001,17.5685820945492,215.331439651998,4519.54624460076,178
"700",2022-01-29,59152,3355,703,197,265.1,152,0,33,119,8,17,88,71,3,2198,119,890,0.13371000289917,81,0.061729998588562,12.7705491725988,16.904391495482,177.571222144175,4075.93655708997,152
"701",2022-01-30,59324,3270,703,190,256.7,172,0,36,136,3,16,83,67,0,2201,136,689,0.164009990692139,110,0.0363599991798401,14.643614955778,16.0700770380922,205.510596560173,4075.73272611592,172
"702",2022-01-31,59531,3179,706,224,254.9,207,0,28,179,5,17,78,61,3,2206,179,809,0.100120000839233,53,0.132080001831055,10.2085058904855,15.0280364841956,237.747525101143,3725.06917484098,209
"703",2022-02-01,59723,2987,710,274,256.1,192,0,45,147,2,13,64,51,4,2208,147,1306,0.108730001449585,101,0,10.0924933825983,13.8900449442777,216.963803654466,3494.257697387,194
"704",2022-02-02,59859,2804,713,274,239.7,136,0,26,110,9,14,65,51,3,2217,110,1036,0.137069997787476,197,0.0558400011062622,12.4091644708645,13.1139826427472,158.968370014776,3389.48463201301,140
"705",2022-02-03,59991,2664,715,205,227.3,132,0,16,116,6,13,61,48,2,2223,116,954,0.142559995651245,129,0.0465100002288818,13.1119137470742,12.8453535108713,157.592871902492,3251.75354093309,138
"706",2022-02-04,60124,2543,720,186,221.4,133,0,11,122,5,13,58,45,5,2228,122,915,0.102729997634888,82,0.0365899991989136,9.72901983653294,11.8521802079903,152.972106331993,2959.30382296934,141
"707",2022-02-05,60227,2434,725,146,214.1,103,0,7,96,5,13,53,40,5,2233,96,826,0.121070003509521,113,0.0796500015258789,11.6085487828848,11.6861801523169,121.751849719225,2909.43752308952,113
"708",2022-02-06,60315,2306,728,138,206.7,88,0,4,84,3,10,47,37,3,2236,84,641,0.141969995498657,114,0.0175399994850159,12.3181890140306,11.353976446353,105.410895137176,2783.97052602771,101
"709",2022-02-07,60444,2114,729,166,198.4,129,0,5,124,4,8,44,36,1,2240,124,685,0.0875899982452393,27,0.037039999961853,8.56730741530322,11.1195195213269,146.875614733019,2418.7503995613,143
"710",2022-02-08,60532,1928,730,214,189.9,88,0,5,83,2,7,42,35,1,2242,83,917,0.130860004425049,114,0.00876999974250793,11.7360236690995,11.3543095622557,104.390568574361,2308.73513507673,109
"711",2022-02-09,60601,1759,733,175,175.7,69,0,4,65,4,7,35,28,3,2246,65,746,0.0951700019836426,83,0.0361400008201599,8.92598812398922,10.8567129412735,78.7625801259012,2023.19043756093,92
"712",2022-02-10,60655,1635,736,183,172.6,54,0,3,51,0,6,30,24,3,2246,51,849,0.0977600002288818,41,0.121949996948242,9.88743708642681,10.3960734183239,62.4849416337239,1907.01724649291,82
"713",2022-02-11,60707,1529,736,112,162,52,0,6,46,1,5,27,22,0,2247,46,681,0.0881099987030029,59,0.0169500005245209,8.24364312806645,10.1838767456858,58.3807534560215,1741.09069639689,101
"714",2022-02-12,60718,1410,736,133,160.1,11,0,1,10,4,5,31,26,0,2251,10,503,0.129219999313354,45,0,11.8608867982878,10.2199250336005,12.9957774486756,1691.40462026327,64
"715",2022-02-13,60718,1262,736,90,153.3,0,0,0,0,0,5,31,26,0,2251,0,237,0.135019998550415,28,0.0357100009918213,12.4526866732903,10.2391389849233,0,1526.4340433875,94
