"","date","observed_cumulative_cases","observed_active_cases","observed_cumulative_deaths","observed_new_cases","observed_daily_average_cases","observed_new_episodes","observed_new_cases_community_outbreak","observed_new_cases_institution_outbreak","observed_new_cases_sporadic","observed_new_ICU_p_acute_care","observed_census_ICU","observed_census_ICU_p_acute_care","observed_census_acute_care","observed_new_deaths","cumulative_hosp","observed_new_community_cases","num_non_ltch_tests","non_ltch_pct_positivity","num_ltch_tests","ltch_pct_positivity","observed_pct_positivity","pct_positivity_7_day","adjusted_new_episodes","adjusted_active_cases","adjusted_episode_cases"
"1",2020-03-01,7,7,0,0,0,2,0,0,2,0,0,1,1,0,0,2,NA,NA,NA,NA,NA,NA,NA,NA,2
"2",2020-03-02,10,10,0,0,0,3,2,0,1,0,0,1,1,0,0,3,NA,NA,NA,NA,NA,NA,NA,NA,3
"3",2020-03-03,11,11,0,0,0,1,0,0,1,0,0,1,1,0,0,1,NA,NA,NA,NA,NA,NA,NA,NA,1
"4",2020-03-04,12,12,0,0,0,1,0,0,1,0,0,1,1,0,0,1,NA,NA,NA,NA,NA,NA,NA,NA,1
"5",2020-03-05,18,18,0,0,0,6,2,0,4,0,0,1,1,0,0,6,NA,NA,NA,NA,NA,NA,NA,NA,6
"6",2020-03-06,23,23,0,0,0,5,0,1,4,0,0,1,1,0,0,4,NA,NA,NA,NA,NA,NA,NA,NA,5
"7",2020-03-07,27,27,0,0,0,4,0,0,4,0,0,1,1,0,0,4,NA,NA,NA,NA,NA,NA,NA,NA,4
"8",2020-03-08,36,36,0,0,0,9,1,0,8,0,0,1,1,0,0,9,NA,NA,NA,NA,NA,NA,NA,NA,9
"9",2020-03-09,45,45,0,1,0.1,9,0,0,9,0,0,1,1,0,0,9,NA,NA,NA,NA,NA,NA,NA,NA,9
"10",2020-03-10,52,52,0,0,0.1,7,1,0,6,0,0,1,1,0,0,7,NA,NA,NA,NA,NA,NA,NA,NA,7
"11",2020-03-11,61,61,0,0,0.1,9,0,0,9,0,0,1,1,0,0,9,NA,NA,NA,NA,NA,NA,NA,NA,9
"12",2020-03-12,75,75,0,3,0.6,14,1,0,13,0,0,1,1,0,0,14,NA,NA,NA,NA,NA,NA,NA,NA,14
"13",2020-03-13,97,97,0,1,0.7,22,2,2,18,0,0,1,1,0,0,20,NA,NA,NA,NA,NA,NA,NA,NA,22
"14",2020-03-14,115,115,0,4,1.3,18,1,1,16,1,0,2,2,0,1,17,NA,NA,NA,NA,NA,NA,NA,NA,18
"15",2020-03-15,142,142,0,4,1.9,27,1,0,26,0,0,2,2,0,1,27,NA,NA,NA,NA,NA,NA,NA,NA,27
"16",2020-03-16,157,157,0,0,1.7,15,0,0,15,0,0,2,2,0,1,15,NA,NA,NA,NA,NA,NA,NA,NA,15
"17",2020-03-17,180,179,0,5,2.4,23,1,0,22,2,0,4,4,0,3,23,127,0,4,0,0,0,23,179,23
"18",2020-03-18,196,194,0,4,3,16,0,0,16,0,0,3,3,0,3,16,210,0.0190499997138977,1,0,1.89597153550641,0.947985767753204,15.6726725239451,190.031154352834,16
"19",2020-03-19,221,219,0,1,2.7,25,0,0,25,4,0,7,7,0,7,25,110,0.0272699999809265,9,0,2.52075630075791,1.47224261208811,24.3200115496325,213.043301174781,25
"20",2020-03-20,243,241,0,2,2.9,22,1,1,20,3,1,10,9,0,10,21,137,0.00730000019073486,4,0,0.709290798674238,1.28150465873464,21.8392783853161,239.155528136247,22
"21",2020-03-21,263,261,0,4,2.9,20,0,2,18,3,1,10,9,0,13,18,204,0.0147099995613098,3,0,1.44968111618705,1.31513995022512,19.7184369551681,256.917335849938,20
"22",2020-03-22,289,287,0,7,3.3,26,0,1,25,3,5,13,8,0,16,25,159,0.0314499998092651,2,0,3.10593165818208,1.61360523488462,25.1621571452348,277.381564027295,26
"23",2020-03-23,310,308,0,9,4.6,21,1,0,20,4,5,17,12,0,20,21,138,0.0362299990653992,3,0,3.54591480214545,1.88964945877902,20.1965141045147,296.21554019955,21
"24",2020-03-24,328,324,1,8,5,18,1,3,14,3,7,20,13,1,23,15,253,0.0197599995136261,4,0,1.94524508830638,2.16754161425136,17.6851553973421,317.19935658259,18
"25",2020-03-25,351,347,1,8,5.6,23,0,1,22,4,8,23,15,0,27,22,153,0.0588199996948242,2,0,5.80610319568265,2.7261318514194,21.6217179582586,325.260733250715,23
"26",2020-03-26,365,357,1,19,8.1,14,1,3,10,2,7,25,18,0,29,11,274,0.025550000667572,3,0,2.5273285858898,2.72707074929538,13.7000250007525,347.264447751695,14
"27",2020-03-27,382,365,1,27,11.7,17,3,2,12,5,9,26,17,0,34,15,577,0.0294600009918213,4,0,2.92571782655437,3.04370318184968,16.5264625151206,353.477254534602,17
"28",2020-03-28,407,387,2,26,14.9,25,1,1,23,3,8,25,17,1,37,24,367,0.0817399978637695,3,0,8.10772411243336,3.99485218131344,22.9003791824619,353.143614317198,25
"29",2020-03-29,426,399,2,11,15.4,19,5,4,10,7,8,31,23,0,44,15,184,0.0434800004959106,0,0,4.34800004959107,4.1722905229433,18.296261249444,380.280549235211,19
"30",2020-03-30,451,408,3,48,21,25,8,3,14,4,12,32,20,1,48,22,549,0.0783199977874756,0,0,7.83199977874756,4.7845883767436,23.1408004160179,373.520298624332,25
"31",2020-03-31,468,405,3,51,27.1,17,2,3,12,6,13,34,21,0,54,14,943,0.064689998626709,0,0,6.4689998626709,5.43083905879567,16.0227721312034,376.730193795528,17
"32",2020-04-01,495,408,3,37,31.3,27,6,4,16,3,15,33,18,0,57,22,575,0.0573899984359741,4,0.25,5.87206374795943,5.44026199483521,24.6060599098908,382.148747419793,27
"33",2020-04-02,512,404,6,32,33.1,17,5,4,7,6,14,34,20,3,63,12,107,0.0841100025177002,9,0,7.75842264602924,6.1875611462837,14.9954181054409,370.17907621651,17
"34",2020-04-03,540,410,6,26,33,28,3,4,20,5,14,37,23,0,68,23,217,0.110600004196167,2,0,10.9589958495745,7.33517229242944,24.2802482513492,361.5174688284,28
"35",2020-04-04,557,417,7,18,31.9,17,3,7,6,7,14,43,29,1,75,9,315,0.0253999996185303,3,0,2.51603769806196,6.53635994751924,15.7556623911052,405.679024121208,17
"36",2020-04-05,584,428,8,40,36,27,4,8,13,4,13,43,30,1,79,17,422,0.0663500022888184,5,0.2,6.79149905524153,6.88543123404074,23.7542088763349,396.635376415961,27
"37",2020-04-06,603,428,9,40,34.9,19,3,7,9,4,12,44,32,1,83,12,238,0.117650003433228,4,0.25,11.9837606682265,7.47853993253773,17.4483097215397,372.656380068248,19
"38",2020-04-07,626,426,9,25,31.1,23,2,11,10,4,14,45,31,0,87,12,285,0.108769998550415,6,0,10.6527318167932,8.07621592598378,21.6206549966414,377.033252380771,23
"39",2020-04-08,646,429,11,26,29.6,20,1,10,8,5,16,44,28,2,92,9,368,0.0434800004959106,6,0.333330001831055,4.81300005173301,7.92492111223715,18.5325996406347,406.720582870252,20
"40",2020-04-09,682,437,11,25,28.6,36,1,20,13,6,16,47,31,0,98,14,295,0.0949199962615967,5,0,9.33379963239034,8.14997496743159,32.590006289045,392.988053450904,36
"41",2020-04-10,716,454,11,37,30.1,34,0,20,13,4,16,49,33,0,102,13,331,0.090629997253418,8,0,8.84912362562872,7.84856464972504,31.7587070725814,410.650231611689,34
"42",2020-04-11,760,484,11,31,32,44,0,34,8,6,19,54,35,0,108,8,225,0.102220001220703,11,0.363639984130859,11.4404830932617,9.12348542046786,41.0124365303917,424.252410088698,44
"43",2020-04-12,793,499,13,35,31.3,33,0,18,14,1,18,50,32,2,109,14,227,0.101319999694824,12,0.5,12.1337405567887,9.88666277783175,30.1670382320977,433.66800555834,33
"44",2020-04-13,817,506,16,16,27.9,24,0,19,5,3,20,52,32,3,112,5,165,0.0606099987030029,26,0.0384599995613098,5.75948155737672,8.99748004771035,23.6892693722163,474.554060468294,24
"45",2020-04-14,850,506,18,32,28.9,33,0,26,7,5,20,51,31,2,117,7,208,0.0673099994659424,18,0.166669998168945,7.52236276812258,8.55028446932883,32.4318238760039,464.928983036855,33
"46",2020-04-15,879,504,24,60,33.7,29,3,17,9,4,16,51,35,6,121,12,390,0.1,24,0.208330001831055,10.6280000106148,9.38099874916909,27.623857338901,446.20200823384,29
"47",2020-04-16,949,553,24,21,33.1,70,1,55,13,7,13,53,40,0,128,14,310,0.0354800009727478,11,0,3.42641753942424,8.5370870216025,68.4823943761414,532.554577857587,70
"48",2020-04-17,981,557,26,73,38.3,32,0,26,6,0,13,49,36,2,128,6,378,0.0846599960327148,66,0.5,14.6399726352176,9.36435116582949,31.0521880466445,469.011456996834,32
"49",2020-04-18,1021,579,31,31,38.3,40,1,30,9,1,11,46,35,5,129,10,421,0.0617600011825562,8,0,6.06082995288022,8.59582928863213,39.3460225621397,541.134706347888,40
"50",2020-04-19,1038,582,35,38,38.7,17,0,13,4,5,15,47,32,4,134,4,452,0.0442500019073486,47,0.127659997940063,5.21062540386865,7.60681283821498,16.7751046323514,549.277724007127,17
"51",2020-04-20,1099,618,39,16,38.7,61,1,47,13,3,13,45,32,4,137,14,325,0.0523099994659424,43,0.0232599997520447,4.89155701515467,7.48282361789754,60.2610657074519,585.381329086091,61
"52",2020-04-21,1135,631,47,51,41.4,36,0,26,10,2,11,43,32,8,139,10,543,0.069980001449585,25,0.36,8.27449661745152,7.59027131065882,35.1071628573091,574.661976296207,36
"53",2020-04-22,1176,647,54,35,37.9,41,1,31,9,4,9,45,36,7,143,10,656,0.0243899989128113,122,0.106560001373291,3.7275269221524,6.60448944087848,40.597791304977,620.977097432009,41
"54",2020-04-23,1221,662,57,50,42,45,0,35,10,5,11,48,37,3,148,10,775,0.0361299991607666,105,0.0285700011253357,3.522795394063,6.61825770582687,44.6198823059174,636.836208651734,45
"55",2020-04-24,1262,669,65,38,37,41,0,36,5,7,10,48,38,8,155,5,517,0.0406199979782104,94,0.106379995346069,5.07369206501887,5.25164619579848,40.7262685009339,632.374725424956,41
"56",2020-04-25,1363,741,78,53,40.1,101,0,95,6,4,9,48,39,13,159,6,557,0.0502699995040894,28,0.0357100009918213,4.95731106864081,5.09400064090713,100.67905686681,701.363523051064,101
"57",2020-04-26,1417,760,87,88,47.3,54,0,41,13,5,9,50,41,9,164,13,358,0.0502799987792969,81,0.0123500001430511,4.32815252268233,4.96793308645194,53.3928771545654,724.506664420744,54
"58",2020-04-27,1478,784,95,87,57.4,61,0,54,7,8,11,56,45,8,172,7,269,0.0632000017166138,80,0.1,7.16355314090805,5.29250396155957,60.4589253425946,723.399638370596,61
"59",2020-04-28,1499,780,103,65,59.4,21,0,14,7,7,13,61,48,8,179,7,503,0.0616300010681152,11,0.272730007171631,6.61477054788909,5.05540023733637,20.5003757719649,724.327586018949,21
"60",2020-04-29,1524,769,111,29,58.6,25,0,17,8,7,13,62,49,8,186,8,668,0.0314400005340576,74,0.148649997711182,4.31294072606172,5.13903078075198,24.6276990514366,733.212571319347,25
"61",2020-04-30,1544,759,122,30,55.7,20,0,10,10,2,11,56,45,11,188,10,603,0.0414599990844727,6,0.333330001831055,4.43355656139956,5.26913951894292,19.5216090893204,722.690129879415,20
"62",2020-05-01,1567,742,135,42,56.3,23,0,16,7,6,11,57,46,13,194,7,516,0.031010000705719,55,0.0909099960327148,3.67797025323123,5.06975068868754,22.7221970081649,712.552882865474,23
"63",2020-05-02,1588,743,139,22,51.9,21,0,15,6,4,12,57,45,4,198,6,508,0.0511800003051758,28,0.0357100009918213,5.03718660126871,5.08116147906296,20.6738856150264,702.616168660768,21
"64",2020-05-03,1607,724,148,23,42.6,19,0,13,6,3,12,52,40,9,201,6,826,0.0205800008773804,231,0.0043299999833107,1.70286761786764,4.70612077837514,18.8897540095591,710.696983820134,19
"65",2020-05-04,1625,721,152,14,32.1,18,0,11,7,6,10,52,42,4,207,7,637,0.0109899997711182,24,0.125,1.51295459216373,3.89889241426881,17.8857241132267,709.22958366235,18
"66",2020-05-05,1650,721,156,29,27,25,0,24,1,3,9,50,41,4,210,1,923,0.0292499995231628,29,0.172409992218018,3.36109656871868,3.4340818458159,24.963732997964,694.851491532019,25
"67",2020-05-06,1666,694,161,23,26.1,16,0,11,5,4,10,52,42,5,214,5,598,0.0167200005054474,149,0.0134200000762939,1.60617674881196,3.04740127763736,15.9133449244489,681.972275513502,16
"68",2020-05-07,1689,672,167,32,26.4,23,0,16,7,6,10,54,44,6,220,7,813,0.0356699991226196,234,0.0128199994564056,3.05631224063884,2.85065208895726,22.7691518348508,649.838576145675,23
"69",2020-05-08,1702,639,173,16,22.7,13,0,8,5,4,8,54,46,6,224,5,715,0.00978999972343445,127,0.0472399997711182,1.54386339349022,2.54577968042283,12.9167068013514,628.355129212711,13
"70",2020-05-09,1719,623,179,12,21.3,17,0,12,5,5,6,51,45,6,229,5,1100,0.0154499995708466,164,0.0304900002479553,1.74013920637626,2.0747729097239,16.9061174964028,611.302240051793,17
"71",2020-05-10,1731,554,185,25,21.6,12,0,8,4,3,5,52,47,6,232,4,907,0.0176400005817413,316,0.0126600003242493,1.6353262984548,2.06512414980778,11.9294178182827,544.224367832159,12
"72",2020-05-11,1751,535,188,14,21.6,20,0,14,6,1,5,51,46,3,233,6,517,0.00967000007629394,197,0.0152300000190735,1.12040616851561,2.00904580357234,19.9274633644753,528.532149999048,20
"73",2020-05-12,1774,518,193,13,19.3,23,0,17,6,4,6,51,45,5,237,6,835,0.0131700003147125,322,0.00310999989509583,1.03702422031165,1.67703546808562,22.9328616264237,512.203720414577,23
"74",2020-05-13,1795,500,195,21,19,21,0,15,6,2,7,47,40,2,239,6,1249,0.0144099998474121,224,0.0133899998664856,1.42548878340193,1.65122290159847,20.9077118966034,492.309324716949,21
"75",2020-05-14,1809,472,198,25,18,14,0,10,4,2,6,45,39,3,241,4,1046,0.0267700004577637,127,0.0236199998855591,2.6428951802461,1.59216332154237,13.8859302219697,458.539766192428,14
"76",2020-05-15,1829,458,201,17,18.1,20,0,12,8,1,5,44,39,3,242,8,1163,0.012039999961853,137,0.0146000003814697,1.23097846214588,1.54746547420746,19.8937396829155,451.916596846912,20
"77",2020-05-16,1845,438,207,19,19.1,16,0,6,10,1,4,42,38,6,243,10,967,0.0134399998188019,25,0.04,1.4109354662078,1.50043636846911,15.8477568306073,431.331749180599,16
"78",2020-05-17,1857,398,212,15,17.7,12,0,9,3,1,2,42,40,5,244,3,353,0.0254999995231628,10,0.1,2.7552341134095,1.66042319917693,11.910811177997,386.167616280936,12
"79",2020-05-18,1872,390,213,26,19.4,15,0,8,7,2,1,43,42,1,246,7,376,0.0398900008201599,17,0.0588199996948242,4.07088557333133,2.08192025700774,14.6925194838929,372.868942674035,15
"80",2020-05-19,1884,353,219,23,20.9,12,0,8,4,0,1,40,39,6,246,4,359,0.0390000009536743,31,0.225809993743896,5.38490003805894,2.70304537382879,11.7675827794278,332.489180284499,12
"81",2020-05-20,1899,339,223,17,20.3,15,0,9,6,3,1,41,40,4,249,6,675,0.0296300005912781,36,0.0555600023269653,3.0942912071566,2.94144572007945,14.7996713336574,327.681430351641,15
"82",2020-05-21,1907,325,229,11,18.3,8,0,1,7,0,1,38,37,6,249,7,478,0.0209200000762939,36,0,1.94547860631683,2.8418147809467,7.85305488076983,318.177548035742,8
"83",2020-05-22,1914,309,233,7,16.9,7,0,3,4,1,1,36,35,4,250,4,514,0.00583999991416931,14,0,0.568515143159664,2.74717716394867,6.97546236541207,307.104467728083,7
"84",2020-05-23,1923,305,236,6,15,9,1,3,5,1,0,35,35,3,251,6,582,0.00859000027179718,43,0,0.799900825309753,2.65988650096323,8.9482133209796,302.36751048313,9
"85",2020-05-24,1933,302,237,8,14,10,0,3,7,1,1,36,35,1,252,7,332,0.0150600004196167,25,0.04,1.68064989896716,2.50637447032861,9.87305781775958,296.523351566199,10
"86",2020-05-25,1948,298,240,6,11.1,15,1,7,7,0,1,35,34,3,252,8,401,0.0174600005149841,8,0,1.71184846124906,2.16936916860257,14.8522301032174,292.495571344847,15
"87",2020-05-26,1954,288,243,16,10.1,6,0,2,4,1,1,35,34,3,253,4,1123,0.00800999999046326,41,0.0731699991226196,1.03051545990701,1.54731422886658,5.95552200834639,284.79758460094,6
"88",2020-05-27,1959,261,243,8,8.9,5,0,1,4,1,1,33,32,0,254,4,1150,0.00957000017166138,13,0.0769199991226196,1.03228376491871,1.25274173711831,4.95544568668154,258.092831055971,5
"89",2020-05-28,1963,236,244,4,7.9,4,0,2,2,1,1,31,30,1,255,2,1403,0.00284999996423721,88,0,0.268179071081476,1.01312751779898,3.99421257276125,235.317083585828,4
"90",2020-05-29,1970,226,247,7,7.9,7,0,3,4,2,1,32,31,3,257,4,1380,0.0065200001001358,37,0,0.634975309681539,1.0226218273021,6.97259388371833,224.451554430086,7
"91",2020-05-30,1973,208,248,15,9.1,3,1,1,1,0,1,31,30,1,257,2,1020,0.0127499997615814,119,0,1.1417910234252,1.07146328417574,2.97535962652387,205.437401158482,3
"92",2020-05-31,1977,193,249,10,9.4,4,0,1,3,3,1,34,33,1,260,3,1309,0.00535000026226044,11,0.0909099960327148,0.606300022701422,0.917984730423489,3.98037365153765,191.737371582255,4
"93",2020-06-01,1988,184,250,5,9.3,11,0,5,6,0,1,31,30,1,260,6,763,0.00130999997258186,20,0,0.127653892602805,0.691671220616882,10.9917355115125,183.746555686383,11
"94",2020-06-02,1991,165,251,8,8.1,3,0,1,2,0,1,26,25,1,260,2,858,0.0104900002479553,9,0,1.03811075118174,0.692756262227556,2.97759709430718,163.151760280342,3
"95",2020-06-03,2001,156,251,8,8.1,10,0,7,3,0,0,22,22,0,260,3,1110,0.00449999988079071,141,0,0.399280564962245,0.602327233662347,9.98707501367512,155.327900711106,10
"96",2020-06-04,2008,146,254,8,8.7,7,0,2,5,0,0,20,20,3,260,5,1430,0.00559000015258789,21,0,0.550909732474203,0.642717328147022,6.97027778883942,145.132111434111,7
"97",2020-06-05,2012,137,256,15,9.9,4,0,1,3,1,0,21,21,2,261,3,1366,0.00952000021934509,29,0,0.932209340474939,0.685179332546079,3.96982374291444,135.621950926426,4
"98",2020-06-06,2015,128,257,2,8,3,0,0,3,0,0,21,21,1,261,3,1404,0.000710000023245811,68,0,0.0677201109128478,0.5317406307586,2.99780785346376,127.906468414454,3
"99",2020-06-07,2016,118,258,4,7.1,1,0,0,1,0,0,20,20,1,261,1,870,0.00230000004172325,22,0,0.22432735832951,0.477173107276898,0.997579456408069,117.714375856152,1
"100",2020-06-08,2019,110,258,0,6.4,3,0,0,3,0,0,19,19,0,261,3,701,0.0014300000667572,12,0,0.140593274445554,0.479021590397291,2.99544889907238,109.833126299321,3
"101",2020-06-09,2029,107,259,3,5.7,10,0,3,7,0,0,18,18,1,261,7,1338,0.00224000006914139,10,0,0.222338285794598,0.362482666770557,9.98320643269505,106.743298328339,10
"102",2020-06-10,2039,105,259,7,5.6,10,0,4,6,0,0,17,17,0,261,6,1281,0.00233999997377396,12,0,0.231828303666236,0.338560915156841,9.98499111693608,104.737344546381,10
"103",2020-06-11,2046,104,260,5,5.1,7,0,2,5,0,0,16,16,1,261,5,1529,0.00326999992132187,6,0,0.325721816267175,0.306391212841551,6.98242693488238,103.634480245553,7
"104",2020-06-12,2050,107,260,10,4.4,4,0,2,2,0,0,16,16,0,261,2,1596,0.00814999997615814,13,0,0.808415162333648,0.288706330249938,3.98255403036546,106.066640624552,4
"105",2020-06-13,2053,105,260,6,5,3,0,3,0,0,0,16,16,0,261,0,1479,0.00270000010728836,23,0.0434800004959106,0.332446083228058,0.326524326294968,3,104.623347212514,3
"106",2020-06-14,2056,102,260,1,4.6,3,0,1,2,0,0,16,16,0,261,2,768,0,13,0,0,0.294477560819324,3,102,3
"107",2020-06-15,2061,100,260,2,4.9,5,0,2,3,0,0,14,14,0,261,3,720,0.00555999994277954,17,0,0.543175028331244,0.351989239945851,4.98241705099304,99.4139016997681,5
"108",2020-06-16,2065,99,260,3,4.9,4,0,1,3,1,0,14,14,0,262,3,1250,0.000799999982118607,14,0,0.0791139222822989,0.331528616586951,3.99743902795844,98.9154879226285,4
"109",2020-06-17,2068,89,260,8,5,3,0,0,3,1,1,6,5,0,263,3,1098,0.0091100001335144,26,0,0.889927059305944,0.425542724535481,2.97119244941771,88.1453759993922,3
"110",2020-06-18,2070,75,260,2,4.6,2,0,0,2,0,1,6,5,0,263,2,1304,0.00230000004172325,122,0,0.210322584460527,0.409057119991674,1.99546114225349,74.8297928345058,2
"111",2020-06-19,2073,73,260,5,3.9,3,0,0,3,0,1,5,4,0,263,3,1875,0.0010700000077486,19,0,0.105926611115556,0.308701612674804,2.99657108279177,72.9165630145998,3
"112",2020-06-20,2079,73,261,1,3.1,6,0,0,6,1,1,5,4,1,264,6,1792,0.000560000017285347,158,0,0.0514625656910432,0.268561110169516,5.99666824275375,72.9594636201706,6
"113",2020-06-21,2085,77,261,1,3.1,6,0,0,6,0,1,4,3,0,264,6,1102,0.00363000005483627,86,0,0.336722227308887,0.316664285499357,5.97820014012621,76.7202351316197,6
"114",2020-06-22,2087,76,262,6,3.7,2,0,1,1,0,1,1,0,1,264,1,509,0.0039300000667572,10,0,0.385427752211834,0.294128960339441,1.99584114624843,75.6839271148805,2
"115",2020-06-23,2096,81,262,4,3.9,9,0,0,9,0,1,1,0,0,264,9,1255,0.00158999994397163,20,0,0.156505876837992,0.305184953847398,8.98480139158724,80.8632125242852,9
"116",2020-06-24,2098,75,263,3,3.1,2,0,0,2,1,1,2,1,1,265,2,1733,0.00289000004529953,24,0,0.285052366448724,0.218774283439223,1.99384843931556,74.7693164743334,2
"117",2020-06-25,2104,73,263,6,3.7,6,0,0,6,0,1,2,1,0,265,6,1796,0.00277999997138977,21,0.0476200008392334,0.32982388366758,0.235845897611659,5.97864674837641,72.7402021052463,6
"118",2020-06-26,2108,67,263,6,3.9,4,0,0,4,0,1,2,1,0,265,4,2028,0.00196999996900558,23,0,0.194790830674955,0.248540786120145,3.99159264923426,66.8591768746738,4
"119",2020-06-27,2111,69,263,3,4.1,3,0,0,3,0,1,1,0,0,265,3,1574,0.000640000030398369,80,0,0.0609044768952257,0.249889630577885,2.9980284802215,68.9546550450944,3
"120",2020-06-28,2113,68,263,2,4.3,2,0,0,2,0,1,1,0,0,265,2,880,0.00114000000059605,12,0,0.112466367771807,0.217853079215445,1.99757292424923,67.9174794244738,2
"121",2020-06-29,2117,69,263,1,3.6,4,0,0,4,2,1,3,2,0,267,4,854,0.00351000010967255,8,0,0.347742470262222,0.212469467508358,3.9849911162989,68.741096756156,4
"122",2020-06-30,2120,68,263,10,4.4,3,0,0,3,0,1,3,2,0,267,3,1605,0.00435999989509583,11,0,0.433032167798812,0.251973223359904,2.98598245109285,67.6822688914378,3
"123",2020-07-01,2122,67,263,4,4.6,2,0,0,2,0,2,3,1,0,267,2,1601,0.00312000006437302,15,0,0.309103966773589,0.255409166263456,1.99332939475964,66.776534724448,2
"124",2020-07-02,2128,66,263,4,4.3,6,0,1,5,0,1,3,2,0,267,5,1012,0.00197999998927116,12,0,0.195679686439689,0.236245709516614,5.98944285675609,65.8606457091803,6
"125",2020-07-03,2136,74,263,4,4,8,0,0,8,0,1,3,2,0,267,8,1334,0.00300000011920929,14,0,0.296884284794154,0.2508304886765,7.9743724043842,73.7629447405539,8
"126",2020-07-04,2139,74,263,4,4.1,3,0,0,3,0,1,3,2,0,267,3,1257,0.00317999988794327,40,0,0.308192741645697,0.286157383640853,2.99002358912316,73.7539151983713,3
"127",2020-07-05,2141,71,263,5,4.6,2,0,0,2,0,1,2,1,0,267,2,734,0.00272000014781952,47,0,0.255631255889824,0.306609510514855,1.99448336036274,70.8041592928772,2
"128",2020-07-06,2147,71,263,0,4.4,6,0,1,5,0,1,2,1,0,267,5,602,0,10,0,0,0.256932014763109,6,71,6
"129",2020-07-07,2154,72,263,6,3.9,7,0,1,6,0,1,1,0,0,267,6,1272,0.0039300000667572,21,0,0.386617175940848,0.250301301640543,6.9749698725633,71.6996384707596,7
"130",2020-07-08,2167,78,263,5,4,13,0,1,12,0,1,1,0,0,267,12,1684,0.00296999990940094,39,0,0.29027741424441,0.247611794136374,12.9624140823395,77.7556915352065,13
"131",2020-07-09,2175,82,263,5,4.1,8,0,0,8,1,0,2,2,0,268,8,1504,0.00266000002622604,41,0,0.258941102876632,0.256649139341652,7.97764772939251,81.7708892262732,8
"132",2020-07-10,2191,95,263,12,5.3,16,0,0,16,0,0,2,2,0,268,16,1900,0.00684000015258789,14,0.0714300012588501,0.73124453017455,0.318700602967423,15.8737552637482,94.2504218785047,16
"133",2020-07-11,2198,100,263,7,5.7,7,0,0,7,1,1,2,1,0,269,7,1571,0.00381999999284744,25,0,0.376016290022765,0.328389681307004,6.97159888657193,99.5942698081705,7
"134",2020-07-12,2221,120,263,9,6.3,23,0,2,21,1,1,3,2,0,270,21,1068,0.00842999994754791,13,0,0.832862159480219,0.410851238962775,22.811277756132,118.921587177897,23
"135",2020-07-13,2244,138,263,6,7.1,23,0,2,21,0,0,3,3,0,270,21,808,0.00619000017642975,65,0,0.572911814725686,0.492695783923587,22.8701811554495,137.146904735811,23
"136",2020-07-14,2263,148,263,4,6.9,19,0,2,17,1,0,4,4,0,271,17,1406,0.00356000006198883,66,0,0.340038049399205,0.486041622989067,18.9376254961969,147.456974908067,19
"137",2020-07-15,2284,168,263,15,8.3,21,0,0,21,1,0,5,5,0,272,21,1404,0.00782999992370606,46,0,0.758159992612641,0.552881991327386,20.8282048795372,166.625639036297,21
"138",2020-07-16,2306,186,263,7,8.6,22,0,1,21,0,0,5,5,0,272,21,1695,0.00708000004291534,25,0.04,0.75584884143846,0.623868811121932,21.8287285744014,184.483024516127,22
"139",2020-07-17,2336,213,263,17,9.3,30,0,0,29,0,1,5,4,0,272,29,1787,0.00726999998092651,21,0,0.718555860946664,0.622056144089377,28.7751519113374,211.348529555685,30
"140",2020-07-18,2362,232,263,16,10.6,26,0,0,24,2,1,6,5,0,274,24,1551,0.00708999991416931,81,0,0.673810653607635,0.664598196030073,23.8255062881057,230.313227451688,26
"141",2020-07-19,2380,250,263,28,13.3,18,0,0,18,0,1,6,5,0,274,18,2025,0.0212299990653992,22,0,2.10018310246377,0.845644045027723,17.5920937767407,244.334635788065,18
"142",2020-07-20,2410,275,263,47,19.1,30,0,0,27,2,3,8,5,0,276,27,1548,0.0148599994182587,35,0.0285700011253357,1.51631264301018,0.980415591925508,26.5582432578628,270.500625774529,30
"143",2020-07-21,2434,294,263,23,21.9,24,0,0,23,0,3,8,5,0,276,23,1428,0.0161099994182587,15,0,1.59425358068423,1.15958923925194,22.6043456879284,288.942505750042,24
"144",2020-07-22,2461,314,263,13,21.6,27,0,1,23,2,3,9,6,0,278,23,1771,0.00902999997138977,16,0,0.894914938406899,1.17912566007969,23.7779042439622,310.967910113224,27
"145",2020-07-23,2480,322,263,29,24.7,19,0,1,17,1,3,10,7,0,279,17,1667,0.0101999998092651,32,0,1.0007886805206,1.21411706566285,17.8164214343967,318.522805992691,19
"146",2020-07-24,2503,337,263,34,27.1,23,0,1,18,0,3,7,4,0,279,18,2036,0.0122800004482269,83,0,1.17989999587494,1.28002337065261,18.7708349569252,332.709521137989,23
"147",2020-07-25,2515,336,263,26,28.6,12,0,1,10,0,3,7,4,0,279,10,2126,0.00800000011920929,320,0,0.695339339878943,1.28309889726279,10.9249712921377,333.479035415828,12
"148",2020-07-26,2522,338,263,21,27.6,7,0,0,6,2,4,9,5,0,281,6,1816,0.0121099996566772,73,0,1.16420113163186,1.14938718714395,5.92462801836007,333.754045034284,7
"149",2020-07-27,2537,340,264,22,24,15,0,1,13,1,4,9,5,1,282,13,1601,0.00874000012874603,24,0,0.861091704992148,1.05578419599852,13.8792121018436,336.840931894372,15
"150",2020-07-28,2557,330,264,14,22.7,20,0,2,17,1,4,10,6,0,283,17,1488,0.00739000022411346,24,0,0.727269863325452,0.931929379232978,18.8665940563533,327.410355211565,20
"151",2020-07-29,2573,324,264,20,23.7,16,2,2,12,2,4,11,7,0,285,14,2254,0.00620999991893768,52,0,0.606996522865808,0.890798177012822,15.9083051582935,321.877919377649,16
"152",2020-07-30,2593,334,264,19,22.3,20,1,0,18,1,4,12,8,0,286,19,1891,0.00898999989032745,134,0,0.839510607042431,0.867758452230227,18.8278882759911,330.974457062158,20
"153",2020-07-31,2603,321,264,18,20,10,0,1,9,1,3,13,10,0,287,9,2129,0.00797999978065491,207,0,0.727286795077667,0.803099423544901,9.92937167967439,318.48092324172,10
"154",2020-08-01,2621,309,264,15,18.4,18,0,0,18,1,2,13,11,0,288,18,1629,0.00551999986171722,83,0.0120500004291534,0.583658283315251,0.787144986892945,17.8866394812234,307.053977761002,18
"155",2020-08-02,2629,294,264,2,15.7,8,0,0,8,0,2,13,11,0,288,8,1340,0.00149000003933907,11,0,0.147786828476266,0.641942943585003,7.98724277009085,293.531171800839,8
"156",2020-08-03,2638,280,264,10,14,9,0,1,7,0,1,12,11,0,288,7,1046,0.0114699995517731,47,0,1.09767790769942,0.675740972543185,7.91709062721148,276.683625088459,9
"157",2020-08-04,2650,268,264,20,14.9,12,0,1,11,1,1,11,10,0,289,11,1699,0.0058899998664856,12,0,0.584869069150148,0.655398001946712,11.9305804161921,266.30868650359,12
"158",2020-08-05,2659,248,264,12,13.7,9,1,0,8,1,1,12,11,0,290,9,1599,0.005,70,0,0.479029358897543,0.637116978522675,8.95348047120535,246.718128539881,9
"159",2020-08-06,2669,224,264,13,12.9,10,0,0,10,1,2,10,8,0,291,10,1639,0.00305000007152557,10,0,0.303150401287472,0.560494091986252,9.96728937715435,223.267282048257,10
"160",2020-08-07,2681,225,264,6,11.1,12,0,3,9,1,2,10,8,0,292,9,1689,0,39,0,0,0.456595978403728,12,225,12
"161",2020-08-08,2687,208,264,14,11,6,1,1,4,0,1,10,9,0,292,5,1518,0.00725000023841858,95,0,0.682300084433937,0.470687664277826,5.96318912883722,206.468667759628,6
"162",2020-08-09,2689,199,264,16,13,2,0,1,1,2,2,12,10,0,294,1,1589,0.00441000014543533,102,0,0.414399185753799,0.508775143888902,1.99552853784288,198.110179030732,2
"163",2020-08-10,2701,200,264,8,12.7,12,2,0,10,0,1,12,11,0,294,12,1384,0.00578000009059906,27,0,0.566939767922686,0.432955409635084,11.9265910801531,198.776518002552,12
"164",2020-08-11,2714,204,264,8,11,13,2,1,10,0,1,12,11,0,294,12,1460,0.00342000007629395,41,0,0.332658235269098,0.396925290509219,12.9569264971149,203.267750450954,13
"165",2020-08-12,2721,187,264,12,11,7,3,0,4,0,2,10,8,0,294,7,1486,0.00268999993801117,7,0,0.267738774808078,0.366740921353581,6.97977726094804,186.459763971041,7
"166",2020-08-13,2743,190,264,11,10.7,22,0,0,22,0,2,9,7,0,294,22,1689,0.00532999992370605,56,0,0.515895121555274,0.397133024248982,21.8775342157214,188.942340953958,22
"167",2020-08-14,2754,185,264,6,10.7,11,4,1,6,1,2,10,8,0,295,10,1882,0.00477999985218048,36,0,0.469028139822923,0.464137044223685,10.9493907891245,184.063729598803,11
"168",2020-08-15,2758,177,264,2,9,4,0,0,4,1,2,11,9,0,296,4,2044,0.00734000027179718,21,0,0.726535620123653,0.470456406465073,3.96864205681026,175.612411013854,4
"169",2020-08-16,2762,158,264,26,10.4,4,0,1,3,0,2,11,9,0,296,3,1196,0.00501999974250793,22,0,0.492932651234769,0.481675472962354,3.98404343127269,157.159620713695,4
"170",2020-08-17,2786,173,265,8,10.4,24,1,4,19,1,1,9,8,1,297,20,1358,0.00662999987602234,32,0,0.647736678535132,0.493217888764132,23.860215456718,171.790863700611,24
"171",2020-08-18,2812,192,265,15,11.4,26,1,1,24,0,1,7,6,0,297,25,1888,0.00583000004291534,77,0.0519500017166138,0.76372469278389,0.554798811266246,25.7939808897047,190.417773232932,26
"172",2020-08-19,2836,201,265,23,13,24,4,3,15,2,1,7,6,0,299,19,1519,0.0118499994277954,25,0.04,1.23057960691847,0.692347501567731,21.7477135179707,198.331074584848,24
"173",2020-08-20,2853,209,266,24,14.9,17,1,0,16,3,0,6,6,1,302,17,1607,0.00995999991893768,103,0,0.936007009925898,0.752363485620677,16.8283045885497,206.88915641217,17
"174",2020-08-21,2874,216,266,16,16.3,21,3,2,16,0,0,6,6,0,302,19,1804,0.00721000015735626,116,0.00861999988555908,0.729518764093518,0.789576431945048,20.8504381825176,214.299718285463,21
"175",2020-08-22,2893,226,266,16,18.3,19,1,0,18,1,0,7,7,0,303,19,1864,0.00589999973773956,73,0,0.567764559171221,0.766894851808986,18.8836001161982,224.615454013726,19
"176",2020-08-23,2910,236,266,13,16.4,17,0,1,15,0,0,7,7,0,303,15,694,0.0172899997234344,5,0,1.71663230444399,0.941709087981732,15.7221571620711,231.628606016585,17
"177",2020-08-24,2929,252,266,19,18,19,2,0,17,1,1,8,7,0,304,19,1142,0.00962999999523163,58,0,0.91645499954621,0.980097419554743,18.8121135711385,249.508032627732,19
"178",2020-08-25,2943,254,266,23,19.1,14,0,1,13,4,2,11,9,0,308,13,1647,0.0145700001716614,73,0,1.3951622257399,1.0703027814056,13.8042964392093,250.176253504551,14
"179",2020-08-26,2961,262,266,15,18,18,1,4,13,0,2,11,9,0,308,14,1832,0.0049099999666214,41,0,0.480251998870817,0.96311312311308,17.9274515926256,260.64230837628,18
"180",2020-08-27,2974,265,266,16,16.9,13,1,3,9,1,2,9,7,0,309,10,1469,0.00612999975681305,9,0,0.609267228874044,0.916436011534243,12.9342586701147,263.257854758038,13
"181",2020-08-28,3002,275,266,20,17.4,28,0,3,21,1,1,9,8,0,310,21,2137,0.00607999980449677,35,0,0.598202559033591,0.897676553668539,23.8644504040154,273.224945766868,28
"182",2020-08-29,3023,289,266,12,16.9,21,0,2,18,0,1,9,8,0,310,18,1790,0.00726000010967255,11,0.0909099960327148,0.777091068999096,0.927580340786807,19.8490701678763,286.576737695347,21
"183",2020-08-30,3043,303,267,16,17.3,20,0,6,12,2,1,10,9,1,312,12,1402,0.00428000003099442,33,0,0.418157494317364,0.742083939340146,17.9458558179889,301.63285940422,20
"184",2020-08-31,3064,313,267,13,16.4,21,1,3,17,1,1,11,10,0,313,18,1353,0.00517000019550324,54,0,0.497157801315983,0.682184339592971,20.903439961563,311.320928220512,21
"185",2020-09-01,3089,317,267,18,15.7,25,1,2,22,0,1,11,10,0,313,23,1361,0.0154299998283386,22,0.0909099960327148,1.6630693911127,0.720456791789084,24.587267305628,311.311466777569,25
"186",2020-09-02,3125,327,267,15,15.7,36,1,9,26,0,1,9,8,0,313,27,1528,0.00261999994516373,51,0,0.253537676770752,0.688069031489075,35.9261353002525,326.105416414169,36
"187",2020-09-03,3147,328,267,24,16.9,22,1,4,17,1,1,8,7,0,314,18,1493,0.00938000023365021,133,0.00751999974250793,0.922785997207461,0.732857426965278,21.8207726980777,324.734080276082,22
"188",2020-09-04,3169,332,267,24,17.4,22,0,3,19,3,1,11,10,0,317,19,2705,0.00813000023365021,258,0.00774999976158142,0.809691210614641,0.763070091476856,21.834001680259,329.099397781368,22
"189",2020-09-05,3194,339,267,17,18.1,25,1,11,13,2,1,13,12,0,319,14,2256,0.00398999989032745,164,0,0.371960320354493,0.705194270241913,24.9438104809316,337.63941093113,25
"190",2020-09-06,3215,341,267,27,19.7,21,1,3,16,1,1,14,13,0,320,17,1310,0.00611000001430511,192,0.03125,0.932363516560566,0.778652273419513,19.8289729287286,337.569398158615,21
"191",2020-09-07,3256,366,267,29,22,41,2,6,33,0,1,12,11,0,320,35,1290,0.0147300004959106,44,0,1.4244153403092,0.91111763613283,40.4620581245782,360.374664959875,41
"192",2020-09-08,3308,403,267,24,22.9,52,0,14,36,3,1,14,13,0,323,36,1097,0.0127600002288818,4,0,1.27136423715562,0.855159756996105,49.5061407895752,397.471520505523,52
"193",2020-09-09,3353,434,267,15,22.9,45,2,10,31,0,1,13,12,0,323,33,1587,0.0144900000095367,29,0,1.42299690687715,1.02222536129702,42.4933027326329,427.336163210991,45
"194",2020-09-10,3430,496,267,33,24.1,77,1,21,52,2,2,14,12,0,325,53,1959,0.0127600002288818,61,0,1.23746734892968,1.06717984011448,73.2923145208368,489.377132119529,77
"195",2020-09-11,3460,510,267,60,29.3,30,0,1,25,0,1,12,11,0,325,25,2314,0.0155599999427795,93,0.0752699995040894,1.78670335776785,1.20675300399351,25.5180265354689,500.167741323566,30
"196",2020-09-12,3509,535,269,47,33.6,49,0,4,42,1,0,12,12,2,326,42,1900,0.0168400001525879,26,0,1.66126688940379,1.39093965671484,45.2471310853464,525.409884063342,49
"197",2020-09-13,3544,548,270,31,34.1,35,1,5,29,1,1,11,10,1,327,30,1199,0.0166799998283386,44,0,1.6089557356539,1.48759568801389,34.4791699695517,538.486171443811,35
"198",2020-09-14,3612,597,272,59,38.4,68,0,19,49,1,1,11,10,2,328,49,2394,0.0141999995708466,218,0.0412799978256226,1.6460121936674,1.51925238135077,67.1297184143419,586.39677333392,68
"199",2020-09-15,3684,645,273,41,40.9,72,0,14,55,1,1,11,10,1,329,55,2961,0.0121599996089935,28,0,1.20460886056306,1.5097158989804,68.2851096923875,636.616286392544,72
"200",2020-09-16,3760,684,274,41,44.6,76,0,7,66,1,0,11,11,1,330,66,1887,0.0190799999237061,162,0.00616999983787537,1.80592971350752,1.56442058564189,71.7138979059352,670.671305570601,76
"201",2020-09-17,3810,709,278,57,48,50,2,4,38,2,2,11,9,4,332,40,2512,0.0191100001335144,208,0.00481000006198883,1.80164707162801,1.6450176888845,43.2223926128982,695.216909063621,50
"202",2020-09-18,3898,777,278,46,46,88,1,6,78,0,2,11,9,0,332,79,2409,0.0128699994087219,281,0.0213499999046326,1.37558284568078,1.58628618715778,83.8274145289314,765.467102392148,88
"203",2020-09-19,3968,828,280,46,45.9,70,2,4,60,0,2,10,8,2,332,62,2101,0.0214199995994568,161,0,1.98954107685494,1.6331824996508,64.6690085493795,810.224823853003,70
"204",2020-09-20,4011,860,280,76,52.3,43,1,4,34,2,2,11,9,0,334,35,2847,0.0186199998855591,112,0,1.79152212484578,1.6592634123925,38.3234173036286,843.375396603445,43
"205",2020-09-21,4120,940,280,56,51.9,109,2,22,82,1,3,12,9,0,335,84,2949,0.0189900004863739,73,0,1.85312744653596,1.68885130565944,104.320363743734,921.204070465597,109
"206",2020-09-22,4229,1019,280,85,58.1,109,0,27,81,3,3,15,12,0,338,81,2507,0.0135599994659424,64,0.03125,1.4000357316654,1.71676943010263,106.776356789188,1003.60626627385,109
"207",2020-09-23,4335,1078,281,67,61.9,106,0,26,75,2,3,16,13,1,340,75,1896,0.0168799996376038,7,0.571430015563965,1.89198578149472,1.7290631541008,99.4688779959145,1055.99267306128,106
"208",2020-09-24,4436,1131,282,38,59.1,101,2,18,75,2,3,18,15,1,342,77,2730,0.0128199994564056,55,0,1.25668217292594,1.65121102571479,93.9558885805838,1115.66376603429,101
"209",2020-09-25,4555,1194,284,57,60.7,119,5,16,86,3,3,20,17,2,345,91,3291,0.0133700001239777,59,0.0339000010490417,1.37315732745982,1.65086452311179,105.651681922817,1176.30888149279,119
"210",2020-09-26,4640,1241,286,75,64.9,85,3,14,66,3,4,21,17,2,348,69,3437,0.0299699997901916,12,0,2.98657260883992,1.79329759910965,80.7764196135688,1201.00777884694,85
"211",2020-09-27,4722,1271,287,109,69.6,82,2,12,64,2,4,22,18,1,350,66,2684,0.0331599998474121,13,0,3.30001629923819,2.00879676687999,75.6498764923386,1225.74231851155,82
"212",2020-09-28,4837,1341,288,86,73.9,115,3,11,97,6,4,27,23,1,356,100,3135,0.0258400011062622,192,0.0104200005531311,2.49501182970644,2.10049453590435,108.307825072625,1304.89793422391,115
"213",2020-09-29,4944,1372,291,58,70,107,5,18,74,4,3,27,24,3,360,79,2165,0.0263299989700317,79,0.0253200006484985,2.62944419881239,2.27612431692535,94.7585878784442,1333.0731970788,107
"214",2020-09-30,5027,1402,291,107,75.7,83,1,10,67,5,5,30,25,0,365,68,3170,0.0305999994277954,281,0.0142299997806549,2.92670611777675,2.42394150782278,75.8525715907809,1357.72507897463,83
"215",2020-10-01,5128,1438,293,105,85.3,101,2,11,78,3,5,29,24,2,368,80,3844,0.0226300001144409,120,0.00833000004291534,2.21971040476944,2.56151696951471,89.0839052940423,1403.55819766041,101
"216",2020-10-02,5224,1488,294,115,93.6,96,0,13,79,1,5,29,24,1,369,79,3362,0.021710000038147,197,0,2.05082945007727,2.65832727274577,90.2518153491438,1455.07216758894,96
"217",2020-10-03,5297,1501,295,65,92.1,73,2,6,64,5,6,31,25,1,374,66,3113,0.0301999998092651,485,0.0103100001811981,2.75188853513406,2.62480097650208,70.0402284866365,1456.43004482487,73
"218",2020-10-04,5354,1482,295,77,87.6,57,1,7,47,3,6,32,26,0,377,48,3118,0.0291899991035461,102,0,2.82653469580301,2.55716074743991,53.5360500662077,1436.80054579416,57
"219",2020-10-05,5432,1483,295,82,87,78,3,13,59,3,6,33,27,0,380,62,3821,0.0177999997138977,238,0.00839999973773956,1.72488294763206,2.447142335715,73.8460633040819,1455.39857870893,78
"220",2020-10-06,5507,1455,296,139,98.6,75,5,15,52,2,7,34,27,1,382,57,2158,0.0194599997997284,55,0,1.89763576899295,2.34259827431222,70.8328722912994,1425.20752954106,75
"221",2020-10-07,5608,1469,296,174,108.1,101,12,22,63,3,10,36,26,0,385,75,2268,0.0313100004196167,76,0,3.02948297575472,2.35728068259479,94.5483388455933,1420.98013018902,101
"222",2020-10-08,5688,1428,296,85,105.3,80,5,14,55,2,9,36,27,0,387,60,2434,0.0271199989318848,182,0,2.52332100153698,2.40065362499015,72.3663672965779,1389.11954165855,80
"223",2020-10-09,5771,1429,296,96,102.6,83,5,19,57,2,9,37,28,0,389,62,2508,0.0207299995422363,247,0.00810000002384186,1.95976547578285,2.38764448580523,79.688928253941,1398.78191088519,83
"224",2020-10-10,5836,1414,297,68,103,65,5,7,51,6,9,43,34,1,395,56,2628,0.0300600004196167,21,0,2.98216991705371,2.42054182607947,61.1980153876656,1368.49988853856,65
"225",2020-10-11,5900,1379,297,139,111.9,64,6,6,48,5,10,46,36,0,400,54,2660,0.0233100008964539,238,0.0168099999427795,2.2776184393012,2.34212521800778,58.6728946616447,1345.10966182237,64
"226",2020-10-12,5962,1351,297,62,109,62,2,14,43,3,10,46,36,0,403,45,1994,0.0150499999523163,237,0.0126600003242493,1.47961093598233,2.30708635920068,58.2815596553443,1329.43082431934,62
"227",2020-10-13,6047,1373,298,74,99.7,85,4,10,68,1,7,45,38,1,404,72,2117,0.0302300000190735,18,0,2.9975133508374,2.4642117280356,79.6712423813428,1328.59188596644,85
"228",2020-10-14,6114,1378,300,84,86.9,67,1,16,49,2,7,45,38,2,406,50,3004,0.0296300005912781,110,0.0363599991798401,2.98677333609447,2.45811035094128,64.3886015702517,1333.58985927614,67
"229",2020-10-15,6200,1404,300,107,90,86,3,25,52,5,8,49,41,0,411,55,2119,0.021710000038147,105,0.00952000021934509,2.11344829603708,2.39955710729843,78.7457474770932,1371.98235377889,86
"230",2020-10-16,6275,1425,301,78,87.4,75,2,10,59,4,8,47,39,1,415,61,3126,0.0214299988746643,280,0.0035699999332428,1.99617664308598,2.40475870262745,69.6861085973475,1394.30663526591,75
"231",2020-10-17,6322,1407,302,64,86.9,47,1,10,36,6,8,49,41,1,421,37,3037,0.0214000010490417,149,0,2.03991849296735,2.2701513563294,46.1855860475494,1376.03025861897,47
"232",2020-10-18,6379,1375,305,74,77.6,57,1,11,40,2,6,48,42,3,423,41,1144,0.0271000003814697,37,0.0540500020980835,2.79443272769098,2.34398196895651,50.7637446561085,1333.54021712559,57
"233",2020-10-19,6443,1354,307,69,78.6,64,1,6,57,3,6,47,41,2,426,58,1334,0.0374799990653992,27,0,3.67364575703472,2.65741551482114,61.7009101956125,1300.32814491137,64
"234",2020-10-20,6521,1358,309,46,74.6,78,3,14,57,4,5,45,40,2,430,60,1595,0.0250799989700317,48,0.0208299994468689,2.49558358677117,2.58571126281168,72.3843248801918,1321.43188645501,78
"235",2020-10-21,6609,1382,312,69,72.4,88,1,46,40,4,4,44,40,3,434,41,2258,0.0305599999427795,446,0.00897000014781952,2.69989274913919,2.54472832181807,85.8055690852807,1341.73893843556,88
"236",2020-10-22,6674,1368,312,88,69.7,65,1,24,36,1,3,43,40,0,435,37,2238,0.0268099999427795,87,0.0114900004863739,2.62367354469915,2.61761764305551,59.9525285697223,1329.27186711838,65
"237",2020-10-23,6753,1370,313,92,71.7,79,1,13,64,2,3,36,33,1,437,65,2768,0.0245700001716614,65,0.0153799998760223,2.4359145946735,2.68043735042515,76.2915350230802,1333.99081510184,79
"238",2020-10-24,6818,1363,317,63,71.6,65,2,17,41,2,3,36,33,4,439,43,2358,0.0211999988555908,191,0,1.96114544140773,2.6691840573452,59.0900680289066,1334.1572726372,65
"239",2020-10-25,6888,1344,319,69,70.9,70,1,24,42,3,3,38,35,2,442,43,1751,0.0308400011062622,77,0,2.95409419787008,2.69199283879936,65.6293598121239,1301.15952529057,70
"240",2020-10-26,6960,1303,320,77,72,72,1,16,50,4,3,39,36,1,446,51,995,0.0392000007629395,121,0.0165299999713898,3.67420526484435,2.69207276848645,64.9780786532243,1251.34189186571,72
"241",2020-10-27,7038,1273,322,61,74.1,78,0,15,60,1,3,31,28,2,447,60,1354,0.0288000011444092,116,0,2.65273479928776,2.71452294170311,73.2825830249172,1236.56213651199,78
"242",2020-10-28,7150,1279,325,93,77.6,112,2,69,38,2,2,29,27,3,449,40,1900,0.0405299997329712,166,0.01807000041008,3.87253724882471,2.88204358451532,107.328577433986,1225.55626345169,112
"243",2020-10-29,7214,1263,326,65,74.3,64,0,18,42,9,2,37,35,1,458,42,2190,0.0292199993133545,96,0,2.79929127280168,2.90713183138712,58.7313902445201,1224.85109235307,64
"244",2020-10-30,7264,1232,328,122,78.6,50,1,9,36,4,2,40,38,2,462,37,2789,0.0358599996566772,105,0.0571400022506714,3.66320799166528,3.0824594595288,44.5375064202683,1183.30291648028,50
"245",2020-10-31,7303,1162,329,83,81.4,39,0,5,32,2,2,39,37,1,464,32,2352,0.0276399993896484,322,0,2.43116224997955,3.1496047178962,36.1605504742419,1131.51748909591,39
"246",2020-11-01,7353,1122,332,50,78.7,50,1,6,40,1,2,37,35,3,465,41,1714,0.0256699991226196,104,0,2.42015283257261,3.07332737999656,45.929325854706,1092.70008802391,50
"247",2020-11-02,7417,1075,332,56,75.7,64,3,8,47,6,2,42,40,0,471,50,1030,0.0174800002574921,14,0.0714300012588501,1.82034677038704,2.80849045221695,57.0179020644283,1053.88489438521,64
"248",2020-11-03,7488,1003,333,36,72.1,71,1,36,33,1,2,43,41,1,472,34,1456,0.0219799995422363,13,0,2.17854862719511,2.74074957048943,69.2007606803279,979.422440069673,71
"249",2020-11-04,7553,927,337,53,66.4,65,5,1,51,1,1,40,39,4,473,56,1466,0.0272900009155273,295,0.0033899998664856,2.32863096551825,2.52019153001707,55.5929181487368,903.707770069268,65
"250",2020-11-05,7600,884,337,45,63.6,47,0,6,34,5,2,43,41,0,478,34,2536,0.0240499997138977,41,0,2.36673648717286,2.45839798921296,39.1317206160844,861.424736018194,47
"251",2020-11-06,7674,878,341,79,57.4,74,2,11,58,4,3,46,43,4,482,60,2342,0.0234800004959106,116,0.0258599996566772,2.35923194148077,2.27211569632945,69.4726008097212,855.649058515587,74
"252",2020-11-07,7709,845,346,75,56.3,35,3,4,25,3,4,46,42,5,485,28,2499,0.0276099991798401,142,0,2.61254782091709,2.2980279207491,31.210680292669,821.179458832332,35
"253",2020-11-08,7746,783,346,47,55.9,37,1,5,29,1,4,47,43,0,486,30,1176,0.0204099988937378,92,0.0108700001239777,1.97178223268467,2.23397497790797,34.3617205386516,766.340906058806,37
"254",2020-11-09,7817,753,350,31,52.3,71,3,24,42,7,4,46,42,4,493,45,711,0.0210999989509583,20,0.1,2.3258685710166,2.30619237799791,67.8706505357939,734.102218965618,71
"255",2020-11-10,7884,762,350,52,54.6,67,0,11,54,3,5,47,42,0,496,54,1374,0.0334800004959106,17,0,3.30708272332,2.46741153458718,63.073054265469,734.808654634952,67
"256",2020-11-11,7940,761,353,77,58,56,0,6,48,2,5,46,41,3,498,48,2375,0.0261100006103516,241,0.0290499997138977,2.63808491516186,2.51161924167912,52.6336540490289,739.337723568979,56
"257",2020-11-12,7982,751,355,59,60,42,1,8,31,3,3,43,40,2,501,32,2318,0.0215700006484985,214,0.00467000007629395,2.01416435701211,2.4612517945133,39.304534563949,734.678295547679,42
"258",2020-11-13,8020,727,357,80,60.1,38,1,7,26,0,3,36,33,2,501,27,2719,0.0217000007629395,200,0,2.02131901591067,2.41297851943186,33.4111166272966,711.14376992758,38
"259",2020-11-14,8041,704,357,50,56.6,21,3,2,14,3,3,37,34,0,504,17,1710,0.015789999961853,245,0.0163300001621246,1.58576726212221,2.26629558246116,18.7091165347618,691.954002380724,21
"260",2020-11-15,8071,660,360,29,54,30,1,1,25,0,2,35,33,3,504,26,984,0.0152400004863739,306,0.00653999984264374,1.31762794034426,2.17284496926967,26.6303448087036,650.616445144015,30
"261",2020-11-16,8115,622,363,11,51.1,44,0,3,39,3,2,33,31,3,507,39,735,0.0122399997711182,53,0,1.1416751055548,2.0036744742037,41.5195614976502,614.337621834319,44
"262",2020-11-17,8156,600,363,40,49.4,41,1,10,29,1,2,32,30,0,508,30,1828,0.020789999961853,38,0,2.03666237568421,1.82218585311287,39.3407183904227,586.814367808454,41
"263",2020-11-18,8198,593,363,66,47.9,42,3,6,31,1,2,32,30,0,509,34,2684,0.0204900002479553,20,0.05,2.07082694768906,1.74114900061676,39.240280294794,579.749594553319,42
"264",2020-11-19,8218,575,364,53,47,20,2,1,17,0,2,30,28,1,509,19,2476,0.0121200001239777,187,0.0160399997234344,1.23952685900304,1.63048650090118,19.7458792028727,567.309502192201,20
"265",2020-11-20,8243,532,364,28,39.6,25,1,2,20,1,2,30,28,0,510,21,2643,0.00757000029087067,222,0.0225200009346008,0.872842966012306,1.46641849377284,22.8022183128201,526.989530591443,25
"266",2020-11-21,8272,500,365,27,36.3,29,4,4,19,2,2,31,29,1,512,23,1495,0.0187300002574921,71,0,1.7880811229215,1.49532047388702,26.556242485393,490.353097508544,29
"267",2020-11-22,8299,487,368,26,35.9,27,3,4,19,3,4,31,27,3,515,22,1220,0.0147500002384186,36,0,1.4327229530948,1.51176261856567,25.6598930038809,479.471267858636,27
"268",2020-11-23,8339,470,370,20,37.1,40,2,10,25,1,3,27,24,2,516,27,922,0.0173500001430511,13,0,1.71087701945381,1.5930771776941,36.5015596145061,461.323445141403,40
"269",2020-11-24,8383,480,370,21,34.4,44,2,7,34,1,3,23,20,0,517,36,1403,0.00855000019073486,41,0.0975599956512451,1.10772923056108,1.46037244267651,42.5697045211896,474.262726949194,44
"270",2020-11-25,8438,488,371,38,30.4,55,4,10,39,2,2,23,21,1,519,43,2618,0.0122200000286102,72,0.0138900005817413,1.22646989281736,1.33975000626627,52.4309426809993,481.541861123899,55
"271",2020-11-26,8483,503,372,60,31.4,45,3,4,37,3,2,23,21,1,522,40,3059,0.0143799996376038,224,0.00446000009775162,1.37031553193196,1.35843410239897,43.4085592583193,495.562632673365,45
"272",2020-11-27,8529,514,374,56,35.4,46,2,3,40,3,1,24,23,2,525,42,3154,0.0177600002288818,336,0.00298000007867813,1.63370546556817,1.46712874519267,44.2596216366129,504.939179076644,46
"273",2020-11-28,8574,517,375,60,40.1,45,2,3,40,2,1,25,24,1,527,42,2597,0.0119400000572205,191,0,1.11220158352229,1.3705745252785,44.4959617841039,510.795529580517,45
"274",2020-11-29,8619,529,377,23,39.7,45,0,4,38,5,1,28,27,2,532,38,898,0.0245000004768372,12,0,2.41769235474723,1.51128443980027,41.0086767318765,515.199736609545,45
"275",2020-11-30,8663,536,378,46,43.4,44,1,7,35,1,1,25,24,1,533,36,1135,0.0229099988937378,61,0,2.17415123280873,1.57746647027955,42.155454762845,523.42565980236,44
"276",2020-12-01,8717,558,378,34,45.3,54,2,12,39,3,1,27,26,0,536,41,1906,0.0141700005531311,113,0.0176999998092651,1.43675686145195,1.62447041754967,52.3643796358947,549.349361873883,54
"277",2020-12-02,8759,572,379,50,47,42,1,5,34,6,1,31,30,1,542,35,2859,0.0101400005817413,81,0.0123500001430511,1.0200888324757,1.59498740892943,39.6147552724898,565.704000453261,42
"278",2020-12-03,8797,571,380,40,44.1,38,0,5,32,3,1,33,32,1,545,32,3327,0.0102199995517731,202,0,0.963500666158941,1.53687099953329,36.6673154260759,565.063659634042,38
"279",2020-12-04,8840,575,382,54,43.9,43,1,5,33,2,1,31,30,2,547,34,2994,0.0110199999809265,165,0.0121200001239777,1.10774548791865,1.46173385986907,38.5936038612671,568.12712412437,43
"280",2020-12-05,8875,564,382,45,41.7,35,4,1,29,1,1,31,30,0,548,33,2277,0.0184500002861023,209,0,1.68988940673592,1.54426069175673,33.3982683023361,553.715858258109,35
"281",2020-12-06,8914,558,383,33,43.1,39,0,7,30,1,2,31,29,1,549,30,1397,0.0157500004768372,20,0,1.55276998349623,1.42070035300659,36.497357683706,548.650852916932,39
"282",2020-12-07,8967,560,384,24,40,53,1,3,44,2,1,30,29,1,551,45,1068,0.0168499994277954,25,0.04,1.73795053878184,1.3583859681456,47.156120197741,549.498384682999,53
"283",2020-12-08,9014,564,384,58,43.4,47,1,1,44,0,1,27,26,0,551,45,2367,0.01942999958992,69,0,1.88796424586785,1.4228441659193,45.0832794956341,552.510436345281,47
"284",2020-12-09,9068,574,386,39,41.9,54,2,3,47,1,3,24,21,2,552,49,2911,0.00962000012397766,167,0.00598999977111816,0.942305078709412,1.41173220109555,51.5017833031687,568.163747265691,54
"285",2020-12-10,9112,572,386,57,44.3,44,2,0,42,1,3,23,20,0,553,44,3091,0.0139100003242493,252,0.00397000014781952,1.3160709255012,1.46209938100158,43.3751689003306,563.877195704297,44
"286",2020-12-11,9151,556,386,48,43.4,39,6,2,30,1,2,23,21,0,554,36,3047,0.0118099999427795,32,0,1.16872587936503,1.47081086549392,37.5460104798311,548.988384077391,39
"287",2020-12-12,9182,543,387,57,45.1,31,2,5,24,0,2,20,18,1,554,26,2616,0.0156700003147125,24,0,1.5527545766397,1.45122017548018,30.5643809815432,533.902264345306,31
"288",2020-12-13,9223,542,388,29,44.6,41,5,2,34,0,2,19,17,1,554,39,1502,0.0119799995422363,47,0,1.16165005244926,1.39534589961632,40.5111556617659,535.206317145567,41
"289",2020-12-14,9266,539,388,19,43.9,43,4,4,35,2,2,20,18,0,556,39,917,0.0174500000476837,20,0,1.70775347318313,1.39103203310222,42.2813450017025,529.067819382504,43
"290",2020-12-15,9312,547,389,52,43,46,2,6,37,1,1,20,19,1,557,39,2079,0.0134700000286102,49,0,1.31598355542672,1.30932050589635,44.4462092013656,539.232729055051,46
"291",2020-12-16,9366,563,389,52,44.9,54,3,4,46,0,1,18,17,0,557,49,2312,0.0168700003623962,94,0,1.62109064164007,1.4062898720293,52.1428949678928,553.152038100483,54
"292",2020-12-17,9404,559,390,61,45.4,38,1,5,30,1,0,17,17,1,558,31,3207,0.0134099996089935,83,0.0241000008583069,1.36796865706023,1.41370383368059,35.5424184480417,550.748771369527,38
"293",2020-12-18,9445,547,390,25,42.1,41,3,4,34,0,0,16,16,0,558,37,3298,0.00727999985218048,170,0.00587999999523163,0.72113724082124,1.34976259960291,40.7120942662262,542.743663881776,41
"294",2020-12-19,9484,544,390,46,40.6,39,1,7,28,3,0,19,19,0,561,29,2799,0.0117900002002716,140,0,1.12283805922287,1.28834595425765,35.6486452825515,537.409070127863,39
"295",2020-12-20,9528,539,390,24,39.9,44,5,2,34,0,0,16,16,0,561,39,1360,0.0161800003051758,51,0,1.55951810170369,1.34518424700828,40.3437252528986,529.929946443907,44
"296",2020-12-21,9603,560,390,26,40.9,75,7,8,60,1,0,15,15,0,562,67,1365,0.00658999979496002,32,0.03125,0.715486737302823,1.20343185616824,74.4827421900337,555.67665114058,75
"297",2020-12-22,9685,602,390,69,43.3,82,5,7,68,2,0,15,15,0,564,73,3021,0.0225099992752075,48,0,2.21579367254487,1.33197615861369,78.2546487387923,587.606829325383,82
"298",2020-12-23,9785,669,390,52,43.3,100,5,6,88,1,1,13,12,0,565,93,2652,0.0199800002574921,199,0.0150800001621246,1.96379799070964,1.38093435133791,97.0293457872364,654.824003566249,100
"299",2020-12-24,9860,698,390,53,42.1,75,11,6,56,2,1,13,12,0,567,67,3469,0.01557000041008,144,0,1.49494413015686,1.39907370463743,71.9192370920781,686.740708810008,75
"300",2020-12-25,9924,728,390,49,45.6,64,6,2,55,0,1,10,9,0,567,61,2537,0.0295600008964539,161,0,2.77960423551903,1.69314041816568,61.1704534413453,706.165411562285,64
"301",2020-12-26,10017,771,390,89,51.7,93,5,4,83,2,2,12,10,0,569,88,951,0.0199800002574921,50,0,1.89819982466283,1.80390638465711,90.197583031652,755.208369515951,93
"302",2020-12-27,10128,836,391,37,53.6,111,8,6,95,2,4,12,8,1,571,103,1480,0.0270300006866455,32,0.0625,2.77806885028012,1.97798506302517,105.912472064187,810.940064520976,111
"303",2020-12-28,10259,929,391,65,59.1,131,15,6,108,1,2,13,11,0,572,123,1188,0.04125,39,0.0256399989128113,4.07538385962507,2.45797036621406,123.591157956734,888.1478515594,131
"304",2020-12-29,10379,1006,391,112,65.3,120,5,15,100,3,4,12,8,0,575,105,1880,0.0505299997329712,25,0.04,5.03918107600976,2.8613114238519,114.290738574824,951.299838154979,120
"305",2020-12-30,10516,1097,391,88,70.4,137,12,10,115,3,5,13,8,0,578,127,2458,0.0573600006103516,62,0,5.59487625000969,3.38003688946619,129.333010434647,1030.77411375439,137
"306",2020-12-31,10641,1184,391,147,83.9,125,0,9,116,2,5,13,8,0,580,116,2652,0.0331800007820129,144,0,3.14711595400209,3.6160614357298,121.060860147326,1143.79360702098,125
"307",2021-01-01,10758,1239,392,88,89.4,117,0,5,111,2,6,13,7,1,582,111,2759,0.0391400003433228,134,0.0149300003051758,3.80186246070242,3.76209832504171,111.446450663639,1188.17254389413,117
"308",2021-01-02,10870,1298,392,132,95.6,112,2,8,100,2,6,15,9,0,584,102,2369,0.0295499992370605,431,0,2.50014100687844,3.84808992250108,107.248336384401,1262.98373163679,112
"309",2021-01-03,10993,1324,393,108,105.7,123,0,5,118,3,5,18,13,1,587,118,1516,0.0600299978256226,126,0.0238100004196167,5.72506313986087,4.26908910672691,115.710580332355,1242.2102403393,123
"310",2021-01-04,11168,1435,393,115,112.9,175,4,30,140,5,8,21,13,0,592,144,1386,0.0533900022506714,155,0.00644999980926514,4.86685873393035,4.38215694591337,166.437909007209,1359.64166267601,175
"311",2021-01-05,11310,1509,395,106,112,142,2,19,121,6,8,23,15,2,598,123,2417,0.0575099992752075,97,0.0103100001811981,5.56888378145397,4.45782876097683,134.608987577931,1418.32489638291,142
"312",2021-01-06,11494,1604,395,133,118.4,184,11,42,130,7,7,28,21,0,605,141,2627,0.0513899993896484,211,0.0142200005054474,4.86264793880394,4.35322471651887,175.601858967184,1519.83958711605,184
"313",2021-01-07,11611,1639,395,187,124.1,117,2,7,107,6,9,32,23,0,611,109,2311,0.048899998664856,91,0.0109899997711182,4.74637747267502,4.58169064775786,110.417619459571,1555.05943389208,117
"314",2021-01-08,11741,1668,395,184,137.9,130,6,13,110,0,11,30,19,0,611,116,2661,0.0368300008773804,249,0,3.36785678126148,4.51968983640915,124.784566231729,1607.38496960796,130
"315",2021-01-09,11839,1677,397,154,141,98,6,2,90,4,11,30,19,2,615,96,3020,0.0324499988555908,375,0.00266999989748001,2.91606027998348,4.57910687542416,94.9793639822252,1624.2332645645,98
"316",2021-01-10,11932,1661,397,118,142.4,93,5,3,83,5,11,34,23,0,620,88,1824,0.0509899997711182,78,0,4.88989272252994,4.45979681580545,86.3568504738142,1573.36055269324,93
"317",2021-01-11,12096,1712,397,64,135.1,164,2,25,135,3,13,34,21,0,623,137,1608,0.0342000007629395,115,0,3.1917354165297,4.22049348474822,157.281780772974,1653.03947944038,164
"318",2021-01-12,12236,1740,398,159,142.7,140,1,22,115,4,13,35,22,1,627,116,2211,0.0705600023269653,74,0.0135099995136261,6.87124311198813,4.40654481768167,129.399494656234,1610.99241984351,140
"319",2021-01-13,12325,1728,402,172,148.3,89,0,9,76,2,11,34,23,4,629,76,2532,0.0375200009346008,173,0.0115600001811981,3.58597125315181,4.22416243401708,82.0592976934463,1661.13771597731,89
"320",2021-01-14,12417,1716,402,129,140,92,2,14,75,9,10,41,31,0,638,77,2581,0.0337100005149841,146,0,3.19052113418313,4.00189724280395,88.3491630406969,1656.92420490696,92
"321",2021-01-15,12510,1684,404,144,134.3,93,6,7,78,5,11,41,30,2,643,84,2923,0.0372900009155273,206,0.00485000014305115,3.51542897748658,4.02297898512182,87.8136881368028,1620.12203359971,93
"322",2021-01-16,12571,1635,405,119,129.3,61,0,0,59,2,9,39,30,1,645,59,2470,0.0323900008201599,289,0,2.89972098679938,4.02064480038124,57.1539694257091,1583.84305103448,61
"323",2021-01-17,12651,1574,407,72,122.7,80,2,3,72,2,9,39,30,2,647,74,2036,0.026029999256134,32,0,2.5627213967838,3.68819175384607,74.9537260248586,1530.47519950172,80
"324",2021-01-18,12772,1595,408,63,122.6,121,2,45,72,7,10,43,33,1,654,74,1021,0.0391799998283386,48,0,3.74207481990026,3.7668116686133,116.012039495747,1530.59733777995,121
"325",2021-01-19,12846,1539,415,81,111.4,74,3,24,47,8,9,45,36,7,662,50,2337,0.0410799980163574,89,0,3.95729412053699,3.35053324126313,71.8649944892625,1473.2845303795,74
"326",2021-01-20,12907,1498,415,166,110.6,61,1,8,50,2,7,37,30,0,664,51,3065,0.0225099992752075,163,0.00612999975681305,2.16828803404187,3.14800706710457,57.806787442189,1462.95230565488,61
"327",2021-01-21,12978,1466,417,81,103.7,71,1,9,60,3,7,37,30,2,667,61,2636,0.0242799997329712,117,0,2.32481217929938,3.02433435926404,68.4697993808599,1429.22501462853,71
"328",2021-01-22,13057,1436,418,95,96.7,79,1,3,74,5,6,37,31,1,672,75,2311,0.0307200002670288,111,0.00901000022888184,2.97250332958338,2.94677355242072,75.5944506033513,1389.94174755217,79
"329",2021-01-23,13105,1370,418,84,91.7,48,1,4,40,4,9,39,30,0,676,41,2122,0.0329900002479553,276,0,2.91929860409346,2.9495703548913,43.7085040681198,1326.84513593474,48
"330",2021-01-24,13151,1286,419,44,87.7,46,2,9,35,2,8,37,29,1,678,37,1247,0.0224499988555908,36,0,2.18200690357925,2.8951825701478,45.1288588868894,1255.7219602308,46
"331",2021-01-25,13214,1227,419,29,82.9,63,1,18,43,4,7,38,31,0,682,44,825,0.0206100010871887,48,0,1.94768051511234,2.63884052660667,61.0752995644221,1201.21346739877,63
"332",2021-01-26,13276,1165,420,74,81.9,62,1,19,40,8,5,40,35,1,690,41,2354,0.024210000038147,79,0,2.3423896461076,2.40813988740247,58.9637282412343,1135.55471709849,62
"333",2021-01-27,13354,1125,422,80,69.6,78,0,27,50,1,4,30,26,2,691,50,2800,0.0196399998664856,175,0.00570999979972839,1.88205880978528,2.36724999822296,75.9846077122318,1102.15367352522,78
"334",2021-01-28,13392,1064,422,66,67.4,38,1,3,33,3,5,30,25,0,694,34,2355,0.0212299990653992,209,0.0287100005149841,2.18397183723271,2.34712994935629,36.1987710792482,1038.92624789177,38
"335",2021-01-29,13421,962,422,73,64.3,29,1,2,26,3,4,31,27,0,697,27,2847,0.0122899997234344,180,0.00555999994277954,1.18898015204223,2.09234092399327,28.6536070573222,949.658147746071,29
"336",2021-01-30,13440,865,423,42,58.3,19,1,6,12,2,5,33,28,1,699,13,2155,0.0157799994945526,216,0,1.43424288953019,1.88019010762709,18.7988144781006,851.613424889003,19
"337",2021-01-31,13482,806,424,25,55.6,42,3,5,34,4,6,32,26,1,703,37,922,0.0195200002193451,24,0,1.90247782264653,1.84025738177955,41.2404576514538,789.454293704643,42
"338",2021-02-01,13522,715,424,26,55.1,40,6,7,25,4,5,29,24,0,707,31,548,0.0292000007629395,29,0,2.77324097367259,1.9581945901453,37.0723589300544,693.604407580288,40
"339",2021-02-02,13564,652,425,59,53,42,4,5,31,3,5,27,22,1,710,35,2439,0.0221399998664856,107,0.0280399990081787,2.23879574109322,1.94339546085754,39.1545008358386,636.249558427622,42
"340",2021-02-03,13627,637,425,54,49.3,63,4,22,36,2,4,26,22,0,712,40,2865,0.0129100000858307,212,0,1.20205233168362,1.84625167827158,61.4811831975752,628.737842421385,63
"341",2021-02-04,13709,639,425,51,47.1,82,3,43,33,2,5,25,20,0,714,36,2814,0.0127900004386902,90,0,1.23936161275738,1.71130736048939,78.5185721529524,630.454655714906,82
"342",2021-02-05,13767,638,427,72,47,58,1,8,48,2,5,21,16,2,716,49,2435,0.0160199999809265,149,0,1.50962461120573,1.75711371179847,56.2018294242028,627.607493319212,58
"343",2021-02-06,13792,607,427,61,49.7,25,1,4,19,3,6,21,15,0,719,20,2369,0.0143499994277954,205,0.0146300005912781,1.43722994427581,1.75754043390498,23.6898391923611,597.58661948816,25
"344",2021-02-07,13817,562,429,33,50.9,25,1,2,19,3,4,23,19,2,722,20,1004,0.0249000000953674,75,0,2.31692308579693,1.81674690006933,21.4999973814976,547.949926420083,25
"345",2021-02-08,13864,559,431,24,50.6,47,1,7,38,2,5,21,16,2,724,39,852,0.0140799999237061,29,0,1.36165266004513,1.61509142669397,45.4269907773851,550.786867809187,47
"346",2021-02-09,13919,578,431,43,48.3,55,6,7,39,0,2,19,17,0,724,45,2244,0.0178299999237061,149,0,1.67198160588368,1.5341179788069,51.1881520932449,567.572264664346,55
"347",2021-02-10,13976,595,432,40,46.3,57,0,6,50,3,4,20,16,1,727,50,2791,0.0125399994850159,100,0,1.21062395581734,1.53534249654028,55.3468545075568,587.227568639926,57
"348",2021-02-11,14036,621,433,51,46.3,60,1,11,46,1,3,16,13,1,728,47,2563,0.0152199995517731,58,0,1.48831968146488,1.57090793492707,57.2452124134859,611.027168271803,60
"349",2021-02-12,14087,624,435,52,43.4,51,0,8,41,3,2,16,14,2,731,41,2612,0.0157000005245209,173,0,1.47247401687786,1.56560070716595,48.3485783879969,614.085680831953,51
"350",2021-02-13,14119,622,435,46,41.3,32,0,3,28,6,2,21,19,0,737,28,2099,0.0219199991226196,46,0.0217400002479553,2.19161390068926,1.67336984379644,30.3378555489685,607.290933980658,32
"351",2021-02-14,14160,597,437,48,43.4,41,0,4,35,4,2,21,19,2,741,35,1175,0.0170200002193451,10,0,1.6876371525511,1.58347185333275,38.3626502964523,586.128635056629,41
"352",2021-02-15,14222,620,438,34,44.9,62,2,8,51,4,2,23,21,1,745,53,867,0.0265300011634827,26,0,2.57575711184093,1.75691534644643,59.5269705035226,602.768334192151,62
"353",2021-02-16,14273,615,438,60,47.3,51,3,13,32,3,2,24,22,0,748,35,1561,0.0333100008964539,23,0,3.28263329541442,1.98700844495083,46.7602872130863,593.216475315659,51
"354",2021-02-17,14330,630,439,49,48.6,57,5,6,44,2,2,25,23,1,750,49,2063,0.0184200000762939,222,0,1.66303983183345,2.0516392843817,54.1207155406085,618.694914093538,57
"355",2021-02-18,14402,646,439,68,51,72,3,12,53,3,3,26,23,0,753,56,2348,0.0212899994850159,116,0,2.02877105482213,2.12884662343274,66.7741093484201,631.858475697846,72
"356",2021-02-19,14456,650,440,58,51.9,54,2,16,33,1,3,26,23,1,754,35,2576,0.0151400005817413,96,0,1.45960484650321,2.12700817052207,50.4487685253851,639.762844042866,54
"357",2021-02-20,14505,629,440,66,54.7,49,0,3,45,4,3,26,23,0,758,45,2384,0.0255900001525879,68,0,2.48803264126303,2.16935370488975,46.7919100995851,612.113587836422,49
"358",2021-02-21,14547,618,440,53,55.4,42,0,7,33,2,4,24,20,0,760,33,1000,0.03,28,0,2.91828793774319,2.34516095991719,38.960863149949,598.539800808135,42
"359",2021-02-22,14612,633,440,32,55.1,65,0,11,54,1,6,23,17,0,761,54,863,0.0150600004196167,66,0,1.39900757396439,2.17705388307769,64.1848369385448,623.444477446275,65
"360",2021-02-23,14667,639,440,47,53.3,55,0,7,47,3,6,25,19,0,764,47,2036,0.019650000333786,84,0,1.88714154149001,1.97769791823135,53.0429535890369,625.98824134882,55
"361",2021-02-24,14713,646,441,60,54.9,46,2,10,34,1,6,24,18,1,765,36,2874,0.0187899994850159,41,0,1.85257147581254,2.00477386737122,45.2803718560252,633.086672749786,46
"362",2021-02-25,14746,642,441,43,51.3,33,1,5,25,1,6,23,17,0,766,26,2376,0.0185199999809265,128,0.00781000018119812,1.79725239528254,1.97169977315127,30.4957881070642,629.54984479751,33
"363",2021-02-26,14811,645,441,57,51.1,65,5,12,43,1,6,21,15,0,767,48,2639,0.0181900000572205,181,0,1.70224858691506,2.00636316463868,59.1183526917916,633.152864295949,65
"364",2021-02-27,14857,650,442,71,51.9,46,0,4,34,3,6,23,17,1,770,34,2535,0.0209100008010864,47,0.0212800002098083,2.09167358794017,1.94974044273542,37.2326323339618,635.329735796329,46
"365",2021-02-28,14922,661,442,49,51.3,65,2,8,54,7,6,28,22,0,777,56,1552,0.0257699990272522,94,0,2.42983222905804,1.87996105578039,62.5317669988293,643.669606896896,65
"366",2021-03-01,14999,676,442,54,54.4,77,4,7,64,3,6,29,23,0,780,68,996,0.0291199994087219,45,0,2.78612098089213,2.07812011391293,72.9557239076556,655.677490611399,77
"367",2021-03-02,15062,685,443,61,56.4,63,1,6,54,3,4,29,25,1,783,55,2006,0.0259200000762939,41,0,2.54008403287961,2.17139761268287,59.4925551230147,666.225459259364,63
"368",2021-03-03,15121,695,443,65,57.1,59,0,5,51,6,5,32,27,0,789,51,2676,0.0209299993515015,109,0,2.01108360016581,2.19404220187619,54.8932973069761,679.918463300949,59
"369",2021-03-04,15178,691,443,61,59.7,57,3,3,50,1,5,31,26,0,790,53,2414,0.0202999997138977,225,0.00444000005722046,1.89477829944008,2.2079744738987,54.9164101259665,676.872441453639,57
"370",2021-03-05,15251,694,444,51,58.9,73,1,10,57,1,2,28,26,1,791,58,2440,0.0188499999046326,154,0,1.77309174122218,2.218094924514,66.8903401650305,680.722346112606,73
"371",2021-03-06,15307,707,446,46,55.3,56,3,3,47,0,2,26,24,2,791,50,1957,0.0209500002861023,25,0,2.06857470029779,2.21479508342224,51.8839802526711,691.219480772769,56
"372",2021-03-07,15347,698,447,54,56,40,1,0,38,2,5,25,20,1,793,39,1752,0.0194099998474121,16,0.0625,1.97999545999242,2.15053268784143,38.1667804186762,683.087505954769,40
"373",2021-03-08,15430,740,448,38,53.7,83,1,9,65,6,4,29,25,1,799,66,1170,0.0205100011825562,142,0,1.82901687374929,2.01380352967817,73.6974562665342,725.395721776293,83
"374",2021-03-09,15487,747,448,70,55,57,0,8,47,1,3,27,24,0,800,47,2105,0.0318300008773804,57,0,3.09908195406502,2.0936603755618,53.4283291972489,722.020466177552,57
"375",2021-03-10,15567,770,448,76,56.6,80,5,8,64,0,2,24,22,0,800,69,2655,0.0180799996852875,173,0,1.69739742448509,2.04884806475027,75.7362438100811,755.897213532789,80
"376",2021-03-11,15628,767,451,73,58.3,61,1,7,52,1,2,20,18,3,801,53,2321,0.0280100011825562,86,0,2.70092283941474,2.16401157046093,58.4553904590313,744.646877020321,61
"377",2021-03-12,15710,772,451,93,64.3,82,5,4,67,2,2,17,15,0,803,72,2361,0.0228699994087219,133,0,2.16503883736938,2.22000401276768,74.3179889137761,753.965103353266,82
"378",2021-03-13,15778,790,451,56,65.7,68,5,3,54,5,4,22,18,0,808,59,2353,0.0187000000476837,99,0,1.79449837325448,2.18085025176149,60.8575801335288,774.703191618436,68
"379",2021-03-14,15846,815,451,65,67.3,68,2,10,51,2,3,23,20,0,810,53,1535,0.0299699997901916,36,0,2.92832270387932,2.31632557231676,61.3253445372666,789.248222601364,68
"380",2021-03-15,15953,862,452,58,70.1,107,4,3,97,4,5,25,20,1,814,101,1000,0.0320000004768372,13,0,3.15893390689409,2.50631371990887,100.557352319649,832.618195044923,107
"381",2021-03-16,16039,880,453,85,72.3,86,7,4,72,5,6,27,21,1,819,79,1583,0.0341100001335144,9,0,3.39171672181867,2.54811868673083,80.1088053602349,847.794287557047,86
"382",2021-03-17,16127,907,454,77,72.4,88,3,5,76,3,5,27,22,1,822,79,2842,0.0267400002479553,175,0,2.51889561500461,2.66547557109076,81.8528225976596,882.348229064269,88
"383",2021-03-18,16220,945,455,63,71,93,6,3,80,2,5,24,19,1,824,86,2566,0.0284500002861023,161,0,2.67703339692477,2.66206279359219,86.5158208829245,917.702915515856,93
"384",2021-03-19,16345,993,457,117,74.4,125,7,6,104,2,4,24,20,2,826,111,2615,0.0382399988174438,97,0,3.6872270246171,2.87951824891329,112.583751294397,953.492477795819,125
"385",2021-03-20,16448,1047,458,83,78.3,103,5,6,87,4,4,27,23,1,830,92,1997,0.0435699987411499,151,0.00662000000476837,4.09724895189927,3.20848261729112,93.9326565482665,1000.71186310908,103
"386",2021-03-21,16533,1075,459,87,81.4,85,5,1,77,4,4,29,25,1,834,82,1306,0.0421099996566772,87,0,3.94800140356213,3.35415100296009,79.5068131470977,1029.20517235524,85
"387",2021-03-22,16682,1151,460,55,81,149,6,7,133,4,7,30,23,1,838,139,1150,0.0547800016403198,131,0,4.91779874210521,3.60541740799025,138.624079655217,1089.92313441119,149
"388",2021-03-23,16806,1190,461,108,84.3,124,2,0,120,5,9,31,22,1,843,122,1966,0.0350999999046326,153,0,3.25656440832976,3.58610993463469,117.713032718714,1148.18449946942,124
"389",2021-03-24,16959,1280,461,85,85.4,153,7,2,137,4,9,33,24,0,847,144,3106,0.0457200002670288,47,0,4.50384779033909,3.86967453111105,139.001952867303,1217.79513659825,153
"390",2021-03-25,17108,1362,462,124,94.1,149,7,4,132,8,10,40,30,1,855,139,3005,0.0379399991035461,282,0,3.46850311244771,3.98274163332861,137.797793888147,1311.02586529249,149
"391",2021-03-26,17257,1446,463,103,92.1,149,10,2,130,4,11,42,31,1,859,140,2390,0.0673600006103516,117,0,6.42163547900839,4.37337141252737,132.299271469224,1345.8053324607,149
"392",2021-03-27,17373,1499,465,138,100,116,7,3,100,5,13,44,31,2,864,107,2476,0.0626000022888184,117,0,5.97753974805686,4.64198438340702,103.098604496906,1402.3159639333,116
"393",2021-03-28,17510,1558,466,139,107.4,137,3,5,124,5,13,45,32,1,869,127,2480,0.0826599979400635,157,0,7.77386404593695,5.18853618946057,121.347014686417,1427.31219591683,137
"394",2021-03-29,17719,1706,466,111,115.4,209,7,1,189,4,12,47,35,0,873,196,1644,0.0839400005340576,40,0,8.19461762933437,5.65665317335045,179.669326869494,1555.15240632325,209
"395",2021-03-30,17928,1837,467,170,124.3,209,9,6,186,6,12,48,36,1,879,195,1968,0.0406500005722046,64,0,3.93696855935525,5.75385376635409,192.716245413201,1758.96278371307,209
"396",2021-03-31,18135,1940,468,163,135.4,207,7,5,190,8,14,54,40,1,887,197,3023,0.0793900012969971,224,0,7.3913142568778,6.16634897585962,186.288467072175,1785.27728994934,207
"397",2021-04-01,18372,2075,469,144,138.3,237,12,4,203,4,15,53,38,1,891,215,2634,0.0721299982070923,100,0.01,6.98575037591372,6.66881287064048,202.793762882373,1918.59096735314,237
"398",2021-04-02,18570,2168,470,242,158.1,198,15,7,162,6,15,57,42,1,897,177,3130,0.0939299964904785,99,0,9.10501359601108,7.05215260164086,166.61060265375,1955.00444380413,198
"399",2021-04-03,18821,2346,470,222,170.1,251,16,3,223,11,14,61,47,0,908,239,2885,0.101909999847412,36,0,10.0654005326869,7.63613271373086,216.042693299158,2091.205684016,251
"400",2021-04-04,19051,2505,471,152,172,230,9,2,215,12,15,64,49,1,920,224,1818,0.0929599952697754,139,0,8.63573180380438,7.7592566791405,205.127338468927,2271.58028064582,230
"401",2021-04-05,19336,2650,472,184,182.4,285,8,4,269,5,17,67,50,1,925,277,2045,0.105620002746582,162,0,9.78671978326961,7.98669984398839,251.748537212001,2370.15748596318,285
"402",2021-04-06,19610,2787,473,156,180.4,274,7,6,245,10,19,70,51,1,935,252,1749,0.128640003204346,83,0,12.2811880788428,9.17873120391518,224.605758056517,2417.67558612505,274
"403",2021-04-07,19918,2928,474,219,188.4,308,3,6,290,12,23,76,53,1,947,293,3364,0.098100004196167,44,0,9.68334548462165,9.50616423645002,268.385743716283,2622.06640819548,308
"404",2021-04-08,20212,3099,475,170,192.1,294,22,5,255,10,29,83,54,1,957,277,3366,0.0858600044250488,194,0.0103100001811981,8.1742953631985,9.6759563774907,257.567902021321,2825.66039120605,294
"405",2021-04-09,20509,3252,477,261,194.9,297,13,2,276,14,30,88,58,2,971,289,3418,0.110299997329712,158,0,10.542656344322,9.8813339129637,258.124031237402,2882.06003316273,297
"406",2021-04-10,20796,3417,480,381,217.6,287,12,2,262,14,26,92,66,3,985,274,3187,0.0875399971008301,97,0,8.49543150914572,9.65705262388639,250.883063250956,3103.7716318559,287
"407",2021-04-11,21065,3555,480,205,225.1,269,8,4,249,13,28,100,72,0,998,257,2714,0.145909996032715,29,0,14.43673821483,10.4857678254615,220.965641776056,3001.21734052093,269
"408",2021-04-12,21380,3650,481,264,236.6,315,16,3,292,16,27,100,73,1,1014,308,2125,0.0804699993133545,107,0,7.66123425362358,10.182127035512,285.538726359405,3348.26737406438,315
"409",2021-04-13,21616,3676,483,245,249.3,236,10,0,219,12,28,104,76,2,1026,229,2670,0.0767799997329712,178,0,7.19812497496605,9.45597516352965,211.213703360539,3390.48722075695,236
"410",2021-04-14,21889,3749,485,389,273.6,273,10,11,248,12,28,101,73,2,1038,258,3971,0.171490001678467,97,0.0103100001811981,16.7646722390061,10.4675932712989,222.329179163103,3070.82594062974,273
"411",2021-04-15,22111,3752,485,313,294,222,15,3,202,19,29,107,78,0,1057,217,3902,0.130959997177124,98,0.0101999998092651,12.8001377241611,11.1284278942935,190.028737146787,3233.78719711864,222
"412",2021-04-16,22347,3791,487,348,306.4,236,2,10,218,20,24,114,90,2,1077,220,2970,0.120539999008179,244,0.00409999996423721,11.1700123536268,11.2180501813371,203.484061660356,3334.08217161095,236
"413",2021-04-17,22528,3738,490,405,309.9,181,5,7,167,16,23,123,100,3,1093,172,2935,0.101870002746582,121,0.00825999975204468,9.81635857431989,11.4067540477905,160.781629617274,3342.06820644983,181
"414",2021-04-18,22690,3680,490,294,322.6,162,5,8,146,11,22,122,100,0,1104,151,1949,0.0646500015258789,188,0.0159599995613098,6.03665572725616,10.2067422638514,149.164328348697,3440.29621406096,162
"415",2021-04-19,22917,3618,491,258,321.7,227,5,4,218,22,22,115,93,1,1126,223,2084,0.112279996871948,88,0.0340899991989136,10.9112077997534,10.6710241990128,200.745221659089,3192.03682494432,227
"416",2021-04-20,23106,3506,492,188,313.6,189,9,2,178,17,27,118,91,1,1143,187,2775,0.100539999008179,221,0,9.31236639678558,10.9730586878442,170.209759975852,3153.70812018898,189
"417",2021-04-21,23301,3407,493,207,287.6,195,3,2,185,12,25,110,85,1,1155,188,2521,0.136850004196167,236,0.0211899995803833,12.6949474239937,10.3916694285567,164.247498446977,2940.30440004708,195
"418",2021-04-22,23477,3300,496,239,277,176,7,4,161,14,22,106,84,3,1169,168,2358,0.163269996643066,213,0.00939000010490417,15.0521478843522,10.7133851657268,144.714091123639,2764.02678992862,176
"419",2021-04-23,23685,3224,499,189,254.3,208,5,8,186,21,29,112,83,3,1190,191,2507,0.0805700016021729,86,0.0116299998760223,7.82835225630487,10.2360051518237,182.866284550298,2951.66964078618,208
"420",2021-04-24,23842,3104,500,227,228.9,157,2,2,151,18,31,118,87,1,1208,153,2464,0.0852299976348877,214,0.00467000007629395,7.87924175461875,9.95927417758068,141.992119967409,2840.1015711035,157
"421",2021-04-25,23990,2973,505,139,206.7,148,2,6,136,21,30,124,94,5,1229,138,1621,0.135719995498657,93,0.0215100002288818,12.9523070434428,10.9472243656073,124.713346251427,2557.4983942427,148
"422",2021-04-26,24153,2837,510,173,194.6,163,4,7,148,12,31,123,92,5,1241,152,1304,0.115030002593994,31,0,11.2358893919527,10.9936074502072,140.571851239992,2493.04830242011,163
"423",2021-04-27,24313,2743,511,189,194.7,160,3,5,148,10,31,120,89,1,1251,151,2425,0.0610300016403198,332,0.00903999984264374,5.47693267774876,10.4456883474877,147.076298879957,2580.89594587896,160
"424",2021-04-28,24479,2640,513,186,191.7,166,2,7,155,13,27,115,88,2,1264,157,2408,0.0689400005340576,38,0,6.78689784489006,9.60168126475859,152.502547317677,2446.66703769852,166
"425",2021-04-29,24605,2544,513,159,180.3,126,2,7,113,13,29,113,84,0,1277,115,2728,0.0652500009536743,111,0.00901000022888184,6.30511139933179,8.35210462404138,114.176136395546,2370.92253035016,126
"426",2021-04-30,24758,2453,516,178,178.7,153,4,3,139,13,27,109,82,3,1290,143,2122,0.0669199991226196,179,0,6.17141408684045,8.11539917126075,136.477491014389,2289.65234586221,153
"427",2021-05-01,24882,2398,520,138,166,124,3,5,113,7,29,110,81,4,1297,116,2051,0.089709997177124,70,0.0285700011253357,8.76921755252498,8.24253857096164,110.023863485553,2171.09676412376,124
"428",2021-05-02,24979,2337,520,128,164.4,97,0,4,91,8,27,108,81,0,1305,91,1279,0.0695900011062622,21,0,6.84658549345457,7.37029263524904,88.2772634255387,2164.3512596207,97
"429",2021-05-03,25086,2220,523,102,154.3,107,4,3,100,10,22,98,76,3,1315,104,976,0.174179992675781,140,0.0071399998664856,15.3225154868164,7.95409636308671,89.8053209255999,1852.95973514261,107
"430",2021-05-04,25191,2126,524,141,147.4,105,1,2,99,9,23,95,72,1,1324,100,2386,0.0389800000190735,57,0.0175399994850159,3.84797625935961,7.72138830331683,97.8479454553128,2037.72732037995,105
"431",2021-05-05,25273,2011,525,114,137.1,82,1,2,75,8,23,89,66,1,1332,76,1904,0.0777299976348877,65,0.0307699990272522,7.61797691384447,7.84011388459603,71.752821564834,1845.69637061686,82
"432",2021-05-06,25379,1940,527,122,131.9,106,3,6,92,12,22,88,66,2,1344,95,2133,0.0534499979019165,246,0,4.79230119902429,7.62399814169496,96.0875473495206,1839.68254587442,106
"433",2021-05-07,25491,1842,530,108,121.9,112,4,4,103,19,23,95,72,3,1363,107,2302,0.0469199991226196,82,0.0122000002861023,4.57257709747193,7.39559285749946,105.720710468165,1751.11727740524,112
"434",2021-05-08,25580,1766,534,136,121.6,89,1,3,85,4,21,86,65,4,1367,86,1901,0.0489200019836426,86,0.0116299998760223,4.73060411475805,6.81864808067561,84.6101900086367,1675.85576227038,89
"435",2021-05-09,25663,1705,537,69,113.1,83,0,5,78,4,22,83,61,3,1371,78,1173,0.172210006713867,123,0.00813000023365021,15.6637598691439,8.0782444200598,69.8167864989204,1416.82847411102,83
"436",2021-05-10,25756,1638,538,82,110.3,93,3,2,87,9,22,85,63,1,1380,90,715,0.104899997711182,14,0,10.2885457288745,7.35910588321096,82.008581094257,1456.15617591548,93
"437",2021-05-11,25888,1607,540,124,107.9,132,1,6,123,5,21,79,58,2,1385,124,1899,0.0458099985122681,86,0.0232599997520447,4.48330212360065,7.44986672095968,124.001393721919,1529.25999767035,132
"438",2021-05-12,25985,1547,541,115,108,97,3,3,90,8,22,80,58,1,1393,93,2118,0.0495800018310547,174,0.00574999988079071,4.62525933060347,7.02233563763954,91.358592468218,1469.79293062724,97
"439",2021-05-13,26078,1519,541,78,101.7,93,1,1,90,7,20,77,57,0,1400,91,1684,0.0795699977874756,54,0.0185199999809265,7.76731624125886,7.44733778653019,84.3731879152843,1391.69090597052,93
"440",2021-05-14,26161,1440,541,128,104.6,83,2,4,75,7,21,70,49,0,1407,77,1738,0.0471799993515015,105,0,4.44920449663101,7.4297131292672,77.3033889376863,1370.86857234115,83
"441",2021-05-15,26235,1391,542,85,97.3,74,2,8,63,7,19,64,45,1,1414,65,1779,0.0522800016403198,61,0,5.05468059337657,7.47600976906985,69.4548244908983,1315.13324410522,74
"442",2021-05-16,26304,1363,543,46,94,69,2,3,63,7,19,67,48,1,1421,65,805,0.0409899997711182,20,0,3.99963028069698,5.80970554214886,65.1947997396376,1304.17710838656,69
"443",2021-05-17,26378,1328,545,87,94.7,74,7,5,59,10,19,71,52,2,1431,66,774,0.229969997406006,19,0,22.4459997468157,7.54648468756904,55.0149663290662,1006.36174674242,74
"444",2021-05-18,26457,1296,546,97,90.9,79,1,6,71,5,16,64,48,1,1436,72,1920,0.0265599989891052,56,0,2.58072864671468,7.27468847658533,75.9950409575174,1259.91073723531,79
"445",2021-05-19,26528,1281,550,91,87.4,71,2,5,64,4,14,57,43,4,1440,66,2042,0.0665999984741211,122,0.0163900005817413,6.37693054321293,7.52492722124382,66.4586362558912,1192.85625823934,71
"446",2021-05-20,26588,1236,553,73,86.7,60,5,8,45,11,15,63,48,3,1451,50,1487,0.0511100006103516,65,0.0307699990272522,5.0258131987348,7.13328392945467,55.2885162061747,1168.97212061664,60
"447",2021-05-21,26669,1201,554,77,79.4,81,4,11,63,3,13,58,45,1,1454,67,1682,0.0416200017929077,190,0,3.73957494741831,7.03190827956714,75.2964916794988,1152.53860458325,81
"448",2021-05-22,26728,1169,558,77,78.3,59,0,13,46,8,15,57,42,4,1462,46,1380,0.0623199987411499,101,0.00990000009536743,5.87451034925179,7.14902681612074,56.0841836215378,1094.90023159951,59
"449",2021-05-23,26783,1145,559,39,77.3,55,0,4,51,5,12,58,46,1,1467,51,826,0.0375300002098084,14,0.0714300012588501,3.80950002272924,7.12186535069678,52.9036257200439,1097.93434214608,55
"450",2021-05-24,26834,1099,561,65,74.1,51,2,11,38,5,11,56,45,2,1472,40,733,0.0832199954986572,30,0,7.99479117962199,5.05740698395482,47.5493748595321,1004.19407426564,51
"451",2021-05-25,26894,1031,563,56,68.3,60,2,11,46,3,11,53,42,2,1475,48,1035,0.0647300004959106,19,0.0526300001144409,6.45118790469088,5.61032973509428,55.6587298150002,959.232300818024,60
"452",2021-05-26,26950,990,566,76,66.1,56,1,11,44,1,8,46,38,3,1476,45,1371,0.0320900011062622,61,0.0491800022125244,3.28179969634424,5.16816818554161,54.4064883223053,954.942743090716,56
"453",2021-05-27,26997,944,566,62,64.6,47,0,8,38,3,9,41,32,0,1479,38,1368,0.0548199987411499,113,0.00884999990463257,5.13124971418748,5.18323054489199,43.8960403186791,891.733212127187,47
"454",2021-05-28,27032,894,569,65,62.9,35,0,1,30,1,7,33,26,3,1480,30,1589,0.0346099996566772,197,0.0152300000190735,3.24723401221823,5.11289612557769,29.9488480310684,862.675671325837,35
"455",2021-05-29,27067,856,571,45,58.3,35,0,3,31,4,9,35,26,2,1484,31,1074,0.024210000038147,104,0.00962000012397766,2.29219185516668,4.60113634070839,33.2332684663059,834.82831635993,35
"456",2021-05-30,27094,807,573,46,59.3,27,0,3,22,5,8,35,27,2,1489,22,718,0.0905300045013428,34,0,8.6436892595697,5.29173480311417,22.9481174758112,731.733218317257,27
"457",2021-05-31,27142,775,576,40,55.7,48,1,2,41,5,6,34,28,3,1494,42,783,0.0855700016021728,27,0.037039999961853,8.39523348808288,5.34894084718001,40.1953673038626,704.795468106989,48
"458",2021-06-01,27184,739,577,38,53.1,42,1,5,36,2,5,30,25,1,1496,37,1565,0.0172500002384186,27,0.037039999961853,1.75856346558386,4.67856592730758,41.297913800194,724.977251306578,42
"459",2021-06-02,27216,701,577,48,49.1,32,0,1,30,1,6,29,23,0,1497,30,1688,0.042649998664856,43,0.0232599997520447,4.21683291366925,4.81214210121116,29.6349822023356,669.104084127907,32
"460",2021-06-03,27261,690,577,48,47.1,45,2,4,39,2,5,28,23,0,1499,41,1176,0.0136099994182587,186,0,1.175136513647,4.24698307256252,44.4801203190894,681.250805370041,45
"461",2021-06-04,27291,643,579,44,44.1,30,0,0,27,3,6,28,22,2,1502,27,1195,0.0476999998092651,68,0.0147099995613098,4.59238161062873,4.43914701519259,25.6620730570877,611.137517618791,30
"462",2021-06-05,27310,611,582,39,43.3,19,1,0,18,2,4,29,25,3,1504,19,999,0.0160199999809265,90,0.0222199988365173,1.65323965805621,4.34786812989109,18.6610621410128,600.100472008358,19
"463",2021-06-06,27327,562,582,21,39.7,17,0,1,16,2,4,27,23,0,1506,16,608,0.106909999847412,22,0,10.3176634773375,4.58700730385793,15.218720755257,499.432566528401,17
"464",2021-06-07,27354,530,583,17,36.4,27,1,3,23,1,4,26,22,1,1507,24,843,0.00949000000953674,30,0.0666699981689453,1.14549483998944,3.55133035413029,26.703356357583,523.449119563291,27
"465",2021-06-08,27387,502,584,28,35,33,1,1,30,1,3,25,22,1,1508,31,1771,0.0299300003051758,100,0,2.83303209729911,3.70482587294676,31.0523589724522,486.654329166807,33
"466",2021-06-09,27414,476,585,33,32.9,27,1,0,24,2,4,23,19,1,1510,25,1194,0.0594600009918213,26,0,5.81928206428153,3.93374718017708,23.4302153318224,446.111299917898,27
"467",2021-06-10,27443,463,585,20,28.9,29,0,0,28,2,5,20,15,0,1512,28,1216,0.0304299998283386,136,0,2.73689939284466,4.1568561629196,27.1731103980343,449.326789796067,29
"468",2021-06-11,27465,453,585,36,27.7,22,0,1,20,1,4,15,11,0,1513,20,1055,0.017059999704361,96,0,1.56370979045185,3.72418876003719,20.6625442620013,445.35662753433,22
"469",2021-06-12,27483,430,585,29,26.3,18,0,0,18,2,6,16,10,0,1515,18,880,0.011360000371933,44,0,1.08190479732695,3.64256949421873,17.7898679885168,424.980179725679,18
"470",2021-06-13,27504,422,586,18,25.9,21,0,1,18,2,5,15,10,1,1517,18,583,0.132080001831055,17,0,12.8337735112508,4.00201378477776,16.5073715825072,363.561711545446,21
"471",2021-06-14,27523,385,589,22,26.6,19,2,1,16,2,4,14,10,3,1519,18,655,0.0564900016784668,29,0,5.40949577476546,4.61115677546005,17.9493454220096,362.52766597076,19
"472",2021-06-15,27550,371,589,22,25.7,27,1,0,24,0,4,14,10,0,1519,25,1518,0.0144900000095367,36,0,1.41543243336401,4.40864253775504,24.6181789938704,365.333776269036,27
"473",2021-06-16,27567,350,589,24,24.4,17,0,0,17,1,4,12,8,0,1520,17,1251,0.0223799991607666,42,0,2.16530386311825,3.88664565187457,16.6028098788251,341.822556328752,17
"474",2021-06-17,27578,307,590,12,23.3,11,0,1,10,0,5,11,6,1,1520,10,1101,0.0208899998664856,123,0.0243899989128113,2.12417154569252,3.79911310228141,10.7707970235384,299.963468622629,11
"475",2021-06-18,27592,277,590,26,21.9,14,1,0,13,1,4,12,8,0,1521,14,864,0.0196800005435944,63,0,1.83425247784957,3.83776205762394,13.7229119372676,271.517614758794,14
"476",2021-06-19,27601,244,590,18,20.3,9,0,0,9,0,3,10,7,0,1521,9,926,0.0194400000572205,37,0,1.86930841671715,3.9502482889654,8.81846760516371,239.078455073327,9
"477",2021-06-20,27613,231,590,7,18.7,12,0,0,10,0,3,10,7,0,1521,10,562,0.0266899991035461,15,0,2.59961516398491,2.48822566792741,9.71949556783758,224.520347617048,12
"478",2021-06-21,27624,221,591,13,17.4,11,0,0,11,2,2,9,7,1,1523,11,520,0.0230800008773804,7,0,2.27734354008307,2.04077534868707,10.7296963558531,215.569354058503,11
"479",2021-06-22,27635,198,591,13,16.1,11,0,0,10,0,2,6,4,0,1523,10,1297,0.0115699994564056,65,0,1.10178335498958,1.99596833749072,9.88111505170496,195.646078023758,11
"480",2021-06-23,27646,185,591,18,15.3,11,0,0,10,0,1,4,3,0,1523,10,1105,0.00814000010490418,18,0,0.800952815308915,1.80106104494653,9.91357535616821,183.401144089112,11
"481",2021-06-24,27652,173,591,8,14.7,6,1,0,5,1,0,4,4,0,1524,6,904,0.00995999991893768,51,0,0.942810463530855,1.63229517606629,5.93896115454933,171.240046622839,6
"482",2021-06-25,27656,152,591,7,12,4,0,0,4,2,0,6,6,0,1526,4,1024,0.00194999992847443,64,0,0.183529405032887,1.39647759423534,3.99207870268537,151.698990702044,4
"483",2021-06-26,27660,137,591,9,10.7,4,0,0,4,1,0,6,6,0,1527,4,764,0.00523999989032745,19,0,0.511284791342296,1.20247421918179,3.97793247984461,136.244187434678,4
"484",2021-06-27,27666,124,591,8,10.9,6,0,0,6,0,0,5,5,0,1527,6,398,0.0200999999046326,13,0,1.94642334842914,1.10916110267382,5.87398587675681,121.395708119641,6
"485",2021-06-28,27675,116,591,1,9.1,9,0,0,9,0,0,4,4,0,1527,9,555,0.00180000007152557,5,0,0.178392864231552,0.809311006123604,8.98267590111078,115.776711614317,9
"486",2021-06-29,27678,110,591,8,8.4,3,0,0,3,0,0,3,3,0,1527,3,929,0.00646000027656555,14,0,0.636409359165366,0.742829006720144,2.9793989916213,109.244629692781,3
"487",2021-06-30,27680,95,591,8,7,2,0,1,1,0,0,2,2,0,1527,1,1221,0.000820000022649765,51,0,0.0787122663251072,0.639651785436743,1.99915067661261,94.9193142781984,2
"488",2021-07-01,27683,91,591,7,6.9,3,0,0,3,0,0,1,1,0,1527,3,884,0.00225999996066093,74,0,0.208542793864746,0.53475640405587,2.99324932642512,90.7952295682285,3
"489",2021-07-02,27687,80,591,6,6.7,4,0,0,4,2,0,2,2,0,1529,4,785,0.0140100002288818,29,0,1.35108724565998,0.701550381288312,3.94168583628897,78.8337167257794,4
"490",2021-07-03,27693,74,591,6,6.3,6,0,0,6,0,0,1,1,0,1529,6,627,0.00158999994397163,16,0,0.155043540415274,0.650658774013024,5.98996226806171,73.8762013060945,6
"491",2021-07-04,27695,69,592,2,5.4,2,0,0,2,1,0,2,2,1,1530,2,437,0.00685999989509583,34,0,0.636479820415472,0.463523984296785,1.98626447382813,68.5261243470706,2
"492",2021-07-05,27701,68,592,2,5.6,6,0,0,6,0,0,2,2,0,1530,6,505,0.00197999998927116,27,0,0.187951126801116,0.464889450378152,5.98783178568243,67.8620935710675,6
"493",2021-07-06,27706,64,592,12,6.1,5,0,2,3,0,0,2,2,0,1530,3,1174,0.00596000015735626,28,0,0.58211648791483,0.457133325913789,4.98115648918073,63.5980051025223,5
"494",2021-07-07,27712,63,592,6,5.9,6,0,0,6,0,0,2,2,0,1530,6,1218,0.0320199990272522,23,0,3.14265582717109,0.894839548891786,5.79654014167283,60.8636714875647,6
"495",2021-07-08,27714,54,593,5,5.6,2,0,0,2,1,0,3,3,1,1531,2,933,0.00321999996900558,87,0,0.29453529128257,0.907124191380047,1.99364379345238,53.8283824232144,2
"496",2021-07-09,27716,52,593,3,5.1,2,0,0,2,0,0,2,2,0,1531,2,823,0.00486000001430511,56,0,0.455037544001491,0.77911709114312,1.99018008129349,51.7446821136307,2
"497",2021-07-10,27717,48,593,0,4.3,1,0,0,1,0,0,2,2,0,1531,1,930,0,22,0,0,0.756968013940938,1,48,1
"498",2021-07-11,27722,49,593,0,4,5,0,0,5,0,0,2,2,0,1531,5,422,0.00237000003457069,8,0,0.23259070106717,0.699269568319752,4.98745146523359,48.8770243592892,5
"499",2021-07-12,27725,47,593,1,3.9,3,0,1,2,0,0,1,1,0,1531,2,460,0.00216999992728233,16,0,0.209705875325604,0.702377389537536,2.99547445111921,46.8936496013013,3
"500",2021-07-13,27727,46,593,2,2.4,2,0,0,2,0,0,1,1,0,1531,2,1188,0.000839999988675117,14,0,0.0830216294963427,0.631078124049181,1.99820835519336,45.9587921694473,2
"501",2021-07-14,27732,48,593,0,1.6,5,0,0,5,0,0,0,0,0,1531,5,1098,0,15,0,0,0.182127291596168,5,48,5
"502",2021-07-15,27743,54,593,1,1,11,0,0,11,0,0,0,0,0,1531,11,947,0.00105999998748302,31,0,0.102640080587569,0.154713690068311,10.9878173901609,53.94019446079,11
"503",2021-07-16,27746,54,593,8,1.7,3,0,0,3,0,0,0,0,0,1531,3,867,0.00460999995470047,34,0,0.443603769225894,0.153080293671797,2.98564024108848,53.7415243395927,3
"504",2021-07-17,27748,51,593,5,2.4,2,0,0,2,0,0,0,0,0,1531,2,761,0.00263000011444092,18,0,0.256922989356809,0.189783577865627,1.99445548416262,50.8586148461469,2
"505",2021-07-18,27756,56,593,4,3,8,0,0,8,0,0,0,0,0,1531,8,214,0.00467000007629395,17,0,0.432632041699959,0.21836091224174,7.96265440919916,55.7385808643941,8
"506",2021-07-19,27764,60,593,2,3.1,8,0,0,8,0,0,0,0,0,1531,8,367,0,10,0,0,0.188402930052368,8,60,8
"507",2021-07-20,27768,61,593,10,4.3,4,0,0,4,0,0,0,0,0,1531,4,1142,0.00437999993562698,22,0,0.429721643168902,0.237931503434162,3.98145282006738,60.7171555060275,4
"508",2021-07-21,27773,64,593,12,6,5,0,0,5,0,0,0,0,0,1531,5,1059,0.0113300001621246,8,0,1.12450517073008,0.398575099252745,4.93933165786435,63.2234452206636,5
"509",2021-07-22,27778,66,593,5,6.6,5,0,0,5,1,0,1,1,0,1532,5,1046,0.00477999985218048,28,0,0.46553816064998,0.450417682118804,4.97488368293658,65.6684646147628,5
"510",2021-07-23,27790,74,593,3,5.9,12,0,0,12,0,0,1,1,0,1532,12,927,0.00538999974727631,38,0,0.517775105256491,0.461013587266032,11.9329570558443,73.5865685110398,12
"511",2021-07-24,27793,76,593,2,5.4,3,0,0,3,0,0,1,1,0,1532,3,714,0.00280000001192093,16,0,0.273863014864595,0.463433590910001,2.99113486597488,75.7754166046969,3
"512",2021-07-25,27800,78,593,7,5.9,7,0,0,7,0,0,1,1,0,1532,7,411,0.00486999988555908,14,0,0.470957635991714,0.468908675808823,6.96442781444707,77.6036242181245,7
"513",2021-07-26,27809,82,593,5,6.3,9,0,0,9,1,0,2,2,0,1533,9,410,0,10,0,0,0.468908675808823,9,82,9
"514",2021-07-27,27816,88,593,7,5.9,7,0,0,7,0,0,2,2,0,1533,7,1124,0.00978999972343445,5,0,0.974664277160347,0.546757623521887,6.92638204401134,87.0745171247139,7
"515",2021-07-28,27822,88,593,8,5.3,6,0,0,6,0,0,1,1,0,1533,6,1072,0.00280000001192093,11,0,0.277156049194759,0.425707749016841,5.98205653638043,87.7368292002463,6
"516",2021-07-29,27826,84,593,9,5.9,4,0,0,4,0,0,1,1,0,1533,4,1235,0.00324000000953674,15,0,0.32011200094223,0.404932583344305,3.98618367267638,83.7098571262039,4
"517",2021-07-30,27829,79,593,4,6,3,0,0,3,0,0,1,1,0,1533,3,939,0.00638999998569489,21,0,0.625021873600781,0.420253550250632,2.97976761235597,78.4672137920405,3
"518",2021-07-31,27835,79,593,8,6.9,6,0,0,6,0,0,0,0,0,1533,6,935,0.00962999999523163,8,0,0.954830328265278,0.517534595022158,5.93818297198322,78.1860757977791,6
"519",2021-08-01,27844,81,593,1,6,9,0,0,7,0,0,0,0,0,1533,7,553,0.00180999994277954,13,0,0.176842750593125,0.47551818282236,6.98664278343307,80.8454379225827,9
"520",2021-08-02,27855,84,593,3,5.7,11,0,0,11,1,0,1,1,0,1534,11,462,0.0043299999833107,4,0,0.429283260147971,0.536844362843499,10.9490472879709,83.6109065626866,11
"521",2021-08-03,27871,95,593,9,6,16,0,0,16,0,0,1,1,0,1534,16,550,0.0109099996089935,3,0,1.08508133543335,0.552618228311071,15.8126675806096,93.8877137598696,16
"522",2021-08-04,27882,103,593,15,7,11,0,0,9,2,0,3,3,0,1536,9,1287,0.0077700001001358,22,0,0.763941186315873,0.622158962185516,8.92581209616039,102.150960656058,11
"523",2021-08-05,27901,115,593,9,7,19,0,0,19,0,1,3,2,0,1536,19,1483,0.00472000002861023,19,0,0.466029297099133,0.64300429020793,18.9044573051376,114.421715267938,19
"524",2021-08-06,27914,116,593,15,8.6,13,0,0,11,1,1,4,3,0,1537,11,1107,0.00451999992132187,44,0,0.43472110450941,0.61581846605202,10.9484018565191,115.455874123292,13
"525",2021-08-07,27927,126,593,13,9.3,13,0,0,13,0,1,4,3,0,1537,13,846,0.01182000041008,14,0,1.16275817987531,0.645522444853453,12.8368964469208,124.419150177848,14
"526",2021-08-08,27944,135,593,5,9.9,17,0,0,16,1,1,3,2,0,1538,16,610,0.00492000013589859,4,0,0.488794801774941,0.690087023593713,15.9156126736201,134.28798193367,17
"527",2021-08-09,27957,142,593,13,11.3,13,0,0,13,1,1,3,2,0,1539,13,556,0.0143900001049042,9,0,1.41607788642951,0.831057684491075,12.8013625371887,139.830267713907,14
"528",2021-08-10,27977,158,593,18,12.6,20,0,0,20,1,1,4,3,0,1540,20,1264,0.0110800004005432,16,0,1.09415003955364,0.832353213651116,19.7638774078583,156.134631522081,19
"529",2021-08-11,27990,162,593,20,13.3,13,0,0,13,0,1,4,3,0,1540,13,1295,0.0100399994850159,8,0,0.99783571244018,0.86576671738316,12.8600306126371,160.255766095939,15
"530",2021-08-12,28003,170,593,18,14.6,13,0,0,13,0,1,3,2,0,1540,13,1051,0.0123699998855591,38,0,1.19383561797269,0.969739048936526,12.832537122117,167.810100827684,16
"531",2021-08-13,28011,175,593,26,16.1,8,0,0,8,0,1,3,2,0,1540,8,1078,0.022260000705719,14,0,2.19746160812867,1.22155912088213,7.81031108630957,170.850555013022,15
"532",2021-08-14,28019,176,593,17,16.7,8,0,0,8,1,1,4,3,0,1541,8,1004,0.0119500005245209,11,0,1.18204931296738,1.22431499703815,7.8979633367537,173.755193408581,16
"533",2021-08-15,28023,159,593,9,17.3,4,0,0,4,0,1,4,3,0,1541,4,540,0.0222199988365173,2,0,2.21380062208844,1.47074439994007,3.90445033633858,155.201900869458,16
"534",2021-08-16,28029,149,593,21,18.4,6,0,0,6,0,1,3,2,0,1541,6,523,0.0133800005912781,8,0,1.3178418661466,1.4567106827568,5.91468110600417,146.88124746577,16
"535",2021-08-17,28030,127,593,8,17,1,0,0,1,0,1,3,2,0,1541,1,1139,0.0175600004196167,8,0,1.74375243922785,1.5495110255674,0.981184511670271,124.610432982124,16
