"","date","observed_cumulative_cases","observed_active_cases","observed_cumulative_deaths","observed_new_cases","observed_daily_average_cases","observed_new_episodes","observed_new_cases_community_outbreak","observed_new_cases_institution_outbreak","observed_new_cases_sporadic","observed_new_ICU_p_acute_care","observed_census_ICU","observed_census_ICU_p_acute_care","observed_census_acute_care","observed_new_deaths","cumulative_hosp","observed_new_community_cases","num_non_ltch_tests","non_ltch_pct_positivity","num_ltch_tests","ltch_pct_positivity","observed_pct_positivity","pct_positivity_7_day","adjusted_new_episodes","adjusted_active_cases","adjusted_episode_cases"
"1",2020-03-01,7,7,0,0,0,2,0,0,2,0,0,1,1,0,0,2,NA,NA,NA,NA,NA,NA,NA,NA,2
"2",2020-03-02,10,10,0,0,0,3,2,0,1,0,0,1,1,0,0,3,NA,NA,NA,NA,NA,NA,NA,NA,3
"3",2020-03-03,11,11,0,0,0,1,0,0,1,0,0,1,1,0,0,1,NA,NA,NA,NA,NA,NA,NA,NA,1
"4",2020-03-04,12,12,0,0,0,1,0,0,1,0,0,1,1,0,0,1,NA,NA,NA,NA,NA,NA,NA,NA,1
"5",2020-03-05,18,18,0,0,0,6,2,0,4,0,0,1,1,0,0,6,NA,NA,NA,NA,NA,NA,NA,NA,6
"6",2020-03-06,23,23,0,0,0,5,0,1,4,0,0,1,1,0,0,4,NA,NA,NA,NA,NA,NA,NA,NA,5
"7",2020-03-07,27,27,0,0,0,4,0,0,4,0,0,1,1,0,0,4,NA,NA,NA,NA,NA,NA,NA,NA,4
"8",2020-03-08,36,36,0,0,0,9,1,0,8,0,0,1,1,0,0,9,NA,NA,NA,NA,NA,NA,NA,NA,9
"9",2020-03-09,45,45,0,1,0.1,9,0,0,9,0,0,1,1,0,0,9,NA,NA,NA,NA,NA,NA,NA,NA,9
"10",2020-03-10,52,52,0,0,0.1,7,1,0,6,0,0,1,1,0,0,7,NA,NA,NA,NA,NA,NA,NA,NA,7
"11",2020-03-11,61,61,0,0,0.1,9,0,0,9,0,0,1,1,0,0,9,NA,NA,NA,NA,NA,NA,NA,NA,9
"12",2020-03-12,75,75,0,3,0.6,14,1,0,13,0,0,1,1,0,0,14,NA,NA,NA,NA,NA,NA,NA,NA,14
"13",2020-03-13,97,97,0,1,0.7,22,2,2,18,0,0,1,1,0,0,20,NA,NA,NA,NA,NA,NA,NA,NA,22
"14",2020-03-14,115,115,0,4,1.3,18,1,1,16,1,0,2,2,0,1,17,NA,NA,NA,NA,NA,NA,NA,NA,18
"15",2020-03-15,142,142,0,4,1.9,27,1,0,26,0,0,2,2,0,1,27,NA,NA,NA,NA,NA,NA,NA,NA,27
"16",2020-03-16,156,156,0,0,1.7,14,0,0,14,0,0,2,2,0,1,14,NA,NA,NA,NA,NA,NA,NA,NA,14
"17",2020-03-17,179,178,0,5,2.4,23,1,0,22,2,0,4,4,0,3,23,127,0,4,0,0,0,23,178,23
"18",2020-03-18,195,193,0,4,3,16,0,0,16,0,0,3,3,0,3,16,210,0.0190499997138977,1,0,1.89597153550641,0.947985767753203,16.5577443106637,199.727790747381,16
"19",2020-03-19,220,218,0,1,2.7,25,0,0,25,4,0,7,7,0,7,25,110,0.0272699999809265,9,0,2.52075630075791,1.47224261208811,26.1586552222271,228.10347353782,25
"20",2020-03-20,242,240,0,2,2.9,22,1,1,20,3,1,10,9,0,10,21,137,0.00730000019073486,4,0,0.709290798674238,1.28150465873464,22.2738589722775,243.129816826029,22
"21",2020-03-21,262,260,0,4,2.9,20,0,2,18,3,1,10,9,0,13,18,204,0.0147099995613098,3,0,1.44968111618705,1.31513995022512,20.4797647549812,266.929935349729,20
"22",2020-03-22,288,286,0,6,3.1,26,0,1,25,3,5,13,8,0,16,25,159,0.0314499998092651,2,0,3.10593165818208,1.61360523488461,27.427628658332,302.332071851319,26
"23",2020-03-23,309,307,0,9,4.4,21,1,0,20,4,5,17,12,0,20,21,138,0.0362299990653992,3,0,3.54591480214545,1.88964945877902,22.3690866782909,327.014743344539,21
"24",2020-03-24,327,323,1,8,4.9,18,1,3,14,3,7,20,13,1,23,15,253,0.0197599995136261,4,0,1.94524508830638,2.16754161425136,18.5364743222659,334.552080406126,18
"25",2020-03-25,350,346,1,8,5.4,23,0,1,22,4,8,23,15,0,27,22,153,0.0588199996948242,2,0,5.80610319568265,2.7261318514194,25.3485011907224,382.935518726816,23
"26",2020-03-26,364,356,1,19,8,14,1,3,10,2,7,25,18,0,29,11,274,0.025550000667572,3,0,2.52732858588979,2.72707074929538,14.5111375042147,372.542268318223,14
"27",2020-03-27,381,364,1,27,11.6,17,3,2,12,5,9,26,17,0,34,15,577,0.0294600009918213,4,0,2.92571782655437,3.04370318184968,17.8068764689742,383.580202313774,17
"28",2020-03-28,406,386,2,26,14.7,25,1,1,23,3,8,25,17,1,37,24,367,0.0817399978637695,3,0,8.10772411243335,3.99485218131344,28.5776146251051,443.539968553774,25
"29",2020-03-29,425,398,2,11,15.4,19,5,4,10,7,8,31,23,0,44,15,184,0.0434800004959106,0,0,4.34800004959106,4.17229052294329,20.1991241586156,429.816761008601,19
"30",2020-03-30,450,407,3,48,21,25,8,3,14,4,12,32,20,1,48,22,549,0.0783199977874756,0,0,7.83199977874756,4.78458837674359,28.167952787991,465.607126577833,25
"31",2020-03-31,467,404,3,51,27.1,17,2,3,12,6,13,34,21,0,54,14,943,0.064689998626709,0,0,6.4689998626709,5.43083905879567,18.6651314781524,452.050936940971,17
"32",2020-04-01,494,407,3,37,31.3,27,6,4,16,3,15,33,18,0,57,22,575,0.0573899984359741,4,0.25,5.87206374795943,5.44026199483521,28.375181466691,450.940857133783,27
"33",2020-04-02,511,403,6,32,33.1,17,5,4,7,6,14,34,20,3,63,12,107,0.0841100025177002,9,0,7.75842264602924,6.1875611462837,17.7117409239182,460.485966028253,17
"34",2020-04-03,538,409,6,26,33,27,3,4,19,5,14,37,23,0,68,22,217,0.110600004196167,2,0,10.9589958495745,7.33517229242944,30.4327863171611,491.409527441768,27
"35",2020-04-04,555,416,7,18,31.9,17,3,7,6,7,14,43,29,1,75,9,315,0.0253999996185303,3,0,2.51603769806196,6.53635994751924,16.4163350809553,435.243932630824,17
"36",2020-04-05,582,427,8,40,36,27,4,8,13,4,13,43,30,1,79,17,422,0.0663500022888184,5,0.2,6.79149905524154,6.88543123404074,27.1227454531892,480.318371088929,27
"37",2020-04-06,601,427,9,40,34.9,19,3,7,9,4,12,44,32,1,83,12,238,0.117650003433228,4,0.25,11.9837606682266,7.47853993253774,21.6439773255641,521.081526501324,19
"38",2020-04-07,624,425,9,25,31.1,23,2,11,10,4,14,45,31,0,87,12,285,0.108769998550415,6,0,10.6527318167932,8.07621592598378,25.3503124068219,508.240231074941,23
"39",2020-04-08,644,428,11,26,29.6,20,1,11,7,5,16,44,28,2,92,8,368,0.0434800004959106,6,0.333330001831055,4.813000051733,7.92492111223715,19.7079281903252,465.874158182396,20
"40",2020-04-09,680,436,11,25,28.6,36,1,20,13,6,16,47,31,0,98,14,295,0.0949199962615967,5,0,9.33379963239034,8.14997496743159,36.4025357719275,510.821828325742,36
"41",2020-04-10,714,452,11,37,30.1,34,0,20,13,4,16,48,32,0,102,13,331,0.090629997253418,8,0,8.84912362562872,7.84856464972505,35.115080825108,525.539733303754,34
"42",2020-04-11,757,481,11,31,32,43,0,34,7,5,19,52,33,0,107,7,225,0.102220001220703,11,0.363639984130859,11.4404830932617,9.12348542046787,42.4723998244139,582.174902220444,43
"43",2020-04-12,790,496,13,35,31.3,33,0,18,14,1,18,48,30,2,108,14,227,0.101319999694824,12,0.5,12.1337405567887,9.88666277783175,35.123245289497,606.652118827895,33
"44",2020-04-13,814,503,16,16,27.9,24,0,19,5,3,20,50,30,3,111,5,165,0.0606099987030029,26,0.0384599995613098,5.75948155737672,8.99748004771035,24.5294643819213,556.264116821283,24
"45",2020-04-14,847,504,18,32,28.9,33,0,26,7,5,20,50,30,2,116,7,208,0.0673099994659424,18,0.166669998168945,7.52236276812258,8.55028446932883,33.9681344335437,573.705679215149,33
"46",2020-04-15,876,502,24,60,33.7,29,2,18,9,4,16,50,34,6,120,11,390,0.1,24,0.208330001831055,10.6280000106148,9.38099874916909,31.14945117566,600.093135471028,29
"47",2020-04-16,946,551,24,21,33.1,70,1,55,13,7,13,52,39,0,127,14,310,0.0354800009727478,11,0,3.42641753942424,8.5370870216025,69.8819656551721,585.711648285703,70
"48",2020-04-17,978,555,26,73,38.3,32,0,26,6,0,13,49,36,2,127,6,378,0.0846599960327148,66,0.5,14.6399726352176,9.36435116582948,33.6150087091201,704.388305593613,32
"49",2020-04-18,1018,577,31,31,38.3,40,0,31,9,1,11,46,35,5,128,9,421,0.0617600011825562,8,0,6.06082995288022,8.59582928863213,41.0029007637813,641.297082300199,40
"50",2020-04-19,1035,580,35,37,38.6,17,0,13,4,4,15,47,32,4,132,4,452,0.0442500019073486,47,0.127659997940063,5.21062540386864,7.60681283821498,17.3832067912917,635.5649847373,17
"51",2020-04-20,1096,617,39,16,38.6,61,1,47,13,3,13,45,32,4,135,14,325,0.0523099994659424,43,0.0232599997520447,4.89155701515467,7.48282361789754,62.259095027983,672.490116590393,61
"52",2020-04-21,1132,628,47,51,41.3,36,0,26,10,2,11,43,32,8,137,10,543,0.069980001449585,25,0.36,8.27449661745152,7.59027131065882,37.5213352777066,723.539855439974,36
"53",2020-04-22,1173,645,54,35,37.7,41,1,31,9,4,9,45,36,7,141,10,656,0.0243899989128113,122,0.106560001373291,3.72752692215241,6.60448944087848,41.6853369416227,689.204232734663,41
"54",2020-04-23,1218,661,57,50,41.9,45,0,35,10,5,11,48,37,3,146,10,775,0.0361299991607666,105,0.0285700011253357,3.522795394063,6.61825770582687,45.6476953411072,703.812662047183,45
"55",2020-04-24,1259,668,65,38,36.9,41,0,36,5,7,10,48,38,8,153,5,517,0.0406199979782104,94,0.106379995346069,5.07369206501886,5.25164619579848,41.4664203203887,730.313754803924,41
"56",2020-04-25,1360,742,78,53,40,101,0,95,6,5,9,49,40,13,158,6,557,0.0502699995040894,28,0.0357100009918213,4.95731106864082,5.09400064090713,101.546865813834,809.629072310863,101
"57",2020-04-26,1414,759,87,87,47.1,54,0,41,13,5,9,50,41,9,163,13,358,0.0502799987792969,81,0.0123500001430511,4.32815252268233,4.96793308645194,55.0344970639076,819.398713192758,54
"58",2020-04-27,1475,782,95,87,57.3,61,0,54,7,8,11,54,43,8,171,7,269,0.0632000017166138,80,0.1,7.16355314090806,5.29250396155957,61.921955331857,884.995581358887,61
"59",2020-04-28,1494,776,103,65,59.3,19,0,12,7,7,13,60,47,8,178,7,503,0.0616300010681152,11,0.272730007171631,6.61477054788908,5.05540023733636,19.8513265492247,870.375628885485,19
"60",2020-04-29,1519,765,111,27,58.1,25,0,17,8,7,13,61,48,8,185,8,668,0.0314400005340576,74,0.148649997711182,4.31294072606172,5.13903078075198,25.6343761251532,825.662216967774,25
"61",2020-04-30,1539,755,122,30,55.3,20,0,10,10,2,11,55,44,11,187,10,603,0.0414599990844727,6,0.333330001831055,4.43355656139957,5.26913951894292,20.8151463846561,816.543552041535,20
"62",2020-05-01,1562,738,135,43,56,23,0,16,7,6,11,57,46,13,193,7,516,0.031010000705719,55,0.0909099960327148,3.67797025323123,5.06975068868754,23.4733578740435,787.905444434876,23
"63",2020-05-02,1583,739,139,22,51.6,21,0,15,6,4,12,57,45,4,197,6,508,0.0511800003051758,28,0.0357100009918213,5.03718660126871,5.08116147906296,21.555677283914,807.440918802068,21
"64",2020-05-03,1602,720,148,23,42.4,19,0,13,6,3,12,52,40,9,200,6,826,0.0205800008773804,231,0.0043299999833107,1.70286761786764,4.70612077837514,19.187851856138,742.542222736558,19
"65",2020-05-04,1620,717,152,14,32,18,0,11,7,6,10,51,41,4,206,7,637,0.0109899997711182,24,0.125,1.51295459216374,3.89889241426881,18.1947185322235,736.944741086326,18
"66",2020-05-05,1645,717,156,29,26.9,25,0,24,1,3,9,49,40,4,209,1,923,0.0292499995231628,29,0.172409992218018,3.36109656871868,3.4340818458159,25.0617965662224,761.308137981431,25
"67",2020-05-06,1661,691,161,23,26.3,16,0,11,5,4,10,52,42,5,213,5,598,0.0167200005054474,149,0.0134200000762939,1.60617674881196,3.04740127763736,16.147654501728,711.40585213881,16
"68",2020-05-07,1684,669,167,32,26.6,23,0,16,7,6,10,54,44,6,219,7,813,0.0356699991226196,234,0.0128199994564056,3.05631224063884,2.85065208895726,23.39334996344,706.593017934483,23
"69",2020-05-08,1697,636,173,16,22.7,13,0,8,5,4,8,54,46,6,223,5,715,0.00978999972343445,127,0.0472399997711182,1.54386339349022,2.54577968042283,13.1419260864475,654.052998196126,13
"70",2020-05-09,1714,619,179,12,21.3,17,0,12,5,5,6,51,45,6,228,5,1100,0.0154499995708466,164,0.0304900002479553,1.74013920637626,2.0747729097239,17.1599695597915,638.804231502192,17
"71",2020-05-10,1726,551,185,25,21.6,12,0,8,4,3,5,52,47,6,231,4,907,0.0176400005817413,316,0.0126600003242493,1.63532629845479,2.06512414980778,12.120267356598,567.566828371379,12
"72",2020-05-11,1746,531,188,14,21.6,20,0,14,6,1,5,51,46,3,232,6,517,0.00967000007629395,197,0.0152300000190735,1.12040616851561,2.00904580357234,20.1235976162655,541.938389039494,20
"73",2020-05-12,1769,514,193,13,19.3,23,0,17,6,4,6,50,44,5,236,6,835,0.0131700003147125,322,0.00310999989509583,1.03702422031165,1.67703546808562,23.1143993359211,523.80020977724,23
"74",2020-05-13,1790,497,195,21,19,21,0,15,6,2,7,47,40,2,238,6,1249,0.0144099998474121,224,0.0133899998664856,1.42548878340193,1.65122290159847,21.1572528075913,510.025774228809,21
"75",2020-05-14,1804,469,198,25,18,14,0,10,4,2,6,45,39,3,240,4,1046,0.0267700004577637,127,0.0236199998855591,2.64289518024611,1.59216332154237,14.1943673365947,491.789570215725,14
"76",2020-05-15,1824,454,201,17,18.1,20,0,12,8,1,5,43,38,3,241,8,1163,0.012039999961853,137,0.0146000003814697,1.23097846214588,1.54746547420746,20.1810605330707,464.275185251763,20
"77",2020-05-16,1840,435,207,19,19.1,16,0,6,10,1,4,41,37,6,242,10,967,0.0134399998188019,25,0.04,1.41093546620781,1.50043636846911,16.2594122637965,446.284433475146,16
"78",2020-05-17,1851,395,212,15,17.7,11,0,8,3,1,2,41,39,5,243,3,353,0.0254999995231628,10,0.1,2.7552341134095,1.66042319917693,11.1519718376425,415.009625289602,11
"79",2020-05-18,1866,387,213,25,19.3,15,0,8,7,2,1,42,41,1,245,7,376,0.0398900008201599,17,0.0588199996948242,4.07088557333133,2.08192025700774,15.5239264071735,415.965645653738,15
"80",2020-05-19,1878,350,219,23,20.7,12,0,8,4,0,1,39,38,6,245,4,359,0.0390000009536743,31,0.225809993743896,5.38490003805894,2.70304537382878,12.3960235298203,384.652058859274,12
"81",2020-05-20,1893,336,223,17,20.1,15,0,9,6,3,1,40,39,4,248,6,675,0.0296300005912781,36,0.0555600023269653,3.09429120715661,2.94144572007945,15.3413467615431,355.115418646416,15
"82",2020-05-21,1901,322,229,11,18.1,8,0,1,7,0,1,37,36,6,248,7,478,0.0209200000762939,36,0,1.94547860631683,2.8418147809467,8.25038473768902,333.517697933695,8
"83",2020-05-22,1908,306,233,7,16.7,7,0,3,4,1,1,35,34,4,249,4,514,0.00583999991416931,14,0,0.568515143159664,2.74717716394867,7.04181050198873,309.198503402138,7
"84",2020-05-23,1917,302,236,6,14.9,9,1,3,5,1,0,34,34,3,250,6,582,0.00859000027179718,43,0,0.799900825309753,2.65988650096323,9.08824106653041,306.441467015364,9
"85",2020-05-24,1927,299,237,8,13.9,10,0,3,7,1,1,35,34,1,251,7,332,0.0150600004196167,25,0.04,1.68064989896716,2.50637447032861,10.216301059664,308.239145262791,10
"86",2020-05-25,1942,295,240,6,11.1,15,1,7,7,0,1,34,33,3,251,8,401,0.0174600005149841,8,0,1.71184846124905,2.16936916860257,15.2517901039387,304.28476008274,15
"87",2020-05-26,1948,286,243,16,10.1,6,0,2,4,1,1,34,33,3,252,4,1123,0.00800999999046326,41,0.0731699991226196,1.03051545990701,1.54731422886658,6.07578754797347,291.418809680103,6
"88",2020-05-27,1953,260,243,8,8.9,5,0,1,4,1,1,32,31,0,253,4,1150,0.00957000017166138,13,0.0769199991226196,1.03228376491871,1.25274173711831,5.07591759502868,264.934643676864,5
"89",2020-05-28,1957,235,244,4,7.9,4,0,2,2,1,1,30,29,1,254,2,1403,0.00284999996423721,88,0,0.268179071081476,1.01312751779898,4.00986139218955,236.158713582272,4
"90",2020-05-29,1964,226,247,7,7.9,7,0,3,4,2,1,31,30,3,256,4,1380,0.0065200001001358,37,0,0.634975309681539,1.0226218273021,7.04669820455561,228.638448557392,7
"91",2020-05-30,1967,209,248,15,9.1,3,1,1,1,0,1,31,30,1,256,2,1020,0.0127499997615814,119,0,1.1417910234252,1.07146328417574,3.04198556224053,213.387491254136,3
"92",2020-05-31,1971,194,249,10,9.4,4,0,1,3,3,1,34,33,1,259,3,1309,0.00535000026226044,11,0.0909099960327148,0.606300022701423,0.917984730423488,4.03344199614988,196.162582417692,4
"93",2020-06-01,1982,185,250,5,9.3,11,0,5,6,2,1,33,32,1,261,6,763,0.00130999997258186,20,0,0.127653892602805,0.691671220616881,11.0140821402774,185.43419932522,11
"94",2020-06-02,1985,167,251,8,8.1,3,0,1,2,0,1,28,27,1,261,2,858,0.0104900002479553,9,0,1.03811075118174,0.692756262227556,3.03817306552784,170.187450971574,3
"95",2020-06-03,1995,157,251,8,8.1,10,0,7,3,0,1,23,22,0,261,3,1110,0.00449999988079071,141,0,0.399280564962245,0.602327233662346,10.0220233195056,158.152553720792,10
"96",2020-06-04,2002,146,254,8,8.7,7,0,2,5,0,0,20,20,3,261,5,1430,0.00559000015258789,21,0,0.550909732474203,0.642717328147021,7.05064467662463,147.478824557439,7
"97",2020-06-05,2006,137,256,15,9.9,4,0,1,3,1,0,21,21,2,262,3,1366,0.00952000021934509,29,0,0.932209340474939,0.685179332546079,4.05141834076822,139.348104228416,4
"98",2020-06-06,2009,128,257,2,8,3,0,0,3,0,0,21,21,1,262,3,1404,0.000710000023245811,68,0,0.0677201109128477,0.5317406307586,3.00373527231341,128.159371618706,3
"99",2020-06-07,2010,118,258,4,7.1,1,0,0,1,0,0,20,20,1,262,1,870,0.00230000004172325,22,0,0.22432735832951,0.477173107276898,1.0041244457489,118.48668459837,1
"100",2020-06-08,2013,110,258,0,6.4,3,0,0,3,0,0,19,19,0,262,3,701,0.0014300000667572,12,0,0.140593274445554,0.47902159039729,3.0077547741492,110.284341718804,3
"101",2020-06-09,2023,107,259,3,5.7,10,0,3,7,0,0,18,18,1,262,7,1338,0.00224000006914139,10,0,0.222338285794598,0.362482666770557,10.0286151249292,107.437402623918,10
"102",2020-06-10,2033,105,259,7,5.6,10,0,4,6,0,0,17,17,0,262,6,1281,0.00233999997377396,12,0,0.231828303666237,0.338560915156841,10.0255741413437,105.447547473515,10
"103",2020-06-11,2040,104,260,5,5.1,7,0,2,5,0,0,16,16,1,262,5,1529,0.00326999992132187,6,0,0.325721816267175,0.306391212841551,7.02994333750532,104.622821420111,7
"104",2020-06-12,2044,107,260,10,4.4,4,0,2,2,0,0,16,16,0,262,2,1596,0.00814999997615814,13,0,0.808415162333648,0.288706330249938,4.02972677523119,108.590382474869,4
"105",2020-06-13,2047,105,260,6,5,3,0,3,0,0,0,16,16,0,262,0,1479,0.00270000010728836,23,0.0434800004959106,0.332446083228058,0.326524326294968,3,105.641791370061,3
"106",2020-06-14,2050,102,260,1,4.6,3,0,1,2,0,0,16,16,0,262,2,768,0,13,0,0,0.294477560819324,3,102,3
"107",2020-06-15,2055,100,260,2,4.9,5,0,2,3,0,0,14,14,0,262,3,720,0.00555999994277954,17,0,0.543175028331244,0.351989239945851,5.02996017899724,100.998672633241,5
"108",2020-06-16,2059,99,260,3,4.9,4,0,1,3,1,0,14,14,0,263,3,1250,0.000799999982118607,14,0,0.0791139222822989,0.331528616586952,4.00436372651378,99.1440029749547,4
"109",2020-06-17,2062,89,260,8,5,3,0,0,3,1,1,6,5,0,264,3,1098,0.0091100001335144,26,0,0.889927059305944,0.425542724535481,3.04908615566,90.4562226179132,3
"110",2020-06-18,2064,75,260,2,4.6,2,0,0,2,0,1,6,5,0,264,2,1304,0.00230000004172325,122,0,0.210322584460527,0.409057119991674,2.00773391258058,75.2900217217716,2
"111",2020-06-19,2067,73,260,5,3.9,3,0,0,3,0,1,5,4,0,264,3,1875,0.0010700000077486,19,0,0.105926611115556,0.308701612674804,3.00584264751519,73.1421710895363,3
"112",2020-06-20,2073,73,261,1,3.1,6,0,0,6,1,1,5,4,1,265,6,1792,0.000560000017285347,158,0,0.0514625656910432,0.268561110169516,6.00567709338368,73.0690713028348,6
"113",2020-06-21,2079,77,261,1,3.1,6,0,0,6,0,1,4,3,0,265,6,1102,0.00363000005483627,86,0,0.336722227308886,0.316664285499357,6.03714551544653,77.4767007815637,6
"114",2020-06-22,2081,76,262,6,3.7,2,0,1,1,0,1,1,0,1,265,1,509,0.0039300000667572,10,0,0.385427752211833,0.294128960339441,2.00708641097527,76.5385672341202,2
"115",2020-06-23,2090,81,262,4,3.9,9,0,0,9,0,1,1,0,0,265,9,1255,0.00158999994397163,20,0,0.156505876837992,0.305184953847397,9.02589742075547,81.2330767867992,9
"116",2020-06-24,2092,75,263,3,3.1,2,0,0,2,1,1,2,1,1,266,2,1733,0.00289000004529953,24,0,0.285052366448724,0.218774283439223,2.01048185143148,75.3930694286806,2
"117",2020-06-25,2098,73,263,6,3.7,6,0,0,6,0,1,2,1,0,266,6,1796,0.00277999997138977,21,0.0476200008392334,0.32982388366758,0.235845897611659,6.03638452460748,73.4426783827244,6
"118",2020-06-26,2102,67,263,6,3.9,4,0,0,4,0,1,2,1,0,266,4,2028,0.00196999996900558,23,0,0.194790830674954,0.248540786120145,4.01432556812481,67.2399532660906,4
"119",2020-06-27,2105,69,263,3,4.1,3,0,0,3,0,1,1,0,0,266,3,1574,0.000640000030398369,80,0,0.0609044768952257,0.249889630577885,3.00335933895032,69.0772647958574,3
"120",2020-06-28,2107,68,263,2,4.3,2,0,0,2,0,1,1,0,0,266,2,880,0.00114000000059605,12,0,0.112466367771808,0.217853079215445,2.00413557611434,68.1406095878877,2
"121",2020-06-29,2111,69,263,1,3.6,4,0,0,4,2,1,3,2,0,268,4,854,0.00351000010967255,8,0,0.347742470262222,0.212469467508358,4.02557414242945,69.441153956908,4
"122",2020-06-30,2114,68,263,10,4.4,3,0,0,3,0,1,3,2,0,268,3,1605,0.00435999989509583,11,0,0.433032167798812,0.251973223359904,3.02388497368642,68.5413927368923,3
"123",2020-07-01,2116,67,263,4,4.6,2,0,0,2,0,2,3,1,0,268,2,1601,0.00312000006437302,15,0,0.309103966773589,0.255409166263456,2.01136626893145,67.3807700092036,2
"124",2020-07-02,2122,66,263,4,4.3,6,0,1,5,0,1,3,2,0,268,5,1012,0.00197999998927116,12,0,0.195679686439689,0.236245709516614,6.01798867193222,66.2374504695054,6
"125",2020-07-03,2130,74,263,4,4,8,0,0,8,0,1,3,2,0,268,8,1334,0.00300000011920929,14,0,0.296884284794154,0.2508304886765,8.04366772329342,74.4039264404642,8
"126",2020-07-04,2134,75,263,4,4.1,4,0,0,4,0,1,3,2,0,268,4,1257,0.00317999988794327,40,0,0.308192741645697,0.286157383640853,4.02266552332428,75.4249785623302,4
"127",2020-07-05,2136,72,263,5,4.6,2,0,0,2,0,1,2,1,0,268,2,734,0.00272000014781952,47,0,0.255631255889824,0.306609510514855,2.00939998807539,72.3383995707142,2
"128",2020-07-06,2142,72,263,0,4.4,6,0,1,5,0,1,2,1,0,268,5,602,0,10,0,0,0.256932014763109,6,72,6
"129",2020-07-07,2149,73,263,6,3.9,7,0,1,6,0,1,1,0,0,268,6,1272,0.0039300000667572,21,0,0.386617175940847,0.250301301640543,7.04264967714064,73.5189044052112,7
"130",2020-07-08,2162,79,263,5,4,13,0,1,12,0,1,1,0,0,268,12,1684,0.00296999990940094,39,0,0.29027741424441,0.247611794136374,13.0640439109753,79.4216224139209,13
"131",2020-07-09,2170,83,263,5,4.1,8,0,0,8,1,0,2,2,0,269,8,1504,0.00266000002622604,41,0,0.258941102876632,0.256649139341652,8.03808678670058,83.3951504120186,8
"132",2020-07-10,2186,96,263,12,5.3,16,0,0,16,0,0,2,2,0,269,16,1900,0.00684000015258789,14,0.0714300012588501,0.73124453017455,0.318700602967423,16.2151126579545,97.2906759477268,16
"133",2020-07-11,2193,101,263,7,5.7,7,0,0,7,1,1,2,1,0,270,7,1571,0.00381999999284744,25,0,0.376016290022765,0.328389681307004,7.04839361370434,101.69825071202,7
"134",2020-07-12,2216,121,263,9,6.3,23,0,2,21,1,1,3,2,0,271,21,1068,0.00842999994754791,13,0,0.832862159480219,0.410851238962775,23.3215701873906,122.852856794012,23
"135",2020-07-13,2239,139,263,6,7.1,23,0,2,21,0,0,3,3,0,271,21,808,0.00619000017642975,65,0,0.572911814725686,0.492695783923587,23.2212027014585,140.464151214416,23
"136",2020-07-14,2258,149,263,4,6.9,19,0,2,17,1,0,4,4,0,272,17,1406,0.00356000006198883,66,0,0.340038049399205,0.486041622989067,19.1062820177699,149.931530626336,19
"137",2020-07-15,2279,168,263,15,8.3,21,0,0,21,1,0,5,5,0,273,21,1404,0.00782999992370605,46,0,0.758159992612641,0.552881991327385,21.292727491724,170.341819933792,21
"138",2020-07-16,2301,186,263,7,8.6,22,0,1,21,0,0,5,5,0,273,21,1695,0.00708000004291534,25,0.04,0.755848841438459,0.623868811121932,22.2918351504071,188.584825617892,22
"139",2020-07-17,2331,213,263,17,9.3,30,0,0,29,0,1,5,4,0,273,29,1787,0.00726999998092651,21,0,0.718555860946663,0.622056144089377,29.3831262310351,215.813996110706,30
"140",2020-07-18,2357,232,263,16,10.6,26,0,0,24,2,1,6,5,0,275,24,1551,0.00708999991416931,81,0,0.673810653607635,0.664598196030073,24.2973257125513,234.874148554662,26
"141",2020-07-19,2375,250,263,28,13.3,18,0,0,18,0,1,6,5,0,275,18,2025,0.0212299990653992,22,0,2.10018310246377,0.845644045027723,18.6950451518741,259.653404887141,18
"142",2020-07-20,2405,275,263,47,19.1,30,0,0,27,2,3,8,5,0,277,27,1548,0.0148599994182587,35,0.0285700011253357,1.51631264301018,0.980415591925508,27.7527241910574,282.666635279289,30
"143",2020-07-21,2429,294,263,23,21.9,24,0,0,23,0,3,8,5,0,277,23,1428,0.0161099994182587,15,0,1.59425358068423,1.15958923925194,23.6741687077636,302.617634786195,24
"144",2020-07-22,2456,314,263,13,21.6,27,0,1,23,2,3,9,6,0,279,23,1771,0.00902999997138977,16,0,0.894914938406899,1.17912566007969,24.3784364387786,319.166480077238,27
"145",2020-07-23,2475,322,263,29,24.7,19,0,1,17,1,3,10,7,0,280,17,1667,0.0101999998092651,32,0,1.0007886805206,1.21411706566285,18.3128057007589,327.924907979081,19
"146",2020-07-24,2498,337,263,34,27.1,23,0,1,18,0,3,7,4,0,280,18,2036,0.0122800004482269,83,0,1.17989999587494,1.28002337065261,19.3904820350507,344.310691434005,23
"147",2020-07-25,2510,336,263,26,28.6,12,0,1,10,0,3,7,4,0,280,10,2126,0.00800000011920929,320,0,0.695339339878943,1.28309889726279,11.1278439422531,340.295556459705,12
"148",2020-07-26,2517,338,263,21,27.6,7,0,0,6,2,4,9,5,0,282,6,1816,0.0121099996566772,73,0,1.16420113163186,1.14938718714395,6.12842885800415,345.234825667567,7
"149",2020-07-27,2532,340,264,22,24,15,0,1,13,1,4,9,5,1,283,13,1601,0.00874000012874603,24,0,0.861091704992147,1.05578419599852,14.2058145677402,345.382842540898,15
"150",2020-07-28,2552,330,264,14,22.7,20,0,1,18,1,4,10,6,0,284,18,1488,0.00739000022411346,24,0,0.727269863325452,0.931929379232976,19.2406863439743,334.412582972861,20
"151",2020-07-29,2568,324,264,20,23.7,16,2,2,12,2,4,11,7,0,286,14,2254,0.00620999991893768,52,0,0.606996522865808,0.89079817701282,16.1562419290168,327.61588464296,16
"152",2020-07-30,2588,334,264,19,22.3,20,1,0,18,1,4,12,8,0,287,19,1891,0.00898999989032745,134,0,0.83951060704243,0.867758452230225,19.2932669631693,339.15532451045,20
"153",2020-07-31,2598,321,264,18,20,10,0,1,9,1,3,13,10,0,288,9,2129,0.00797999978065491,207,0,0.727286795077667,0.803099423544901,10.1203459737267,325.292339729586,10
"154",2020-08-01,2616,309,264,15,18.4,18,0,0,18,1,2,13,11,0,289,18,1629,0.00551999986171722,83,0.0120500004291534,0.58365828331525,0.787144986892945,18.1931588058649,312.315892834013,18
"155",2020-08-02,2624,294,264,2,15.7,8,0,0,8,0,2,13,11,0,289,8,1340,0.00149000003933907,11,0,0.147786828476266,0.641942943585003,8.02173747369885,294.798852158433,8
"156",2020-08-03,2633,280,264,10,14,9,0,1,7,0,1,12,11,0,289,7,1046,0.0114699995517731,47,0,1.09767790769942,0.675740972543185,8.14127207263753,285.650882905501,9
"157",2020-08-04,2645,268,264,20,14.9,12,0,1,11,1,1,11,10,0,290,11,1699,0.0058899998664856,12,0,0.584869069150148,0.655398001946713,12.1182863668645,270.881886029063,12
"158",2020-08-05,2654,248,264,12,13.7,9,1,0,8,1,1,12,11,0,291,9,1599,0.005,70,0,0.479029358897543,0.637116978522675,9.07926619186597,250.18422395364,9
"159",2020-08-06,2664,224,264,13,12.9,10,0,0,10,1,2,10,8,0,292,10,1639,0.00305000007152557,10,0,0.303150401287472,0.560494091986252,10.0557367319429,225.248502795522,10
"160",2020-08-07,2676,225,264,6,11.1,12,0,3,9,1,2,10,8,0,293,9,1689,0,39,0,0,0.456595978403729,12,225,12
"161",2020-08-08,2682,208,264,14,11,6,1,1,4,0,1,10,9,0,293,5,1518,0.00725000023841858,95,0,0.682300084433937,0.470687664277827,6.06272328314464,210.609288578817,6
"162",2020-08-09,2684,199,264,16,13,2,0,1,1,2,2,12,10,0,295,1,1589,0.00441000014543533,102,0,0.414399185753799,0.508775143888903,2.00761907496597,200.516195918228,2
"163",2020-08-10,2696,200,264,8,12.7,12,2,0,10,0,1,12,11,0,295,12,1384,0.00578000009059906,27,0,0.566939767922686,0.432955409635084,12.1250839309001,202.084732181669,12
"164",2020-08-11,2709,204,264,8,11,13,2,1,10,0,1,12,11,0,295,12,1460,0.00342000007629395,41,0,0.332658235269098,0.396925290509219,13.0733943922583,205.247704668391,13
"165",2020-08-12,2716,187,264,12,11,7,3,0,4,0,2,10,8,0,295,7,1486,0.00268999993801117,7,0,0.267738774808078,0.366740921353581,7.03445820616163,187.920526364603,7
"166",2020-08-13,2738,190,264,11,10.7,22,0,0,22,0,2,9,7,0,295,22,1689,0.00532999992370605,56,0,0.515895121555273,0.397133024248982,22.2086735744141,191.80218086994,22
"167",2020-08-14,2749,185,264,6,10.7,11,4,1,6,1,2,10,8,0,296,10,1882,0.00477999985218048,36,0,0.469028139822923,0.464137044223685,11.0862347389018,186.595342669683,11
"168",2020-08-15,2753,177,264,2,9,4,0,0,4,1,2,11,9,0,297,4,2044,0.00734000027179718,21,0,0.726535620123653,0.470456406465073,4.05343185551969,179.364359606746,4
"169",2020-08-16,2757,158,264,26,10.4,4,0,1,3,0,2,11,9,0,297,3,1196,0.00501999974250793,22,0,0.492932651234769,0.481675472962354,4.02718893486313,159.431950569458,4
"170",2020-08-17,2781,173,265,8,10.4,24,1,4,19,1,1,9,8,1,298,20,1358,0.00662999987602234,32,0,0.647736678535132,0.493217888764132,24.2381835911665,175.060288063591,24
"171",2020-08-18,2807,192,265,15,11.4,26,1,1,24,0,1,7,6,0,298,25,1888,0.00583000004291534,77,0.0519500017166138,0.763724692783889,0.554798811266245,26.3510429006452,194.696009476955,26
"172",2020-08-19,2831,201,265,23,13,24,4,3,15,2,1,7,6,0,300,19,1519,0.0118499994277954,25,0.04,1.23057960691847,0.69234750156773,22.429879433603,205.547671902852,24
"173",2020-08-20,2848,209,266,24,14.9,17,1,0,16,3,0,6,6,1,303,17,1607,0.00995999991893768,103,0,0.936007009925898,0.752363485620677,17.2925575941794,212.596737481383,17
"174",2020-08-21,2869,216,266,16,16.3,21,3,2,16,0,0,6,6,0,303,19,1804,0.00721000015735626,116,0.00861999988555908,0.729518764093518,0.789576431945047,21.25484341797,218.897167277974,21
"175",2020-08-22,2888,226,266,16,18.3,19,1,0,18,1,0,7,7,0,304,19,1864,0.00589999973773956,73,0,0.56776455917122,0.766894851808986,19.1983376822955,228.359174536778,19
"176",2020-08-23,2905,236,266,13,16.4,17,1,1,15,0,0,7,7,0,304,16,694,0.0172899997234344,5,0,1.71663230444399,0.941709087981731,17.5049874870877,243.448565434543,17
"177",2020-08-24,2924,252,266,19,18,19,2,0,17,1,1,8,7,0,305,19,1142,0.00962999999523163,58,0,0.91645499954621,0.980097419554742,19.3201460140511,256.24614713373,19
"178",2020-08-25,2938,254,266,23,19.1,14,0,1,13,4,2,11,9,0,309,13,1647,0.0145700001716614,73,0,1.3951622257399,1.0703027814056,14.3334658884221,260.515410435324,14
"179",2020-08-26,2956,262,266,15,18,18,1,4,13,0,2,11,9,0,309,14,1832,0.0049099999666214,41,0,0.480251998870817,0.963113123113079,18.1236176747166,264.313416483982,18
"180",2020-08-27,2969,265,266,16,16.9,13,1,3,9,1,2,9,7,0,310,10,1469,0.00612999975681305,9,0,0.609267228874044,0.916436011534243,13.1120188661243,267.968499952295,13
"181",2020-08-28,2997,275,266,20,17.4,28,0,3,21,1,1,9,8,0,311,21,2137,0.00607999980449677,35,0,0.598202559033591,0.897676553668539,24.2309675218358,278.024574690707,28
"182",2020-08-29,3018,289,266,12,16.9,21,0,2,18,0,1,9,8,0,311,18,1790,0.00726000010967255,11,0.0909099960327148,0.777091068999096,0.927580340786807,20.2571744241913,293.129078255072,21
"183",2020-08-30,3038,303,267,16,17.3,20,0,6,12,2,1,10,9,1,313,12,1402,0.00428000003099442,33,0,0.418157494317364,0.742083939340146,18.0922580952756,305.32951690571,20
"184",2020-08-31,3059,313,267,13,16.4,21,1,3,17,1,1,11,10,0,314,18,1353,0.00517000019550323,54,0,0.497157801315982,0.682184339592971,21.1645319015831,315.861026955306,21
"185",2020-09-01,3084,317,267,18,15.7,25,1,2,22,0,1,11,10,0,314,23,1361,0.0154299998283386,22,0.0909099960327148,1.66306939111269,0.720456791789084,25.703269138556,326.692883344446,25
"186",2020-09-02,3120,327,267,15,15.7,36,1,9,26,0,1,9,8,0,314,27,1528,0.00261999994516373,51,0,0.253537676770752,0.688069031489075,36.1258605496232,328.524311100992,36
"187",2020-09-03,3142,328,267,24,16.9,22,1,4,17,1,1,8,7,0,315,18,1493,0.00938000023365021,133,0.00751999974250793,0.922785997207461,0.732857426965277,22.3053914360248,333.564910612007,22
"188",2020-09-04,3164,332,267,24,17.4,22,0,3,19,3,1,11,10,0,318,19,2705,0.00813000023365021,258,0.00774999976158142,0.809691210614641,0.763070091476856,22.282850127741,336.942433811053,22
"189",2020-09-05,3189,339,267,17,18.1,25,1,11,13,2,1,13,12,0,320,14,2256,0.00398999989032745,164,0,0.371960320354493,0.705194270241913,25.0957432139735,341.318353538357,25
"190",2020-09-06,3210,341,267,27,19.7,21,1,3,16,1,1,14,13,0,321,17,1310,0.00611000001430511,192,0.03125,0.932363516560565,0.778652273419513,20.2914187868393,346.845518018364,21
"191",2020-09-07,3251,366,267,29,22,41,2,6,33,0,1,12,11,0,321,35,1290,0.0147300004959106,44,0,1.4244153403092,0.911117636132829,41.9166172791248,375.585197833134,41
"192",2020-09-08,3303,403,267,24,22.9,52,0,14,36,3,1,14,13,0,324,36,1097,0.0127600002288818,4,0,1.27136423715562,0.855159756996104,50.8415033415558,412.420162406861,52
"193",2020-09-09,3348,434,267,15,22.9,45,2,10,31,0,1,13,12,0,324,33,1587,0.0144900000095367,29,0,1.42299690687715,1.02222536129702,43.8633785391587,445.354735939238,45
"194",2020-09-10,3425,496,267,33,24.1,77,1,21,52,2,2,14,12,0,326,53,1959,0.0127600002288818,61,0,1.23746734892968,1.06717984011448,75.2058491224132,507.284927636169,77
"195",2020-09-11,3455,510,267,60,29.3,30,0,1,25,0,1,12,11,0,326,25,2314,0.0155599999427795,93,0.0752699995040894,1.78670335776785,1.20675300399351,26.8212508188221,526.75351670397,30
"196",2020-09-12,3504,535,269,47,33.6,49,0,4,42,1,0,12,12,2,327,42,1900,0.0168400001525879,26,0,1.66126688940379,1.39093965671483,47.2828386998991,551.340921534429,49
"197",2020-09-13,3539,548,270,31,34.1,35,1,5,29,1,1,11,10,1,328,30,1199,0.0166799998283386,44,0,1.6089557356539,1.48759568801388,35.8874598301567,564.210932897529,35
"198",2020-09-14,3607,598,272,59,38.4,68,0,19,49,1,1,11,10,2,329,49,2394,0.0141999995708466,218,0.0412799978256226,1.6460121936674,1.51925238135077,69.4829021044195,616.097458335569,68
"199",2020-09-15,3679,646,273,41,40.9,72,0,14,55,1,1,11,10,1,330,55,2961,0.0121599996089935,28,0,1.20460886056306,1.5097158989804,70.2181256722627,660.307439714213,72
"200",2020-09-16,3755,684,274,41,44.6,76,0,7,66,1,0,11,11,1,331,66,1887,0.0190799999237061,162,0.00616999983787537,1.80592971350753,1.56442058564189,75.1914326733051,706.711211341526,76
"201",2020-09-17,3805,709,278,57,48,50,2,4,38,2,2,11,9,4,333,40,2512,0.0191100001335144,208,0.00481000006198883,1.80164707162801,1.6450176888845,45.324991416282,732.485472853599,50
"202",2020-09-18,3893,777,278,46,46,88,1,6,78,0,2,11,9,0,333,79,2409,0.0128699994087219,281,0.0213499999046326,1.37558284568077,1.58628618715778,86.998007876203,796.651292655819,88
"203",2020-09-19,3963,828,280,46,45.9,70,2,4,60,0,2,10,8,2,333,62,2101,0.0214199995994568,161,0,1.98954107685494,1.6331824996508,68.2679211597899,858.287721295258,70
"204",2020-09-20,4006,860,280,76,52.3,43,1,4,34,2,2,11,9,0,335,35,2847,0.0186199998855591,112,0,1.79152212484578,1.6592634123925,40.1528520432893,888.327221635108,43
"205",2020-09-21,4115,940,280,56,51.9,109,2,22,82,1,3,12,9,0,336,84,2949,0.0189900004863739,73,0,1.85312744653596,1.68885130565944,108.861988786299,972.027017370485,109
"206",2020-09-22,4225,1020,280,85,58.1,110,0,27,82,3,3,15,12,0,339,82,2507,0.0135599994659424,64,0.03125,1.40003573166541,1.71676943010263,111.110747704211,1046.25564217433,110
"207",2020-09-23,4332,1080,281,67,61.9,107,0,26,76,2,3,16,13,1,341,76,1896,0.0168799996376038,7,0.571430015563965,1.89198578149472,1.7290631541008,104.64371608813,1117.56859704185,107
"208",2020-09-24,4433,1133,282,38,59.1,101,2,18,75,2,3,18,15,1,343,77,2730,0.0128199994564056,55,0,1.25668217292593,1.65121102571479,96.7790966126554,1159.17813587193,101
"209",2020-09-25,4552,1196,284,57,60.7,119,5,16,86,3,3,20,17,2,346,91,3291,0.0133700001239777,59,0.0339000010490417,1.37315732745982,1.6508645231118,109.297444582341,1226.19498593934,119
"210",2020-09-26,4637,1243,286,76,65,85,3,14,66,3,4,21,17,2,349,69,3437,0.0299699997901917,12,0,2.98657260883992,1.79329759910965,86.7888335094338,1311.25391380038,85
"211",2020-09-27,4719,1273,287,109,69.7,82,2,12,64,2,4,22,18,1,351,66,2684,0.0331599998474121,13,0,3.30001629923819,2.00879676687999,82.0044545956023,1350.23743485154,82
"212",2020-09-28,4834,1343,288,86,74,115,3,11,97,6,4,27,23,1,357,100,3135,0.0258400011062622,192,0.0104200005531311,2.49501182970644,2.10049453590435,115.58728752976,1404.60727152468,115
"213",2020-09-29,4941,1374,291,58,70.1,107,5,18,74,4,3,27,24,3,361,79,2165,0.0263299989700317,79,0.0253200006484985,2.62944419881239,2.27612431692535,100.819217603476,1440.4253795845,107
"214",2020-09-30,5024,1404,291,108,76,83,1,10,67,5,5,30,25,0,366,68,3170,0.0305999994277954,281,0.0142299997806549,2.92670611777674,2.42394150782278,81.6590755907045,1479.54914896102,83
"215",2020-10-01,5125,1440,293,105,85.6,101,2,11,78,3,5,29,24,2,369,80,3844,0.0226300001144409,120,0.00833000004291534,2.21971040476944,2.56151696951471,94.2648983025224,1498.7681694454,101
"216",2020-10-02,5221,1490,294,115,93.9,96,0,13,79,1,5,29,24,1,370,79,3362,0.021710000038147,197,0,2.05082945007727,2.65832727274577,94.9787907045145,1546.18225505983,96
"217",2020-10-03,5293,1502,295,65,92.3,72,2,6,63,5,6,31,25,1,375,65,3113,0.0301999998092651,485,0.0103100001811981,2.75188853513406,2.62480097650208,74.2887249177079,1577.99484348303,72
"218",2020-10-04,5350,1482,295,77,87.7,57,1,7,47,3,6,32,26,0,378,48,3118,0.0291899991035461,102,0,2.826534695803,2.55716074743991,57.4944735972366,1559.01687231468,57
"219",2020-10-05,5428,1483,295,82,87.1,78,3,13,59,3,6,33,27,0,381,62,3821,0.0177999997138977,238,0.00839999973773956,1.72488294763206,2.44714233571499,76.9662316001433,1530.03099133891,78
"220",2020-10-06,5503,1454,296,139,98.7,75,5,15,52,2,7,34,27,1,383,57,2158,0.0194599997997284,55,0,1.89763576899295,2.34259827431222,73.9887082110896,1504.72950419165,75
"221",2020-10-07,5604,1468,296,174,108.1,101,12,22,63,3,10,36,26,0,386,75,2268,0.0313100004196167,76,0,3.02948297575472,2.35728068259479,101.177468011625,1549.76697388088,101
"222",2020-10-08,5684,1427,296,85,105.3,80,5,14,55,2,9,36,27,0,388,60,2434,0.0271199989318848,182,0,2.52332100153699,2.40065362499015,76.7836017832334,1493.2033290779,80
"223",2020-10-09,5767,1428,296,96,102.6,83,5,19,57,2,9,37,28,0,390,62,2508,0.0207299995422363,247,0.00810000002384186,1.95976547578285,2.38764448580523,83.2339793043025,1479.45358784748,83
"224",2020-10-10,5832,1413,297,68,103,65,5,8,50,6,9,43,34,1,396,55,2628,0.0300600004196167,21,0,2.98216991705371,2.42054182607947,66.0156325874232,1490.47434265507,65
"225",2020-10-11,5896,1378,297,138,111.7,64,6,6,48,5,10,46,36,0,401,54,2660,0.0233100008964539,238,0.0168099999427795,2.2776184393012,2.34212521800778,62.2612994822189,1435.70501271292,64
"226",2020-10-12,5957,1349,297,62,108.9,61,2,13,43,3,10,46,36,0,404,45,1994,0.0150499999523163,237,0.0126600003242493,1.47961093598233,2.30708635920068,59.224174699944,1385.6980371161,61
"227",2020-10-13,6042,1370,298,74,99.6,85,4,10,68,1,7,45,38,1,405,72,2117,0.0302300000190735,18,0,2.9975133508374,2.4642117280356,85.9680485377364,1445.50314578748,85
"228",2020-10-14,6109,1375,300,84,86.7,67,1,16,49,2,7,45,38,2,407,50,3004,0.0296300005912781,110,0.0363599991798401,2.98677333609447,2.45811035094128,68.7457160554822,1450.50719152576,67
"229",2020-10-15,6195,1400,300,107,89.9,86,3,25,52,5,8,49,41,0,412,55,2119,0.021710000038147,105,0.00952000021934509,2.11344829603708,2.39955710729844,82.1371631163325,1454.40051568846,86
"230",2020-10-16,6270,1420,301,77,87.1,75,2,10,59,4,8,47,39,1,416,61,3126,0.0214299988746643,280,0.0035699999332428,1.99617664308598,2.40475870262745,73.2387838121366,1472.11595103662,75
"231",2020-10-17,6317,1402,302,64,86.6,47,1,10,36,6,8,50,42,1,422,37,3037,0.0214000010490417,149,0,2.03991849296735,2.2701513563294,48.3877073626053,1454.58285736142,47
"232",2020-10-18,6374,1369,305,74,77.4,57,1,11,40,2,6,49,43,3,424,41,1144,0.0271000003814697,37,0.0540500020980835,2.79443272769098,2.34398196895651,54.1064971168731,1439.33645251218,57
"233",2020-10-19,6438,1348,307,69,78.4,64,1,6,57,3,6,48,42,2,427,58,1334,0.0374799990653992,27,0,3.67364575703472,2.65741551482114,67.9174965498062,1439.04802326101,64
"234",2020-10-20,6516,1352,309,46,74.4,78,3,14,57,4,5,46,41,2,431,60,1595,0.0250799989700317,48,0.0208299994468689,2.49558358677117,2.58571126281168,76.7530032517119,1414.03433993857,78
"235",2020-10-21,6604,1376,312,69,72.3,88,1,46,40,4,4,45,41,3,435,41,2258,0.0305599999427795,446,0.00897000014781952,2.69989274913919,2.54472832181807,89.0352310633821,1444.30434007839,88
"236",2020-10-22,6669,1361,312,88,69.6,65,1,24,36,1,3,44,41,0,436,37,2238,0.0268099999427795,87,0.0114900004863739,2.62367354469914,2.6176176430555,62.7848218483257,1426.65250096138,65
"237",2020-10-23,6748,1363,313,92,71.7,79,1,13,64,2,3,37,34,1,438,65,2768,0.0245700001716614,65,0.0153799998760223,2.4359145946735,2.68043735042515,80.9111110143568,1424.0437586549,79
"238",2020-10-24,6813,1353,317,63,71.6,65,2,17,41,2,3,36,33,4,440,43,2358,0.0211999988555908,191,0,1.96114544140773,2.6691840573452,61.5504637315663,1401.78552160021,65
"239",2020-10-25,6883,1334,319,69,70.9,70,1,24,42,3,3,38,35,2,443,43,1751,0.0308400011062622,77,0,2.95409419787008,2.69199283879936,69.3354799785477,1406.45419282285,70
"240",2020-10-26,6956,1294,320,77,72,73,1,16,51,4,3,39,36,1,447,52,995,0.0392000007629395,121,0.0165299999713898,3.67420526484435,2.69207276848645,71.512773210977,1381.41401028854,73
"241",2020-10-27,7034,1264,322,61,74.1,78,0,15,60,2,3,32,29,2,449,60,1354,0.0288000011444092,116,0,2.65273479928776,2.71452294170311,77.9263646255252,1325.64874811106,78
"242",2020-10-28,7146,1270,325,93,77.6,112,2,69,38,2,2,30,28,3,451,40,1900,0.0405299997329712,166,0.01807000041008,3.87253724882471,2.88204358451533,111.847993202847,1360.42378419038,112
"243",2020-10-29,7210,1254,326,65,74.3,64,0,18,42,9,2,38,36,1,460,42,2190,0.0292199993133545,96,0,2.79929127280168,2.90713183138712,62.1616268884577,1318.54000281252,64
"244",2020-10-30,7260,1223,328,122,78.6,50,1,9,36,4,2,41,39,2,464,37,2789,0.0358599996566772,105,0.0571400022506714,3.66320799166528,3.0824594595288,48.4919920665035,1305.37044046848,50
"245",2020-10-31,7299,1153,329,83,81.4,39,0,5,32,2,2,40,38,1,466,32,2352,0.0276399993896484,322,0,2.43116224997955,3.1496047178962,38.4303663191486,1204.53788643682,39
"246",2020-11-01,7349,1112,332,50,78.7,50,1,6,40,1,2,38,36,3,467,41,1714,0.0256699991226196,104,0,2.42015283257261,3.07332737999656,48.8243577358969,1161.48014151994,50
"247",2020-11-02,7413,1065,332,56,75.7,64,3,8,47,6,2,43,41,0,473,50,1030,0.0174800002574921,14,0.0714300012588501,1.82034677038705,2.80849045221695,59.6734297489519,1100.64405365268,64
"248",2020-11-03,7484,995,333,36,72.1,71,1,36,33,2,2,44,42,1,475,34,1456,0.0219799995422363,13,0,2.1785486271951,2.74074957048942,71.3618507947405,1034.85416296373,71
"249",2020-11-04,7549,918,337,53,66.4,65,5,1,51,1,1,41,40,4,476,56,1466,0.0272900009155273,295,0.0033899998664856,2.32863096551824,2.52019153001707,59.3975741561287,957.303090630824,65
"250",2020-11-05,7596,875,337,45,63.6,47,0,6,34,5,2,44,42,0,481,34,2536,0.0240499997138977,41,0,2.36673648717286,2.45839798921295,41.4794904854373,913.07512278699,47
"251",2020-11-06,7670,869,341,79,57.4,74,1,12,58,5,3,47,44,4,486,59,2342,0.0234800004959106,116,0.0258599996566772,2.35923194148076,2.27211569632945,73.5592104735958,906.694133924656,74
"252",2020-11-07,7705,836,346,75,56.3,35,3,4,25,3,4,47,43,5,489,28,2499,0.0276099991798401,142,0,2.61254782091709,2.2980279207491,33.3449484331853,876.156317505104,35
"253",2020-11-08,7742,774,346,47,55.9,37,1,5,29,1,4,48,44,0,490,30,1176,0.0204099988937378,92,0.0108700001239777,1.97178223268467,2.23397497790797,36.0875858711012,802.05971547441,37
"254",2020-11-09,7813,744,350,31,52.3,71,3,24,42,7,4,47,43,4,497,45,711,0.0210999989509583,20,0.1,2.3258685710166,2.3061923779979,70.9243365879445,775.815698254015,71
"255",2020-11-10,7880,753,350,52,54.6,67,0,11,54,3,5,48,43,0,500,54,1374,0.0334800004959106,17,0,3.30708272332,2.46741153458718,68.2833877355652,798.785017868159,67
"256",2020-11-11,7936,751,353,77,58,56,0,6,48,2,5,47,42,3,502,48,2375,0.0261100006103516,241,0.0290499997138977,2.63808491516187,2.51161924167912,56.3281628836578,787.426048450562,56
"257",2020-11-12,7978,741,355,60,60.1,42,1,8,31,3,3,44,41,2,505,32,2318,0.0215700006484985,214,0.00467000007629395,2.0141643570121,2.4612517945133,41.1850269793898,768.440780991495,42
"258",2020-11-13,8017,717,357,79,60.1,39,1,7,27,0,3,36,33,2,505,28,2719,0.0217000007629395,200,0,2.02131901591067,2.41297851943186,36.0405818495075,743.646328074889,39
"259",2020-11-14,8038,694,357,50,56.6,21,3,2,14,3,3,37,34,0,508,17,1710,0.015789999961853,245,0.0163300001621246,1.58576726212221,2.26629558246116,19.4956461332183,714.234024497265,21
"260",2020-11-15,8068,650,360,30,54.1,30,1,1,25,0,2,35,33,3,508,26,984,0.0152400004863739,306,0.00653999984264374,1.31762794034426,2.17284496926967,27.6298679302383,665.746698255957,30
"261",2020-11-16,8112,612,363,11,51.3,44,0,3,39,3,2,33,31,3,511,39,735,0.0122399997711182,53,0,1.14167510555481,2.0036744742037,42.8186353450646,624.846277722553,44
"262",2020-11-17,8153,589,363,40,49.6,41,1,10,29,1,2,32,30,0,512,30,1828,0.020789999961853,38,0,2.03666237568421,1.82218585311287,41.1233721388095,611.055539658626,41
"263",2020-11-18,8195,582,363,66,48,42,3,6,31,1,2,32,30,0,513,34,2684,0.0204900002479553,20,0.05,2.07082694768905,1.74114900061676,41.2945119926524,604.158999403637,42
"264",2020-11-19,8215,563,364,53,47,20,2,1,17,0,2,30,28,1,513,19,2476,0.0121200001239777,187,0.0160399997234344,1.23952685900304,1.63048650090118,20.4330049848772,575.830621393992,20
"265",2020-11-20,8240,520,364,28,39.7,25,1,2,20,1,2,30,28,0,514,21,2643,0.00757000029087067,222,0.0225200009346008,0.872842966012306,1.46641849377284,23.3370068779668,528.344932216321,25
"266",2020-11-21,8269,488,365,27,36.4,29,4,4,19,2,2,31,29,1,516,23,1495,0.0187300002574921,71,0,1.7880811229215,1.49532047388702,27.7561333746537,504.043177688304,29
"267",2020-11-22,8296,475,368,26,35.9,27,3,4,19,3,4,31,27,3,519,22,1220,0.0147500002384186,36,0,1.4327229530948,1.51176261856567,26.5795197653084,487.512358569159,27
"268",2020-11-23,8336,458,370,20,37.1,40,2,9,26,1,3,27,24,2,520,28,922,0.0173500001430511,13,0,1.71087701945381,1.5930771776941,37.8807652622716,472.406803218586,40
"269",2020-11-24,8379,467,370,21,34.4,43,2,7,33,1,3,23,20,0,521,35,1403,0.00855000019073486,41,0.0975599956512451,1.10772923056108,1.46037244267651,42.7128284318417,476.511167933431,43
"270",2020-11-25,8434,475,371,38,30.4,55,4,10,39,2,2,23,21,1,523,43,2618,0.0122200000286102,72,0.0138900005817413,1.22646989281736,1.33975000626627,53.9696359313903,485.71109459094,55
"271",2020-11-26,8479,490,372,60,31.4,45,3,4,37,3,2,23,21,1,526,40,3059,0.0143799996376038,224,0.00446000009775162,1.37031553193196,1.35843410239897,45.0077757991564,502.345253539666,45
"272",2020-11-27,8527,502,374,56,35.4,48,2,3,42,3,1,24,23,2,529,44,3154,0.0177600002288818,336,0.00298000007867813,1.63370546556817,1.46712874519267,48.3216297064887,517.078593469485,48
"273",2020-11-28,8571,504,375,60,40.1,44,2,3,39,2,1,25,24,1,531,41,2597,0.0119400000572205,191,0,1.1122015835223,1.3705745252785,44.8383989372352,514.306172301623,44
"274",2020-11-29,8616,516,377,22,39.6,45,0,4,38,5,1,28,27,2,536,38,898,0.0245000004768372,12,0,2.41769235474723,1.51128443980027,43.689149103791,538.936866777794,45
"275",2020-11-30,8659,522,378,47,43.4,43,1,7,34,1,1,25,24,1,537,35,1135,0.0229099988937378,61,0,2.17415123280873,1.57746647027955,43.3990754880458,542.866211564569,43
"276",2020-12-01,8713,544,378,34,45.3,54,2,12,39,3,1,27,26,0,540,41,1906,0.0141700005531311,113,0.0176999998092651,1.43675686145195,1.62447041754967,54.0830549457517,558.370290011925,54
"277",2020-12-02,8755,558,379,49,46.9,42,1,5,34,6,1,31,30,1,546,35,2859,0.0101400005817413,81,0.0123500001430511,1.0200888324757,1.59498740892943,40.6564314660403,568.465393087157,42
"278",2020-12-03,8793,557,380,38,43.7,38,0,5,32,3,1,33,32,1,549,32,3327,0.0102199995517731,202,0,0.963500666158943,1.53687099953329,37.5668724501471,566.867123585373,38
"279",2020-12-04,8836,561,382,55,43.6,43,1,5,33,2,1,31,30,2,551,34,2994,0.0110199999809265,165,0.0121200001239777,1.10774548791865,1.46173385986907,39.6924720679908,572.425789121848,43
"280",2020-12-05,8871,550,382,46,41.6,35,3,2,29,1,1,31,30,0,552,32,2277,0.0184500002861023,209,0,1.68988940673592,1.54426069175673,34.9942408782061,567.088515094167,35
"281",2020-12-06,8910,544,383,33,43.1,39,0,7,30,1,2,31,29,1,553,30,1397,0.0157500004768372,20,0,1.55276998349623,1.42070035300659,37.8564691714567,559.530640975748,39
"282",2020-12-07,8964,547,384,23,39.7,54,0,4,45,2,1,30,29,1,555,45,1068,0.0168499994277954,25,0.04,1.73795053878184,1.3583859681456,50.4379152164879,564.478658298197,54
"283",2020-12-08,9011,551,384,57,43,47,1,1,44,0,1,27,26,0,555,45,2367,0.01942999958992,69,0,1.88796424586784,1.4228441659193,47.5620309420435,570.126201090355,47
"284",2020-12-09,9064,560,386,36,41.1,53,2,3,46,1,3,24,21,2,556,48,2911,0.00962000012397766,167,0.00598999977111816,0.942305078709412,1.41173220109555,51.8316031439037,569.702036678876,53
"285",2020-12-10,9109,559,386,60,44.3,45,2,0,43,1,3,23,20,0,557,45,3091,0.0139100003242493,252,0.00397000014781952,1.3160709255012,1.46209938100158,46.0888678173096,572.526157997246,45
"286",2020-12-11,9148,543,386,48,43.3,39,6,2,30,1,2,23,21,0,558,36,3047,0.0118099999427795,32,0,1.16872587936503,1.47081086549392,38.7735680335391,554.667984505882,39
"287",2020-12-12,9181,532,387,59,45.1,33,2,5,26,0,2,20,18,1,558,28,2616,0.0156700003147125,24,0,1.55275457663969,1.45122017548018,33.7993632951912,547.187902608633,33
"288",2020-12-13,9220,529,388,30,44.7,39,5,2,32,0,2,19,17,1,558,37,1502,0.0119799995422363,47,0,1.16165005244925,1.39534589961632,39.790242520038,540.298332245949,39
"289",2020-12-14,9263,526,388,16,43.7,43,4,4,35,2,2,20,18,0,560,39,917,0.0174500000476837,20,0,1.70775347318313,1.39103203310222,44.2245404555136,542.515596912824,43
"290",2020-12-15,9309,534,389,54,43.3,46,1,7,37,1,1,20,19,1,561,38,2079,0.0134700000286102,49,0,1.31598355542672,1.30932050589635,45.9194273369348,546.920373629557,46
"291",2020-12-16,9364,552,389,53,45.7,55,3,4,47,0,1,18,17,0,561,50,2312,0.0168700003623962,94,0,1.62109064164007,1.4062898720293,55.49025523576,568.45241780279,55
"292",2020-12-17,9401,547,390,61,45.9,37,1,5,29,1,0,17,17,1,562,30,3207,0.0134099996089935,83,0.0241000008583069,1.36796865706023,1.41370383368059,35.7545373717575,560.757731411711,37
"293",2020-12-18,9442,534,390,25,42.6,41,3,4,34,0,0,16,16,0,562,37,3298,0.00727999985218048,170,0.00587999999523163,0.72113724082124,1.34976259960291,41.4905722762878,541.080151230748,41
"294",2020-12-19,9481,531,390,46,40.7,39,1,6,29,3,0,19,19,0,565,30,2799,0.0117900002002716,140,0,1.12283805922287,1.28834595425765,36.6193294515504,541.962131292442,39
"295",2020-12-20,9525,525,390,24,39.9,44,5,2,34,0,0,16,16,0,565,39,1360,0.0161800003051758,51,0,1.55951810170369,1.34518424700828,42.1182486445672,540.053347138405,44
"296",2020-12-21,9600,547,390,22,40.7,75,7,8,60,1,0,15,15,0,566,67,1365,0.00658999979496002,32,0.03125,0.715486737302822,1.20343185616823,75.8813730033669,554.195687057339,75
"297",2020-12-22,9684,591,390,73,43.4,84,5,7,70,2,0,15,15,0,568,75,3021,0.0225099992752075,48,0,2.21579367254486,1.33197615861368,85.0554412292452,615.076876886453,84
"298",2020-12-23,9784,658,390,52,43.3,100,5,6,88,1,1,13,12,0,569,93,2652,0.0199800002574921,199,0.0150800001621246,1.96379799070964,1.38093435133791,102.357864083704,681.75779104384,100
"299",2020-12-24,9859,685,390,49,41.6,75,11,6,56,2,1,13,12,0,571,67,3469,0.01557000041008,144,0,1.49494413015686,1.39907370463743,74.8415483183226,703.827770120164,75
"300",2020-12-25,9924,716,390,47,44.7,65,6,2,56,0,1,10,9,0,571,62,2537,0.0295600008964539,161,0,2.77960423551903,1.69314041816568,67.1685313436907,752.591426485203,65
"301",2020-12-26,10016,758,390,95,51.7,92,5,4,82,2,2,12,10,0,573,87,951,0.0199800002574921,50,0,1.89819982466284,1.80390638465711,94.0362989884312,784.454191186562,92
"302",2020-12-27,10126,822,391,37,53.6,110,8,6,94,2,4,12,8,1,575,102,1480,0.0270300006866455,32,0.0625,2.77806885028012,1.97798506302517,113.209865721201,863.985388459091,110
"303",2020-12-28,10257,915,391,65,59.7,131,15,6,108,1,2,13,11,0,576,123,1188,0.04125,39,0.0256399989128113,4.07538385962507,2.45797036621406,138.216308124417,983.560340925539,131
"304",2020-12-29,10378,993,391,112,65.3,121,5,15,101,3,4,12,8,0,579,106,1880,0.0505299997329712,25,0.04,5.03918107600976,2.8613114238519,130.820852377953,1085.00100388026,121
"305",2020-12-30,10515,1084,391,88,70.4,137,12,10,115,3,5,13,8,0,582,127,2458,0.0573600006103516,62,0,5.59487625000969,3.3800368894662,150.064041740497,1195.50725391102,137
"306",2020-12-31,10640,1171,391,147,84.4,125,0,9,116,2,5,13,8,0,584,116,2652,0.0331800007820129,144,0,3.14711595400208,3.6160614357298,131.712033063087,1238.75681652478,125
"307",2021-01-01,10757,1226,392,87,90.1,117,0,5,111,2,6,13,7,1,586,111,2759,0.0391400003433228,134,0.0149300003051758,3.80186246070242,3.76209832504171,123.758946075323,1311.69790890402,117
"308",2021-01-02,10870,1287,392,134,95.7,113,2,8,101,2,6,15,9,0,588,103,2369,0.0295499992370605,431,0,2.50014100687844,3.84808992250108,115.734619488674,1346.15976001867,113
"309",2021-01-03,10993,1314,393,106,105.6,123,0,5,118,4,5,19,14,1,592,118,1516,0.0600299978256226,126,0.0238100004196167,5.72506313986088,4.26908910672691,135.420687675442,1452.31172547059,123
"310",2021-01-04,11168,1426,393,117,113,175,4,30,140,5,8,21,13,0,597,144,1386,0.0533900022506714,155,0.00644999980926514,4.86685873393035,4.38215694591337,186.885301529781,1553.60027764908,175
"311",2021-01-05,11309,1499,395,105,112,141,2,19,120,6,8,23,15,2,603,122,2417,0.0575099992752075,97,0.0103100001811981,5.56888378145397,4.45782876097683,153.491406414129,1652.48047717032,141
"312",2021-01-06,11492,1593,395,132,118.3,183,11,42,129,7,7,28,21,0,610,140,2627,0.0513899993896484,211,0.0142200005054474,4.86264793880394,4.35322471651887,194.516537829593,1735.42031973245,183
"313",2021-01-07,11610,1630,395,186,123.9,118,2,7,108,6,9,32,23,0,616,110,2311,0.048899998664856,91,0.0109899997711182,4.74637747267502,4.58169064775786,126.599272326475,1772.24376265595,118
"314",2021-01-08,11740,1660,395,185,137.9,130,6,13,110,0,11,30,19,0,616,116,2661,0.0368300008773804,249,0,3.36785678126149,4.51968983640915,136.182819571304,1762.78862489969,130
"315",2021-01-09,11838,1669,397,155,140.9,98,6,2,90,4,11,30,19,2,620,96,3020,0.0324499988555908,375,0.00266999989748001,2.91606027998348,4.57910687542416,103.146963444086,1758.48210404353,98
"316",2021-01-10,11930,1653,397,114,142,92,5,3,82,5,11,34,23,0,625,87,1824,0.0509899997711182,78,0,4.88989272252995,4.45979681580546,97.821714096719,1801.61256783766,92
"317",2021-01-11,12094,1706,397,66,134.7,164,2,25,135,3,13,34,21,0,628,137,1608,0.0342000007629395,115,0,3.1917354165297,4.22049348474822,170.03953264802,1806.11272041986,164
"318",2021-01-12,12234,1734,398,161,142.7,140,1,22,115,4,13,35,22,1,632,116,2211,0.0705600023269653,74,0.0135099995136261,6.87124311198812,4.40654481768167,152.654690715645,1953.06235949077,140
"319",2021-01-13,12322,1722,402,172,148.4,88,0,9,75,3,11,35,24,4,635,75,2532,0.0375200009346008,173,0.0115600001811981,3.58597125315181,4.22416243401708,88.9448306263933,1835.53331118199,88
"320",2021-01-14,12414,1710,402,128,140.1,92,2,14,75,9,10,41,31,0,644,77,2581,0.0337100005149841,146,0,3.19052113418313,4.00189724280395,95.5168503737223,1810.30927453331,92
"321",2021-01-15,12508,1680,404,145,134.4,94,6,7,79,5,11,41,30,2,649,85,2923,0.0372900009155273,206,0.00485000014305115,3.51542897748657,4.02297898512182,97.4938981933672,1788.58528193949,94
"322",2021-01-16,12570,1634,405,119,129.3,62,0,0,60,2,9,39,30,1,651,60,2470,0.0323900008201599,289,0,2.89972098679938,4.02064480038124,63.1988274598505,1721.11473448993,62
"323",2021-01-17,12650,1575,407,72,123.3,80,2,3,72,2,9,39,30,2,653,74,2036,0.026029999256134,32,0,2.56272139678379,3.68819175384607,80.4867151436524,1649.21049123314,80
"324",2021-01-18,12771,1596,408,63,122.9,121,2,45,72,7,10,43,33,1,660,74,1021,0.0391799998283386,48,0,3.74207481990025,3.7668116686133,124.091286536102,1705.80666637323,121
"325",2021-01-19,12845,1540,415,81,111.4,74,3,24,47,8,9,45,36,7,668,50,2337,0.0410799980163574,89,0,3.95729412053698,3.35053324126313,77.637907795585,1652.04756010402,74
"326",2021-01-20,12906,1499,415,166,110.6,61,1,8,50,2,7,37,30,0,670,51,3065,0.0225099992752075,163,0.00612999975681305,2.16828803404187,3.14800706710457,61.0331550640126,1558.75881256774,61
"327",2021-01-21,12977,1466,417,81,103.9,71,1,9,60,3,7,37,30,2,673,61,2636,0.0242799997329712,117,0,2.32481217929939,3.02433435926403,72.6073603712882,1528.66213613621,71
"328",2021-01-22,13056,1436,418,95,96.7,79,1,3,74,5,6,37,31,1,678,75,2311,0.0307200002670288,111,0.00901000022888184,2.97250332958338,2.94677355242072,82.0988966345619,1514.48020756308,79
"329",2021-01-23,13104,1369,418,84,91.7,48,1,4,40,4,9,39,30,0,682,41,2122,0.0329900002479553,276,0,2.91929860409346,2.9495703548913,47.2006234152203,1442.47935257162,48
"330",2021-01-24,13150,1288,419,44,87.7,46,2,9,35,3,8,38,30,1,685,37,1247,0.0224499988555908,36,0,2.18200690357925,2.8951825701478,47.4843666821942,1339.67200774773,46
"331",2021-01-25,13213,1229,419,29,82.9,63,1,18,43,4,7,39,32,0,689,44,825,0.0206100010871887,48,0,1.94768051511233,2.63884052660667,63.5756282155954,1273.01016084015,63
"332",2021-01-26,13276,1168,420,74,81.9,63,1,19,41,8,5,40,35,1,697,42,2354,0.024210000038147,79,0,2.34238964610761,2.40813988740247,62.8088051398822,1218.30200960434,63
"333",2021-01-27,13354,1129,422,80,69.6,78,1,26,50,1,4,30,26,2,698,51,2800,0.0196399998664856,175,0.00570999979972839,1.88205880978528,2.36724999822296,78.7647643393352,1168.06703802175,78
"334",2021-01-28,13392,1068,422,66,67.4,38,1,3,33,3,5,30,25,0,701,34,2355,0.0212299990653992,209,0.0287100005149841,2.18397183723271,2.34712994935629,38.3652409430289,1110.88462726926,38
"335",2021-01-29,13421,966,422,73,64.3,29,1,2,26,3,4,31,27,0,704,27,2847,0.0122899997234344,180,0.00555999994277954,1.18898015204222,2.09234092399327,29.5902306013571,987.117139292999,29
"336",2021-01-30,13440,869,423,42,58.3,19,1,6,12,2,5,33,28,1,706,13,2155,0.0157799994945526,216,0,1.43424288953019,1.88019010762709,19.3428067865847,891.915315195548,19
"337",2021-01-31,13482,810,424,25,55.6,42,3,5,34,4,6,32,26,1,710,37,922,0.0195200002193451,24,0,1.90247782264653,1.84025738177955,43.2942097886664,838.332700778912,42
"338",2021-02-01,13522,719,424,26,55.1,40,6,7,25,4,5,29,24,0,714,31,548,0.0292000007629395,29,0,2.77324097367259,1.95819459014531,39.5806388615335,755.660623917503,40
"339",2021-02-02,13564,655,425,59,53,42,4,5,31,3,5,27,22,1,717,35,2439,0.0221399998664856,107,0.0280399990081787,2.23879574109322,1.94339546085754,41.4406745017725,681.961194247457,42
"340",2021-02-03,13627,640,425,54,49.3,63,5,21,36,2,4,26,22,0,719,41,2865,0.0129100000858307,212,0,1.20205233168362,1.84625167827158,62.9061301587011,654.144470769968,63
"341",2021-02-04,13709,642,425,51,47.1,82,3,43,33,2,5,25,20,0,721,36,2814,0.0127900004386902,90,0,1.23936161275738,1.71130736048939,79.8203211228158,656.629060023548,82
"342",2021-02-05,13768,642,427,72,47,59,1,8,49,2,5,21,16,2,723,50,2435,0.0160199999809265,149,0,1.50962461120573,1.75711371179847,59.3877854347524,659.81916498222,59
"343",2021-02-06,13793,611,427,61,49.7,25,2,3,19,3,6,21,15,0,726,21,2369,0.0143499994277954,205,0.0146300005912781,1.43722994427581,1.75754043390498,24.5549181184946,627.145474780963,25
"344",2021-02-07,13818,566,429,33,50.9,25,1,2,19,3,4,23,19,2,729,20,1004,0.0249000000953674,75,0,2.31692308579693,1.81674690006933,22.851971301486,590.110787832053,25
"345",2021-02-08,13865,563,431,24,50.6,47,1,7,38,2,5,21,16,2,731,39,852,0.0140799999237061,29,0,1.36165266004513,1.61509142669397,46.9763697130565,577.0947730372,47
"346",2021-02-09,13920,581,431,43,48.3,55,5,8,39,0,2,19,17,0,731,44,2244,0.0178299999237061,149,0,1.67198160588368,1.5341179788069,53.3525942133456,598.860391771677,55
"347",2021-02-10,13977,598,432,40,46.3,57,0,6,50,3,4,20,16,1,734,50,2791,0.0125399994850159,100,0,1.21062395581734,1.53534249654029,57.1129166021636,611.310482561876,57
"348",2021-02-11,14037,624,433,51,46.3,60,1,11,46,1,3,16,13,1,735,47,2563,0.0152199995517731,58,0,1.48831968146488,1.57090793492707,59.2861079895021,641.075135860624,60
"349",2021-02-12,14088,627,435,52,43.4,51,1,7,41,3,2,16,14,2,738,42,2612,0.0157000005245209,173,0,1.47247401687787,1.56560070716595,50.1370518882277,643.974560331399,51
"350",2021-02-13,14120,625,435,46,41.3,32,0,3,28,6,2,21,19,0,744,28,2099,0.0219199991226196,46,0.0217400002479553,2.19161390068925,1.67336984379644,32.1282502307822,650.184156937102,32
"351",2021-02-14,14161,600,437,48,43.4,41,0,4,35,4,2,21,19,2,748,35,1175,0.0170200002193451,10,0,1.6876371525511,1.58347185333275,40.0860016254708,618.617170722357,41
"352",2021-02-15,14223,623,438,34,44.9,62,2,8,51,4,2,23,21,1,752,53,867,0.0265300011634827,26,0,2.57575711184093,1.75691534644644,63.5099445698906,652.503688057393,62
"353",2021-02-16,14274,618,438,60,47.3,51,3,13,32,3,2,24,22,0,755,35,1561,0.0333100008964539,23,0,3.28263329541443,1.98700844495083,50.1123883704834,655.298743227392,51
"354",2021-02-17,14331,633,439,49,48.6,57,5,6,44,2,2,25,23,1,757,49,2063,0.0184200000762939,222,0,1.66303983183345,2.0516392843817,56.4982424041857,652.354845752032,57
"355",2021-02-18,14403,649,439,68,51,72,3,12,53,3,3,26,23,0,760,56,2348,0.0212899994850159,116,0,2.02877105482213,2.12884662343274,70.088836368566,673.208121485702,72
"356",2021-02-19,14457,652,440,58,51.9,54,3,15,33,1,3,26,23,1,761,36,2576,0.0151400005817413,96,0,1.4596048465032,2.12700817052207,51.9660979283415,669.497106924407,54
"357",2021-02-20,14506,631,440,66,54.7,49,0,3,45,4,3,26,23,0,765,45,2384,0.0255900001525879,68,0,2.48803264126303,2.16935370488975,50.0585050691363,659.864815525,49
"358",2021-02-21,14548,621,440,53,55.4,42,0,7,33,2,4,24,20,0,767,33,1000,0.03,28,0,2.91828793774319,2.34516095991719,41.7706202763732,654.319854291751,42
"359",2021-02-22,14613,636,440,32,55.1,65,0,11,54,1,6,23,17,0,768,54,863,0.0150600004196167,66,0,1.39900757396439,2.17705388307769,66.3889837946678,652.359142470532,65
"360",2021-02-23,14668,642,440,47,53.3,55,0,7,47,4,6,26,20,0,772,47,2036,0.019650000333786,84,0,1.88714154149001,1.97769791823134,55.6307436124494,664.275263812607,55
"361",2021-02-24,14714,649,441,60,54.9,46,2,10,34,1,6,24,18,1,773,36,2874,0.0187899994850159,41,0,1.85257147581255,2.00477386737122,47.2261986312082,671.105636434836,46
"362",2021-02-25,14747,645,441,43,51.3,33,1,5,25,1,6,23,17,0,774,26,2376,0.0185199999809265,128,0.00781000018119812,1.79725239528254,1.97169977315127,31.8591436259591,666.313370720908,33
"363",2021-02-26,14812,648,441,57,51.1,65,5,12,43,1,6,21,15,0,775,48,2639,0.0181900000572205,181,0,1.70224858691507,2.00636316463868,61.5022685418644,668.280625315169,65
"364",2021-02-27,14858,653,442,71,51.9,46,0,4,34,3,6,23,17,1,778,34,2535,0.0209100008010864,47,0.0212800002098083,2.09167358794016,1.94974044273542,39.3075436106935,678.112528758319,46
"365",2021-02-28,14923,664,442,49,51.3,65,2,8,54,7,6,28,22,0,785,56,1552,0.0257699990272522,94,0,2.42983222905804,1.87996105578039,66.5017716599941,693.663863968501,65
"366",2021-03-01,15000,678,442,54,54.4,77,4,7,64,3,6,29,23,0,788,68,996,0.0291199994087219,45,0,2.78612098089212,2.07812011391293,78.483310883867,712.730658518557,77
"367",2021-03-02,15063,687,443,61,56.4,63,1,6,54,3,4,29,25,1,791,55,2006,0.0259200000762939,41,0,2.54008403287961,2.17139761268287,63.5685860958295,719.08397541518,63
"368",2021-03-03,15122,697,443,65,57.1,59,0,5,51,6,5,32,27,0,797,51,2676,0.0209299993515015,109,0,2.01108360016582,2.19404220187619,57.885747991796,722.771889221212,59
"369",2021-03-04,15179,693,443,61,59.7,57,3,3,50,1,5,31,26,0,798,53,2414,0.0202999997138977,225,0.00444000005722046,1.89477829944008,2.2079744738987,57.8463652810909,717.142096977283,57
"370",2021-03-05,15252,697,444,51,58.9,73,1,11,56,1,2,28,26,1,799,57,2440,0.0188499999046326,154,0,1.77309174122219,2.218094924514,69.8581869937322,719.722040958445,73
"371",2021-03-06,15308,710,446,46,55.3,56,3,3,47,1,2,27,25,2,800,50,1957,0.0209500002861023,25,0,2.06857470029779,2.21479508342224,54.9016236344197,737.00305560876,56
"372",2021-03-07,15348,701,447,54,56,40,1,0,38,2,5,26,21,1,802,39,1752,0.0194099998474121,16,0.0625,1.97999545999242,2.15053268784143,40.4197509070058,726.519112456693,40
"373",2021-03-08,15431,742,448,38,53.7,83,1,9,65,6,4,29,25,1,808,66,1170,0.0205100011825562,142,0,1.8290168737493,2.01380352967817,77.219448136426,766.951977533759,83
"374",2021-03-09,15488,749,448,70,55,57,0,8,47,1,3,27,24,0,809,47,2105,0.0318300008773804,57,0,3.09908195406502,2.0936603755618,57.6780228138365,791.677427394969,57
"375",2021-03-10,15568,772,448,76,56.6,80,5,8,64,0,2,24,22,0,809,69,2655,0.0180799996852875,173,0,1.69739742448509,2.04884806475027,79.1533567346329,796.092628972994,80
"376",2021-03-11,15629,769,451,73,58.3,61,1,7,52,1,2,20,18,3,810,53,2321,0.0280100011825562,86,0,2.70092283941475,2.16401157046094,62.6319122184767,807.187556528464,61
"377",2021-03-12,15711,774,451,93,64.3,82,5,4,67,2,2,17,15,0,812,72,2361,0.0228699994087219,133,0,2.16503883736938,2.22000401276768,78.8660353390473,804.809879894758,82
"378",2021-03-13,15779,792,451,56,65.7,68,5,3,54,5,4,22,18,0,817,59,2353,0.0187000000476837,99,0,1.79449837325448,2.18085025176149,63.9466076865681,818.13073369088,68
"379",2021-03-14,15847,817,451,65,67.3,68,2,10,51,2,3,23,20,0,819,53,1535,0.0299699997901917,36,0,2.92832270387933,2.31632557231676,65.8535018444484,860.987000130459,68
"380",2021-03-15,15954,864,452,58,70.1,107,4,3,97,4,5,25,20,1,823,101,1000,0.0320000004768372,13,0,3.1589339068941,2.50631371990888,109.866043329076,914.180806300216,107
"381",2021-03-16,16041,883,453,85,72.3,87,7,4,73,5,6,27,21,1,828,80,1583,0.0341100001335144,9,0,3.39171672181867,2.54811868673083,88.9887634638776,938.063476732549,87
"382",2021-03-17,16129,911,454,78,72.6,88,3,5,76,3,5,27,22,1,831,79,2842,0.0267400002479553,175,0,2.51889561500461,2.66547557109076,87.65864789163,953.190230750316,88
"383",2021-03-18,16222,949,455,63,71.1,93,6,3,80,2,5,24,19,1,833,86,2566,0.0284500002861023,161,0,2.67703339692477,2.66206279359219,93.2328764634041,995.709299578726,93
"384",2021-03-19,16347,996,457,117,74.6,125,8,5,104,2,4,24,20,2,835,112,2615,0.0382399988174438,97,0,3.68722702461709,2.87951824891329,124.592787653267,1063.52157591655,125
"385",2021-03-20,16450,1050,458,83,78.4,103,6,5,87,4,4,27,23,1,839,93,1997,0.0435699987411499,151,0.00662000000476837,4.09724895189927,3.20848261729112,105.005814835672,1129.097909435,103
"386",2021-03-21,16535,1078,459,87,81.6,85,5,1,77,4,4,29,25,1,843,82,1306,0.0421099996566772,87,0,3.94800140356213,3.35415100296009,88.9521587273181,1156.24911107377,85
"387",2021-03-22,16684,1154,460,56,81.3,149,6,7,133,4,7,30,23,1,847,139,1150,0.0547800016403198,131,0,4.91779874210521,3.60541740799025,158.568079092513,1258.34218181841,149
"388",2021-03-23,16808,1193,461,108,84.6,124,2,0,120,5,9,31,22,1,852,122,1966,0.0350999999046326,153,0,3.25656440832976,3.58610993463469,129.30470793334,1264.43046364323,124
"389",2021-03-24,16961,1283,461,85,85.6,153,7,2,137,4,9,33,24,0,856,144,3106,0.0457200002670288,47,0,4.50384779033909,3.86967453111105,157.924208199873,1389.24138278081,153
"390",2021-03-25,17110,1365,462,123,94.1,149,7,4,132,8,10,40,30,1,864,139,3005,0.0379399991035461,282,0,3.4685031124477,3.98274163332861,151.864214201496,1452.0478588852,149
"391",2021-03-26,17259,1449,463,103,92.1,149,10,2,130,4,11,42,31,1,868,140,2390,0.0673600006103516,117,0,6.42163547900839,4.37337141252737,158.529398058918,1620.0792699098,149
"392",2021-03-27,17375,1502,465,138,100,116,7,3,100,5,13,44,31,2,873,107,2476,0.0626000022888184,117,0,5.97753974805686,4.64198438340702,121.759520233017,1667.07289149525,116
"393",2021-03-28,17512,1561,466,139,107.4,137,3,5,124,5,13,45,32,1,878,127,2480,0.0826599979400635,157,0,7.77386404593695,5.18853618946057,150.151980462641,1784.11213781246,137
"394",2021-03-29,17721,1709,466,111,115.3,209,7,1,189,4,12,47,35,0,882,196,1644,0.0839400005340576,40,0,8.19461762933437,5.65665317335045,226.530317634837,1966.48628998947,209
"395",2021-03-30,17930,1839,467,170,124.1,209,9,6,186,6,12,48,36,1,888,195,1968,0.0406500005722046,64,0,3.93696855935525,5.75385376635409,215.114968432855,1972.11500998985,209
"396",2021-03-31,18138,1943,468,163,135.3,208,7,5,191,8,14,54,40,1,896,198,3023,0.0793900012969971,224,0,7.3913142568778,6.16634897585962,229.907305594516,2207.04492308154,208
"397",2021-04-01,18375,2078,469,144,138.3,237,12,4,203,3,15,52,37,1,899,215,2634,0.0721299982070923,100,0.01,6.98575037591372,6.66881287064048,246.61435324209,2344.89593505611,237
"398",2021-04-02,18573,2172,470,242,158.1,198,15,7,162,6,15,56,41,1,905,177,3130,0.0939299964904785,99,0,9.10501359601108,7.05215260164086,213.630379803842,2535.59991488104,198
"399",2021-04-03,18824,2351,470,223,170.3,251,16,3,223,12,14,61,47,0,917,239,2885,0.101909999847412,36,0,10.0654005326869,7.63613271373086,286.22952911572,2786.07792029731,251
"400",2021-04-04,19054,2510,471,152,172.1,230,9,2,215,12,16,64,48,1,929,224,1818,0.0929599952697754,139,0,8.63573180380438,7.7592566791405,261.56563096283,2908.52559694957,230
"401",2021-04-05,19339,2655,472,184,182.6,285,8,4,269,5,18,67,49,1,934,277,2045,0.105620002746582,162,0,9.7867197832696,7.98669984398839,330.842552618035,3132.73276967828,285
"402",2021-04-06,19613,2792,473,156,180.6,274,7,6,245,10,20,70,50,1,944,252,1749,0.128640003204346,83,0,12.2811880788429,9.17873120391519,314.901573547642,3422.43330692466,274
"403",2021-04-07,19921,2933,474,219,188.6,308,3,6,290,12,24,76,52,1,956,293,3364,0.098100004196167,44,0,9.68334548462165,9.50616423645002,351.164662353543,3455.18073270628,308
"404",2021-04-08,20216,3105,475,170,192.3,295,23,5,255,10,30,83,53,1,966,278,3366,0.0858600044250488,194,0.0103100001811981,8.1742953631985,9.67595637749071,324.780965849879,3571.65431281969,295
"405",2021-04-09,20513,3258,477,261,195,297,13,2,276,14,31,88,57,2,980,289,3418,0.110299997329712,158,0,10.542656344322,9.8813339129637,347.01847041957,3889.5161821002,297
"406",2021-04-10,20800,3422,480,381,217.6,287,12,2,262,14,27,92,65,3,994,274,3187,0.0875399971008301,97,0,8.49543150914572,9.65705262388639,318.797594451642,3956.50134384496,287
"407",2021-04-11,21069,3560,480,205,225.1,269,8,4,249,13,29,100,71,0,1007,257,2714,0.145909996032715,29,0,14.4367382148301,10.4857678254615,329.215891313472,4504.93608200762,269
"408",2021-04-12,21384,3654,481,265,236.7,315,16,4,291,16,27,101,74,1,1023,307,2125,0.0804699993133545,107,0,7.66123425362358,10.1821270355121,354.24346349097,4168.69581627363,315
"409",2021-04-13,21620,3680,483,245,249.4,236,10,0,219,12,28,105,77,2,1035,229,2670,0.0767799997329712,178,0,7.19812497496605,9.45597516352965,259.3066698769,4167.02421461569,236
"410",2021-04-14,21893,3751,485,389,273.7,273,10,11,248,12,28,101,73,2,1047,258,3971,0.171490001678467,97,0.0103100001811981,16.7646722390061,10.4675932712989,348.523983472179,4907.18008528738,273
"411",2021-04-15,22115,3754,485,312,294,222,15,3,202,19,29,107,78,0,1066,217,3902,0.130959997177124,98,0.0101999998092651,12.8001377241611,11.1284278942935,271.069044191632,4637.47093039349,222
"412",2021-04-16,22351,3793,487,348,306.4,236,1,10,219,20,24,114,90,2,1086,220,2970,0.120539999008179,244,0.00409999996423721,11.1700123536268,11.2180501813371,275.181400379488,4571.96841654272,236
"413",2021-04-17,22532,3740,490,405,309.9,181,5,7,167,16,23,123,100,3,1102,172,2935,0.101870002746582,121,0.00825999975204468,9.81635857431988,11.4067540477905,210.04289488006,4415.00248169434,181
"414",2021-04-18,22694,3681,490,294,322.6,162,5,8,146,11,22,122,100,0,1113,151,1949,0.0646500015258789,188,0.0159599995613098,6.03665572725616,10.2067422638514,175.759332186796,4089.55034291123,162
"415",2021-04-19,22921,3621,491,258,321.6,227,5,4,218,22,22,116,94,1,1135,223,2084,0.112279996871948,88,0.0340899991989136,10.9112077997534,10.6710241990128,271.736401061918,4347.41483518029,227
"416",2021-04-20,23110,3509,492,188,313.4,189,8,2,179,17,27,119,92,1,1152,187,2775,0.100539999008179,221,0,9.3123663967856,10.9730586878442,221.017322822342,4109.79564590159,189
"417",2021-04-21,23305,3410,493,207,287.4,195,3,2,185,12,25,111,86,1,1164,188,2521,0.136850004196167,236,0.0211899995803833,12.6949474239937,10.3916694285567,233.880554726623,4205.91857243502,195
"418",2021-04-22,23481,3302,496,239,277,176,7,4,161,14,22,107,85,3,1178,168,2358,0.163269996643066,213,0.00939000010490417,15.0521478843522,10.7133851657268,218.493379109195,4215.81629653905,176
"419",2021-04-23,23689,3226,499,189,254.3,208,5,8,186,21,29,113,84,3,1199,191,2507,0.0805700016021729,86,0.0116299998760223,7.82835225630488,10.2360051518237,226.490781129623,3690.32073258724,208
"420",2021-04-24,23845,3105,500,227,228.9,156,2,2,150,17,31,119,88,1,1216,152,2464,0.0852299976348877,214,0.00467000007629395,7.87924175461875,9.95927417758067,176.019698448786,3554.81028739131,156
"421",2021-04-25,23994,2975,505,139,206.7,149,2,6,137,20,30,125,95,5,1236,139,1621,0.135719995498657,93,0.0215100002288818,12.9523070434428,10.9472243656073,178.101317863775,3683.46345787575,149
"422",2021-04-26,24157,2839,510,173,194.6,163,4,7,148,12,31,124,93,5,1248,152,1304,0.115030002593994,31,0,11.2358893919527,10.9936074502072,190.400343322335,3425.48404402704,163
"423",2021-04-27,24317,2746,511,189,194.7,160,3,5,148,10,31,121,90,1,1258,151,2425,0.0610300016403198,332,0.00903999984264374,5.47693267774876,10.4456883474877,171.205394883904,3022.51665133245,160
"424",2021-04-28,24483,2643,513,186,191.7,166,2,7,155,12,27,116,89,2,1270,157,2408,0.0689400005340576,38,0,6.78689784489005,9.60168126475858,183.590896853444,2972.8008941634,166
"425",2021-04-29,24609,2546,513,159,180.3,126,2,7,113,13,29,113,84,0,1283,115,2728,0.0652500009536743,111,0.00901000022888184,6.30511139933178,8.35210462404138,135.331344699156,2841.14437916566,126
"426",2021-04-30,24762,2455,516,178,178.7,153,4,3,139,13,27,109,82,3,1296,143,2122,0.0669199991226196,179,0,6.17141408684045,8.11539917126075,162.225723773573,2733.56050254631,153
"427",2021-05-01,24886,2400,520,138,166,124,3,5,113,7,29,110,81,4,1303,116,2051,0.089709997177124,70,0.0285700011253357,8.76921755252498,8.24253857096164,139.702608677352,2786.950524359,124
"428",2021-05-02,24983,2339,520,128,164.4,97,0,4,91,8,27,108,81,0,1311,91,1279,0.0695900011062622,21,0,6.84658549345456,7.37029263524904,106.455097267383,2633.43376382868,97
"429",2021-05-03,25090,2222,523,102,154.3,107,4,3,100,10,22,98,76,3,1321,104,976,0.174179992675781,140,0.0071399998664856,15.3225154868163,7.9540963630867,136.298592782431,2847.97570348616,107
"430",2021-05-04,25195,2127,524,141,147.4,105,1,2,99,8,23,94,71,1,1329,100,2386,0.0389800000190735,57,0.0175399994850159,3.84797625935961,7.72138830331683,109.074825577661,2277.48154003684,105
"431",2021-05-05,25277,2012,525,114,137.1,82,1,2,75,8,23,88,65,1,1337,76,1904,0.0777299976348877,65,0.0307699990272522,7.61797691384447,7.84011388459603,88.6447777372953,2293.8064843084,82
"432",2021-05-06,25383,1942,527,122,131.9,106,3,6,92,12,22,88,66,2,1349,95,2133,0.0534499979019165,246,0,4.79230119902429,7.62399814169496,109.37049351992,2113.11050963878,106
"433",2021-05-07,25495,1844,530,108,121.9,112,4,4,103,19,23,95,72,3,1368,107,2302,0.0469199991226196,82,0.0122000002861023,4.57257709747193,7.39559285749945,119.99555923693,1999.02627320467,112
"434",2021-05-08,25584,1769,534,136,121.6,89,1,3,85,4,21,86,65,4,1372,86,1901,0.0489200019836426,86,0.0116299998760223,4.73060411475805,6.81864808067561,96.4799450907278,1922.86073099416,89
"435",2021-05-09,25667,1707,537,69,113.1,83,0,5,78,4,22,83,61,3,1376,78,1173,0.172210006713867,123,0.00813000023365021,15.6637598691439,8.0782444200598,105.463321488043,2198.60115102678,83
"436",2021-05-10,25760,1640,538,82,110.3,93,3,2,87,9,22,85,63,1,1385,90,715,0.104899997711182,14,0,10.2885457288745,7.35910588321097,109.024715179121,1950.22814326397,93
"437",2021-05-11,25892,1609,540,124,107.9,132,1,6,123,5,21,79,58,2,1390,124,1899,0.0458099985122681,86,0.0232599997520447,4.48330212360065,7.44986672095969,140.221227267062,1741.62866671534,132
"438",2021-05-12,25989,1549,541,115,108,97,3,3,90,8,22,80,58,1,1398,93,2118,0.0495800018310547,174,0.00574999988079071,4.62525933060347,7.02233563763954,103.908650613517,1680.72580430471,97
"439",2021-05-13,26082,1521,541,78,101.7,93,1,1,90,7,20,77,57,0,1405,91,1684,0.0795699977874756,54,0.0185199999809265,7.76731624125886,7.44733778653019,104.995581978084,1738.21187020511,93
"440",2021-05-14,26165,1442,541,128,104.6,83,2,5,74,7,21,70,49,0,1412,76,1738,0.0471799993515015,105,0,4.44920449663102,7.42971312926721,87.2169777501349,1559.95897257493,83
"441",2021-05-15,26239,1394,542,85,97.3,74,2,8,63,7,19,64,45,1,1419,65,1779,0.0522800016403198,61,0,5.05468059337657,7.47600976906985,79.0407439495663,1523.55072408762,74
"442",2021-05-16,26308,1366,543,46,94,69,2,3,63,7,19,67,48,1,1426,65,805,0.0409899997711182,20,0,3.99963028069699,5.80970554214887,72.7798752012702,1466.45091576823,69
"443",2021-05-17,26382,1331,545,87,94.7,74,7,5,59,10,19,71,52,2,1436,66,774,0.229969997406006,19,0,22.4459997468157,7.54648468756904,98.2374372392567,1880.28831765834,74
"444",2021-05-18,26461,1299,546,97,90.9,79,1,6,71,5,16,64,48,1,1441,72,1920,0.0265599989891052,56,0,2.58072864671468,7.27468847658533,81.4163172384302,1360.63605684334,79
"445",2021-05-19,26532,1285,550,91,87.4,71,2,5,64,4,14,57,43,4,1445,66,2042,0.0665999984741211,122,0.0163900005817413,6.37693054321293,7.52492722124382,78.7381826342799,1435.6600709856,71
"446",2021-05-20,26592,1240,553,73,86.7,60,5,8,45,11,15,63,48,3,1456,50,1487,0.0511100006103516,65,0.0307699990272522,5.02581319873481,7.13328392945467,62.6201885576174,1354.58067622891,60
"447",2021-05-21,26673,1205,554,77,79.4,81,4,11,63,4,13,59,46,1,1460,67,1682,0.0416200017929077,190,0,3.73957494741831,7.03190827956714,82.6065988800109,1287.85002463303,81
"448",2021-05-22,26732,1173,558,77,78.3,59,0,13,46,8,15,58,43,4,1468,46,1380,0.0623199987411499,101,0.00990000009536743,5.87451034925179,7.14902681612074,63.9683577303921,1299.693122125,59
"449",2021-05-23,26787,1149,559,39,77.3,55,0,4,51,5,12,59,47,1,1473,51,826,0.0375300002098083,14,0.0714300012588501,3.80950002272923,7.12186535069678,58.5720827403775,1229.47692291556,55
"450",2021-05-24,26838,1103,561,65,74.1,51,2,11,38,5,11,57,46,2,1478,40,733,0.0832199954986572,30,0,7.99479117962198,5.05740698395482,56.8796363920455,1265.13097351066,51
"451",2021-05-25,26898,1036,563,56,68.3,60,1,12,46,3,11,54,43,2,1481,47,1035,0.0647300004959106,19,0.0526300001144409,6.45118790469088,5.61032973509427,64.5746923253988,1158.88045210879,60
"452",2021-05-26,26954,995,566,76,66.1,56,1,11,44,1,8,47,39,3,1482,45,1371,0.0320900011062622,61,0.0491800022125244,3.28179969634424,5.1681681855416,58.7152382162419,1055.03693389246,56
"453",2021-05-27,27001,949,566,62,64.6,47,0,8,38,3,9,42,33,0,1485,38,1368,0.0548199987411499,113,0.00884999990463257,5.13124971418748,5.18323054489199,49.5850077612352,1038.53085172137,47
"454",2021-05-28,27036,899,569,65,62.9,35,0,1,30,1,7,34,27,3,1486,30,1589,0.0346099996566772,197,0.0152300000190735,3.24723401221823,5.11289612557769,32.7910932420966,952.673094154829,35
"455",2021-05-29,27071,860,571,45,58.3,35,0,3,31,5,9,36,27,2,1491,31,1074,0.024210000038147,104,0.00962000012397766,2.29219185516668,4.60113634070839,35.3064596833678,896.243720248269,35
"456",2021-05-30,27098,811,573,46,59.3,27,0,3,22,5,8,36,28,2,1496,22,718,0.0905300045013428,34,0,8.6436892595697,5.29173480311417,28.4962717392671,939.885290024802,27
"457",2021-05-31,27146,779,576,40,55.7,48,1,2,41,5,6,35,29,3,1501,42,783,0.0855700016021729,27,0.037039999961853,8.39523348808289,5.34894084718001,50.4828417889352,899.241279847156,48
"458",2021-06-01,27188,743,577,38,53.1,42,1,5,36,2,5,31,26,1,1503,37,1565,0.0172500002384186,27,0.037039999961853,1.75856346558387,4.67856592730758,43.1963083217357,767.023164406747,42
"459",2021-06-02,27219,704,577,48,49.1,31,0,0,30,1,6,30,24,0,1504,30,1688,0.042649998664856,43,0.0232599997520447,4.21683291366926,4.81214210121116,32.3258997985071,758.581115271632,31
"460",2021-06-03,27264,693,577,48,47.1,45,2,4,39,2,5,29,24,0,1506,41,1176,0.0136099994182587,186,0,1.17513651364701,4.24698307256252,45.8858404975722,707.972864995549,45
"461",2021-06-04,27294,646,579,43,44,30,0,0,27,3,6,29,23,2,1509,27,1195,0.0476999998092651,68,0.0147099995613098,4.59238161062873,4.43914701519259,29.2797387786895,700.544861149386,30
"462",2021-06-05,27313,614,582,39,43.1,19,1,0,18,2,4,30,26,3,1511,19,999,0.0160199999809265,90,0.0222199988365173,1.65323965805621,4.34786812989109,19.5775276331735,632.663261408868,19
"463",2021-06-06,27330,565,582,21,39.6,17,0,1,16,3,4,29,25,0,1514,16,608,0.106909999847412,22,0,10.3176634773375,4.58700730385793,20.0351816976464,672.179853698137,17
"464",2021-06-07,27357,532,583,17,36.3,27,1,3,23,1,4,27,23,1,1515,24,843,0.00949000000953674,30,0.0666699981689453,1.14549483998944,3.55133035413029,27.5054610931129,543.204387564003,27
"465",2021-06-08,27390,504,584,28,34.9,33,0,3,29,1,3,26,23,1,1516,29,1771,0.0299300003051758,100,0,2.83303209729911,3.70482587294676,33.510542142694,530.252180686819,33
"466",2021-06-09,27417,478,585,33,32.7,27,1,0,24,2,4,24,20,1,1518,25,1194,0.0594600009918213,26,0,5.81928206428153,3.93374718017708,27.6748089656128,529.142347422516,27
"467",2021-06-10,27446,465,585,20,28.7,29,0,0,28,2,5,21,16,0,1520,28,1216,0.0304299998283386,136,0,2.73689939284465,4.1568561629196,29.4089650419873,488.398883733003,29
"468",2021-06-11,27468,455,585,36,27.7,22,0,1,20,1,4,16,12,0,1521,20,1055,0.017059999704361,96,0,1.56370979045186,3.72418876003719,21.575002197304,468.081299988666,22
"469",2021-06-12,27486,432,585,29,26.3,18,0,0,18,2,6,17,11,0,1523,18,880,0.011360000371933,44,0,1.08190479732695,3.64256949421873,18.3580510114996,440.59322427599,18
"470",2021-06-13,27507,425,586,18,25.9,21,0,1,18,2,5,16,11,1,1525,18,583,0.132080001831055,17,0,12.8337735112508,4.00201378477777,23.247273510953,525.28284678639,21
"471",2021-06-14,27526,388,589,22,26.6,19,2,1,16,2,4,15,11,3,1527,18,655,0.0564900016784668,29,0,5.40949577476546,4.61115677546006,20.79024572092,426.589741095387,19
"472",2021-06-15,27553,374,589,22,25.7,27,1,0,24,0,4,15,11,0,1527,25,1518,0.0144900000095367,36,0,1.41543243336401,4.40864253775504,25.6505976718708,383.732941171187,27
"473",2021-06-16,27570,353,589,24,24.4,17,0,0,17,1,4,13,9,0,1528,17,1251,0.0223799991607666,42,0,2.16530386311825,3.88664565187458,17.6767856246199,367.053254440637,17
"474",2021-06-17,27581,310,590,12,23.3,11,0,0,11,0,5,12,7,1,1528,11,1101,0.0208899998664856,123,0.0243899989128113,2.12417154569252,3.79911310228141,11.4296013381287,322.10694680181,11
"475",2021-06-18,27595,280,590,26,21.9,14,1,0,13,1,4,13,9,0,1529,14,864,0.0196800005435944,63,0,1.83425247784958,3.83776205762395,14.472139682267,289.442793645339,14
"476",2021-06-19,27604,247,590,18,20.3,9,0,0,9,0,3,11,8,0,1529,9,926,0.0194400000572205,37,0,1.86930841671715,3.9502482889654,9.30931916147515,255.489092542707,9
"477",2021-06-20,27616,234,590,7,18.7,12,0,0,10,0,3,11,8,0,1529,10,562,0.0266899991035461,15,0,2.59961516398491,2.48822566792741,10.4779609492002,245.184286211285,12
"478",2021-06-21,27627,224,591,13,17.4,11,0,0,11,2,2,10,8,1,1531,11,520,0.0230800008773804,7,0,2.27734354008308,2.04077534868707,11.4605794829436,233.379073107215,11
"479",2021-06-22,27638,201,591,13,16.1,11,0,0,10,0,2,7,5,0,1531,10,1297,0.0115699994564056,65,0,1.10178335498958,1.99596833749072,10.2025720673812,205.071698554361,11
"480",2021-06-23,27649,188,591,18,15.3,11,0,0,10,0,1,5,4,0,1531,10,1105,0.00814000010490417,18,0,0.800952815308914,1.80106104494653,10.1472618613606,190.768522993579,11
"481",2021-06-24,27655,176,591,8,14.7,6,1,0,5,1,0,5,5,0,1532,6,904,0.00995999991893768,51,0,0.942810463530855,1.63229517606629,6.10400614451895,179.050846905889,6
"482",2021-06-25,27659,155,591,7,12,4,0,0,4,2,0,7,7,0,1534,4,1024,0.00194999992847443,64,0,0.183529405032888,1.39647759423534,4.01349736527944,155.523022904578,4
"483",2021-06-26,27663,140,591,9,10.7,4,0,0,4,1,0,7,7,0,1535,4,764,0.00523999989032745,19,0,0.511284791342295,1.20247421918179,4.03760159081501,141.316055678525,4
"484",2021-06-27,27668,126,591,8,10.9,5,0,0,5,0,0,6,6,0,1535,5,398,0.0200999999046326,13,0,1.94642334842914,1.10916110267382,5.17893309056842,130.509113882324,5
"485",2021-06-28,27677,118,591,1,9.1,9,0,0,9,0,0,5,5,0,1535,9,555,0.00180000007152557,5,0,0.178392864231552,0.809311006123604,9.02951911556369,118.387028404057,9
"486",2021-06-29,27680,112,591,8,8.4,3,0,0,3,0,0,4,4,0,1535,3,929,0.00646000027656555,14,0,0.636409359165365,0.742829006720145,3.03510275200738,113.310502741609,3
"487",2021-06-30,27682,97,591,8,7,2,0,1,1,0,0,3,3,0,1535,1,1221,0.000820000022649765,51,0,0.0787122663251072,0.639651785436743,2.00144719072452,97.1403775002786,2
"488",2021-07-01,27685,93,591,7,6.9,3,0,0,3,0,0,2,2,0,1535,3,884,0.00225999996066093,74,0,0.208542793864746,0.534756404055871,3.01150270006331,93.3565837019624,3
"489",2021-07-02,27689,82,591,6,6.7,4,0,0,4,2,0,3,3,0,1537,4,785,0.0140100002288818,29,0,1.35108724565998,0.701550381288312,4.09936346753695,84.0369510845076,4
"490",2021-07-03,27695,76,591,6,6.3,6,0,0,6,0,0,2,2,0,1537,6,627,0.00158999994397163,16,0,0.155043540415274,0.650658774013023,6.01710362951507,76.2166459738575,6
"491",2021-07-04,27697,71,592,2,5.4,2,0,0,2,1,0,3,3,1,1538,2,437,0.00685999989509583,34,0,0.636479820415473,0.463523984296785,2.02340442564939,71.8308571105534,2
"492",2021-07-05,27703,70,592,2,5.6,6,0,0,6,0,0,3,3,0,1538,6,505,0.00197999998927116,27,0,0.187951126801116,0.464889450378151,6.02073383019464,70.2418946856041,6
"493",2021-07-06,27708,66,592,12,6.1,5,0,2,3,0,0,3,3,0,1538,3,1174,0.00596000015735626,28,0,0.582116487914829,0.457133325913789,5.03210809272428,66.7063780399341,5
"494",2021-07-07,27714,65,592,6,5.9,6,0,0,6,0,0,3,3,0,1538,6,1218,0.0320199990272522,23,0,3.14265582717109,0.894839548891786,6.34668210502246,68.75572280441,6
"495",2021-07-08,27716,56,593,5,5.6,2,0,0,2,1,0,4,4,1,1539,2,933,0.00321999996900558,87,0,0.294535291282569,0.907124191380046,2.01083055441011,56.303255523483,2
"496",2021-07-09,27718,54,593,3,5.1,2,0,0,2,0,0,3,3,0,1539,2,823,0.00486000001430511,56,0,0.455037544001491,0.77911709114312,2.01673249021361,54.4517772357676,2
"497",2021-07-10,27719,50,593,0,4.3,1,0,0,1,0,0,3,3,0,1539,1,930,0,22,0,0,0.756968013940938,1,50,1
"498",2021-07-11,27724,52,593,0,4,5,0,0,5,0,0,3,3,0,1539,5,422,0.00237000003457069,8,0,0.23259070106717,0.699269568319752,5.0213818710164,52.2223714585706,5
"499",2021-07-12,27727,50,593,1,3.9,3,0,1,2,0,0,2,2,0,1539,2,460,0.00216999992728233,16,0,0.209705875325603,0.702377389537536,3.00771123515604,50.192780878901,3
"500",2021-07-13,27729,49,593,2,2.4,2,0,0,2,0,0,2,2,0,1539,2,1188,0.000839999988675117,14,0,0.0830216294963427,0.63107812404918,2.00305284392767,49.0747946762279,2
"501",2021-07-14,27734,51,593,0,1.6,5,0,0,5,0,0,1,1,0,1539,5,1098,0,15,0,0,0.182127291596168,5,51,5
"502",2021-07-15,27745,57,593,1,1,11,0,0,11,0,0,1,1,0,1539,11,947,0.00105999998748302,31,0,0.102640080587569,0.154713690068311,11.0207583592085,57.1075660431716,11
"503",2021-07-16,27748,57,593,8,1.7,3,0,0,3,0,0,1,1,0,1539,3,867,0.00460999995470047,34,0,0.443603769225894,0.153080293671797,3.0244680768383,57.4648934599278,3
"504",2021-07-17,27750,54,593,5,2.4,2,0,0,2,0,0,1,1,0,1539,2,761,0.00263000011444092,18,0,0.256922989356809,0.189783577865627,2.00944748727162,54.2550821563338,2
"505",2021-07-18,27758,59,593,4,3,8,0,0,8,0,0,1,1,0,1539,8,214,0.00467000007629395,17,0,0.432632041699959,0.21836091224174,8.06363440994501,59.4693037733444,8
"506",2021-07-19,27767,64,593,2,3.1,9,0,0,9,0,0,1,1,0,1539,9,367,0,10,0,0,0.188402930052368,9,64,9
"507",2021-07-20,27771,65,593,10,4.3,4,0,0,4,0,0,1,1,0,1539,4,1142,0.00437999993562698,22,0,0.429721643168901,0.237931503434162,4.03160316454626,65.5135514238766,4
"508",2021-07-21,27776,68,593,12,6,5,0,0,5,0,0,1,1,0,1539,5,1058,0.0103999996185303,8,0,1.03219508409053,0.385387944018523,5.09488884143057,69.2904882434557,5
"509",2021-07-22,27781,70,593,5,6.6,5,0,0,5,1,0,2,2,0,1540,5,1046,0.00477999985218048,28,0,0.46553816064998,0.437230526884582,5.04279653854844,70.5991515396782,5
"510",2021-07-23,27793,78,593,3,5.9,12,0,0,12,0,0,2,2,0,1540,12,928,0.00647000014781952,38,0,0.621548668444774,0.462651226772993,12.1371322935762,78.8913599082455,12
"511",2021-07-24,27796,80,593,2,5.4,3,0,0,3,0,0,2,2,0,1540,3,713,0.0028099998831749,16,0,0.274832636036173,0.465209747727188,3.01515908232236,80.4042421952631,3
"512",2021-07-25,27803,82,593,7,5.9,7,0,0,7,0,0,2,2,0,1540,7,410,0.00244000002741814,14,0,0.235943398877698,0.437111370181151,7.03036611445925,82.3557173408084,7
"513",2021-07-26,27812,86,593,5,6.3,9,0,0,9,1,0,3,3,0,1541,9,410,0,10,0,0,0.437111370181151,9,86,9
"514",2021-07-27,27820,93,593,7,5.9,8,0,0,8,0,0,3,3,0,1541,8,1125,0.0106700003147125,5,0,1.06227879239394,0.5274766772133,8.15624705901456,94.8163720610443,8
"515",2021-07-28,27826,93,593,8,5.3,6,0,0,6,0,0,2,2,0,1541,6,1074,0.00372000008821487,11,0,0.368228580160624,0.432624319509027,6.04062113903654,93.6296276550664,6
"516",2021-07-29,27830,89,593,9,5.9,4,0,0,4,0,0,2,2,0,1541,4,1234,0.00243000000715256,15,0,0.240081666038932,0.400416248850306,4.01765640739065,89.3928550644419,4
"517",2021-07-30,27833,84,593,4,6,3,0,0,3,0,0,2,2,0,1541,3,940,0.00745000004768372,21,0,0.72872008791079,0.415726451631166,3.04019438143127,85.1254426800757,3
"518",2021-07-31,27840,85,593,8,6.9,7,0,0,7,0,0,1,1,0,1541,7,936,0.00962000012397766,8,0,0.953847469919819,0.512728570757401,7.12276097397101,86.4906689696479,7
"519",2021-08-01,27849,87,593,1,6,9,0,0,7,0,0,1,1,0,1541,7,563,0.00178000003099442,13,0,0.173982641918378,0.503877034048927,7.02239171277326,87.2782970016106,9
"520",2021-08-02,27860,89,593,3,5.7,11,0,0,11,1,0,2,2,0,1542,11,462,0.0043299999833107,4,0,0.429283260147971,0.565203214070065,11.0868200420864,89.7024530677902,11
"521",2021-08-03,27877,101,593,10,6.1,17,0,0,16,0,0,2,2,0,1542,16,550,0.0109099996089935,3,0,1.08508133543335,0.568460720218552,16.3192020186546,103.014962742757,17
"522",2021-08-04,27889,110,593,15,7.1,12,0,0,10,2,0,4,4,0,1544,10,1289,0.00776000022888184,22,0,0.762977901985408,0.624853480479235,10.1402798565357,111.543078421892,12
"523",2021-08-05,27909,123,593,9,7.1,20,0,0,20,0,1,4,3,0,1544,20,1482,0.00472000002861023,19,0,0.466025319280504,0.657131145228031,20.1713652905557,124.053896536918,20
"524",2021-08-06,27923,125,593,15,8.7,14,0,0,12,1,1,5,4,0,1545,12,1109,0.00541000008583069,44,0,0.520354735055181,0.627364666248658,12.1148058742848,126.1958945238,14
"525",2021-08-07,27936,135,593,13,9.4,13,0,0,13,0,1,5,4,0,1545,13,846,0.01182000041008,14,0,1.16275817987531,0.657209053385157,13.2779176373318,137.886067772292,13
"526",2021-08-08,27956,147,593,5,10,20,0,0,19,1,1,4,3,0,1546,19,612,0.00653999984264374,4,0,0.6497532311198,0.725176280413932,19.2269788556588,148.756099567466,20
"527",2021-08-09,27970,155,593,13,11.4,14,0,0,14,1,1,4,3,0,1547,14,556,0.0143900001049042,9,0,1.41607788642951,0.866146941311295,14.3645008369556,159.03554498058,14
"528",2021-08-10,27990,170,593,18,12.6,20,3,0,17,1,1,5,4,0,1548,20,1264,0.0102799999713898,16,0,1.01514999717474,0.856156750131494,20.3732876026823,173.1729446228,20
"529",2021-08-11,28005,176,593,20,13.3,15,2,0,13,0,1,5,4,0,1548,15,1296,0.0108000004291534,8,0,1.07337427578089,0.900499089245134,15.2960232315192,179.473339249825,15
"530",2021-08-12,28024,190,593,18,14.6,19,3,0,16,0,1,4,3,0,1548,19,1053,0.0133000004291534,38,0,1.28367556845999,1.01730626769935,19.4484274915634,194.484274915634,19
"531",2021-08-13,28041,204,593,26,16.1,17,3,0,14,0,1,4,3,0,1548,17,1077,0.0213599991798401,14,0,2.10859020317945,1.24419704885996,17.6590592489274,211.908710987129,17
"532",2021-08-14,28058,212,593,16,16.6,17,2,0,15,1,1,5,4,0,1549,17,1005,0.0119400000572205,12,0,1.17991151007931,1.24664752460339,17.3687921875294,216.599055515073,17
"533",2021-08-15,28076,209,593,8,17,18,1,0,17,0,1,5,4,0,1549,18,543,0.0221000003814697,2,0,2.20188994626386,1.46838134105254,18.7287045259605,217.461069218097,18
"534",2021-08-16,28095,212,593,21,18.1,19,0,0,19,0,1,4,3,0,1549,19,611,0.0114600002765656,8,0,1.1311890418387,1.42768293468242,19.3951592419292,216.409145225737,19
"535",2021-08-17,28116,208,593,18,18.1,21,0,0,21,0,1,4,3,0,1549,21,1323,0.0158700001239777,10,0,1.57509453593567,1.50767501164827,21.6081479862104,214.023561006274,21
"536",2021-08-18,28147,221,593,24,18.7,31,0,0,31,0,1,3,2,0,1549,31,1295,0.015440000295639,12,0,1.52982405377601,1.57288212279043,31.8719398615782,227.216087400283,31
"537",2021-08-19,28170,229,593,19,18.9,23,0,0,23,3,1,6,5,0,1552,23,1279,0.0172000002861023,17,0,1.69743829983988,1.63199108441613,23.7178028633439,236.146819813294,23
"538",2021-08-20,28189,229,593,17,17.6,19,0,0,19,0,2,6,4,0,1552,19,1142,0.014889999628067,50,0,1.42654191067555,1.53455561405843,19.4983351138962,235.006249530644,19
"539",2021-08-21,28212,238,593,27,19.1,23,1,0,22,1,2,7,5,0,1553,23,879,0.0182000005245209,12,0,1.79548826723388,1.62249515079479,23.7592656648801,245.856749053977,23
"540",2021-08-22,28243,255,593,17,20.4,31,0,0,31,1,1,6,5,0,1554,31,520,0.0173099994659424,6,0,1.71125470005514,1.55240440133641,31.9753482321109,263.023025780267,31
"541",2021-08-23,28284,274,593,16,19.7,41,1,0,40,0,1,4,3,0,1554,41,575,0.0139100003242493,11,0.0909099960327148,1.53553927351591,1.61016872014743,42.1575190271907,281.735614962201,41
"542",2021-08-24,28316,288,593,26,20.9,32,1,0,31,0,1,4,3,0,1554,32,1233,0.0154100000858307,23,0,1.51278105938131,1.60126679492538,32.8900397641511,296.01035787736,32
"543",2021-08-25,28342,304,593,27,21.3,26,0,0,25,2,1,6,5,0,1556,25,1318,0.0197300004959106,68,0,1.8762006243586,1.65074916215147,25.8623878677622,314.486636471989,26
"544",2021-08-26,28370,312,593,44,24.9,28,2,0,24,3,1,9,8,0,1559,26,1198,0.0125199997425079,22,0,1.22942292553479,1.58388982296503,26.5877031366622,319.052437639946,28
"545",2021-08-27,28403,329,593,24,25.9,33,0,0,33,2,1,10,9,0,1561,33,896,0.0278999996185303,9,0,2.7622541058788,1.7747058508512,34.6759494719861,345.708708372225,33
"546",2021-08-28,28435,333,593,38,27.4,32,0,0,29,2,1,12,11,0,1563,29,1115,0.0242199993133545,16,0,2.38773644866404,1.85931273391266,30.27311530808,347.618875778987,32
"547",2021-08-29,28474,354,593,28,29,39,0,0,35,1,0,11,11,0,1564,35,537,0.0260700011253357,2,0,2.59732664272825,1.98589444000881,36.6713906491201,370.904922565386,39
"548",2021-08-30,28511,376,593,20,29.6,37,0,1,35,1,1,10,9,0,1565,35,627,0.0111600005626678,9,0,1.10020760264036,1.92370420131231,36.7079882325514,383.605816441124,37
"549",2021-08-31,28541,384,593,22,29,30,0,0,24,0,1,8,7,0,1565,24,553,0.0361700010299683,16,0,3.51529183999516,2.20977716997143,25.5511578001271,408.818524802033,30
"550",2021-09-01,28580,395,593,55,33,39,0,0,37,2,1,10,9,0,1567,37,807,0.0309800004959106,5,0,3.07892369460589,2.38159475143533,39.0945175479483,417.360390038908,39
"551",2021-09-02,28625,422,593,34,31.6,45,0,1,39,1,1,11,10,0,1568,39,1298,0.0169500005245209,8,0,1.68461720373875,2.44662250546447,41.2079506500357,435.070645495258,45
"552",2021-09-03,28677,454,593,50,35.3,52,0,1,49,1,2,6,4,0,1569,49,1050,0.035239999294281,45,0.0222199988365173,3.47049307823181,2.5477995015149,53.1265877062653,482.968792217234,52
"553",2021-09-04,28732,485,593,38,35.3,55,0,0,52,0,2,6,4,0,1569,52,911,0.0318300008773804,8,0,3.1552917083018,2.65745025289172,55.0166589471179,513.136145949081,55
"554",2021-09-05,28758,479,593,23,34.6,26,0,0,25,2,1,8,7,0,1571,25,412,0.0388299989700317,6,0,3.82726305637633,2.83315545484145,26.7591856562151,512.705997173081,26
"555",2021-09-06,28818,496,593,29,35.9,60,0,1,53,1,1,9,8,0,1572,53,519,0.0346799993515015,2,0,3.45468707551426,3.169509665252,57.3664172083605,527.504583685788,60
"556",2021-09-07,28883,521,593,50,39.9,65,1,2,56,1,1,9,8,0,1573,57,825,0.0460599994659424,11,0.0909099960327148,4.66501309997157,3.33375555953435,63.8888991282439,565.686253435352,65
"557",2021-09-08,28935,534,594,66,41.4,52,0,1,50,2,1,8,7,1,1575,50,1376,0.03125,17,0,3.08686288585786,3.3348897297132,53.837727551785,564.306930253063,52
"558",2021-09-09,29005,579,594,58,44.9,70,0,3,63,3,2,11,9,0,1578,63,1485,0.0343400001525879,13,0,3.40419894703558,3.58054426446989,69.9431094840337,615.239053829453,70
"559",2021-09-10,29071,609,594,62,46.6,66,0,0,58,0,1,8,7,0,1578,58,1263,0.0332500004768372,35,0,3.23534288152892,3.54695137922662,61.4500998229236,645.226048140698,66
"560",2021-09-11,29125,631,594,44,47.4,54,0,0,49,1,1,8,7,0,1579,49,1162,0.0309800004959106,15,0,3.05851831573901,3.5331266088605,51.7554372101641,666.483283257419,54
"561",2021-09-12,29180,643,594,53,51.7,55,0,1,50,2,1,9,8,0,1581,50,585,0.0598299980163574,3,0,5.95247429244372,3.83672821401299,56.472060446334,713.370697339855,55
"562",2021-09-13,29242,672,594,36,52.7,62,0,0,55,5,4,14,10,0,1586,55,530,0.0301900005340576,20,0,2.90921823328191,3.75880409369408,57.9418623191258,707.944208699137,62
"563",2021-09-14,29304,692,594,63,54.6,62,0,2,55,2,5,11,6,0,1588,55,1224,0.0334999990463257,29,0,3.27246598824443,3.55986879201878,60.3091860456878,733.635577156654,62
"564",2021-09-15,29351,704,594,58,53.4,47,0,1,42,2,6,12,6,0,1590,42,1537,0.0305800008773804,13,0,3.03235234506669,3.55208157190575,45.341597828015,743.249639783871,47
"565",2021-09-16,29411,732,594,63,54.1,60,1,1,50,1,7,12,5,0,1591,51,1708,0.0316199994087219,39,0,3.09141150487104,3.50739765159653,54.8987472408631,773.605548633564,60
"566",2021-09-17,29471,729,595,90,58.1,60,1,2,46,0,7,10,3,1,1591,47,1417,0.0310500001907349,4,0,3.09625969530411,3.48752862499299,51.6755840034209,770.500015712635,60
"567",2021-09-18,29533,745,595,44,58.1,62,0,5,50,0,7,9,2,0,1591,50,1575,0.0298399996757507,28,0,2.93187769739909,3.46943710808728,57.6952509482977,785.159239129635,62
"568",2021-09-19,29576,736,595,60,59.1,43,2,1,39,3,7,10,3,0,1594,41,1058,0.0321399998664856,3,0,3.20491233352891,3.07692825681374,44.415924535778,779.368791666649,43
"569",2021-09-20,29627,715,595,60,62.6,51,2,0,40,2,8,12,4,0,1596,42,1220,0.0385199999809265,66,0.0606099987030029,3.965370131503,3.22780709941675,45.0620788848332,767.128247682279,51
"570",2021-09-21,29687,714,595,36,58.7,60,0,0,51,1,7,13,6,0,1597,51,1196,0.0200699996948242,23,0,1.96913204552992,3.04161653617182,52.8464109598095,739.849753437332,60
"571",2021-09-22,29738,701,595,63,59.4,51,0,0,42,5,9,17,8,0,1602,42,2383,0.0180400002002716,29,0,1.7823101358726,2.86303907771552,43.3763089074389,723.971251050349,51
"572",2021-09-23,29774,673,595,44,56.7,36,0,0,29,3,9,18,9,0,1605,29,1528,0.0274900007247925,48,0,2.66527418194689,2.80216231729779,30.4210954325237,705.979214692706,36
"573",2021-09-24,29818,667,595,56,51.9,44,1,0,34,2,8,17,9,0,1607,35,2089,0.0181900000572205,48,0,1.77814272903761,2.61385989354543,36.1442423456576,688.805989844388,44
"574",2021-09-25,29862,662,595,62,54.4,44,0,1,35,2,10,17,7,0,1609,35,1935,0.0273900008201599,32,0,2.6944408534321,2.57994034440729,37.7338840532984,694.795178379529,44
"575",2021-09-26,29910,640,595,38,51.3,48,1,0,38,3,11,18,7,0,1612,39,1060,0.0339599990844727,4,0,3.38323299149822,2.60541472411719,41.4259389505417,679.810280214018,48
"576",2021-09-27,29951,621,595,31,47.1,41,0,0,29,0,11,18,7,0,1612,29,852,0.0164300000667572,15,0.0666699981689453,1.72992041861722,2.28606476513351,29.9223748994299,640.751545260207,41
"577",2021-09-28,29996,597,596,44,48.3,45,1,1,32,3,11,19,8,1,1615,33,1723,0.0203099989891052,35,0,1.99056474733949,2.28912657967773,35.2077404211864,618.849122165099,45
"578",2021-09-29,30041,585,596,65,48.6,45,1,0,37,0,11,19,8,0,1615,38,2041,0.0215599989891052,8,0,2.14758213454191,2.34130829377335,39.5004334322174,608.098777838083,45
"579",2021-09-30,30089,588,596,61,51,48,2,0,38,3,12,21,9,0,1618,40,1837,0.017960000038147,29,0,1.76808789228703,2.21313882382194,41.3003108752013,607.114569865459,48
"580",2021-10-01,30132,571,596,48,49.9,43,0,0,24,1,11,20,9,0,1619,24,1834,0.0196300005912781,13,0,1.94918359958874,2.23757323390067,24.8600968232515,591.463136919859,43
"581",2021-10-02,30168,553,596,60,49.6,36,0,0,28,0,9,15,6,0,1619,28,1477,0.0189600002765656,13,0,1.87945774553607,2.12114707562981,28.9675511888657,572.109135980097,36
"582",2021-10-03,30195,539,597,37,49.4,27,5,0,18,2,7,14,7,1,1621,23,1029,0.0213800001144409,12,0,2.11335447817096,1.9397358594402,23.893683084584,559.943268808294,27
"583",2021-10-04,30239,536,598,25,48.6,44,1,0,40,0,4,10,6,1,1621,41,1256,0.0199000000953674,8,0,1.97740507276752,1.9750908100331,42.4906059621327,555.486946236662,44
"584",2021-10-05,30289,533,598,33,47,50,1,0,42,0,4,9,5,0,1621,43,1637,0.0116100001335144,13,0,1.15185274051897,1.85527480905874,43.9106442901032,544.287753642442,50
"585",2021-10-06,30330,524,598,28,41.7,41,1,0,33,0,4,8,4,0,1621,34,1958,0.0127699995040894,36,0,1.25394478580778,1.72761233066815,34.7838639366575,536.080726553193,41
"586",2021-10-07,30367,513,598,53,40.6,37,1,0,31,2,3,8,5,0,1623,32,1681,0.0184399998188019,9,0,1.83417986363349,1.7370540408605,33.0791336942748,530.299862036343,37
"587",2021-10-08,30395,495,600,58,42,28,0,0,19,0,2,6,4,2,1623,19,2154,0.0246099996566772,13,0,2.44623623721655,1.80806156052162,19.8545458109346,517.263167179611,28
"588",2021-10-09,30424,475,600,37,38.7,29,1,0,26,3,3,7,4,0,1626,27,1520,0.0184200000762939,12,0,1.82757180913621,1.80064928389307,27.9072387003913,490.960680840217,29
"589",2021-10-10,30445,437,601,20,36.3,21,0,0,19,2,3,7,4,1,1628,19,1009,0.0178400003910065,24,0,1.7425518290925,1.74767747688186,19.6087271307785,451.000724007907,21
"590",2021-10-11,30464,415,601,18,35.3,19,0,0,17,1,4,8,4,0,1629,17,635,0.0220499992370605,7,0,2.18095786846315,1.77675644769552,17.6816784278729,431.640973386309,19
"591",2021-10-12,30498,415,601,31,35,34,0,0,27,2,5,8,3,0,1631,27,1118,0.0143099999427795,12,0,1.41580353416172,1.8144637039302,27.7028297065653,425.802752897208,34
"592",2021-10-13,30520,410,601,24,34.4,22,0,0,20,0,5,8,3,0,1631,20,1674,0.0203099989891052,9,0,2.02013893688426,1.92392001122684,20.7428388148879,425.228195705201,22
"593",2021-10-14,30540,397,601,39,32.4,20,0,0,17,0,5,7,2,0,1631,17,1288,0.0116499996185303,33,0,1.13589701049713,1.82416531792165,17.3550350511296,405.291112664614,20
"594",2021-10-15,30576,382,601,33,28.9,36,1,0,20,2,5,9,4,0,1633,21,1605,0.0155799996852875,15,0,1.54357404289422,1.6952135758756,21.5959778440823,392.84112078283,36
"595",2021-10-16,30606,376,602,22,26.7,30,0,0,24,1,4,9,5,1,1634,24,1409,0.0156099998950958,8,0,1.55218700438885,1.65587288948312,24.6849180917841,386.730383437951,30
"596",2021-10-17,30631,367,602,34,28.7,25,1,0,20,0,4,9,5,0,1634,21,815,0.0368099999427795,8,0,3.64521870636273,1.92768244337887,22.4074281670046,391.596482728128,25
"597",2021-10-18,30667,372,602,23,29.4,36,3,0,23,1,3,10,7,0,1635,26,812,0.0135500001907349,20,0,1.32242790323038,1.80503530548847,26.6321624646783,381.04478603309,36
"598",2021-10-19,30689,356,602,23,28.3,22,0,0,19,3,2,12,10,0,1638,19,1138,0.0105400002002716,9,0,1.04572974959975,1.75216762197962,19.3653056737917,362.844674729992,22
"599",2021-10-20,30715,351,602,35,29.9,26,1,0,20,1,3,12,9,0,1639,21,1788,0.0134200000762939,19,0,1.32788932686295,1.653274820548,21.5127014294175,359.569438177407,26
"600",2021-10-21,30733,340,602,44,30.6,18,0,0,15,0,3,12,9,0,1639,15,1305,0.0214599990844727,7,0,2.13455021381379,1.79593956387895,15.5886823137003,353.343465777207,18
"601",2021-10-22,30759,326,602,34,30.7,26,0,0,12,0,2,9,7,0,1639,12,1417,0.0218799996376038,19,0,2.15905010351564,1.8838647153963,12.4763512620531,338.940875952443,26
"602",2021-10-23,30783,327,602,22,30.7,24,0,1,20,0,1,7,6,0,1639,20,1331,0.0120200002193451,9,0,1.19392688745883,1.83268469869201,21.4390268500594,334.178088998472,24
"603",2021-10-24,30803,320,603,14,27.9,20,0,0,12,1,1,7,6,1,1640,12,822,0.00243000000715256,8,0,0.240657832033663,1.34631885950214,12.0530963416854,321.415902444944,20
"604",2021-10-25,30829,312,603,15,26.7,26,0,2,19,3,1,7,6,0,1643,19,815,0.0135000002384186,5,0,1.34176831637941,1.34908177566629,21.4687210812114,319.696893544104,26
"605",2021-10-26,30851,299,603,30,27.7,22,0,6,14,3,2,9,7,0,1646,14,1386,0.0180400002002716,10,0,1.79107738378055,1.45556000912069,20.4610263402152,308.846205408882,22
"606",2021-10-27,30877,308,603,35,27.7,26,1,5,19,2,2,10,8,0,1648,20,1365,0.014650000333786,9,0,1.45540396329097,1.47377638575326,25.5351763364067,316.241715580663,26
"607",2021-10-28,30902,300,603,26,25.1,25,1,6,17,4,3,14,11,0,1652,18,1856,0.0113100004196167,41,0,1.10655565518232,1.32692002023448,24.3662090902984,306.103484838307,25
"608",2021-10-29,30923,295,603,12,22,21,0,1,17,1,3,15,12,0,1653,17,1548,0.0148599994182587,18,0,1.46891948272442,1.22832993155002,18.4591242857713,302.967156723679,21
"609",2021-10-30,30946,286,603,28,22.9,23,0,2,20,1,2,16,14,0,1654,20,1178,0.0118799996376038,7,0,1.18098224245547,1.22648069654954,22.4342668879707,292.210016497982,23
"610",2021-10-31,30967,272,604,32,25.4,21,0,2,16,0,1,15,14,1,1654,16,936,0.0181599998474121,7,0,1.80251960309414,1.44960380670104,18.530253242023,281.01430511439,21
"611",2021-11-01,31018,298,604,13,25.1,51,0,10,37,1,1,14,13,0,1655,37,773,0.0116400003433228,14,0,1.14329355341659,1.42125026913492,47.7777550363728,304.264081103759,51
"612",2021-11-02,31068,326,604,31,25.3,50,1,6,37,2,0,15,15,0,1657,38,1531,0.0267799997329712,17,0,2.64859041286685,1.54375213043296,45.8504687386793,341.875073916038,50
"613",2021-11-03,31111,348,604,44,26.6,43,0,19,22,2,0,16,16,0,1659,22,1657,0.0169000005722046,11,0,1.67885497291025,1.57567370323572,41.6790773036659,358.741768257987,43
"614",2021-11-04,31144,367,604,33,27.6,33,2,5,23,4,0,19,19,0,1663,25,1511,0.0258100008964539,35,0,2.52256865165212,1.77796127415998,31.1594882618301,384.021287683666,33
"615",2021-11-05,31183,384,606,45,32.3,39,0,7,23,2,1,19,18,2,1665,23,1264,0.0213599991798401,15,0.0666699981689453,2.18913908802596,1.88084978920306,30.9257304408599,399.455673447399,39
"616",2021-11-06,31216,390,607,40,34,33,3,4,21,3,1,20,19,1,1668,24,1414,0.0212199997901917,10,0.1,2.17732301287437,2.02318418497718,28.9607656287283,405.612441466834,33
"617",2021-11-07,31254,409,608,39,35,38,3,3,27,6,3,24,21,1,1674,30,1016,0.0255900001525879,10,0,2.53405849464223,2.12768974091263,34.3977234248451,428.055629358722,38
"618",2021-11-08,31318,445,609,36,38.3,64,6,7,45,1,2,23,21,1,1675,51,849,0.0270900011062622,13,0.0769199991226196,2.7841497596068,2.36209777036837,60.6106347929072,467.779068291053,64
"619",2021-11-09,31360,461,609,39,39.4,42,0,9,29,3,2,25,23,0,1678,29,1627,0.0215100002288818,21,0.0476200008392334,2.18427126153001,2.29576646303454,39.1646298659171,479.513598903027,42
"620",2021-11-10,31401,479,609,34,38,41,1,5,28,5,2,29,27,0,1683,29,1507,0.00995000004768372,72,0.0555600023269653,1.20297468267263,2.22778356442916,34.6414131193583,489.594375316298,41
"621",2021-11-11,31448,484,610,48,40.1,47,1,5,35,3,5,32,27,1,1686,36,1632,0.0208299994468689,24,0,2.05281153969143,2.16067540557763,42.3587355375824,502.267444449719,47
"622",2021-11-12,31507,505,610,50,40.9,59,1,2,36,1,5,33,28,0,1687,37,1517,0.0184599995613098,29,0.0344799995422363,1.87605040887657,2.11594845141344,40.2762318563178,522.418840201094,59
"623",2021-11-13,31543,522,611,43,41.3,36,1,5,28,1,3,31,28,1,1688,29,1627,0.0196700000762939,20,0,1.94311415447056,2.08249004307004,35.036047498788,540.648854978184,36
"624",2021-11-14,31576,531,611,43,41.9,33,1,2,27,0,3,27,24,0,1688,28,912,0.037279999256134,8,0,3.69558253495589,2.24842204882913,31.9024983582315,567.079522436461,33
"625",2021-11-15,31616,529,613,41,42.6,40,1,3,34,1,2,23,21,2,1689,35,921,0.0217199993133545,18,0,2.1303641499041,2.15502410458589,39.3708983155196,549.720148825996,40
"626",2021-11-16,31666,545,614,42,43,50,1,3,37,1,1,23,22,1,1690,38,1729,0.0208200001716614,24,0,2.0534957385512,2.13634188701748,42.4346988687794,565.576602196968,50
"627",2021-11-17,31688,513,614,44,44.4,22,0,1,12,1,2,22,20,0,1691,12,1886,0.0148500001430511,19,0.0526300001144409,1.52268085417159,2.18201419723162,13.3359491034542,527.361824172667,22
"628",2021-11-18,31725,502,614,39,43.1,37,2,1,21,1,3,20,17,0,1692,23,1686,0.0183899998664856,42,0.0238100004196167,1.85217359910409,2.15335163429057,24.7832364292548,519.094986412431,37
"629",2021-11-19,31761,501,615,25,39.6,36,0,2,24,2,2,18,16,1,1694,24,1564,0.0140699994564056,40,0,1.37191266520065,2.08133195662258,26.6053702305758,513.63710356327,36
"630",2021-11-20,31802,484,616,50,40.6,41,1,0,36,1,2,15,13,1,1695,37,1680,0.0166700005531311,76,0.0131599998474121,1.65180870829519,2.03971689288324,38.1236856345091,498.699022894659,41
"631",2021-11-21,31844,486,616,25,38,42,2,2,30,1,1,15,14,0,1696,32,924,0.0238100004196167,5,0,2.36818518705337,1.85008870032574,35.393313971166,507.160955937083,42
"632",2021-11-22,31898,479,616,31,36.6,54,2,2,41,2,0,17,17,0,1698,43,1048,0.0152699995040894,18,0,1.50121571109622,1.76021035192462,46.1868474740157,492.220928838454,54
"633",2021-11-23,31946,489,617,27,34.4,48,3,1,31,2,0,16,16,1,1700,34,1457,0.0102999997138977,9,0,1.0236766427796,1.61309333824296,35.6399190874714,498.203542169809,48
"634",2021-11-24,31995,499,617,46,34.7,49,1,1,36,0,0,13,13,0,1700,37,1743,0.0183599996566772,16,0,1.81929956802663,1.65546744022225,39.2376256277096,515.691221303435,49
"635",2021-11-25,32038,504,618,60,37.7,43,2,0,36,0,0,11,11,1,1700,38,1548,0.0219600009918213,6,0,2.18752133432042,1.70337425953887,39.5283374223092,524.270580548523,43
"636",2021-11-26,32079,497,618,51,41.4,41,8,1,28,3,1,13,12,0,1703,36,1853,0.0221300005912781,40,0,2.16623830404851,1.81684935080285,38.4338115845867,516.794565487211,41
"637",2021-11-27,32108,496,618,43,40.4,29,6,0,18,1,1,13,12,0,1704,24,1818,0.0203500008583069,2,0,2.03276382200011,1.87127150990355,24.8969774351127,514.537533658996,29
"638",2021-11-28,32174,531,618,22,40,66,13,1,40,1,2,12,10,0,1705,53,1272,0.0117900002002716,46,0,1.13785130916127,1.69550952734754,55.1087783477888,542.108703824073,66
"639",2021-11-29,32223,536,618,26,39.3,49,7,0,34,1,2,13,11,0,1706,41,989,0.0161800003051758,16,0,1.59224082605163,1.70851311519831,42.200261747656,551.691226749844,49
"640",2021-11-30,32291,567,618,61,44.1,68,6,1,49,2,2,14,12,0,1708,55,1907,0.0272699999809265,25,0,2.69171273103659,1.94680398494931,58.7219162064768,595.060481619497,68
"641",2021-12-01,32368,604,618,62,46.4,77,4,0,53,0,2,14,12,0,1708,57,1958,0.0194099998474121,72,0.0138900005817413,1.92142166222257,1.96139285554873,59.0136356507737,625.337472509952,77
"642",2021-12-02,32439,630,618,63,46.9,71,6,0,50,0,2,12,10,0,1708,56,2077,0.0245499992370605,19,0,2.43274563050452,1.99642489786074,58.5047713177835,658.178677325064,71
"643",2021-12-03,32531,691,618,59,48,92,7,0,69,1,2,9,7,0,1709,76,1911,0.0245900011062622,12,0,2.44365533614493,2.03605590244594,79.4145768901643,722.04569251452,92
"644",2021-12-04,32585,712,618,70,51.9,54,2,0,45,0,2,9,7,0,1709,47,1446,0.0242000007629395,6,0.166669998168945,2.4788719760485,2.09978563873857,49.1420781388921,744.450204997685,54
"645",2021-12-05,32663,748,618,35,53.7,78,5,1,58,0,2,8,6,0,1709,63,1461,0.0246399998664856,10,0,2.44724947688208,2.28684251984155,66.8346676478746,781.656053977939,78
"646",2021-12-06,32771,808,618,69,59.9,108,4,3,82,0,2,7,5,0,1709,86,1178,0.0348000001907349,14,0,3.439127535628,2.55068347835246,94.4378858392007,859.090834396211,108
"647",2021-12-07,32869,853,618,68,60.9,98,4,2,72,2,1,8,7,0,1711,76,1905,0.0278200006484985,22,0.0454500007629395,2.80212772455497,2.56645704885508,81.9154787625036,896.946097163363,98
"648",2021-12-08,32978,907,618,44,58.3,109,5,4,87,0,1,7,6,0,1711,92,2324,0.0249600005149841,13,0,2.48211558394622,2.64655618052989,100.198490568936,948.391640717664,109
"649",2021-12-09,33101,993,618,147,70.3,123,5,2,93,1,1,8,7,0,1712,98,1969,0.0304699993133545,15,0,3.02396313749975,2.73101582438635,105.448612492103,1048.20890004754,123
"650",2021-12-10,33270,1128,619,87,74.3,169,6,6,128,3,0,9,9,1,1715,134,2152,0.0399600005149841,23,0,3.95374349922969,2.94674270482703,149.740845219843,1209.99756274614,169
"651",2021-12-11,33397,1213,619,150,85.7,127,3,4,104,0,0,8,8,0,1715,107,1669,0.0437400007247925,12,0,4.34277580069475,3.21301467977649,119.543474748508,1309.85266233589,127
"652",2021-12-12,33583,1336,620,106,95.9,186,3,4,158,0,0,8,8,1,1715,161,1977,0.0364199995994568,14,0.0714300012588501,3.66661774112255,3.38721014609656,175.853626311658,1426.06487423835,186
"653",2021-12-13,33879,1571,620,100,100.3,296,5,9,261,1,0,9,9,0,1716,266,2090,0.0377999997138977,79,0.0126600003242493,3.68843427513425,3.42282539459745,293.038774894586,1677.5372757872,296
"654",2021-12-14,34186,1808,620,199,119,307,4,3,267,1,0,9,9,0,1717,271,2041,0.0494899988174438,12,0,4.9200724591526,3.7253889281114,298.514562273043,1971.55102800613,307
"655",2021-12-15,34511,2057,620,252,148.7,325,1,4,303,0,0,6,6,0,1717,304,2780,0.0460400009155273,20,0.05,4.60682866232735,4.02891936788013,333.748918768791,2231.22870364277,325
"656",2021-12-16,34923,2409,621,308,171.7,412,7,2,388,3,0,9,9,1,1720,395,2938,0.0871300029754639,58,0.0172399997711182,8.57769922325226,4.82231023727335,459.294723511461,2788.91895933952,412
"657",2021-12-17,35392,2807,621,354,209.9,469,7,9,428,2,0,11,11,0,1722,435,3115,0.102089996337891,10,0.1,10.208330834961,5.71582271380639,525.644577628355,3333.84213655815,469
"658",2021-12-18,35893,3261,621,308,232.4,501,23,15,434,1,0,11,11,0,1723,457,2673,0.0912800025939941,3,0,9.1177670752521,6.39796432445744,548.610455904235,3807.66673239324,501
"659",2021-12-19,36436,3738,621,402,274.7,543,21,9,493,1,0,12,12,0,1724,514,2673,0.0939000034332275,46,0.0217400002479553,9.26792016139842,7.19815038449685,610.584802747541,4374.94940208231,543
"660",2021-12-20,37339,4515,621,387,315.7,903,8,20,849,1,0,11,11,0,1725,857,2474,0.100240001678467,11,0,9.9796283361178,8.09689239320879,1034.24561475192,5343.42934726364,903
"661",2021-12-21,38192,5262,621,487,356.9,853,5,19,805,3,0,12,12,0,1728,810,2743,0.117749996185303,96,0.0208299994468689,11.4472673294535,9.02934880325178,999.478728382991,6369.48033179173,853
"662",2021-12-22,38996,5941,621,670,416.6,804,6,28,746,2,0,14,14,0,1730,752,4020,0.182089996337891,124,0.0161300003528595,17.7124011902045,10.9015734500914,1024.89427606378,7875.72991236026,804
"663",2021-12-23,39836,6663,621,735,477.6,840,1,44,779,3,1,15,14,0,1733,780,3597,0.217959995269775,96,0.0104200005531311,21.2564966974948,12.712830232126,1128.8383804491,9267.02324222097,840
"664",2021-12-24,40586,7263,621,859,549.7,750,0,31,702,3,1,17,16,0,1736,702,3803,0.26636999130249,68,0.0735300016403198,26.2982463713488,15.0113895944671,1072.427679543,10774.7709921949,750
"665",2021-12-25,41103,7656,622,503,577.6,517,0,29,480,3,1,17,16,1,1739,480,2656,0.250380001068115,57,0.035090000629425,24.5856768475043,17.2210909905032,725.973532493178,11116.7278432662,517
"666",2021-12-26,41853,8225,622,428,581.3,750,0,44,694,7,1,20,19,0,1746,694,2040,0.21863000869751,54,0.0185199999809265,21.34695786733,18.9466678056362,1010.38225857405,11453.1614939072,750
"667",2021-12-27,42888,8962,622,545,603.9,1035,1,48,979,5,2,24,22,0,1751,980,1897,0.27201000213623,183,0.0546400022506714,25.2885622338606,21.1336583624566,1483.65230073761,13128.8937951127,1035
"668",2021-12-28,44084,9857,622,857,656.7,1196,0,69,1121,7,1,30,29,0,1758,1121,2595,0.387669982910156,90,0.1,37.8027413650598,24.898726081829,1969.134187144,16707.9595742001,1196
"669",2021-12-29,45410,10839,622,1233,737.1,1326,0,71,1248,5,4,34,30,0,1763,1248,3427,0.29238000869751,143,0.0279699993133545,28.1788795436464,26.3939372751778,1965.57909533835,16454.6016140804,1326
"670",2021-12-30,46769,11793,623,1329,822,1359,0,67,1289,11,5,40,35,1,1774,1289,3321,0.313460006713867,131,0.0610699987411499,30.3882054499375,27.6984670969553,2076.18044464372,18381.8968065814,1359
"671",2021-12-31,47621,12169,626,1337,890.3,852,0,58,793,14,5,49,44,3,1788,793,3297,0.356689987182617,180,0.0111099994182587,33.8799737600338,28.7815710096246,1344.96889896484,19749.2112629295,852
"672",2022-01-01,48020,12026,626,1174,986.1,399,0,51,347,15,6,63,57,0,1803,347,2487,0.39806999206543,166,0.102410001754761,37.9570346987567,30.691764988375,640.161503861022,20418.6058946186,399
"673",2022-01-02,48578,11932,627,500,996.4,558,0,68,490,9,5,68,63,1,1812,490,2209,0.30738000869751,63,0.0476200008392334,30.0177156366933,31.9304446697126,828.431372615417,18517.2798735656,558
"674",2022-01-03,49250,11636,627,563,999,672,0,92,580,8,4,65,61,0,1820,580,1763,0.247870006561279,105,0.1428600025177,24.1967409974247,31.7744702073646,930.028823798402,16812.5920581348,672
"675",2022-01-04,49937,11386,629,797,990.4,687,0,90,597,13,4,73,69,2,1833,597,2116,0.328919982910156,293,0.129689998626709,30.4688191546499,30.7267670344489,1021.43622109053,17764.3765717534,687
"676",2022-01-05,50505,11052,630,690,912.9,568,0,108,459,17,7,87,80,1,1850,459,2657,0.311630001068115,310,0.0419399976730347,28.3452076884605,30.7505281979938,806.207990279634,16811.7531777136,568
"677",2022-01-06,51015,10670,634,826,841,510,1,87,422,12,7,86,79,4,1862,423,2283,0.279890003204346,119,0.0672300004959106,26.9354391080156,30.2572758634335,719.482515632145,15954.1097914775,510
"678",2022-01-07,51510,10450,635,644,742,495,3,124,368,15,8,89,81,1,1877,371,2293,0.293939990997314,444,0.0427899980545044,25.319808494448,29.0343951112069,667.710077687106,15314.7447758228,495
"679",2022-01-08,51880,10309,636,685,672.1,370,0,88,282,22,9,102,93,1,1899,282,2345,0.303199996948242,277,0.0830300045013428,27.9940238020785,27.6111078402529,515.14356607068,15614.9752575271,370
"680",2022-01-09,52203,9978,636,471,668,323,0,74,249,19,12,112,100,0,1918,249,1307,0.264729995727539,171,0.0584800004959106,24.0867513193974,26.7638272234964,433.270902560221,14396.8074929553,323
"681",2022-01-10,52737,9535,637,391,643.4,534,0,128,406,10,13,110,97,1,1928,406,1323,0.170820007324219,128,0.0781300020217896,16.2643356270662,25.6306264563023,655.407555443632,12386.2833525986,534
"682",2022-01-11,53149,8793,640,601,615.4,412,1,98,312,17,9,115,106,3,1945,313,2106,0.280149993896484,408,0.0931400012969971,24.9799923498477,24.8465083413306,554.75401787336,12831.431562813,419
"683",2022-01-12,53580,7894,643,482,585.7,431,0,127,304,15,9,112,103,3,1960,304,1509,0.287609996795654,163,0.208589992523193,27.9906491594451,24.7958571228998,587.447961129113,11956.5006748461,440
"684",2022-01-13,53927,6902,646,401,525,347,0,90,257,14,11,110,99,3,1974,257,2009,0.133400001525879,159,0.113210000991821,13.191927731697,22.8324983548543,409.333963182639,8576.04285558978,361
"685",2022-01-14,54264,6369,647,434,495,337,0,79,258,18,16,123,107,1,1992,258,1725,0.208700008392334,269,0.148699998855591,20.0605724257237,22.0811789164651,432.158235561203,8718.0806290283,358
"686",2022-01-15,54524,6232,650,378,451.1,260,0,62,198,19,11,128,117,3,2011,198,1525,0.183610000610352,201,0.124379997253418,17.6712416210153,20.6064957477418,324.3303047342,8256.7800964825,280
"687",2022-01-16,54751,5913,654,379,438,227,0,34,193,9,14,127,113,4,2020,193,1331,0.222390003204346,83,0.16867000579834,21.9236707741334,20.2974842412755,304.795402842606,8296.44153890326,244
"688",2022-01-17,54992,5502,656,278,421.9,241,1,74,165,12,15,124,109,2,2032,166,881,0.17367000579834,180,0.0722200012207031,15.6458883438326,20.209134629385,287.752011224014,7084.72027562968,267
"689",2022-01-18,55330,5140,657,196,364,338,1,78,258,14,16,122,106,1,2046,259,971,0.158599996566772,18,0.166669998168945,15.8746872227883,18.9083767540908,412.594168540784,6640.20859575146,413
"690",2022-01-19,55583,4827,661,486,364.6,253,0,77,176,17,20,127,107,4,2063,176,1657,0.208810005187988,283,0.081269998550415,19.0204942364053,17.6269260507994,314.548548975901,6515.03889719702,317
"691",2022-01-20,55805,4536,665,466,373.9,222,0,65,157,11,19,122,103,4,2074,157,1732,0.204389991760254,156,0.211539993286133,20.4980775784638,18.6706617431946,281.169260052431,6245.50167896705,300
"692",2022-01-21,56004,4250,667,346,361.3,199,1,63,135,6,21,120,99,2,2080,136,1217,0.241580009460449,85,0.223530006408691,24.0401629844935,19.2391746801618,259.111791230982,6128.49347596819,297
"693",2022-01-22,56120,3993,669,368,359.9,116,1,14,101,2,21,111,90,2,2082,102,1117,0.162940006256104,90,0.2,16.5703386071308,19.0819028210354,147.075269818918,5209.50541555822,234
"694",2022-01-23,56190,3740,674,220,337.1,70,0,21,49,2,17,102,85,5,2084,49,741,0.241569995880127,95,0.0842099952697754,22.3688177628951,19.1454952480013,90.1522000028854,5278.14751042432,262
"695",2022-01-24,56193,3237,675,99,311.6,3,0,3,0,1,17,103,86,1,2085,0,NA,NA,NA,NA,NA,NA,NA,NA,316
