"","date","observed_cumulative_cases","observed_active_cases","observed_cumulative_deaths","observed_new_cases","observed_daily_average_cases","observed_new_episodes","observed_new_cases_community_outbreak","observed_new_cases_institution_outbreak","observed_new_cases_sporadic","observed_new_ICU_p_acute_care","observed_census_ICU","observed_census_ICU_p_acute_care","observed_census_acute_care","observed_new_deaths","cumulative_hosp","observed_new_community_cases","num_non_ltch_tests","non_ltch_pct_positivity","num_ltch_tests","ltch_pct_positivity","observed_pct_positivity","pct_positivity_7_day","adjusted_new_episodes","adjusted_active_cases","adjusted_episode_cases"
"1",2020-03-01,7,7,0,0,0,2,0,0,2,0,0,1,1,0,0,2,NA,NA,NA,NA,NA,NA,NA,NA,2
"2",2020-03-02,10,10,0,0,0,3,2,0,1,0,0,1,1,0,0,3,NA,NA,NA,NA,NA,NA,NA,NA,3
"3",2020-03-03,11,11,0,0,0,1,0,0,1,0,0,1,1,0,0,1,NA,NA,NA,NA,NA,NA,NA,NA,1
"4",2020-03-04,12,12,0,0,0,1,0,0,1,0,0,1,1,0,0,1,NA,NA,NA,NA,NA,NA,NA,NA,1
"5",2020-03-05,18,18,0,0,0,6,2,0,4,0,0,1,1,0,0,6,NA,NA,NA,NA,NA,NA,NA,NA,6
"6",2020-03-06,23,23,0,0,0,5,0,1,4,0,0,1,1,0,0,4,NA,NA,NA,NA,NA,NA,NA,NA,5
"7",2020-03-07,27,27,0,0,0,4,0,0,4,0,0,1,1,0,0,4,NA,NA,NA,NA,NA,NA,NA,NA,4
"8",2020-03-08,36,36,0,0,0,9,1,0,8,0,0,1,1,0,0,9,NA,NA,NA,NA,NA,NA,NA,NA,9
"9",2020-03-09,45,45,0,1,0.1,9,0,0,9,0,0,1,1,0,0,9,NA,NA,NA,NA,NA,NA,NA,NA,9
"10",2020-03-10,52,52,0,0,0.1,7,1,0,6,0,0,1,1,0,0,7,NA,NA,NA,NA,NA,NA,NA,NA,7
"11",2020-03-11,61,61,0,0,0.1,9,0,0,9,0,0,1,1,0,0,9,NA,NA,NA,NA,NA,NA,NA,NA,9
"12",2020-03-12,75,75,0,3,0.6,14,1,0,13,0,0,1,1,0,0,14,NA,NA,NA,NA,NA,NA,NA,NA,14
"13",2020-03-13,97,97,0,1,0.7,22,2,2,18,0,0,1,1,0,0,20,NA,NA,NA,NA,NA,NA,NA,NA,22
"14",2020-03-14,115,115,0,4,1.3,18,1,1,16,1,0,2,2,0,1,17,NA,NA,NA,NA,NA,NA,NA,NA,18
"15",2020-03-15,142,142,0,4,1.9,27,1,0,26,0,0,2,2,0,1,27,NA,NA,NA,NA,NA,NA,NA,NA,27
"16",2020-03-16,157,157,0,0,1.7,15,0,0,15,0,0,2,2,0,1,15,NA,NA,NA,NA,NA,NA,NA,NA,15
"17",2020-03-17,180,179,0,5,2.4,23,1,0,22,2,0,4,4,0,3,23,127,0,4,0,0,0,23,179,23
"18",2020-03-18,196,194,0,4,3,16,0,0,16,0,0,3,3,0,3,16,210,0.0190499997138977,1,0,1.89597153550641,0.947985767753204,15.6841803039202,190.170686185033,16
"19",2020-03-19,221,219,0,1,2.7,25,0,0,25,4,0,7,7,0,7,25,110,0.0272699999809265,9,0,2.52075630075791,1.47224261208811,24.3439177538009,213.252719523296,25
"20",2020-03-20,243,241,0,2,2.9,22,1,1,20,3,1,10,9,0,10,21,137,0.00730000019073486,4,0,0.709290798674238,1.28150465873464,21.8449288397214,239.220373827279,22
"21",2020-03-21,263,261,0,4,2.9,20,0,2,18,3,1,10,9,0,13,18,204,0.0147099995613098,3,0,1.44968111618705,1.31513995022512,19.7283358051153,257.060869174172,20
"22",2020-03-22,289,287,0,7,3.3,26,0,1,25,3,5,13,8,0,16,25,159,0.0314499998092651,2,0,3.10593165818208,1.61360523488462,25.1916130019279,277.719717262133,26
"23",2020-03-23,310,308,0,9,4.6,21,1,0,20,4,5,17,12,0,20,21,138,0.0362299990653992,3,0,3.54591480214545,1.88964945877902,20.2247620811583,296.629843856989,21
"24",2020-03-24,328,324,1,8,5,18,1,3,14,3,7,20,13,1,23,15,253,0.0197599995136261,4,0,1.94524508830638,2.16754161425136,17.6962243196869,317.438445305237,18
"25",2020-03-25,351,347,1,8,5.6,23,0,1,22,4,8,23,15,0,27,22,153,0.0588199996948242,2,0,5.80610319568265,2.7261318514194,21.6701739164056,326.025015863307,23
"26",2020-03-26,365,357,1,19,8.1,14,1,3,10,2,7,25,18,0,29,11,274,0.025550000667572,3,0,2.5273285858898,2.72707074929538,13.7105711557255,347.606718417636,14
"27",2020-03-27,382,365,1,27,11.7,17,3,2,12,5,9,26,17,0,34,15,577,0.0294600009918213,4,0,2.92571782655437,3.04370318184968,16.5431105681703,353.882357158812,17
"28",2020-03-28,407,387,2,26,14.9,25,1,1,23,3,8,25,17,1,37,24,367,0.0817399978637695,3,0,8.10772411243336,3.99485218131344,22.9741950890602,354.333895811095,25
"29",2020-03-29,426,399,2,11,15.4,19,5,4,10,7,8,31,23,0,44,15,184,0.0434800004959106,0,0,4.34800004959107,4.1722905229433,18.3210024376847,380.938664842412,19
"30",2020-03-30,451,408,3,48,21,25,8,3,14,4,12,32,20,1,48,22,549,0.0783199977874756,0,0,7.83199977874756,4.7845883767436,23.2061638862657,374.732493890745,25
"31",2020-03-31,468,405,3,51,27.1,17,2,3,12,6,13,34,21,0,54,14,943,0.064689998626709,0,0,6.4689998626709,5.43083905879567,16.0571283161325,377.724069145263,17
"32",2020-04-01,495,408,3,37,31.3,27,6,4,16,3,15,33,18,0,57,22,575,0.0573899984359741,4,0.25,5.87206374795943,5.44026199483521,24.6550663545953,383.057594212495,27
"33",2020-04-02,512,404,6,32,33.1,17,5,4,7,6,14,34,20,3,63,12,107,0.0841100025177002,9,0,7.75842264602924,6.1875611462837,15.0307359698284,371.368110984224,17
"34",2020-04-03,539,409,6,26,33,27,3,4,19,5,14,37,23,0,68,22,217,0.110600004196167,2,0,10.9589958495745,7.33517229242944,23.4899587486486,362.336051281694,27
"35",2020-04-04,556,416,7,18,31.9,17,3,7,6,7,14,43,29,1,75,9,315,0.0253999996185303,3,0,2.51603769806196,6.53635994751924,15.7642525146008,405.10322734155,17
"36",2020-04-05,583,427,8,40,36,27,4,8,13,4,13,43,30,1,79,17,422,0.0663500022888184,5,0.2,6.79149905524153,6.88543123404074,23.7980068804589,396.808761056233,27
"37",2020-04-06,602,427,9,40,34.9,19,3,7,9,4,12,44,32,1,83,12,238,0.117650003433228,4,0.25,11.9837606682265,7.47853993253773,17.5028621548684,373.726845010732,19
"38",2020-04-07,625,425,9,25,31.1,23,2,11,10,4,14,45,31,0,87,12,285,0.108769998550415,6,0,10.6527318167932,8.07621592598378,21.6691483250959,377.865669847146,23
"39",2020-04-08,645,428,11,26,29.6,20,1,11,7,5,16,44,28,2,92,8,368,0.0434800004959106,6,0.333330001831055,4.81300005173301,7.92492111223715,18.5991394952129,406.553962993889,20
"40",2020-04-09,681,436,11,25,28.6,36,1,20,13,6,16,47,31,0,98,14,295,0.0949199962615967,5,0,9.33379963239034,8.14997496743159,32.6395771273614,393.632544823541,36
"41",2020-04-10,715,452,11,37,30.1,34,0,20,13,4,16,48,32,0,102,13,331,0.090629997253418,8,0,8.84912362562872,7.84856464972504,31.8023469346108,410.358524188006,34
"42",2020-04-11,758,481,11,31,32,43,0,34,7,5,19,52,33,0,107,7,225,0.102220001220703,11,0.363639984130859,11.4404830932617,9.12348542046786,40.1662615715417,423.710259415934,43
"43",2020-04-12,791,496,13,35,31.3,33,0,18,14,1,18,48,30,2,108,14,227,0.101319999694824,12,0.5,12.1337405567887,9.88666277783175,30.231479265225,433.343836825113,33
"44",2020-04-13,815,503,16,16,27.9,24,0,19,5,3,20,50,30,3,111,5,165,0.0606099987030029,26,0.0384599995613098,5.75948155737672,8.99748004771035,23.7001936604526,472.839482241535,24
"45",2020-04-14,848,504,18,32,28.9,33,0,26,7,5,20,50,30,2,116,7,208,0.0673099994659424,18,0.166669998168945,7.52236276812258,8.55028446932883,32.451799118843,464.529536556695,33
"46",2020-04-15,877,502,24,60,33.7,29,2,18,9,4,16,50,34,6,120,11,390,0.1,24,0.208330001831055,10.6280000106148,9.38099874916909,27.7828849097045,446.455293151968,29
"47",2020-04-16,947,551,24,21,33.1,70,1,55,13,7,13,52,39,0,127,14,310,0.0354800009727478,11,0,3.42641753942424,8.5370870216025,68.5005917230463,531.344717099895,70
"48",2020-04-17,979,555,26,73,38.3,32,0,26,6,0,13,49,36,2,127,6,378,0.0846599960327148,66,0.5,14.6399726352176,9.36435116582949,31.0855100627139,470.409680801037,32
"49",2020-04-18,1019,577,31,31,38.3,40,0,31,9,1,11,46,35,5,128,9,421,0.0617600011825562,8,0,6.06082995288022,8.59582928863213,39.4321128725837,540.592125275645,40
"50",2020-04-19,1036,580,35,37,38.6,17,0,13,4,4,15,47,32,4,132,4,452,0.0442500019073486,47,0.127659997940063,5.21062540386865,7.60681283821498,16.7830112292541,548.536628241838,17
"51",2020-04-20,1097,617,39,16,38.6,61,1,47,13,3,13,45,32,4,135,14,325,0.0523099994659424,43,0.0232599997520447,4.89155701515467,7.48282361789754,60.2870442576098,585.579021924661,61
"52",2020-04-21,1133,629,47,51,41.3,36,0,26,10,2,11,43,32,8,137,10,543,0.069980001449585,25,0.36,8.27449661745152,7.59027131065882,35.1385521360693,574.814929358759,36
"53",2020-04-22,1174,646,54,35,37.7,41,1,31,9,4,9,45,36,7,141,10,656,0.0243899989128113,122,0.106560001373291,3.7275269221524,6.60448944087848,40.6119316674733,620.930785718774,41
"54",2020-04-23,1219,661,57,50,41.9,45,0,35,10,5,11,48,37,3,146,10,775,0.0361299991607666,105,0.0285700011253357,3.522795394063,6.61825770582687,44.6332460199597,636.757561919335,45
"55",2020-04-24,1260,668,65,38,36.9,41,0,36,5,7,10,48,38,8,153,5,517,0.0406199979782104,94,0.106379995346069,5.07369206501887,5.25164619579848,40.7358920189517,632.715173731944,41
"56",2020-04-25,1361,741,78,53,40,101,0,95,6,4,9,48,39,13,157,6,557,0.0502699995040894,28,0.0357100009918213,4.95731106864081,5.09400064090713,100.69034019385,702.757013940423,101
"57",2020-04-26,1415,758,87,87,47.1,54,0,41,13,5,9,49,40,9,162,13,358,0.0502799987792969,81,0.0123500001430511,4.32815252268233,4.96793308645194,53.4142216387112,723.84461554947,54
"58",2020-04-27,1476,782,95,87,57.3,61,0,54,7,8,11,54,43,8,170,7,269,0.0632000017166138,80,0.1,7.16355314090805,5.29250396155957,60.4779477851424,723.67930971162,61
"59",2020-04-28,1496,777,103,65,59.3,20,0,13,7,7,13,60,47,8,177,7,503,0.0616300010681152,11,0.272730007171631,6.61477054788909,5.05540023733637,19.5179409508976,723.491445549636,20
"60",2020-04-29,1521,766,111,28,58.3,25,0,17,8,7,13,61,48,8,184,8,668,0.0314400005340576,74,0.148649997711182,4.31294072606172,5.13903078075198,24.6407879538785,731.605446583863,25
"61",2020-04-30,1541,756,122,30,55.4,20,0,10,10,2,11,55,44,11,186,10,603,0.0414599990844727,6,0.333330001831055,4.43355656139956,5.26913951894292,19.5384277731919,721.105139653304,20
"62",2020-05-01,1564,739,135,43,56.1,23,0,16,7,6,11,57,46,13,192,7,516,0.031010000705719,55,0.0909099960327148,3.67797025323123,5.06975068868754,22.7319636667571,710.703021390497,23
"63",2020-05-02,1585,740,139,22,51.7,21,0,15,6,4,12,57,45,4,196,6,508,0.0511800003051758,28,0.0357100009918213,5.03718660126871,5.08116147906296,20.6853507466256,701.193258750493,21
"64",2020-05-03,1604,721,148,23,42.6,19,0,13,6,3,12,52,40,9,199,6,826,0.0205800008773804,231,0.0043299999833107,1.70286761786764,4.70612077837514,18.8936299035611,708.217860077931,19
"65",2020-05-04,1622,718,152,14,32.1,18,0,11,7,6,10,51,41,4,205,7,637,0.0109899997711182,24,0.125,1.51295459216373,3.89889241426881,17.8897416854064,706.690647160258,18
"66",2020-05-05,1647,718,156,29,27,25,0,24,1,3,9,49,40,4,208,1,923,0.0292499995231628,29,0.172409992218018,3.36109656871868,3.4340818458159,24.965008028966,692.875764797592,25
"67",2020-05-06,1663,692,161,23,26.3,16,0,11,5,4,10,52,42,5,212,5,598,0.0167200005054474,149,0.0134200000762939,1.60617674881196,3.04740127763736,15.9163914378525,680.428574998784,16
"68",2020-05-07,1686,670,167,32,26.6,23,0,16,7,6,10,54,44,6,218,7,813,0.0356699991226196,234,0.0128199994564056,3.05631224063884,2.85065208895726,22.777267712944,648.681338238921,23
"69",2020-05-08,1699,637,173,16,22.7,13,0,8,5,4,8,54,46,6,222,5,715,0.00978999972343445,127,0.0472399997711182,1.54386339349022,2.54577968042283,12.9196351219893,626.761514541436,13
"70",2020-05-09,1716,620,179,12,21.3,17,0,12,5,5,6,51,45,6,227,5,1100,0.0154499995708466,164,0.0304900002479553,1.74013920637626,2.0747729097239,16.9094181029023,608.767844759882,17
"71",2020-05-10,1728,552,185,25,21.6,12,0,8,4,3,5,52,47,6,230,4,907,0.0176400005817413,316,0.0126600003242493,1.6353262984548,2.06512414980778,11.9318992604982,542.602097948754,12
"72",2020-05-11,1748,532,188,14,21.6,20,0,14,6,1,5,51,46,3,231,6,517,0.00967000007629394,197,0.0152300000190735,1.12040616851561,2.00904580357234,19.9300135189928,525.79453201736,20
"73",2020-05-12,1771,515,193,13,19.3,23,0,17,6,4,6,50,44,5,235,6,835,0.0131700003147125,322,0.00310999989509583,1.03702422031165,1.67703546808562,22.9352219954349,509.439887941496,23
"74",2020-05-13,1792,498,195,21,19,21,0,15,6,2,7,47,40,2,237,6,1249,0.0144099998474121,224,0.0133899998664856,1.42548878340193,1.65122290159847,20.9109564491262,490.609385277473,21
"75",2020-05-14,1806,470,198,25,18,14,0,10,4,2,6,45,39,3,239,4,1046,0.0267700004577637,127,0.0236199998855591,2.6428951802461,1.59216332154237,13.8899405480298,457.068014393497,14
"76",2020-05-15,1826,455,201,17,18.1,20,0,12,8,1,5,43,38,3,240,8,1163,0.012039999961853,137,0.0146000003814697,1.23097846214588,1.54746547420746,19.8974754534773,449.168916416519,20
"77",2020-05-16,1842,436,207,19,19.1,16,0,6,10,1,4,41,37,6,241,10,967,0.0134399998188019,25,0.04,1.4109354662078,1.50043636846911,15.853109210179,429.595561563804,16
"78",2020-05-17,1854,397,212,15,17.7,12,0,9,3,1,2,41,39,5,242,3,353,0.0254999995231628,10,0.1,2.7552341134095,1.66042319917693,11.9139467697665,385.612289199103,12
"79",2020-05-18,1869,389,213,26,19.4,15,0,8,7,2,1,42,41,1,244,7,376,0.0398900008201599,17,0.0588199996948242,4.07088557333133,2.08192025700774,14.7033295086689,372.513596981744,15
"80",2020-05-19,1881,352,219,23,20.9,12,0,8,4,0,1,39,38,6,244,4,359,0.0390000009536743,31,0.225809993743896,5.38490003805894,2.70304537382879,11.7757538204568,332.2663362002,12
"81",2020-05-20,1896,338,223,17,20.3,15,0,9,6,3,1,40,39,4,247,6,675,0.0296300005912781,36,0.0555600023269653,3.0942912071566,2.94144572007945,14.8067142444535,327.111569104216,15
"82",2020-05-21,1904,324,229,11,18.3,8,0,1,7,0,1,37,36,6,247,7,478,0.0209200000762939,36,0,1.94547860631683,2.8418147809467,7.85822099795897,317.437657619815,8
"83",2020-05-22,1911,308,233,7,16.9,7,0,3,4,1,1,35,34,4,248,4,514,0.00583999991416931,14,0,0.568515143159664,2.74717716394867,6.97632502962637,306.177027281231,7
"84",2020-05-23,1920,304,236,6,15,9,1,3,5,1,0,34,34,3,249,6,582,0.00859000027179718,43,0,0.799900825309753,2.65988650096323,8.95003397384686,301.468388008241,9
"85",2020-05-24,1930,301,237,8,14,10,0,3,7,1,1,35,34,1,250,7,332,0.0150600004196167,25,0.04,1.68064989896716,2.50637447032861,9.87752069609903,295.733389932258,10
"86",2020-05-25,1945,297,240,6,11.1,15,1,7,7,0,1,34,33,3,250,8,401,0.0174600005149841,8,0,1.71184846124906,2.16936916860257,14.8574252169292,291.706911178498,15
"87",2020-05-26,1951,287,243,16,10.1,6,0,2,4,1,1,34,33,3,251,4,1123,0.00800999999046326,41,0.0731699991226196,1.03051545990701,1.54731422886658,5.95708571130178,283.920899785903,6
"88",2020-05-27,1956,261,243,8,8.9,5,0,1,4,1,1,32,31,0,252,4,1150,0.00957000017166138,13,0.0769199991226196,1.03228376491871,1.25274173711831,4.95701207286089,258.195037754173,5
"89",2020-05-28,1960,236,244,4,7.9,4,0,2,2,1,1,30,29,1,253,2,1403,0.00284999996423721,88,0,0.268179071081476,1.01312751779898,3.99441604006589,235.341092727775,4
"90",2020-05-29,1967,227,247,7,7.9,7,0,3,4,2,1,31,30,3,255,4,1380,0.0065200001001358,37,0,0.634975309681539,1.0226218273021,6.9735573945117,225.499382138539,7
"91",2020-05-30,1970,210,248,15,9.1,3,1,1,1,0,1,31,30,1,255,2,1020,0.0127499997615814,119,0,1.1417910234252,1.07146328417574,2.97622590270663,207.503719784196,3
"92",2020-05-31,1974,195,249,10,9.4,4,0,1,3,3,1,34,33,1,258,3,1309,0.00535000026226044,11,0.0909099960327148,0.606300022701422,0.917984730423489,3.98106365074744,193.769137298584,4
"93",2020-06-01,1985,186,250,5,9.3,11,0,5,6,2,1,33,32,1,260,6,763,0.00130999997258186,20,0,0.127653892602805,0.691671220616882,10.9920260643138,185.752807993728,11
"94",2020-06-02,1988,167,251,8,8.1,3,0,1,2,0,1,28,27,1,260,2,858,0.0104900002479553,9,0,1.03811075118174,0.692756262227556,2.97838470832793,165.195123145382,3
"95",2020-06-03,1998,157,251,8,8.1,10,0,7,3,0,1,23,22,0,260,3,1110,0.00449999988079071,141,0,0.399280564962245,0.602327233662347,9.98752941457235,156.347372695953,10
"96",2020-06-04,2005,146,254,8,8.7,7,0,2,5,0,0,20,20,3,260,5,1430,0.00559000015258789,21,0,0.550909732474203,0.642717328147022,6.97132272607027,145.162623601252,7
"97",2020-06-05,2009,137,256,15,9.9,4,0,1,3,1,0,21,21,2,261,3,1366,0.00952000021934509,29,0,0.932209340474939,0.685179332546079,3.97088464293787,135.670398694163,4
"98",2020-06-06,2012,128,257,2,8,3,0,0,3,0,0,21,21,1,261,3,1404,0.000710000023245811,68,0,0.0677201109128478,0.5317406307586,2.99788492227667,127.909756683805,3
"99",2020-06-07,2013,118,258,4,7.1,1,0,0,1,0,0,20,20,1,261,1,870,0.00230000004172325,22,0,0.22432735832951,0.477173107276898,0.997664554925956,117.724417481263,1
"100",2020-06-08,2016,110,258,0,6.4,3,0,0,3,0,0,19,19,0,261,3,701,0.0014300000667572,12,0,0.140593274445554,0.479021590397291,2.99560890112522,109.838993041258,3
"101",2020-06-09,2026,107,259,3,5.7,10,0,3,7,0,0,18,18,1,261,7,1338,0.00224000006914139,10,0,0.222338285794598,0.362482666770557,9.98379684044167,106.752323132466,10
"102",2020-06-10,2036,105,259,7,5.6,10,0,4,6,0,0,17,17,0,261,6,1281,0.00233999997377396,12,0,0.231828303666236,0.338560915156841,9.98551878093195,104.746578666309,10
"103",2020-06-11,2043,104,260,5,5.1,7,0,2,5,0,0,16,16,1,261,5,1529,0.00326999992132187,6,0,0.325721816267175,0.306391212841551,6.98304474726189,103.647330743047,7
"104",2020-06-12,2047,107,260,10,4.4,4,0,2,2,0,0,16,16,0,261,2,1596,0.00814999997615814,13,0,0.808415162333648,0.288706330249938,3.98316737447707,106.099454534523,4
"105",2020-06-13,2050,105,260,6,5,3,0,3,0,0,0,16,16,0,261,0,1479,0.00270000010728836,23,0.0434800004959106,0.332446083228058,0.326524326294968,3,104.636589111598,3
"106",2020-06-14,2053,102,260,1,4.6,3,0,1,2,0,0,16,16,0,261,2,768,0,13,0,0,0.294477560819324,3,102,3
"107",2020-06-15,2058,100,260,2,4.9,5,0,2,3,0,0,14,14,0,261,3,720,0.00555999994277954,17,0,0.543175028331244,0.351989239945851,4.98303521085828,99.4345070286094,5
"108",2020-06-16,2062,99,260,3,4.9,4,0,1,3,1,0,14,14,0,262,3,1250,0.000799999982118607,14,0,0.0791139222822989,0.331528616586951,3.9975290634884,98.9184590951172,4
"109",2020-06-17,2065,89,260,8,5,3,0,0,3,1,1,6,5,0,263,3,1098,0.0091100001335144,26,0,0.889927059305944,0.425542724535481,2.97220523012809,88.1754218271333,3
"110",2020-06-18,2067,75,260,2,4.6,2,0,0,2,0,1,6,5,0,263,2,1304,0.00230000004172325,122,0,0.210322584460527,0.409057119991674,1.99562071387551,74.8357767703315,2
"111",2020-06-19,2070,73,260,5,3.9,3,0,0,3,0,1,5,4,0,263,3,1875,0.0010700000077486,19,0,0.105926611115556,0.308701612674804,2.99669163247877,72.9194963903168,3
"112",2020-06-20,2076,73,261,1,3.1,6,0,0,6,1,1,5,4,1,264,6,1792,0.000560000017285347,158,0,0.0514625656910432,0.268561110169516,5.99678537660937,72.9608887487473,6
"113",2020-06-21,2082,77,261,1,3.1,6,0,0,6,0,1,4,3,0,264,6,1102,0.00363000005483627,86,0,0.336722227308887,0.316664285499357,5.97896655299793,76.7300707634735,6
"114",2020-06-22,2084,76,262,6,3.7,2,0,1,1,0,1,1,0,1,264,1,509,0.0039300000667572,10,0,0.385427752211834,0.294128960339441,1.9959873581537,75.6950392196812,2
"115",2020-06-23,2093,81,262,4,3.9,9,0,0,9,0,1,1,0,0,264,9,1255,0.00158999994397163,20,0,0.156505876837992,0.305184953847398,8.98533572571541,80.8680215314387,9
"116",2020-06-24,2095,75,263,3,3.1,2,0,0,2,1,1,2,1,1,265,2,1733,0.00289000004529953,24,0,0.285052366448724,0.218774283439223,1.99406470837953,74.7774265642326,2
"117",2020-06-25,2101,73,263,6,3.7,6,0,0,6,0,1,2,1,0,265,6,1796,0.00277999997138977,21,0.0476200008392334,0.32982388366758,0.235845897611659,5.97939745994026,72.7493357626064,6
"118",2020-06-26,2105,67,263,6,3.9,4,0,0,4,0,1,2,1,0,265,4,2028,0.00196999996900558,23,0,0.194790830674955,0.248540786120145,3.99188822461324,66.8641277622717,4
"119",2020-06-27,2108,69,263,3,4.1,3,0,0,3,0,1,1,0,0,265,3,1574,0.000640000030398369,80,0,0.0609044768952257,0.249889630577885,2.99809779250808,68.9562492276859,3
"120",2020-06-28,2110,68,263,2,4.3,2,0,0,2,0,1,1,0,0,265,2,880,0.00114000000059605,12,0,0.112466367771807,0.217853079215445,1.99765825241679,67.9203805821708,2
"121",2020-06-29,2114,69,263,1,3.6,4,0,0,4,2,1,3,2,0,267,4,854,0.00351000010967255,8,0,0.347742470262222,0.212469467508358,3.98551878031717,68.7501989604712,4
"122",2020-06-30,2117,68,263,10,4.4,3,0,0,3,0,1,3,2,0,267,3,1605,0.00435999989509583,11,0,0.433032167798812,0.251973223359904,2.98647526297213,67.6934392940348,3
"123",2020-07-01,2119,67,263,4,4.6,2,0,0,2,0,2,3,1,0,267,2,1601,0.00312000006437302,15,0,0.309103966773589,0.255409166263456,1.99356391175874,66.7843910439178,2
"124",2020-07-02,2125,66,263,4,4.3,6,0,1,5,0,1,3,2,0,267,5,1012,0.00197999998927116,12,0,0.195679686439689,0.236245709516614,5.98981401191569,65.8655449572871,6
"125",2020-07-03,2133,74,263,4,4,8,0,0,8,0,1,3,2,0,267,8,1334,0.00300000011920929,14,0,0.296884284794154,0.2508304886765,7.97527338811827,73.771278840094,8
"126",2020-07-04,2137,75,263,4,4.1,4,0,0,4,0,1,3,2,0,267,4,1257,0.00317999988794327,40,0,0.308192741645697,0.286157383640853,3.98716577013714,74.7593581900713,4
"127",2020-07-05,2139,72,263,5,4.6,2,0,0,2,0,1,2,1,0,267,2,734,0.00272000014781952,47,0,0.255631255889824,0.306609510514855,1.99467730764731,71.8083830753033,2
"128",2020-07-06,2145,72,263,0,4.4,6,0,1,5,0,1,2,1,0,267,5,602,0,10,0,0,0.256932014763109,6,72,6
"129",2020-07-07,2152,73,263,6,3.9,7,0,1,6,0,1,1,0,0,267,6,1272,0.0039300000667572,21,0,0.386617175940848,0.250301301640543,6.9758498512402,72.7061731900891,7
"130",2020-07-08,2165,79,263,5,4,13,0,1,12,0,1,1,0,0,267,12,1684,0.00296999990940094,39,0,0.29027741424441,0.247611794136374,12.9637354821676,78.7612585909366,13
"131",2020-07-09,2173,83,263,5,4.1,8,0,0,8,1,0,2,2,0,268,8,1504,0.00266000002622604,41,0,0.258941102876632,0.256649139341652,7.97843356324671,82.7762482186847,8
"132",2020-07-10,2189,96,263,12,5.3,16,0,0,16,0,0,2,2,0,268,16,1900,0.00684000015258789,14,0.0714300012588501,0.73124453017455,0.318700602967423,15.8781936221326,95.2691617327956,16
"133",2020-07-11,2196,101,263,7,5.7,7,0,0,7,1,1,2,1,0,269,7,1571,0.00381999999284744,25,0,0.376016290022765,0.328389681307004,6.9725973782608,100.604619314906,7
"134",2020-07-12,2219,121,263,9,6.3,23,0,2,21,1,1,3,2,0,270,21,1068,0.00842999994754791,13,0,0.832862159480219,0.410851238962775,22.8179126224898,119.950829872441,23
"135",2020-07-13,2242,139,263,6,7.1,23,0,2,21,0,0,3,3,0,270,21,808,0.00619000017642975,65,0,0.572911814725686,0.492695783923587,22.8747451679722,138.170932302292,23
"136",2020-07-14,2261,149,263,4,6.9,19,0,2,17,1,0,4,4,0,271,17,1406,0.00356000006198883,66,0,0.340038049399205,0.486041622989067,18.9398183828879,148.472525826488,19
"137",2020-07-15,2282,168,263,15,8.3,21,0,0,21,1,0,5,5,0,272,21,1404,0.00782999992370606,46,0,0.758159992612641,0.552881991327386,20.8342446427459,166.673957141968,21
"138",2020-07-16,2304,186,263,7,8.6,22,0,1,21,0,0,5,5,0,272,21,1695,0.00708000004291534,25,0.04,0.75584884143846,0.623868811121932,21.8347499261852,184.536356489069,22
"139",2020-07-17,2334,213,263,17,9.3,30,0,0,29,0,1,5,4,0,272,29,1787,0.00726999998092651,21,0,0.718555860946664,0.622056144089377,28.7830568460632,211.406589938326,30
"140",2020-07-18,2360,232,263,16,10.6,26,0,0,24,2,1,6,5,0,274,24,1551,0.00708999991416931,81,0,0.673810653607635,0.664598196030073,23.831640925099,230.372528942624,26
"141",2020-07-19,2378,250,263,28,13.3,18,0,0,18,0,1,6,5,0,274,18,2025,0.0212299990653992,22,0,2.10018310246377,0.845644045027723,17.6064344459822,244.533811749753,18
"142",2020-07-20,2408,275,263,47,19.1,30,0,0,27,2,3,8,5,0,276,27,1548,0.0148599994182587,35,0.0285700011253357,1.51631264301018,0.980415591925508,26.5737740023403,270.658809283096,30
"143",2020-07-21,2432,294,263,23,21.9,24,0,0,23,0,3,8,5,0,276,23,1428,0.0161099994182587,15,0,1.59425358068423,1.15958923925194,22.6182556194271,289.120310961372,24
"144",2020-07-22,2459,314,263,13,21.6,27,0,1,23,2,3,9,6,0,278,23,1771,0.00902999997138977,16,0,0.894914938406899,1.17912566007969,23.7857124155362,311.074508629494,27
"145",2020-07-23,2478,322,263,29,24.7,19,0,1,17,1,3,10,7,0,279,17,1667,0.0101999998092651,32,0,1.0007886805206,1.21411706566285,17.8228754655908,318.645052936484,19
"146",2020-07-24,2501,337,263,34,27.1,23,0,1,18,0,3,7,4,0,279,18,2036,0.0122800004482269,83,0,1.17989999587494,1.28002337065261,18.7788916618664,332.860360558276,23
"147",2020-07-25,2513,336,263,26,28.6,12,0,1,10,0,3,7,4,0,279,10,2126,0.00800000011920929,320,0,0.695339339878943,1.28309889726279,10.9276090598935,333.56766441242,12
"148",2020-07-26,2520,338,263,21,27.6,7,0,0,6,2,4,9,5,0,281,6,1816,0.0121099996566772,73,0,1.16420113163186,1.14938718714395,5.92727785451639,333.903319137756,7
"149",2020-07-27,2535,340,264,22,24,15,0,1,13,1,4,9,5,1,282,13,1601,0.00874000012874603,24,0,0.861091704992148,1.05578419599852,13.8834586153731,336.951994555913,15
"150",2020-07-28,2555,330,264,14,22.7,20,0,2,17,1,4,10,6,0,283,17,1488,0.00739000022411346,24,0,0.727269863325452,0.931929379232978,18.8712841797288,327.50139878297,20
"151",2020-07-29,2571,324,264,20,23.7,16,2,2,12,2,4,11,7,0,285,14,2254,0.00620999991893768,52,0,0.606996522865808,0.890798177012822,15.9115288536457,321.952524898658,16
"152",2020-07-30,2591,334,264,19,22.3,20,1,0,18,1,4,12,8,0,286,19,1891,0.00898999989032745,134,0,0.839510607042431,0.867758452230227,18.8339391699609,331.080825408787,20
"153",2020-07-31,2601,321,264,18,20,10,0,1,9,1,3,13,10,0,287,9,2129,0.00797999978065491,207,0,0.727286795077667,0.803099423544901,9.93185474397476,318.569485868433,10
"154",2020-08-01,2619,309,264,15,18.4,18,0,0,18,1,2,13,11,0,288,18,1629,0.00551999986171722,83,0.0120500004291534,0.583658283315251,0.787144986892945,17.8906248720121,307.122393636208,18
"155",2020-08-02,2627,294,264,2,15.7,8,0,0,8,0,2,13,11,0,288,8,1340,0.00149000003933907,11,0,0.147786828476266,0.641942943585003,7.98769127321273,293.547654290568,8
"156",2020-08-03,2636,280,264,10,14,9,0,1,7,0,1,12,11,0,288,7,1046,0.0114699995517731,47,0,1.09767790769942,0.675740972543185,7.92000545376814,276.800218150726,9
"157",2020-08-04,2648,268,264,20,14.9,12,0,1,11,1,1,11,10,0,289,11,1699,0.0058899998664856,12,0,0.584869069150148,0.655398001946712,11.933020985209,266.368147639637,12
"158",2020-08-05,2657,248,264,12,13.7,9,1,0,8,1,1,12,11,0,290,9,1599,0.005,70,0,0.479029358897543,0.637116978522675,8.95511594803231,246.763195012446,9
"159",2020-08-06,2667,224,264,13,12.9,10,0,0,10,1,2,10,8,0,291,10,1639,0.00305000007152557,10,0,0.303150401287472,0.560494091986252,9.96843937731656,223.293042051891,10
"160",2020-08-07,2679,225,264,6,11.1,12,0,3,9,1,2,10,8,0,292,9,1689,0,39,0,0,0.456595978403728,12,225,12
"161",2020-08-08,2685,208,264,14,11,6,1,1,4,0,1,10,9,0,292,5,1518,0.00725000023841858,95,0,0.682300084433937,0.470687664277826,5.96448328052635,206.522504469896,6
"162",2020-08-09,2687,199,264,16,13,2,0,1,1,2,2,12,10,0,294,1,1589,0.00441000014543533,102,0,0.414399185753799,0.508775143888902,1.995685740053,198.141462270548,2
"163",2020-08-10,2699,200,264,8,12.7,12,2,0,10,0,1,12,11,0,294,12,1384,0.00578000009059906,27,0,0.566939767922686,0.432955409635084,11.9291719013784,198.819531689639,12
"164",2020-08-11,2712,204,264,8,11,13,2,1,10,0,1,12,11,0,294,12,1460,0.00342000007629395,41,0,0.332658235269098,0.396925290509219,12.9584408227681,203.293493987057,13
"165",2020-08-12,2719,187,264,12,11,7,3,0,4,0,2,10,8,0,294,7,1486,0.00268999993801117,7,0,0.267738774808078,0.366740921353581,6.98048822733042,186.478756930113,7
"166",2020-08-13,2741,190,264,11,10.7,22,0,0,22,0,2,9,7,0,294,22,1689,0.00532999992370605,56,0,0.515895121555274,0.397133024248982,21.8818397183237,188.979524840069,22
"167",2020-08-14,2752,185,264,6,10.7,11,4,1,6,1,2,10,8,0,295,10,1882,0.00477999985218048,36,0,0.469028139822923,0.464137044223685,10.9511700460036,184.096645851066,11
"168",2020-08-15,2756,177,264,2,9,4,0,0,4,1,2,11,9,0,296,4,2044,0.00734000027179718,21,0,0.726535620123653,0.470456406465073,3.96974450111176,175.661194174195,4
"169",2020-08-16,2760,158,264,26,10.4,4,0,1,3,0,2,11,9,0,296,3,1196,0.00501999974250793,22,0,0.492932651234769,0.481675472962354,3.98460441284468,157.189165743153,4
"170",2020-08-17,2784,173,265,8,10.4,24,1,4,19,1,1,9,8,1,297,20,1358,0.00662999987602234,32,0,0.647736678535132,0.493217888764132,23.8651298311158,171.833373039152,24
"171",2020-08-18,2810,192,265,15,11.4,26,1,1,24,0,1,7,6,0,297,25,1888,0.00583000004291534,77,0.0519500017166138,0.76372469278389,0.554798811266246,25.8012238581855,190.473399230864,26
"172",2020-08-19,2834,201,265,23,13,24,4,3,15,2,1,7,6,0,299,19,1519,0.0118499994277954,25,0.04,1.23057960691847,0.692347501567731,21.7565830982482,198.424905407784,24
"173",2020-08-20,2851,209,266,24,14.9,17,1,0,16,3,0,6,6,1,302,17,1607,0.00995999991893768,103,0,0.936007009925898,0.752363485620677,16.8343408463107,206.963366875231,17
"174",2020-08-21,2872,216,266,16,16.3,21,3,2,16,0,0,6,6,0,302,19,1804,0.00721000015735626,116,0.00861999988555908,0.729518764093518,0.789576431945048,20.8556962943908,214.35949471518,21
"175",2020-08-22,2891,226,266,16,18.3,19,1,0,18,1,0,7,7,0,303,19,1864,0.00589999973773956,73,0,0.567764559171221,0.766894851808986,18.8876923612736,224.664130191991,19
"176",2020-08-23,2908,236,266,13,16.4,17,1,1,15,0,0,7,7,0,303,16,694,0.0172899997234344,5,0,1.71663230444399,0.941709087981732,16.7140535696252,231.782290151972,17
"177",2020-08-24,2927,252,266,19,18,19,2,0,17,1,1,8,7,0,304,19,1142,0.00962999999523163,58,0,0.91645499954621,0.980097419554743,18.8187190529322,249.595642175733,19
"178",2020-08-25,2941,254,266,23,19.1,14,0,1,13,4,2,11,9,0,308,13,1647,0.0145700001716614,73,0,1.3951622257399,1.0703027814056,13.8111767461884,250.310684117834,14
"179",2020-08-26,2959,262,266,15,18,18,1,4,13,0,2,11,9,0,308,14,1832,0.0049099999666214,41,0,0.480251998870817,0.96311312311308,17.9300021610034,260.690040441636,18
"180",2020-08-27,2972,265,266,16,16.9,13,1,3,9,1,2,9,7,0,309,10,1469,0.00612999975681305,9,0,0.609267228874044,0.916436011534243,12.9365699235686,263.319102974567,13
"181",2020-08-28,3000,275,266,20,17.4,28,0,3,21,1,1,9,8,0,310,21,2137,0.00607999980449677,35,0,0.598202559033591,0.897676553668539,23.8692158913039,273.287350957551,28
"182",2020-08-29,3021,289,266,12,16.9,21,0,2,18,0,1,9,8,0,310,18,1790,0.00726000010967255,11,0.0909099960327148,0.777091068999096,0.927580340786807,19.8543763747389,286.661931794419,21
"183",2020-08-30,3041,303,267,16,17.3,20,0,6,12,2,1,10,9,1,312,12,1402,0.00428000003099442,33,0,0.418157494317364,0.742083939340146,17.9477593530695,301.680923665006,20
"184",2020-08-31,3062,313,267,13,16.4,21,1,3,17,1,1,11,10,0,313,18,1353,0.00517000019550324,54,0,0.497157801315983,0.682184339592971,20.906834701565,311.379958977214,21
"185",2020-09-01,3087,317,267,18,15.7,25,1,2,22,0,1,11,10,0,313,23,1361,0.0154299998283386,22,0.0909099960327148,1.6630693911127,0.720456791789084,24.6017776580513,311.511457287055,25
"186",2020-09-02,3123,327,267,15,15.7,36,1,9,26,0,1,9,8,0,313,27,1528,0.00261999994516373,51,0,0.253537676770752,0.688069031489075,35.9287321452313,326.136867092246,36
"187",2020-09-03,3145,328,267,24,16.9,22,1,4,17,1,1,8,7,0,314,18,1493,0.00938000023365021,133,0.00751999974250793,0.922785997207461,0.732857426965278,21.8270737528529,324.848899496431,22
"188",2020-09-04,3167,332,267,24,17.4,22,0,3,19,3,1,11,10,0,317,19,2705,0.00813000023365021,258,0.00774999976158142,0.809691210614641,0.763070091476856,21.8398376466217,329.201373614652,22
"189",2020-09-05,3192,339,267,17,18.1,25,1,11,13,2,1,13,12,0,319,14,2256,0.00398999989032745,164,0,0.371960320354493,0.705194270241913,24.9457859234766,337.687244861327,25
"190",2020-09-06,3213,341,267,27,19.7,21,1,3,16,1,1,14,13,0,320,17,1310,0.00611000001430511,192,0.03125,0.932363516560566,0.778652273419513,19.8349856898011,337.690007071893,21
"191",2020-09-07,3254,366,267,29,22,41,2,6,33,0,1,12,11,0,320,35,1290,0.0147300004959106,44,0,1.4244153403092,0.91111763613283,40.4809704285998,360.572433624787,41
"192",2020-09-08,3306,403,267,24,22.9,52,0,14,36,3,1,14,13,0,323,36,1097,0.0127600002288818,4,0,1.27136423715562,0.855159756996105,49.5235032890537,397.665884041351,52
"193",2020-09-09,3351,434,267,15,22.9,45,2,10,31,0,1,13,12,0,323,33,1587,0.0144900000095367,29,0,1.42299690687715,1.02222536129702,42.5111165768515,427.570442253137,45
"194",2020-09-10,3428,496,267,33,24.1,77,1,21,52,2,2,14,12,0,325,53,1959,0.0127600002288818,61,0,1.23746734892968,1.06717984011448,73.3171944633457,489.609970826783,77
"195",2020-09-11,3458,510,267,60,29.3,30,0,1,25,0,1,12,11,0,325,25,2314,0.0155599999427795,93,0.0752699995040894,1.78670335776785,1.20675300399351,25.534971170397,500.513411876099,30
"196",2020-09-12,3507,535,269,47,33.6,49,0,4,42,1,0,12,12,2,326,42,1900,0.0168400001525879,26,0,1.66126688940379,1.39093965671484,45.2735995319443,525.74704165691,49
"197",2020-09-13,3542,548,270,31,34.1,35,1,5,29,1,1,11,10,1,327,30,1199,0.0166799998283386,44,0,1.6089557356539,1.48759568801389,34.4974806762088,538.820647018748,35
"198",2020-09-14,3610,598,272,59,38.4,68,0,19,49,1,1,11,10,2,328,49,2394,0.0141999995708466,218,0.0412799978256226,1.6460121936674,1.51925238135077,67.1603147123517,587.752412203803,68
"199",2020-09-15,3682,646,273,41,40.9,72,0,14,55,1,1,11,10,1,329,55,2961,0.0121599996089935,28,0,1.20460886056306,1.5097158989804,68.3102429334632,637.898489727586,72
"200",2020-09-16,3758,684,274,41,44.6,76,0,7,66,1,0,11,11,1,330,66,1887,0.0190799999237061,162,0.00616999983787537,1.80592971350752,1.56442058564189,71.7591131139663,671.139899544741,76
"201",2020-09-17,3808,709,278,57,48,50,2,4,38,2,2,11,9,4,332,40,2512,0.0191100001335144,208,0.00481000006198883,1.80164707162801,1.6450176888845,43.2497307845228,695.701478155667,50
"202",2020-09-18,3896,777,278,46,46,88,1,6,78,0,2,11,9,0,332,79,2409,0.0128699994087219,281,0.0213499999046326,1.37558284568078,1.58628618715778,83.8686388580521,765.872561932993,88
"203",2020-09-19,3966,828,280,46,45.9,70,2,4,60,0,2,10,8,2,332,62,2101,0.0214199995994568,161,0,1.98954107685494,1.6331824996508,64.7158019226312,810.849741805461,70
"204",2020-09-20,4009,860,280,76,52.3,43,1,4,34,2,2,11,9,0,334,35,2847,0.0186199998855591,112,0,1.79152212484578,1.6592634123925,38.3472037724539,843.959864123153,43
"205",2020-09-21,4118,940,280,56,51.9,109,2,22,82,1,3,12,9,0,335,84,2949,0.0189900004863739,73,0,1.85312744653596,1.68885130565944,104.379414345622,921.864874820055,109
"206",2020-09-22,4227,1019,280,85,58.1,109,0,27,81,3,3,15,12,0,338,81,2507,0.0135599994659424,64,0.03125,1.4000357316654,1.71676943010263,106.819376144018,1004.14746037968,109
"207",2020-09-23,4333,1078,281,67,61.9,106,0,26,75,2,3,16,13,1,340,75,1896,0.0168799996376038,7,0.571430015563965,1.89198578149472,1.7290631541008,99.5227073149516,1056.7663798069,106
"208",2020-09-24,4434,1131,282,38,59.1,101,2,18,75,2,3,18,15,1,342,77,2730,0.0128199994564056,55,0,1.25668217292594,1.65121102571479,93.9925961757695,1116.20293863371,101
"209",2020-09-25,4553,1194,284,57,60.7,119,5,16,86,3,3,20,17,2,345,91,3291,0.0133700001239777,59,0.0339000010490417,1.37315732745982,1.65086452311179,105.699084444462,1176.93084424932,119
"210",2020-09-26,4638,1241,286,75,64.9,85,3,14,66,3,4,21,17,2,348,69,3437,0.0299699997901916,12,0,2.98657260883992,1.79329759910965,80.8545935394261,1202.41377655692,85
"211",2020-09-27,4720,1271,287,109,69.6,82,2,12,64,2,4,22,18,1,350,66,2684,0.0331599998474121,13,0,3.30001629923819,2.00879676687999,75.7324992668353,1227.33343285072,82
"212",2020-09-28,4835,1341,288,86,73.9,115,3,11,97,6,4,27,23,1,356,100,3135,0.0258400011062622,192,0.0104200005531311,2.49501182970644,2.10049453590435,108.402473273541,1306.16716659819,115
"213",2020-09-29,4942,1372,291,58,70,107,5,18,74,4,3,27,24,3,360,79,2165,0.0263299989700317,79,0.0253200006484985,2.62944419881239,2.27612431692535,94.8373887106854,1334.44173811469,107
"214",2020-09-30,5025,1402,291,107,75.7,83,1,10,67,5,5,30,25,0,365,68,3170,0.0305999994277954,281,0.0142299997806549,2.92670611777675,2.42394150782278,75.9280682583493,1359.28164262067,83
"215",2020-10-01,5126,1438,293,105,85.3,101,2,11,78,3,5,29,24,2,368,80,3844,0.0226300001144409,120,0.00833000004291534,2.21971040476944,2.56151696951471,89.151269013561,1404.76906051876,101
"216",2020-10-02,5222,1488,294,115,93.6,96,0,13,79,1,5,29,24,1,369,79,3362,0.021710000038147,197,0,2.05082945007727,2.65832727274577,90.3132758918409,1456.22980413999,96
"217",2020-10-03,5295,1501,295,65,92.1,73,2,6,64,5,6,31,25,1,374,66,3113,0.0301999998092651,485,0.0103100001811981,2.75188853513406,2.62480097650208,70.1091277420525,1457.99698092153,73
"218",2020-10-04,5352,1481,295,77,87.6,57,1,7,47,3,6,32,26,0,377,48,3118,0.0291899991035461,102,0,2.82653469580301,2.55716074743991,53.5875178315654,1437.41903976143,57
"219",2020-10-05,5430,1482,295,82,87,78,3,13,59,3,6,33,27,0,380,62,3821,0.0177999997138977,238,0.00839999973773956,1.72488294763206,2.447142335715,73.8866320023224,1455.38691334583,78
"220",2020-10-06,5505,1454,296,139,98.6,75,5,15,52,2,7,34,27,1,382,57,2158,0.0194599997997284,55,0,1.89763576899295,2.34259827431222,70.8739047430707,1425.27469291973,75
"221",2020-10-07,5606,1468,296,174,108.1,101,12,22,63,3,10,36,26,0,385,75,2268,0.0313100004196167,76,0,3.02948297575472,2.35728068259479,94.6345313567709,1421.69989375653,101
"222",2020-10-08,5686,1427,296,85,105.3,80,5,14,55,2,9,36,27,0,387,60,2434,0.0271199989318848,182,0,2.52332100153698,2.40065362499015,72.4238005616915,1389.5127233589,80
"223",2020-10-09,5769,1428,296,96,102.6,83,5,19,57,2,9,37,28,0,389,62,2508,0.0207299995422363,247,0.00810000002384186,1.95976547578285,2.38764448580523,79.7350213145272,1398.86468447008,83
"224",2020-10-10,5834,1413,297,68,103,65,5,7,51,6,9,43,34,1,395,56,2628,0.0300600004196167,21,0,2.98216991705371,2.42054182607947,61.2613673637579,1369.13057294625,65
"225",2020-10-11,5898,1378,297,139,111.9,64,6,6,48,5,10,46,36,0,400,54,2660,0.0233100008964539,238,0.0168099999427795,2.2776184393012,2.34212521800778,58.7195514117035,1345.32484898755,64
"226",2020-10-12,5959,1349,297,62,109,61,2,13,43,3,10,46,36,0,403,45,1994,0.0150499999523163,237,0.0126600003242493,1.47961093598233,2.30708635920068,57.3068177042903,1328.21993517973,61
"227",2020-10-13,6044,1370,298,74,99.7,85,4,10,68,1,7,45,38,1,404,72,2117,0.0302300000190735,18,0,2.9975133508374,2.4642117280356,79.753113999986,1327.24675249973,85
"228",2020-10-14,6111,1375,300,84,86.9,67,1,16,49,2,7,45,38,2,406,50,3004,0.0296300005912781,110,0.0363599991798401,2.98677333609447,2.45811035094128,64.4452531499033,1332.24446162234,67
"229",2020-10-15,6197,1400,300,107,90,86,3,25,52,5,8,49,41,0,411,55,2119,0.021710000038147,105,0.00952000021934509,2.11344829603708,2.39955710729843,78.7898429567666,1369.19600253588,86
"230",2020-10-16,6272,1420,301,77,87.3,75,2,10,59,4,8,47,39,1,415,61,3126,0.0214299988746643,280,0.0035699999332428,1.99617664308598,2.40475870262745,69.7323007879794,1390.48962490051,75
"231",2020-10-17,6319,1402,302,64,86.7,47,1,10,36,6,8,50,42,1,421,37,3037,0.0214000010490417,149,0,2.03991849296735,2.2701513563294,46.2142182194846,1372.22524172209,47
"232",2020-10-18,6376,1369,305,74,77.4,57,1,11,40,2,6,49,43,3,423,41,1144,0.0271000003814697,37,0.0540500020980835,2.79443272769098,2.34398196895651,50.8072074129234,1329.17236459249,57
"233",2020-10-19,6440,1348,307,69,78.4,64,1,6,57,3,6,48,42,2,426,58,1334,0.0374799990653992,27,0,3.67364575703472,2.65741551482114,61.7817387894444,1296.44454979605,64
"234",2020-10-20,6518,1352,309,46,74.4,78,3,14,57,4,5,46,41,2,430,60,1595,0.0250799989700317,48,0.0208299994468689,2.49558358677117,2.58571126281168,72.4411268144938,1316.87339088659,78
"235",2020-10-21,6606,1376,312,69,72.3,88,1,46,40,4,4,45,41,3,434,41,2258,0.0305599999427795,446,0.00897000014781952,2.69989274913919,2.54472832181807,85.847561429852,1337.32303725552,88
"236",2020-10-22,6671,1362,312,88,69.6,65,1,24,36,1,3,44,41,0,435,37,2238,0.0268099999427795,87,0.0114900004863739,2.62367354469915,2.61761764305551,59.9893542920698,1324.79731204862,65
"237",2020-10-23,6750,1364,313,92,71.7,79,1,13,64,2,3,37,34,1,437,65,2768,0.0245700001716614,65,0.0153799998760223,2.4359145946735,2.68043735042515,76.3515991499499,1329.40894216202,79
"238",2020-10-24,6815,1354,317,63,71.6,65,2,17,41,2,3,36,33,4,439,43,2358,0.0211999988555908,191,0,1.96114544140773,2.6691840573452,59.1220583067835,1326.35504528802,65
"239",2020-10-25,6885,1335,319,69,70.9,70,1,24,42,3,3,38,35,2,442,43,1751,0.0308400011062622,77,0,2.95409419787008,2.69199283879936,65.6775471072979,1293.94245088936,70
"240",2020-10-26,6958,1295,320,77,72,73,1,16,51,4,3,39,36,1,446,52,995,0.0392000007629395,121,0.0165299999713898,3.67420526484435,2.69207276848645,66.0109111887349,1245.46403825792,73
"241",2020-10-27,7036,1265,322,61,74.1,78,0,15,60,2,3,32,29,2,448,60,1354,0.0288000011444092,116,0,2.65273479928776,2.71452294170311,73.3429618752144,1230.0641128691,78
"242",2020-10-28,7148,1271,325,93,77.6,112,2,69,38,2,2,30,28,3,450,40,1900,0.0405299997329712,166,0.01807000041008,3.87253724882471,2.88204358451532,107.387339268974,1219.75770527166,112
"243",2020-10-29,7212,1255,326,65,74.3,64,0,18,42,9,2,38,36,1,459,42,2190,0.0292199993133545,96,0,2.79929127280168,2.90713183138712,58.7759904782566,1218.42542976695,64
"244",2020-10-30,7262,1224,328,122,78.6,50,1,9,36,4,2,41,39,2,463,37,2789,0.0358599996566772,105,0.0571400022506714,3.66320799166528,3.0824594595288,44.5889229849071,1177.32004685206,50
"245",2020-10-31,7301,1154,329,83,81.4,39,0,5,32,2,2,40,38,1,465,32,2352,0.0276399993896484,322,0,2.43116224997955,3.1496047178962,36.1900628163133,1124.7916403133,39
"246",2020-11-01,7351,1113,332,50,78.7,50,1,6,40,1,2,38,36,3,466,41,1714,0.0256699991226196,104,0,2.42015283257261,3.07332737999656,45.9669673097945,1084.95694184881,50
"247",2020-11-02,7415,1066,332,56,75.7,64,3,8,47,6,2,43,41,0,472,50,1030,0.0174800002574921,14,0.0714300012588501,1.82034677038704,2.80849045221695,57.0524294652222,1045.79779619854,64
"248",2020-11-03,7486,994,333,36,72.1,71,1,36,33,1,2,44,42,1,473,34,1456,0.0219799995422363,13,0,2.17854862719511,2.74074957048943,69.228859361041,971.455476613963,71
"249",2020-11-04,7551,918,337,53,66.4,65,5,1,51,1,1,41,40,4,474,56,1466,0.0272900009155273,295,0.0033899998664856,2.32863096551825,2.52019153001707,55.6423866154435,895.744837731734,65
"250",2020-11-05,7598,875,337,45,63.6,47,0,6,34,5,2,44,42,0,479,34,2536,0.0240499997138977,41,0,2.36673648717286,2.45839798921296,39.1622465231286,853.440167874634,47
"251",2020-11-06,7672,869,341,79,57.4,74,1,12,58,5,3,47,44,4,484,59,2342,0.0234800004959106,116,0.0258599996566772,2.35923194148077,2.27211569632945,69.5508609258364,847.655900755116,74
"252",2020-11-07,7707,836,346,75,56.3,35,3,4,25,3,4,47,43,5,487,28,2499,0.0276099991798401,142,0,2.61254782091709,2.2980279207491,31.238430231756,813.261702633858,35
"253",2020-11-08,7744,774,346,47,55.9,37,1,5,29,1,4,48,44,0,488,30,1176,0.0204099988937378,92,0.0108700001239777,1.97178223268467,2.23397497790797,34.3841603890803,758.111338038271,37
"254",2020-11-09,7815,744,350,31,52.3,71,3,24,42,7,4,47,43,4,495,45,711,0.0210999989509583,20,0.1,2.3258685710166,2.30619237799791,67.910354826145,725.984533125596,71
"255",2020-11-10,7882,753,350,52,54.6,67,0,11,54,3,5,48,43,0,498,54,1374,0.0334800004959106,17,0,3.30708272332,2.46741153458718,63.1407994722092,727.074481529139,67
"256",2020-11-11,7938,751,353,77,58,56,0,6,48,2,5,47,42,3,500,48,2375,0.0261100006103516,241,0.0290499997138977,2.63808491516186,2.51161924167912,52.6816903726619,730.373947288939,56
"257",2020-11-12,7980,741,355,60,60.1,42,1,8,31,3,3,44,41,2,503,32,2318,0.0215700006484985,214,0.00467000007629395,2.01416435701211,2.4612517945133,39.328984889094,725.461806338082,42
"258",2020-11-13,8019,717,357,79,60.1,39,1,7,27,0,3,36,33,2,503,28,2719,0.0217000007629395,200,0,2.02131901591067,2.41297851943186,34.4107761618105,701.911661000649,39
"259",2020-11-14,8040,694,357,50,56.6,21,3,2,14,3,3,37,34,0,506,17,1710,0.015789999961853,245,0.0163300001621246,1.58576726212221,2.26629558246116,18.7193430606762,682.5425931829,21
"260",2020-11-15,8070,650,360,30,54.1,30,1,1,25,0,2,35,33,3,506,26,984,0.0152400004863739,306,0.00653999984264374,1.31762794034426,2.17284496926967,26.64334069484,641.083517371,30
"261",2020-11-16,8114,612,363,11,51.3,44,0,3,39,3,2,33,31,3,509,39,735,0.0122399997711182,53,0,1.1416751055548,2.0036744742037,41.536452168251,604.725864794093,44
"262",2020-11-17,8155,589,363,40,49.6,41,1,10,29,1,2,32,30,0,510,30,1828,0.020789999961853,38,0,2.03666237568421,1.82218585311287,39.3638966087505,576.511170085135,41
"263",2020-11-18,8197,582,363,66,48,42,3,6,31,1,2,32,30,0,511,34,2684,0.0204900002479553,20,0.05,2.07082694768906,1.74114900061676,39.2669895931263,569.452586564691,42
"264",2020-11-19,8217,563,364,53,47,20,2,1,17,0,2,30,28,1,511,19,2476,0.0121200001239777,187,0.0160399997234344,1.23952685900304,1.63048650090118,19.7548132717621,555.734730105372,20
"265",2020-11-20,8242,520,364,28,39.7,25,1,2,20,1,2,30,28,0,512,21,2643,0.00757000029087067,222,0.0225200009346008,0.872842966012306,1.46641849377284,22.8091716800309,515.274727315051,25
"266",2020-11-21,8271,488,365,27,36.4,29,4,4,19,2,2,31,29,1,514,23,1495,0.0187300002574921,71,0,1.7880811229215,1.49532047388702,26.5718435705875,478.915637497683,29
"267",2020-11-22,8298,475,368,26,35.9,27,3,4,19,3,4,31,27,3,517,22,1220,0.0147500002384186,36,0,1.4327229530948,1.51176261856567,25.671850070628,467.914944706741,27
"268",2020-11-23,8338,458,370,20,37.1,40,2,10,25,1,3,27,24,2,518,27,922,0.0173500001430511,13,0,1.71087701945381,1.5930771776941,36.5190831733474,449.842225681226,40
"269",2020-11-24,8381,467,370,21,34.4,43,2,7,33,1,3,23,20,0,519,35,1403,0.00855000019073486,41,0.0975599956512451,1.10772923056108,1.46037244267651,41.5963647599858,461.614352654668,43
"270",2020-11-25,8436,475,371,38,30.4,55,4,10,39,2,2,23,21,1,521,43,2618,0.0122200000286102,72,0.0138900005817413,1.22646989281736,1.33975000626627,52.450948903817,468.9349006817,55
"271",2020-11-26,8481,490,372,60,31.4,45,3,4,37,3,2,23,21,1,524,40,3059,0.0143799996376038,224,0.00446000009775162,1.37031553193196,1.35843410239897,43.4293524101978,483.009567024923,45
"272",2020-11-27,8529,502,374,56,35.4,48,2,3,42,3,1,24,23,2,527,44,3154,0.0177600002288818,336,0.00298000007867813,1.63370546556817,1.46712874519267,46.2516343344918,493.461828088974,48
"273",2020-11-28,8573,504,375,60,40.1,44,2,3,39,2,1,25,24,1,529,41,2597,0.0119400000572205,191,0,1.11220158352229,1.3705745252785,43.5252611411918,498.164185735626,44
"274",2020-11-29,8618,516,377,22,39.6,45,0,4,38,5,1,28,27,2,534,38,898,0.0245000004768372,12,0,2.41769235474723,1.51128443980027,41.043528465655,503.012123375736,45
"275",2020-11-30,8661,522,378,47,43.4,43,1,7,34,1,1,25,24,1,535,35,1135,0.0229099988937378,61,0,2.17415123280873,1.57746647027955,41.2077810800051,510.184620678933,43
"276",2020-12-01,8715,544,378,34,45.3,54,2,12,39,3,1,27,26,0,538,41,1906,0.0141700005531311,113,0.0176999998092651,1.43675686145195,1.62447041754967,52.3867260010273,535.862901086801,54
"277",2020-12-02,8757,558,379,49,46.9,42,1,5,34,6,1,31,30,1,544,35,2859,0.0101400005817413,81,0.0123500001430511,1.0200888324757,1.59498740892943,39.6282992365169,552.074027827898,42
"278",2020-12-03,8795,557,380,38,43.7,38,0,5,32,3,1,33,32,1,547,32,3327,0.0102199995517731,202,0,0.963500666158941,1.53687099953329,36.6790115443609,551.412794694031,38
"279",2020-12-04,8838,561,382,55,43.6,43,1,5,33,2,1,31,30,2,549,34,2994,0.0110199999809265,165,0.0121200001239777,1.10774548791865,1.46173385986907,38.6078914407996,554.530208773193,43
"280",2020-12-05,8873,550,382,46,41.6,35,3,2,29,1,1,31,30,0,550,32,2277,0.0184500002861023,209,0,1.68988940673592,1.54426069175673,33.4370164859029,540.323720851456,35
"281",2020-12-06,8912,544,383,33,43.1,39,0,7,30,1,2,31,29,1,551,30,1397,0.0157500004768372,20,0,1.55276998349623,1.42070035300659,36.5150289689028,535.205858636104,39
"282",2020-12-07,8966,547,384,23,39.7,54,0,4,45,2,1,30,29,1,553,45,1068,0.0168499994277954,25,0.04,1.73795053878184,1.3583859681456,48.1857882940674,537.102804374553,54
"283",2020-12-08,9013,551,384,57,43,47,1,1,44,0,1,27,26,0,553,45,2367,0.01942999958992,69,0,1.88796424586785,1.4228441659193,45.1155084364799,540.169892188898,47
"284",2020-12-09,9066,560,386,36,41.1,53,2,3,46,1,3,24,21,2,554,48,2911,0.00962000012397766,167,0.00598999977111816,0.942305078709412,1.41173220109555,50.5291092223709,554.506274260994,53
"285",2020-12-10,9111,559,386,60,44.3,45,2,0,43,1,3,23,20,0,555,45,3091,0.0139100003242493,252,0.00397000014781952,1.3160709255012,1.46209938100158,44.3834344939807,551.340886269671,45
"286",2020-12-11,9150,543,386,48,43.3,39,6,2,30,1,2,23,21,0,556,36,3047,0.0118099999427795,32,0,1.16872587936503,1.47081086549392,37.5619712893913,536.393066948319,39
"287",2020-12-12,9183,532,387,59,45.1,33,2,5,26,0,2,20,18,1,556,28,2616,0.0156700003147125,24,0,1.5527545766397,1.45122017548018,32.5473648621459,523.399932380772,33
"288",2020-12-13,9222,529,388,30,44.7,39,5,2,32,0,2,19,17,1,556,37,1502,0.0119799995422363,47,0,1.16165005244926,1.39534589961632,38.5525294516931,522.602380539072,39
"289",2020-12-14,9265,526,388,16,43.7,43,4,4,35,2,2,20,18,0,558,39,917,0.0174500000476837,20,0,1.70775347318313,1.39103203310222,42.3066105971794,516.64813266965,43
"290",2020-12-15,9311,534,389,54,43.3,46,1,7,37,1,1,20,19,1,559,38,2079,0.0134700000286102,49,0,1.31598355542672,1.30932050589635,44.4793792485796,526.683908387935,46
"291",2020-12-16,9366,552,389,53,45.7,55,3,4,47,0,1,18,17,0,559,50,2312,0.0168700003623962,94,0,1.62109064164007,1.4062898720293,53.1561510415428,542.683907498632,55
"292",2020-12-17,9403,547,390,61,45.9,37,1,5,29,1,0,17,17,1,560,30,3207,0.0134099996089935,83,0.0241000008583069,1.36796865706023,1.41370383368059,34.5727472985861,539.209759077554,37
"293",2020-12-18,9444,534,390,25,42.6,41,3,4,34,0,0,16,16,0,560,37,3298,0.00727999985218048,170,0.00587999999523163,0.72113724082124,1.34976259960291,40.7222161046914,529.990902700141,41
"294",2020-12-19,9483,531,390,46,40.7,39,1,7,28,3,0,19,19,0,563,29,2799,0.0117900002002716,140,0,1.12283805922287,1.28834595425765,35.6609977829599,524.792752508679,39
"295",2020-12-20,9527,525,390,24,39.9,44,5,2,34,0,0,16,16,0,563,39,1360,0.0161800003051758,51,0,1.55951810170369,1.34518424700828,40.3667977596247,516.476123687255,44
"296",2020-12-21,9602,547,390,22,40.7,75,7,8,60,1,0,15,15,0,564,67,1365,0.00658999979496002,32,0.03125,0.715486737302823,1.20343185616824,74.5009273089222,542.925481163887,75
"297",2020-12-22,9686,591,390,73,43.4,84,5,7,70,2,0,15,15,0,566,75,3021,0.0225099992752075,48,0,2.21579367254487,1.33197615861369,80.2698729472264,577.366598824144,84
"298",2020-12-23,9786,658,390,52,43.3,100,5,6,88,1,1,13,12,0,567,93,2652,0.0199800002574921,199,0.0150800001621246,1.96379799070964,1.38093435133791,97.0986276433181,644.547279454874,100
"299",2020-12-24,9861,685,390,49,41.6,75,11,6,56,2,1,13,12,0,569,67,3469,0.01557000041008,144,0,1.49494413015686,1.39907370463743,71.9572332355721,674.338877109953,75
"300",2020-12-25,9926,716,390,47,44.7,65,6,2,56,0,1,10,9,0,569,62,2537,0.0295600008964539,161,0,2.77960423551903,1.69314041816568,62.2058362822332,695.280302872242,65
"301",2020-12-26,10018,758,390,95,51.7,92,5,4,82,2,2,12,10,0,571,87,951,0.0199800002574921,50,0,1.89819982466283,1.80390638465711,89.2807121374441,743.020457473364,92
"302",2020-12-27,10128,822,391,37,53.6,110,8,6,94,2,4,12,8,1,573,102,1480,0.0270300006866455,32,0.0625,2.77806885028012,1.97798506302517,105.049941743506,798.226001109428,110
"303",2020-12-28,10259,915,391,65,59.7,131,15,6,108,1,2,13,11,0,574,123,1188,0.04125,39,0.0256399989128113,4.07538385962507,2.45797036621406,123.781315425043,876.178078161902,131
"304",2020-12-29,10380,993,391,112,65.3,121,5,15,101,3,4,12,8,0,577,106,1880,0.0505299997329712,25,0.04,5.03918107600976,2.8613114238519,115.438995514703,940.904929680194,121
"305",2020-12-30,10517,1084,391,88,70.4,137,12,10,115,3,5,13,8,0,580,127,2458,0.0573600006103516,62,0,5.59487625000969,3.38003688946619,129.602557097987,1020.85962121431,137
"306",2020-12-31,10642,1171,391,147,84.4,125,0,9,116,2,5,13,8,0,582,116,2652,0.0331800007820129,144,0,3.14711595400209,3.6160614357298,121.199347619451,1132.63306950325,125
"307",2021-01-01,10759,1226,392,87,90.1,117,0,5,111,2,6,13,7,1,584,111,2759,0.0391400003433228,134,0.0149300003051758,3.80186246070242,3.76209832504171,111.606538794646,1177.47402308321,117
"308",2021-01-02,10872,1286,392,134,95.7,113,2,8,101,2,6,15,9,0,586,103,2369,0.0295499992370605,431,0,2.50014100687844,3.84808992250108,108.319047349516,1252.52713486871,113
"309",2021-01-03,10995,1313,393,106,105.6,123,0,5,118,3,5,18,13,1,589,118,1516,0.0600299978256226,126,0.0238100004196167,5.72506313986087,4.26908910672691,115.966852853968,1234.74133726492,123
"310",2021-01-04,11170,1425,393,117,113,175,4,30,140,5,8,21,13,0,594,144,1386,0.0533900022506714,155,0.00644999980926514,4.86685873393035,4.38215694591337,166.70376777454,1352.79770193555,175
"311",2021-01-05,11310,1497,395,105,112,140,2,19,119,6,8,23,15,2,600,121,2417,0.0575099992752075,97,0.0103100001811981,5.56888378145397,4.45782876097683,132.984785728534,1410.20846475715,140
"312",2021-01-06,11493,1591,395,132,118.3,183,11,42,129,7,7,28,21,0,607,140,2627,0.0513899993896484,211,0.0142200005054474,4.86264793880394,4.35322471651887,174.912578223148,1510.4565139502,183
"313",2021-01-07,11611,1628,395,186,123.9,118,2,7,108,6,9,32,23,0,613,110,2311,0.048899998664856,91,0.0109899997711182,4.74637747267502,4.58169064775786,111.564464019136,1547.55406748322,118
"314",2021-01-08,11741,1658,395,185,137.9,130,6,13,110,0,11,30,19,0,613,116,2661,0.0368300008773804,249,0,3.36785678126148,4.51968983640915,124.932767308185,1599.86662238768,130
"315",2021-01-09,11839,1667,397,155,140.9,98,6,2,90,4,11,30,19,2,617,96,3020,0.0324499988555908,375,0.00266999989748001,2.91606027998348,4.57910687542416,95.085559817346,1616.39196057829,98
"316",2021-01-10,11931,1650,397,114,142,92,5,3,82,5,11,34,23,0,622,87,1824,0.0509899997711182,78,0,4.88989272252994,4.45979681580545,85.5709967423797,1566.00166235548,92
"317",2021-01-11,12095,1703,397,66,134.7,164,2,25,135,3,13,34,21,0,625,137,1608,0.0342000007629395,115,0,3.1917354165297,4.22049348474822,157.447658167056,1646.41140042698,164
"318",2021-01-12,12235,1731,398,161,142.7,140,1,22,115,4,13,35,22,1,629,116,2211,0.0705600023269653,74,0.0135099995136261,6.87124311198813,4.40654481768167,129.70186072817,1607.17173207295,140
"319",2021-01-13,12323,1719,402,172,148.4,88,0,9,75,2,11,34,23,4,631,75,2532,0.0375200009346008,173,0.0115600001811981,3.58597125315181,4.22416243401708,81.2000164309428,1654.82437659721,88
"320",2021-01-14,12415,1707,402,128,140.1,92,2,14,75,9,10,41,31,0,640,77,2581,0.0337100005149841,146,0,3.19052113418313,4.00189724280395,88.4423579317747,1650.30006479921,92
"321",2021-01-15,12509,1677,404,145,134.4,94,6,7,79,5,11,41,30,2,645,85,2923,0.0372900009155273,206,0.00485000014305115,3.51542897748658,4.02297898512182,88.8891098939983,1615.62396814394,94
"322",2021-01-16,12570,1630,405,119,129.3,61,0,0,59,2,9,39,30,1,647,59,2470,0.0323900008201599,289,0,2.89972098679938,4.02064480038124,57.2188699159839,1580.79250784837,61
"323",2021-01-17,12650,1571,407,72,123.3,80,2,3,72,2,9,39,30,2,649,74,2036,0.026029999256134,32,0,2.5627213967838,3.68819175384607,75.0256664282694,1529.08543187583,80
"324",2021-01-18,12771,1592,408,63,122.9,121,2,45,72,7,10,43,33,1,656,74,1021,0.0391799998283386,48,0,3.74207481990026,3.7668116686133,116.117086565036,1529.97840285862,121
"325",2021-01-19,12845,1537,415,81,111.4,74,3,24,47,8,9,45,36,7,664,50,2337,0.0410799980163574,89,0,3.95729412053699,3.35053324126313,71.9400544077254,1473.67727249348,74
"326",2021-01-20,12906,1498,415,166,110.6,61,1,8,50,2,7,37,30,0,666,51,3065,0.0225099992752075,163,0.00612999975681305,2.16828803404187,3.14800706710457,57.8487369532548,1464.18446972501,61
"327",2021-01-21,12976,1464,417,81,103.9,70,1,9,59,3,7,37,30,2,669,60,2636,0.0242799997329712,117,0,2.32481217929938,3.02433435926404,67.5477996461994,1428.56631136726,70
"328",2021-01-22,13055,1434,418,95,96.7,79,1,3,74,5,6,37,31,1,674,75,2311,0.0307200002670288,111,0.00901000022888184,2.97250332958338,2.94677355242072,75.6790219736184,1389.62290013558,79
"329",2021-01-23,13103,1367,418,84,91.7,48,1,4,40,4,9,39,30,0,678,41,2122,0.0329900002479553,276,0,2.91929860409346,2.9495703548913,43.7539089061189,1325.45349938206,48
"330",2021-01-24,13149,1286,419,44,87.7,46,2,9,35,3,8,38,30,1,681,37,1247,0.0224499988555908,36,0,2.18200690357925,2.8951825701478,45.1594854031166,1256.78643860562,46
"331",2021-01-25,13212,1227,419,29,82.9,63,1,18,43,4,7,39,32,0,685,44,825,0.0206100010871887,48,0,1.94768051511234,2.63884052660667,61.1078090539518,1202.12003884543,63
"332",2021-01-26,13274,1165,420,74,81.9,62,1,19,40,8,5,40,35,1,693,41,2354,0.024210000038147,79,0,2.3423896461076,2.40813988740247,59.0001602191974,1136.58991842354,62
"333",2021-01-27,13352,1126,422,80,69.6,78,0,27,50,1,4,30,26,2,694,50,2800,0.0196399998664856,175,0.00570999979972839,1.88205880978528,2.36724999822296,76.0203056352322,1103.93728290543,78
"334",2021-01-28,13390,1065,422,66,67.4,38,1,3,33,3,5,30,25,0,697,34,2355,0.0212299990653992,209,0.0287100005149841,2.18397183723271,2.34712994935629,36.2269397079282,1040.78502320422,38
"335",2021-01-29,13419,963,422,73,64.3,29,1,2,26,3,4,31,27,0,700,27,2847,0.0122899997234344,180,0.00555999994277954,1.18898015204223,2.09234092399327,28.6657851177078,951.079669198246,29
"336",2021-01-30,13438,866,423,42,58.3,19,1,6,12,2,5,33,28,1,702,13,2155,0.0157799994945526,216,0,1.43424288953019,1.88019010762709,18.8058875131789,853.069122031761,19
"337",2021-01-31,13480,807,424,25,55.6,42,3,5,34,4,6,32,26,1,706,37,922,0.0195200002193451,24,0,1.90247782264653,1.84025738177955,41.2671607144971,791.016180989167,42
"338",2021-02-01,13520,716,424,26,55.1,40,6,7,25,4,5,29,24,0,710,31,548,0.0292000007629395,29,0,2.77324097367259,1.9581945901453,37.1049718028188,695.327735832847,40
"339",2021-02-02,13562,652,425,59,53,42,4,5,31,3,5,27,22,1,713,35,2439,0.0221399998664856,107,0.0280399990081787,2.23879574109322,1.94339546085754,39.1842258637148,636.803293232629,42
"340",2021-02-03,13625,637,425,54,49.3,63,4,22,36,2,4,26,22,0,715,40,2865,0.0129100000858307,212,0,1.20205233168362,1.84625167827158,61.4994231256182,629.028313275469,63
"341",2021-02-04,13707,639,425,51,47.1,82,3,43,33,2,5,25,20,0,717,36,2814,0.0127900004386902,90,0,1.23936161275738,1.71130736048939,78.5354976057269,630.755082501652,82
"342",2021-02-05,13765,638,427,72,47,58,1,8,48,2,5,21,16,2,719,49,2435,0.0160199999809265,149,0,1.50962461120573,1.75711371179847,56.2298905313229,627.972860387429,58
"343",2021-02-06,13790,607,427,61,49.7,25,1,4,19,3,6,21,15,0,722,20,2369,0.0143499994277954,205,0.0146300005912781,1.43722994427581,1.75754043390498,23.7007434475561,597.917563633328,25
"344",2021-02-07,13815,562,429,33,50.9,25,1,2,19,3,4,23,19,2,725,20,1004,0.0249000000953674,75,0,2.31692308579693,1.81674690006933,21.5175758634206,548.44388176212,25
"345",2021-02-08,13862,559,431,24,50.6,47,1,7,38,2,5,21,16,2,727,39,852,0.0140799999237061,29,0,1.36165266004513,1.61509142669397,45.4471359364078,551.075615088511,47
"346",2021-02-09,13917,578,431,43,48.3,55,5,8,39,0,2,19,17,0,727,44,2244,0.0178299999237061,149,0,1.67198160588368,1.5341179788069,51.2341008501373,567.938870258622,55
"347",2021-02-10,13974,595,432,40,46.3,57,0,6,50,3,4,20,16,1,730,50,2791,0.0125399994850159,100,0,1.21062395581734,1.53534249654028,55.3698169997661,587.500822297217,57
"348",2021-02-11,14034,621,433,51,46.3,60,1,11,46,1,3,16,13,1,731,47,2563,0.0152199995517731,58,0,1.48831968146488,1.57090793492707,57.2717483144077,611.377780920153,60
"349",2021-02-12,14085,624,435,52,43.4,51,0,8,41,3,2,16,14,2,734,41,2612,0.0157000005245209,173,0,1.47247401687786,1.56560070716595,48.3714802741213,614.434236367115,51
"350",2021-02-13,14117,622,435,46,41.3,32,0,3,28,6,2,21,19,0,740,28,2099,0.0219199991226196,46,0.0217400002479553,2.19161390068926,1.67336984379644,30.3611344155827,607.808057374731,32
"351",2021-02-14,14158,597,437,48,43.4,41,0,4,35,4,2,21,19,2,744,35,1175,0.0170200002193451,10,0,1.6876371525511,1.58347185333275,38.3850574595908,586.510837239305,41
"352",2021-02-15,14220,620,438,34,44.9,62,2,8,51,4,2,23,21,1,748,53,867,0.0265300011634827,26,0,2.57575711184093,1.75691534644643,59.5787574770657,603.374144071335,62
"353",2021-02-16,14271,615,438,60,47.3,51,3,13,32,3,2,24,22,0,751,35,1561,0.0333100008964539,23,0,3.28263329541442,1.98700844495083,46.803871522464,593.982313894725,51
"354",2021-02-17,14328,630,439,49,48.6,57,5,6,44,2,2,25,23,1,753,49,2063,0.0184200000762939,222,0,1.66303983183345,2.0516392843817,54.1516283506671,619.092364508578,57
"355",2021-02-18,14400,646,439,68,51,72,3,12,53,3,3,26,23,0,756,56,2348,0.0212899994850159,116,0,2.02877105482213,2.12884662343274,66.8172077160305,632.355646152781,72
"356",2021-02-19,14454,650,440,58,51.9,54,2,16,33,1,3,26,23,1,757,35,2576,0.0151400005817413,96,0,1.45960484650321,2.12700817052207,50.4681480489183,640.122749479911,54
"357",2021-02-20,14503,629,440,66,54.7,49,0,3,45,4,3,26,23,0,761,45,2384,0.0255900001525879,68,0,2.48803264126303,2.16935370488975,46.8343826501077,612.707259709284,49
"358",2021-02-21,14544,617,440,53,55.4,41,0,6,33,2,4,24,20,0,763,33,1000,0.03,28,0,2.91828793774319,2.34516095991719,37.9973958552953,598.2543406884,41
"359",2021-02-22,14609,632,440,31,55,65,0,11,54,1,6,23,17,0,764,54,863,0.0150600004196167,66,0,1.39900757396439,2.17705388307769,64.2134954467402,622.794983747034,65
"360",2021-02-23,14664,638,440,47,53.1,55,0,7,47,3,6,25,19,0,767,47,2036,0.019650000333786,84,0,1.88714154149001,1.97769791823135,53.0766002588983,625.465339684619,55
"361",2021-02-24,14710,645,441,60,54.7,46,2,10,34,1,6,24,18,1,768,36,2874,0.0187899994850159,41,0,1.85257147581254,2.00477386737122,45.3056716641703,632.559950649718,46
"362",2021-02-25,14743,641,441,43,51.1,33,1,5,25,1,6,23,17,0,769,26,2376,0.0185199999809265,128,0.00781000018119812,1.79725239528254,1.97169977315127,30.5135145735213,629.006263139507,33
"363",2021-02-26,14808,644,441,57,51,65,5,12,43,1,6,21,15,0,770,48,2639,0.0181900000572205,181,0,1.70224858691506,2.00636316463868,59.1493485720056,632.587093341076,65
"364",2021-02-27,14854,649,442,71,51.7,46,0,4,34,3,6,23,17,1,773,34,2535,0.0209100008010864,47,0.0212800002098083,2.09167358794017,1.94974044273542,37.2596105099685,634.867271204987,46
"365",2021-02-28,14919,660,442,49,51.1,65,2,8,54,7,6,28,22,0,780,56,1552,0.0257699990272522,94,0,2.42983222905804,1.87996105578039,62.5833853430434,643.304184400155,65
"366",2021-03-01,14996,675,442,54,54.4,77,4,7,64,3,6,29,23,0,783,68,996,0.0291199994087219,45,0,2.78612098089213,2.07812011391293,73.027594071941,655.420970567061,77
"367",2021-03-02,15059,684,443,61,56.4,63,1,6,54,3,4,29,25,1,786,55,2006,0.0259200000762939,41,0,2.54008403287961,2.17139761268287,59.5455520305096,665.911956161247,63
"368",2021-03-03,15118,694,443,65,57.1,59,0,5,51,6,5,32,27,0,792,51,2676,0.0209299993515015,109,0,2.01108360016581,2.19404220187619,54.9322054097811,679.469618713492,59
"369",2021-03-04,15175,691,443,61,59.7,57,3,3,50,1,5,31,26,0,793,53,2414,0.0202999997138977,225,0.00444000005722046,1.89477829944008,2.2079744738987,54.9545056564853,677.369120917573,57
"370",2021-03-05,15248,695,444,51,58.9,73,1,10,57,1,2,28,26,1,794,58,2440,0.0188499999046326,154,0,1.77309174122218,2.218094924514,66.9293522314235,682.170686221368,73
"371",2021-03-06,15304,708,446,46,55.3,56,3,3,47,1,2,27,25,2,795,50,1957,0.0209500002861023,25,0,2.06857470029779,2.21479508342224,51.923215913102,692.752737329525,56
"372",2021-03-07,15344,699,447,54,56,40,1,0,38,2,5,26,21,1,797,39,1752,0.0194099998474121,16,0.0625,1.97999545999242,2.15053268784143,38.1960737359634,684.59116772919,40
"373",2021-03-08,15427,740,448,38,53.7,83,1,9,65,6,4,29,25,1,803,66,1170,0.0205100011825562,142,0,1.82901687374929,2.01380352967817,73.7432495096601,725.909161168917,83
"374",2021-03-09,15484,747,448,70,55,57,0,8,47,1,3,27,24,0,804,47,2105,0.0318300008773804,57,0,3.09908195406502,2.0936603755618,53.483584081469,722.8986661459,57
"375",2021-03-10,15564,770,448,76,56.6,80,5,8,64,0,2,24,22,0,804,69,2655,0.0180799996852875,173,0,1.69739742448509,2.04884806475027,75.7806734080822,756.393022090193,80
"376",2021-03-11,15625,767,451,73,58.3,61,1,7,52,1,2,20,18,3,805,53,2321,0.0280100011825562,86,0,2.70092283941474,2.16401157046093,58.5096939564316,745.43274084119,61
"377",2021-03-12,15707,772,451,93,64.3,82,5,4,67,2,2,17,15,0,807,72,2361,0.0228699994087219,133,0,2.16503883736938,2.22000401276768,74.3771230070375,754.599152242125,82
"378",2021-03-13,15775,790,451,56,65.7,68,5,3,54,5,4,22,18,0,812,59,2353,0.0187000000476837,99,0,1.79449837325448,2.18085025176149,60.8977439371332,775.240978141276,68
"379",2021-03-14,15843,815,451,65,67.3,68,2,10,51,2,3,23,20,0,814,53,1535,0.0299699997901916,36,0,2.92832270387932,2.31632557231676,61.3842200304932,790.153572167018,68
"380",2021-03-15,15950,862,452,58,70.1,107,4,3,97,4,5,25,20,1,818,101,1000,0.0320000004768372,13,0,3.15893390689409,2.50631371990887,100.678384725834,833.651164689792,107
"381",2021-03-16,16036,880,453,85,72.3,86,7,4,72,5,6,27,21,1,823,79,1583,0.0341100001335144,9,0,3.39171672181867,2.54811868673083,80.2104504533411,848.926536695445,86
"382",2021-03-17,16124,907,454,77,72.4,88,3,5,76,3,5,27,22,1,826,79,2842,0.0267400002479553,175,0,2.51889561500461,2.66547557109076,81.9283104406344,883.214905945006,88
"383",2021-03-18,16217,945,455,63,71,93,6,3,80,2,5,24,19,1,828,86,2566,0.0284500002861023,161,0,2.67703339692477,2.66206279359219,86.6031566209528,918.66259310233,93
"384",2021-03-19,16342,993,457,117,74.4,125,7,6,104,2,4,24,20,2,830,111,2615,0.0382399988174438,97,0,3.6872270246171,2.87951824891329,112.739012377372,954.881435051622,125
"385",2021-03-20,16445,1047,458,83,78.3,103,5,6,87,4,4,27,23,1,834,92,1997,0.0435699987411499,151,0.00662000000476837,4.09724895189927,3.20848261729112,94.0756512460844,1002.33920494185,103
"386",2021-03-21,16530,1075,459,87,81.4,85,5,1,77,4,4,29,25,1,838,82,1306,0.0421099996566772,87,0,3.94800140356213,3.35415100296009,79.6296223478402,1030.81517102351,85
"387",2021-03-22,16679,1151,460,56,81.1,149,6,7,133,4,7,30,23,1,842,139,1150,0.0547800016403198,131,0,4.91779874210521,3.60541740799025,138.883393262083,1092.07040032128,149
"388",2021-03-23,16803,1190,461,108,84.4,124,2,0,120,5,9,31,22,1,847,122,1966,0.0350999999046326,153,0,3.25656440832976,3.58610993463469,117.863748683131,1149.65459781087,124
"389",2021-03-24,16956,1280,461,85,85.6,153,7,2,137,4,9,33,24,0,851,144,3106,0.0457200002670288,47,0,4.50384779033909,3.86967453111105,139.247981668886,1219.98205927899,153
"390",2021-03-25,17105,1362,462,123,94.1,149,7,4,132,8,10,40,30,1,859,139,3005,0.0379399991035461,282,0,3.46850311244771,3.98274163332861,137.98068670253,1312.81795171832,149
"391",2021-03-26,17254,1446,463,103,92.1,149,10,2,130,4,11,42,31,1,863,140,2390,0.0673600006103516,117,0,6.42163547900839,4.37337141252737,132.640317845399,1349.32785431748,149
"392",2021-03-27,17370,1499,465,138,100,116,7,3,100,5,13,44,31,2,868,107,2476,0.0626000022888184,117,0,5.97753974805686,4.64198438340702,103.341235338437,1405.71506329268,116
"393",2021-03-28,17507,1558,466,139,107.4,137,3,5,124,5,13,45,32,1,873,127,2480,0.0826599979400635,157,0,7.77386404593695,5.18853618946057,121.721539344551,1431.90675825835,137
"394",2021-03-29,17716,1706,466,111,115.3,209,7,1,189,4,12,47,35,0,877,196,1644,0.0839400005340576,40,0,8.19461762933437,5.65665317335045,180.278617527312,1560.45572194691,209
"395",2021-03-30,17925,1837,467,170,124.1,209,9,6,186,6,12,48,36,1,883,195,1968,0.0406500005722046,64,0,3.93696855935525,5.75385376635409,193.007475548544,1761.7063209368,209
"396",2021-03-31,18132,1940,468,163,135.3,207,7,5,190,8,14,54,40,1,891,197,3023,0.0793900012969971,224,0,7.3913142568778,6.16634897585962,186.840833974536,1790.71684218578,207
"397",2021-04-01,18369,2075,469,144,138.3,237,12,4,203,3,15,52,37,1,894,215,2634,0.0721299982070923,100,0.01,6.98575037591372,6.66881287064048,203.363521990966,1924.08980526165,237
"398",2021-04-02,18567,2169,470,242,158.1,198,15,7,162,6,15,56,41,1,900,177,3130,0.0939299964904785,99,0,9.10501359601108,7.05215260164086,167.221957865886,1963.39789045823,198
"399",2021-04-03,18818,2348,470,222,170.1,251,16,3,223,12,14,61,47,0,912,239,2885,0.101909999847412,36,0,10.0654005326869,7.63613271373086,216.955268613218,2101.9538523173,251
"400",2021-04-04,19048,2507,471,152,172,230,9,2,215,12,16,64,48,1,924,224,1818,0.0929599952697754,139,0,8.63573180380438,7.7592566791405,205.86115403275,2281.60675517903,230
"401",2021-04-05,19333,2652,472,184,182.4,285,8,4,269,5,18,67,49,1,929,277,2045,0.105620002746582,162,0,9.78671978326961,7.98669984398839,252.776924446012,2381.7920708694,285
"402",2021-04-06,19607,2789,473,156,180.4,274,7,6,245,10,20,70,50,1,939,252,1749,0.128640003204346,83,0,12.2811880788428,9.17873120391518,225.779792064767,2432.40412725649,274
"403",2021-04-07,19915,2930,474,219,188.4,308,3,6,290,12,24,76,52,1,951,293,3364,0.098100004196167,44,0,9.68334548462165,9.50616423645002,269.462042381041,2634.62042381041,308
"404",2021-04-08,20209,3101,475,170,192.1,294,22,5,255,10,30,83,53,1,961,277,3366,0.0858600044250488,194,0.0103100001811981,8.1742953631985,9.6759563774907,258.426855908294,2837.0999284174,294
"405",2021-04-09,20506,3254,477,261,194.9,297,13,2,276,14,31,88,57,2,975,289,3418,0.110299997329712,158,0,10.542656344322,9.8813339129637,259.279844429592,2896.84641444253,297
"406",2021-04-10,20793,3418,480,381,217.6,287,12,2,262,14,27,92,65,3,989,274,3187,0.0875399971008301,97,0,8.49543150914572,9.65705262388639,251.766093863729,3115.69528768695,287
"407",2021-04-11,21062,3556,480,205,225.1,269,8,4,249,13,29,100,71,0,1002,257,2714,0.145909996032715,29,0,14.43673821483,10.4857678254615,222.373120889758,3021.5362563579,269
"408",2021-04-12,21377,3650,481,264,236.6,315,16,4,291,16,27,101,74,1,1018,307,2125,0.0804699993133545,107,0,7.66123425362358,10.182127035512,286.513622934309,3358.87532153169,315
"409",2021-04-13,21613,3676,483,245,249.3,236,10,0,219,12,28,105,77,2,1030,229,2670,0.0767799997329712,178,0,7.19812497496605,9.45597516352965,211.839012273701,3400.52493064684,236
"410",2021-04-14,21886,3748,485,389,273.6,273,10,11,248,12,28,101,73,2,1042,258,3971,0.171490001678467,97,0.0103100001811981,16.7646722390061,10.4675932712989,223.969974931074,3093.84289163437,273
"411",2021-04-15,22108,3751,485,312,293.9,222,15,3,202,19,29,107,78,0,1061,217,3902,0.130959997177124,98,0.0101999998092651,12.8001377241611,11.1284278942935,191.082430233141,3251.13915117287,222
"412",2021-04-16,22344,3790,487,348,306.3,236,1,10,219,20,24,114,90,2,1081,220,2970,0.120539999008179,244,0.00409999996423721,11.1700123536268,11.2180501813371,204.416276663891,3349.26222070976,236
"413",2021-04-17,22525,3737,490,405,309.7,181,5,7,167,16,23,123,100,3,1097,172,2935,0.101870002746582,121,0.00825999975204468,9.81635857431989,11.4067540477905,161.422128851855,3355.09009022898,181
"414",2021-04-18,22687,3679,490,294,322.4,162,5,8,146,11,22,122,100,0,1108,151,1949,0.0646500015258789,188,0.0159599995613098,6.03665572725616,10.2067422638514,149.510118890437,3447.78627415838,162
"415",2021-04-19,22914,3619,491,258,321.6,227,5,4,218,22,22,116,94,1,1130,223,2084,0.112279996871948,88,0.0340899991989136,10.9112077997534,10.6710241990128,201.668255118075,3207.89872319423,227
"416",2021-04-20,23103,3507,492,188,313.4,189,9,2,178,17,27,119,92,1,1147,187,2775,0.100539999008179,221,0,9.31236639678558,10.9730586878442,170.870364305451,3166.99661828459,189
"417",2021-04-21,23298,3408,493,207,287.4,195,3,2,185,12,25,111,86,1,1159,188,2521,0.136850004196167,236,0.0211899995803833,12.6949474239937,10.3916694285567,165.152873471568,2957.57974888884,195
"418",2021-04-22,23474,3300,496,239,277,176,7,4,161,14,22,107,85,3,1173,168,2358,0.163269996643066,213,0.00939000010490417,15.0521478843522,10.7133851657268,145.673375811732,2782.86988201616,176
"419",2021-04-23,23682,3224,499,189,254.3,208,5,8,186,21,29,113,84,3,1194,191,2507,0.0805700016021729,86,0.0116299998760223,7.82835225630487,10.2360051518237,183.433494030586,2961.24389923879,208
"420",2021-04-24,23839,3104,500,227,228.9,157,2,2,151,18,31,119,88,1,1212,153,2464,0.0852299976348877,214,0.00467000007629395,7.87924175461875,9.95927417758068,142.449435140466,2849.37939003926,157
"421",2021-04-25,23987,2973,505,139,206.7,148,2,6,136,21,30,125,95,5,1233,138,1621,0.135719995498657,93,0.0215100002288818,12.9523070434428,10.9472243656073,125.391402888991,2572.10609267369,148
"422",2021-04-26,24150,2837,510,173,194.6,163,4,7,148,12,31,124,93,5,1245,152,1304,0.115030002593994,31,0,11.2358893919527,10.9936074502072,141.219725606775,2505.14053648961,163
"423",2021-04-27,24310,2744,511,189,194.7,160,3,5,148,10,31,121,90,1,1255,151,2425,0.0610300016403198,332,0.00903999984264374,5.47693267774876,10.4456883474877,147.390027474609,2587.5379827174,160
"424",2021-04-28,24476,2641,513,186,191.7,166,2,7,155,13,27,116,89,2,1268,157,2408,0.0689400005340576,38,0,6.78689784489006,9.60168126475859,152.906760729083,2454.39334449368,166
"425",2021-04-29,24602,2544,513,159,180.3,126,2,7,113,13,29,113,84,0,1281,115,2728,0.0652500009536743,111,0.00901000022888184,6.30511139933179,8.35210462404138,114.451198244923,2377.00737682683,126
"426",2021-04-30,24755,2453,516,178,178.7,153,4,3,139,13,27,109,82,3,1294,143,2122,0.0669199991226196,179,0,6.17141408684045,8.11539917126075,136.812271765271,2295.39512335811,153
"427",2021-05-01,24879,2398,520,138,166,124,3,5,113,7,29,110,81,4,1301,116,2051,0.089709997177124,70,0.0285700011253357,8.76921755252498,8.24253857096164,110.409749099276,2179.07395120744,124
"428",2021-05-02,24976,2337,520,128,164.4,97,0,4,91,8,27,108,81,0,1309,91,1279,0.0695900011062622,21,0,6.84658549345457,7.37029263524904,88.5136131944684,2170.42103335684,97
"429",2021-05-03,25083,2220,523,102,154.3,107,4,3,100,10,22,98,76,3,1319,104,976,0.174179992675781,140,0.0071399998664856,15.3225154868164,7.95409636308671,90.409830470343,1865.86368888617,107
"430",2021-05-04,25188,2125,524,141,147.4,105,1,2,99,8,23,94,71,1,1327,100,2386,0.0389800000190735,57,0.0175399994850159,3.84797625935961,7.72138830331683,97.9939183223664,2039.87076435029,105
"431",2021-05-05,25270,2010,525,114,137.1,82,1,2,75,8,23,88,65,1,1335,76,1904,0.0777299976348877,65,0.0307699990272522,7.61797691384447,7.84011388459603,71.9724522410118,1850.58722374255,82
"432",2021-05-06,25376,1940,527,122,131.9,106,3,6,92,12,22,88,66,2,1347,95,2133,0.0534499979019165,246,0,4.79230119902429,7.62399814169496,96.2602533652865,1843.20938451217,106
"433",2021-05-07,25488,1842,530,108,121.9,112,4,4,103,19,23,95,72,3,1366,107,2302,0.0469199991226196,82,0.0122000002861023,4.57257709747193,7.39559285749946,105.906313287366,1754.31242126475,112
"434",2021-05-08,25577,1766,534,136,121.6,89,1,3,85,4,21,86,65,4,1370,86,1901,0.0489200019836426,86,0.0116299998760223,4.73060411475805,6.81864808067561,84.7645215915587,1679.02494338015,89
"435",2021-05-09,25660,1705,537,69,113.1,83,0,5,78,4,22,83,61,3,1374,78,1173,0.172210006713867,123,0.00813000023365021,15.6637598691439,8.0782444200598,70.2802658321087,1426.95965697109,83
"436",2021-05-10,25753,1638,538,82,110.3,93,3,2,87,9,22,85,63,1,1383,90,715,0.104899997711182,14,0,10.2885457288745,7.35910588321096,82.3598472079142,1462.54921918404,93
"437",2021-05-11,25885,1607,540,124,107.9,132,1,6,123,5,21,79,58,2,1388,124,1899,0.0458099985122681,86,0.0232599997520447,4.48330212360065,7.44986672095968,124.212285401523,1531.99308580845,132
"438",2021-05-12,25982,1547,541,115,108,97,3,3,90,8,22,80,58,1,1396,93,2118,0.0495800018310547,174,0.00574999988079071,4.62525933060347,7.02233563763954,91.5217694104491,1472.50728255876,97
"439",2021-05-13,26075,1519,541,78,101.7,93,1,1,90,7,20,77,57,0,1403,91,1684,0.0795699977874756,54,0.0185199999809265,7.76731624125886,7.44733778653019,84.6413220677872,1396.16668374691,93
"440",2021-05-14,26158,1440,541,128,104.6,83,2,4,75,7,21,70,49,0,1410,77,1738,0.0471799993515015,105,0,4.44920449663101,7.4297131292672,77.4333498785507,1373.29901071575,83
"441",2021-05-15,26232,1392,542,85,97.3,74,2,8,63,7,19,64,45,1,1417,65,1779,0.0522800016403198,61,0,5.05468059337657,7.47600976906985,69.5794614453752,1318.74785126096,74
"442",2021-05-16,26301,1364,543,46,94,69,2,3,63,7,19,67,48,1,1424,65,805,0.0409899997711182,20,0,3.99963028069698,5.80970554214886,65.2934215472891,1307.20349216158,69
"443",2021-05-17,26375,1329,545,87,94.7,74,7,5,59,10,19,71,52,2,1434,66,774,0.229969997406006,19,0,22.4459997468157,7.54648468756904,55.5769486368084,1018.43582936846,74
"444",2021-05-18,26454,1297,546,97,90.9,79,1,6,71,5,16,64,48,1,1439,72,1920,0.0265599989891052,56,0,2.58072864671468,7.27468847658533,76.0655288609413,1262.15265184223,79
"445",2021-05-19,26525,1283,550,91,87.4,71,2,5,64,4,14,57,43,4,1443,66,2042,0.0665999984741211,122,0.0163900005817413,6.37693054321293,7.52492722124382,66.6182959807157,1197.82232944331,71
"446",2021-05-20,26585,1238,553,73,86.7,60,5,8,45,11,15,63,48,3,1454,50,1487,0.0511100006103516,65,0.0307699990272522,5.0258131987348,7.13328392945467,55.3838432446551,1173.22395873766,60
"447",2021-05-21,26666,1203,554,77,79.4,81,4,11,63,4,13,59,46,1,1458,67,1682,0.0416200017929077,190,0,3.73957494741831,7.03190827956714,75.3915383260203,1156.16448665974,81
"448",2021-05-22,26725,1171,558,77,78.3,59,0,13,46,8,15,58,43,4,1466,46,1380,0.0623199987411499,101,0.00990000009536743,5.87451034925179,7.14902681612074,56.1866943356879,1099.38302319762,59
"449",2021-05-23,26780,1147,559,39,77.3,55,0,4,51,5,12,59,47,1,1471,51,826,0.0375300002098084,14,0.0714300012588501,3.80950002272924,7.12186535069678,52.9773274888355,1101.50969862146,55
"450",2021-05-24,26831,1101,561,65,74.1,51,2,11,38,5,11,57,46,2,1476,40,733,0.0832199954986572,30,0,7.99479117962199,5.05740698395482,47.6706877275256,1009.36067970014,51
"451",2021-05-25,26891,1034,563,56,68.3,60,1,12,46,3,11,54,43,2,1479,47,1035,0.0647300004959106,19,0.0526300001144409,6.45118790469088,5.61032973509428,55.8433606541846,964.553934392061,60
"452",2021-05-26,26947,993,566,76,66.1,56,1,11,44,1,8,47,39,3,1480,45,1371,0.0320900011062622,61,0.0491800022125244,3.28179969634424,5.16816818554161,54.4625110613548,959.07274408723,56
"453",2021-05-27,26994,947,566,62,64.6,47,0,8,38,3,9,42,33,0,1483,38,1368,0.0548199987411499,113,0.00884999990463257,5.13124971418748,5.18323054489199,43.9700087657557,896.410481609754,47
"454",2021-05-28,27029,897,569,65,62.9,35,0,1,30,1,7,34,27,3,1484,30,1589,0.0346099996566772,197,0.0152300000190735,3.24723401221823,5.11289612557769,29.9858031493026,866.675514164148,35
"455",2021-05-29,27064,858,571,45,58.3,35,0,3,31,5,9,36,27,2,1489,31,1074,0.024210000038147,104,0.00962000012397766,2.29219185516668,4.60113634070839,33.2602242779478,837.524917112234,35
"456",2021-05-30,27091,809,573,46,59.3,27,0,3,22,5,8,36,28,2,1494,22,718,0.0905300045013428,34,0,8.6436892595697,5.29173480311417,23.0202550577455,736.199379168915,27
"457",2021-05-31,27139,777,576,40,55.7,48,1,2,41,5,6,35,29,3,1499,42,783,0.0855700016021728,27,0.037039999961853,8.39523348808288,5.34894084718001,40.3291259375135,709.088829843999,48
"458",2021-06-01,27181,741,577,38,53.1,42,1,5,36,2,5,31,26,1,1501,37,1565,0.0172500002384186,27,0.037039999961853,1.75856346558386,4.67856592730758,41.3225968900719,727.433629609278,42
"459",2021-06-02,27212,702,577,48,49.1,31,0,0,30,1,6,30,24,0,1502,30,1688,0.042649998664856,43,0.0232599997520447,4.21683291366925,4.81214210121116,28.6829718323753,671.181540877582,31
"460",2021-06-03,27257,691,577,48,47.1,45,2,4,39,2,5,29,24,0,1504,41,1176,0.0136099994182587,186,0,1.175136513647,4.24698307256252,44.4983976145171,682.546164673935,45
"461",2021-06-04,27287,644,579,43,44,30,0,0,27,3,6,29,23,2,1507,27,1195,0.0476999998092651,68,0.0147099995613098,4.59238161062873,4.43914701519259,25.7091102599142,613.209889162398,30
"462",2021-06-05,27306,612,582,39,43.1,19,1,0,18,2,4,30,26,3,1509,19,999,0.0160199999809265,90,0.0222199988365173,1.65323965805621,4.34786812989109,18.6729781046633,601.466452634417,19
"463",2021-06-06,27323,563,582,21,39.6,17,0,1,16,2,4,28,24,0,1511,16,608,0.106909999847412,22,0,10.3176634773375,4.58700730385793,15.2813447973016,502.524820055051,17
"464",2021-06-07,27350,530,583,17,36.3,27,1,3,23,1,4,26,22,1,1512,24,843,0.00949000000953674,30,0.0666699981689453,1.14549483998944,3.55133035413029,26.7137853927777,523.679427423841,27
"465",2021-06-08,27383,502,584,28,34.9,33,0,2,30,1,3,25,22,1,1513,30,1771,0.0299300003051758,100,0,2.83303209729911,3.70482587294676,31.1151693348264,487.193833536095,33
"466",2021-06-09,27410,476,585,33,32.7,27,1,0,24,2,4,23,19,1,1515,25,1194,0.0594600009918213,26,0,5.81928206428153,3.93374718017708,23.4854039056247,447.162090363094,27
"467",2021-06-10,27439,463,585,20,28.7,29,0,0,28,2,5,20,15,0,1517,28,1216,0.0304299998283386,136,0,2.73689939284466,4.1568561629196,27.2021811736314,449.807495835405,29
"468",2021-06-11,27461,453,585,36,27.7,22,0,1,20,1,4,15,11,0,1518,20,1055,0.017059999704361,96,0,1.56370979045185,3.72418876003719,20.6744081190507,445.625343896499,22
"469",2021-06-12,27479,430,585,29,26.3,18,0,0,18,2,6,16,10,0,1520,18,880,0.011360000371933,44,0,1.08190479732695,3.64256949421873,17.7972555533587,425.156660441346,18
"470",2021-06-13,27500,423,586,18,25.9,21,0,1,18,2,5,15,10,1,1522,18,583,0.132080001831055,17,0,12.8337735112508,4.00201378477776,16.5950043707292,366.482602712135,21
"471",2021-06-14,27519,386,589,22,26.6,19,2,1,16,2,4,14,10,3,1524,18,655,0.0564900016784668,29,0,5.40949577476546,4.61115677546005,17.9862830535801,364.261403260106,19
"472",2021-06-15,27546,372,589,22,25.7,27,1,0,24,0,4,14,10,0,1524,25,1518,0.0144900000095367,36,0,1.41543243336401,4.40864253775504,24.6316025908791,366.51824655228,27
"473",2021-06-16,27563,351,589,24,24.4,17,0,0,17,1,4,12,8,0,1525,17,1251,0.0223799991607666,42,0,2.16530386311825,3.88664565187457,16.6167738044261,343.087506197269,17
"474",2021-06-17,27574,308,590,12,23.3,11,0,0,11,0,5,11,6,1,1525,11,1101,0.0208899998664856,123,0.0243899989128113,2.12417154569252,3.79911310228141,10.7567405683048,301.188735912534,11
"475",2021-06-18,27588,278,590,26,21.9,14,1,0,13,1,4,12,8,0,1526,14,864,0.0196800005435944,63,0,1.83425247784957,3.83776205762394,13.7326534612548,272.691261587774,14
"476",2021-06-19,27597,245,590,18,20.3,9,0,0,9,0,3,10,7,0,1526,9,926,0.0194400000572205,37,0,1.86930841671715,3.9502482889654,8.82484969958279,240.232019599754,9
"477",2021-06-20,27609,232,590,7,18.7,12,0,0,10,0,3,10,7,0,1526,10,562,0.0266899991035461,15,0,2.59961516398491,2.48822566792741,9.72935720037234,225.721087048638,12
"478",2021-06-21,27620,222,591,13,17.4,11,0,0,11,2,2,9,7,1,1528,11,520,0.0230800008773804,7,0,2.27734354008307,2.04077534868707,10.7391993615305,216.736568932707,11
"479",2021-06-22,27631,199,591,13,16.1,11,0,0,10,0,2,6,4,0,1528,10,1297,0.0115699994564056,65,0,1.10178335498958,1.99596833749072,9.88529466364535,196.717363806543,11
"480",2021-06-23,27642,186,591,18,15.3,11,0,0,10,0,1,4,3,0,1528,10,1105,0.00814000010490418,18,0,0.800952815308915,1.80106104494653,9.91661376833463,184.449016091024,11
"481",2021-06-24,27648,174,591,8,14.7,6,1,0,5,1,0,4,4,0,1529,6,904,0.00995999991893768,51,0,0.942810463530855,1.63229517606629,5.9411070837938,172.29210543002,6
"482",2021-06-25,27652,153,591,7,12,4,0,0,4,2,0,6,6,0,1531,4,1024,0.00194999992847443,64,0,0.183529405032887,1.39647759423534,3.99235718999024,152.707662517127,4
"483",2021-06-26,27656,138,591,9,10.7,4,0,0,4,1,0,6,6,0,1532,4,764,0.00523999989032745,19,0,0.511284791342296,1.20247421918179,3.97870830278989,137.265436446251,4
"484",2021-06-27,27661,124,591,8,10.9,5,0,0,5,0,0,5,5,0,1532,5,398,0.0200999999046326,13,0,1.94642334842914,1.10916110267382,4.89868010627542,121.487266635631,5
"485",2021-06-28,27670,116,591,1,9.1,9,0,0,9,0,0,4,4,0,1532,9,555,0.00180000007152557,5,0,0.178392864231552,0.809311006123604,8.98328496063944,115.784561714908,9
"486",2021-06-29,27673,110,591,8,8.4,3,0,0,3,0,0,3,3,0,1532,3,929,0.00646000027656555,14,0,0.636409359165366,0.742829006720144,2.98012325673508,109.271186080286,3
"487",2021-06-30,27675,95,591,8,7,2,0,1,1,0,0,2,2,0,1532,1,1221,0.000820000022649765,51,0,0.0787122663251072,0.639651785436743,1.99918053608786,94.9221509283471,2
"488",2021-07-01,27678,91,591,7,6.9,3,0,0,3,0,0,1,1,0,1532,3,884,0.00225999996066093,74,0,0.208542793864746,0.53475640405587,2.99348665836902,90.8024286371935,3
"489",2021-07-02,27682,80,591,6,6.7,4,0,0,4,2,0,2,2,0,1534,4,785,0.0140100002288818,29,0,1.35108724565998,0.701550381288312,3.94373597449768,78.8747194899537,4
"490",2021-07-03,27688,74,591,6,6.3,6,0,0,6,0,0,1,1,0,1534,6,627,0.00158999994397163,16,0,0.155043540415274,0.650658774013024,5.99031516239246,73.880553669507,6
"491",2021-07-04,27690,69,592,2,5.4,2,0,0,2,1,0,2,2,1,1535,2,437,0.00685999989509583,34,0,0.636479820415472,0.463523984296785,1.98674737069623,68.5427842890199,2
"492",2021-07-05,27696,68,592,2,5.6,6,0,0,6,0,0,2,2,0,1535,6,505,0.00197999998927116,27,0,0.187951126801116,0.464889450378152,5.9882595809129,67.8669419170128,6
"493",2021-07-06,27701,64,592,12,6.1,5,0,2,3,0,0,2,2,0,1535,3,1174,0.00596000015735626,28,0,0.58211648791483,0.457133325913789,4.98181896633994,63.6121379485854,5
"494",2021-07-07,27707,63,592,6,5.9,6,0,0,6,0,0,2,2,0,1535,6,1218,0.0320199990272522,23,0,3.14265582717109,0.894839548891786,5.8036931350959,60.9387779185069,6
"495",2021-07-08,27709,54,593,5,5.6,2,0,0,2,1,0,3,3,1,1536,2,933,0.00321999996900558,87,0,0.29453529128257,0.907124191380047,1.9938672572059,53.8344159445592,2
"496",2021-07-09,27711,52,593,3,5.1,2,0,0,2,0,0,2,2,0,1536,2,823,0.00486000001430511,56,0,0.455037544001491,0.77911709114312,1.99052531801242,51.7536582683229,2
"497",2021-07-10,27712,48,593,0,4.3,1,0,0,1,0,0,2,2,0,1536,1,930,0,22,0,0,0.756968013940938,1,48,1
"498",2021-07-11,27717,50,593,0,4,5,0,0,5,0,0,2,2,0,1536,5,422,0.00237000003457069,8,0,0.23259070106717,0.699269568319752,4.9878926313063,49.878926313063,5
"499",2021-07-12,27720,48,593,1,3.9,3,0,1,2,0,0,1,1,0,1536,2,460,0.00216999992728233,16,0,0.209705875325604,0.702377389537536,2.99563355484436,47.8952053162648,3
"500",2021-07-13,27722,47,593,2,2.4,2,0,0,2,0,0,1,1,0,1536,2,1188,0.000839999988675117,14,0,0.0830216294963427,0.631078124049181,1.99827134365518,46.9593765758968,2
"501",2021-07-14,27727,49,593,0,1.6,5,0,0,5,0,0,0,0,0,1536,5,1098,0,15,0,0,0.182127291596168,5,49,5
"502",2021-07-15,27738,55,593,1,1,11,0,0,11,0,0,0,0,0,1536,11,947,0.00105999998748302,31,0,0.102640080587569,0.154713690068311,10.9882456914916,54.9412284574579,11
"503",2021-07-16,27741,55,593,8,1.7,3,0,0,3,0,0,0,0,0,1536,3,867,0.00460999995470047,34,0,0.443603769225894,0.153080293671797,2.98614508396951,54.7459932061077,3
"504",2021-07-17,27743,52,593,5,2.4,2,0,0,2,0,0,0,0,0,1536,2,761,0.00263000011444092,18,0,0.256922989356809,0.189783577865627,1.99465041148463,51.8609106986003,2
"505",2021-07-18,27751,57,593,4,3,8,0,0,8,0,0,0,0,0,1536,8,214,0.00467000007629395,17,0,0.432632041699959,0.21836091224174,7.96396735990882,56.7432674393503,8
"506",2021-07-19,27759,61,593,2,3.1,8,0,0,8,0,0,0,0,0,1536,8,367,0,10,0,0,0.188402930052368,8,61,8
"507",2021-07-20,27763,62,593,10,4.3,4,0,0,4,0,0,0,0,0,1536,4,1142,0.00437999993562698,22,0,0.429721643168902,0.237931503434162,3.98210487918688,61.7226256273966,4
"508",2021-07-21,27768,65,593,12,6,5,0,0,5,0,0,0,0,0,1536,5,1058,0.0103999996185303,8,0,1.03219508409053,0.385387944018523,4.94626970730315,64.3015061949409,5
"509",2021-07-22,27773,67,593,5,6.6,5,0,0,5,1,0,1,1,0,1537,5,1046,0.00477999985218048,28,0,0.46553816064998,0.437230526884582,4.9757666917632,66.6752736696269,5
"510",2021-07-23,27785,75,593,3,5.9,12,0,0,12,0,0,1,1,0,1537,12,928,0.00647000014781952,38,0,0.621548668444774,0.462651226772993,11.9223495812473,74.5146848827957,12
"511",2021-07-24,27788,77,593,2,5.4,3,0,0,3,0,0,1,1,0,1537,3,713,0.0028099998831749,16,0,0.274832636036173,0.465209747727188,2.99141625171183,76.7796837939369,3
"512",2021-07-25,27795,79,593,7,5.9,7,0,0,7,0,0,1,1,0,1537,7,410,0.00244000002741814,14,0,0.235943398877697,0.43711137018115,6.9828053521008,78.8059461165661,7
"513",2021-07-26,27804,83,593,5,6.3,9,0,0,9,1,0,2,2,0,1538,9,410,0,10,0,0,0.43711137018115,9,83,9
"514",2021-07-27,27812,90,593,7,5.9,8,0,0,8,0,0,2,2,0,1538,8,1125,0.0106700003147125,5,0,1.06227879239395,0.5274766772133,7.91152594881224,89.0046669241378,8
"515",2021-07-28,27818,90,593,8,5.3,6,0,0,6,0,0,1,1,0,1538,6,1074,0.00372000008821487,11,0,0.368228580160624,0.432624319509028,5.9769984999584,89.6549774993759,6
"516",2021-07-29,27822,86,593,9,5.9,4,0,0,4,0,0,1,1,0,1538,4,1234,0.00243000000715256,15,0,0.240081666038932,0.400416248850307,3.99000215491335,85.7850463306371,4
"517",2021-07-30,27825,81,593,4,6,3,0,0,3,0,0,1,1,0,1538,3,940,0.00745000004768372,21,0,0.72872008791079,0.415726451631166,2.97724014914176,80.3854840268274,3
"518",2021-07-31,27832,82,593,8,6.9,7,0,0,7,0,0,0,0,0,1538,7,936,0.00962000012397766,8,0,0.953847469919819,0.512728570757401,6.93048726316214,81.1857079398993,7
"519",2021-08-01,27841,84,593,1,6,9,0,0,7,0,0,0,0,0,1538,7,563,0.00178000003099442,13,0,0.173982641918378,0.503877034048927,6.98732081387914,83.8478497665496,9
"520",2021-08-02,27852,87,593,3,5.7,11,0,0,11,1,0,1,1,0,1539,11,462,0.0043299999833107,4,0,0.429283260147971,0.565203214070066,10.9508386212443,86.611178186205,11
"521",2021-08-03,27869,99,593,10,6.1,17,0,0,16,0,0,1,1,0,1539,16,550,0.0109099996089935,3,0,1.08508133543335,0.568460720218552,15.8192535852144,97.8816315585139,17
"522",2021-08-04,27881,108,593,15,7.1,12,0,0,10,2,0,3,3,0,1541,10,1289,0.00776000022888184,22,0,0.762977901985407,0.624853480479236,9.92056729076359,107.142126740247,12
"523",2021-08-05,27901,121,593,9,7.1,20,0,0,20,0,1,3,2,0,1541,20,1482,0.00472000002861023,19,0,0.466025319280504,0.657131145228032,19.9029653320578,120.412940258949,20
"524",2021-08-06,27915,123,593,15,8.7,14,0,0,12,1,1,4,3,0,1542,12,1109,0.00541000008583069,44,0,0.520354735055181,0.627364666248659,11.9349917952876,122.333665901698,14
"525",2021-08-07,27928,133,593,13,9.4,13,0,0,13,0,1,4,3,0,1542,13,846,0.01182000041008,14,0,1.16275817987531,0.657209053385157,12.8426306426095,131.389990420544,13
"526",2021-08-08,27948,145,593,5,10,20,0,0,19,1,1,3,2,0,1543,19,612,0.00653999984264374,4,0,0.6497532311198,0.725176280413932,18.8714744519305,144.019147133154,20
"527",2021-08-09,27962,153,593,13,11.4,14,0,0,14,1,1,3,2,0,1544,14,556,0.0143900001049042,9,0,1.41607788642951,0.866146941311294,13.7936033746159,150.744379736874,14
"528",2021-08-10,27982,168,593,18,12.6,20,3,0,17,1,1,4,3,0,1545,20,1264,0.0102799999713898,16,0,1.01514999717474,0.856156750131492,19.788627916098,166.224474495223,20
"529",2021-08-11,27997,174,593,20,13.3,15,2,0,13,0,1,4,3,0,1545,15,1296,0.0108000004291534,8,0,1.07337427578089,0.900499089245133,14.8323784479313,172.055589996003,15
"530",2021-08-12,28016,188,593,18,14.6,19,3,0,16,0,1,3,2,0,1545,19,1053,0.0133000004291534,38,0,1.28367556846,1.01730626769935,18.7460803608542,185.48753199161,19
"531",2021-08-13,28033,202,593,26,16.1,17,3,0,14,0,1,3,2,0,1545,17,1077,0.0213599991798401,14,0,2.10859020317945,1.24419704885996,16.6268112686849,197.565639780844,17
"532",2021-08-14,28050,210,593,16,16.6,17,2,0,15,1,1,4,3,0,1546,17,1005,0.0119400000572205,12,0,1.17991151007931,1.24664752460339,16.7911734205885,207.420377548446,17
"533",2021-08-15,28068,207,593,8,17,18,1,0,17,0,1,4,3,0,1546,18,543,0.0221000003814697,2,0,2.20188994626386,1.46838134105254,17.5873750076501,202.254812587976,18
"534",2021-08-16,28087,210,593,21,18.1,19,0,0,19,0,1,3,2,0,1546,19,611,0.0114600002765656,8,0,1.1311890418387,1.42768293468242,18.7762432187955,207.526898734056,19
"535",2021-08-17,28108,206,593,18,18.1,21,0,0,21,0,1,3,2,0,1546,21,1323,0.0158700001239777,10,0,1.57509453593567,1.50767501164827,20.655639495546,202.621987432499,21
"536",2021-08-18,28139,219,593,24,18.7,31,0,0,31,0,1,2,1,0,1546,31,1295,0.015440000295639,12,0,1.52982405377602,1.57288212279043,30.5062687743856,215.51202779324,31
"537",2021-08-19,28162,227,593,19,18.9,23,0,0,23,3,1,5,4,0,1549,23,1279,0.0172000002861023,17,0,1.69743829983988,1.63199108441613,22.5935480150811,222.988495627105,23
"538",2021-08-20,28181,227,593,17,17.6,19,0,0,19,0,2,5,3,0,1549,19,1142,0.014889999628067,50,0,1.42654191067555,1.53455561405843,18.7178204399265,223.628696834911,19
"539",2021-08-21,28204,236,593,27,19.1,23,1,0,22,1,2,6,4,0,1550,23,879,0.0182000005245209,12,0,1.79548826723388,1.62249515079479,22.5700699282062,231.588543611159,23
"540",2021-08-22,28235,253,593,17,20.4,31,0,0,31,1,1,5,4,0,1551,31,520,0.0173099994659424,6,0,1.71125470005514,1.5524044013364,30.4477143444625,248.492636424162,31
"541",2021-08-23,28276,272,593,16,19.7,41,1,0,40,0,1,3,2,0,1551,41,575,0.0139100003242493,11,0.0909099960327148,1.5355392735159,1.61016872014743,40.3445611180885,267.651722539514,41
"542",2021-08-24,28308,286,593,26,20.9,32,1,0,31,0,1,3,2,0,1551,32,1233,0.0154100000858307,23,0,1.51278105938131,1.60126679492538,31.4960198025532,281.495676985319,32
"543",2021-08-25,28334,302,593,27,21.3,26,0,0,25,2,1,5,4,0,1553,25,1318,0.0197300004959106,68,0,1.8762006243586,1.65074916215147,24.5116775391658,296.101064673123,26
"544",2021-08-26,28362,310,593,44,24.9,28,2,0,24,3,1,8,7,0,1556,26,1198,0.0125199997425079,22,0,1.2294229255348,1.58388982296503,25.6672162809067,306.032194118503,28
"545",2021-08-27,28395,327,593,24,25.9,33,0,0,33,2,1,9,8,0,1558,33,896,0.0278999996185303,9,0,2.7622541058788,1.7747058508512,32.0510026856968,317.596299340087,33
"546",2021-08-28,28427,331,593,38,27.4,32,0,0,29,2,1,11,10,0,1560,29,1115,0.0242199993133545,16,0,2.38773644866404,1.85931273391266,28.2791053499159,322.771857614557,32
"547",2021-08-29,28466,352,593,28,29,39,0,0,35,1,0,10,10,0,1561,35,537,0.0260700011253357,2,0,2.59732664272825,1.98589444000881,34.0535840944616,342.481760035728,39
"548",2021-08-30,28503,374,593,20,29.6,37,0,0,36,1,1,9,8,0,1562,36,627,0.0111600005626678,9,0,1.10020760264037,1.92370420131231,35.5876513679596,369.716155878246,37
"549",2021-08-31,28533,382,593,22,29,30,0,0,24,0,1,7,6,0,1562,24,553,0.0361700010299683,16,0,3.51529183999516,2.20977716997143,23.1216652942189,368.019839266317,30
"550",2021-09-01,28572,393,593,55,33,39,0,0,37,2,1,9,8,0,1564,37,807,0.0309800004959106,5,0,3.0789236946059,2.38159475143533,35.8139907789653,380.402658814415,39
"551",2021-09-02,28617,420,593,34,31.6,45,0,1,39,1,1,10,9,0,1565,39,1298,0.0169500005245209,8,0,1.68461720373875,2.44662250546447,39.3160044847079,412.633894450701,45
"552",2021-09-03,28669,452,593,50,35.3,52,0,1,49,1,2,5,3,0,1566,49,1050,0.035239999294281,45,0.0222199988365173,3.47049307823181,2.5477995015149,48.229586639827,435.668840024527,52
"553",2021-09-04,28724,483,593,38,35.3,55,0,0,52,0,2,5,3,0,1566,52,911,0.0318300008773804,8,0,3.1552917083018,2.65745025289172,50.2918332044994,467.133758418715,55
"554",2021-09-05,28750,477,593,23,34.6,26,0,0,25,2,1,7,6,0,1568,25,412,0.0388299989700317,6,0,3.82726305637633,2.83315545484145,24.0038706470486,457.993851945687,26
"555",2021-09-06,28810,494,593,29,35.9,60,0,1,53,1,1,8,7,0,1569,53,519,0.0346799993515015,2,0,3.45468707551425,3.169509665252,52.0937844827911,476.232632726392,60
"556",2021-09-07,28875,519,593,50,39.9,65,1,2,56,1,1,8,7,0,1570,57,825,0.0460599994659424,11,0.0909099960327148,4.66501309997157,3.33375555953435,56.2316873389361,493.793784717681,65
"557",2021-09-08,28927,532,594,66,41.4,52,0,1,50,2,1,7,6,1,1572,50,1376,0.03125,17,0,3.08686288585786,3.3348897297132,49.393152138306,514.903138751576,52
"558",2021-09-09,28997,577,594,58,44.9,70,0,3,63,3,2,10,8,0,1575,63,1485,0.0343400001525879,13,0,3.40419894703558,3.58054426446989,63.7672356041159,556.550713390077,70
"559",2021-09-10,29063,607,594,62,46.6,66,0,0,58,0,1,7,6,0,1575,58,1263,0.0332500004768372,35,0,3.23534288152892,3.54695137922662,56.0463996553832,586.554561910649,66
"560",2021-09-11,29117,629,594,44,47.4,54,0,0,49,1,1,7,6,0,1576,49,1162,0.0309800004959106,15,0,3.05851831573901,3.5331266088605,47.4397485986986,608.971466705743,54
"561",2021-09-12,29172,641,594,53,51.7,55,0,1,50,2,1,8,7,0,1578,50,585,0.0598299980163574,3,0,5.95247429244372,3.83672821401299,47.9014754000182,601.276914628233,55
"562",2021-09-13,29234,670,594,36,52.7,62,0,0,55,5,4,13,9,0,1583,55,530,0.0301900005340576,20,0,2.90921823328192,3.75880409369408,53.3341863901233,649.707361479684,62
"563",2021-09-14,29296,689,594,63,54.6,62,0,2,55,2,5,10,5,0,1585,55,1224,0.0334999990463257,29,0,3.27246598824442,3.55986879201878,55.1261913187838,665.526287611674,62
"564",2021-09-15,29343,701,594,58,53.4,47,0,1,42,2,6,11,5,0,1587,42,1537,0.0305800008773804,13,0,3.03235234506669,3.55208157190575,41.6740829081613,678.869812348121,47
"565",2021-09-16,29403,729,594,63,54.1,60,1,1,50,1,7,11,4,0,1588,51,1708,0.0316199994087219,39,0,3.09141150487104,3.50739765159653,50.3586000697487,705.537636291113,60
"566",2021-09-17,29463,726,595,90,58.1,60,1,2,46,0,7,9,2,1,1588,47,1417,0.0310500001907349,4,0,3.0962596953041,3.48752862499299,47.4849650446622,702.597545157973,60
"567",2021-09-18,29525,742,595,44,58.1,62,0,5,50,0,7,8,1,0,1588,50,1575,0.0298399996757507,28,0,2.93187769739909,3.46943710808728,53.4738287436098,719.351618555169,62
"568",2021-09-19,29568,733,595,60,59.1,43,2,1,39,3,7,9,2,0,1591,41,1058,0.0321399998664856,3,0,3.20491233352891,3.07692825681374,40.6319958123228,708.542754400795,43
"569",2021-09-20,29619,712,595,60,62.6,51,2,0,40,2,8,11,3,0,1593,42,1220,0.0385199999809265,66,0.0606099987030029,3.965370131503,3.22780709941675,40.2661144106884,682.606510962146,51
"570",2021-09-21,29679,711,595,36,58.7,60,0,0,51,1,7,12,5,0,1594,51,1196,0.0200699996948242,23,0,1.96913204552992,3.04161653617182,49.9544797911583,696.424218264971,60
"571",2021-09-22,29730,698,595,63,59.4,51,0,0,42,4,9,15,6,0,1598,42,2383,0.0180400002002716,29,0,1.78231013587261,2.86303907771552,41.2206725330071,685.048319715213,51
"572",2021-09-23,29766,670,595,44,56.7,36,0,0,29,3,9,16,7,0,1601,29,1528,0.0274900007247925,48,0,2.66527418194689,2.80216231729779,28.1953124056686,651.408941786136,36
"573",2021-09-24,29810,664,595,56,51.9,44,1,0,34,2,8,16,8,0,1603,35,2089,0.0181900000572205,48,0,1.7781427290376,2.61385989354543,34.3520789671218,651.708012404824,44
"574",2021-09-25,29854,660,595,62,54.4,44,0,1,35,2,10,16,6,0,1605,35,1935,0.0273900008201599,32,0,2.6944408534321,2.57994034440729,35.018197542708,641.486010805351,44
"575",2021-09-26,29902,638,595,38,51.3,48,1,0,38,3,11,17,6,0,1608,39,1060,0.0339599990844727,4,0,3.38323299149822,2.60541472411719,37.6263252041845,615.528089237686,48
"576",2021-09-27,29943,619,595,31,47.1,41,0,0,29,0,11,17,6,0,1608,29,852,0.0164300000667572,15,0.0666699981689453,1.72992041861722,2.28606476513351,28.4777102072759,607.851814424269,41
"577",2021-09-28,29988,595,596,44,48.3,45,1,1,32,3,11,18,7,1,1611,33,1723,0.0203099989891052,35,0,1.99056474733949,2.28912657967773,33.3161235256556,582.669499932275,45
"578",2021-09-29,30033,583,596,65,48.6,45,1,0,37,0,11,18,7,0,1611,38,2041,0.0215599989891052,8,0,2.14758213454191,2.34130829377335,37.1503876929073,569.965158551709,45
"579",2021-09-30,30081,586,596,61,51,48,2,0,38,3,12,20,8,0,1614,40,1837,0.017960000038147,29,0,1.76808789228703,2.21313882382194,39.2637060072802,575.213293006656,48
"580",2021-10-01,30124,569,596,48,49.9,43,0,0,24,1,11,19,8,0,1615,24,1834,0.0196300005912781,13,0,1.94918359958874,2.23757323390067,23.5129748307155,557.453444944879,43
"581",2021-10-02,30160,551,596,60,49.6,36,0,0,28,0,9,14,5,0,1615,28,1477,0.0189600002765656,13,0,1.87945774553606,2.12114707562981,27.452129377984,540.218688831043,36
"582",2021-10-03,30187,537,597,37,49.4,27,5,0,18,2,7,13,6,1,1617,23,1029,0.0213800001144409,12,0,2.11335447817096,1.9397358594402,22.4939567920844,525.184991189101,27
"583",2021-10-04,30231,534,598,25,48.6,44,1,0,40,0,4,9,5,1,1617,41,1256,0.0199000000953674,8,0,1.97740507276752,1.9750908100331,40.1559524446331,523.00679525449,44
"584",2021-10-05,30281,531,598,33,47,50,1,0,42,0,4,8,4,0,1617,43,1637,0.0116100001335144,13,0,1.15185274051897,1.85527480905874,42.4843526012933,524.632354215971,50
"585",2021-10-06,30321,521,598,28,41.7,40,1,0,32,0,4,7,3,0,1617,33,1958,0.0127699995040894,36,0,1.25394478580777,1.72761233066815,32.5691959579376,514.198518002591,40
"586",2021-10-07,30358,510,598,53,40.6,37,1,0,31,2,3,7,4,0,1619,32,1681,0.0184399998188019,9,0,1.83417986363349,1.7370540408605,31.388946388445,500.261333065842,37
"587",2021-10-08,30386,492,600,59,42.1,28,0,0,19,0,2,5,3,2,1619,19,2154,0.0246099996566772,13,0,2.44623623721656,1.80806156052162,18.5161180613847,479.470004536909,28
"588",2021-10-09,30415,472,600,37,38.9,29,1,0,26,3,3,6,3,0,1622,27,1520,0.0184200000762939,12,0,1.82757180913621,1.80064928389307,26.4862809980286,463.019430780352,29
"589",2021-10-10,30436,434,601,20,36.4,21,0,0,19,2,3,6,3,1,1624,19,1009,0.0178400003910065,24,0,1.7425518290925,1.74767747688186,18.65531155807,426.126590326441,21
"590",2021-10-11,30455,412,601,18,35.4,19,0,0,17,1,4,7,3,0,1625,17,635,0.0220499992370605,7,0,2.18095786846315,1.77675644769552,16.6140032810756,402.645255988419,19
"591",2021-10-12,30489,412,601,31,35.1,34,0,0,27,2,5,7,2,0,1627,27,1118,0.0143099999427795,12,0,1.41580353416173,1.8144637039302,26.6020264840368,405.927218941599,34
"592",2021-10-13,30511,407,601,24,34.6,22,0,0,20,0,5,7,2,0,1627,20,1674,0.0203099989891052,9,0,2.02013893688426,1.92392001122684,19.5793715430732,398.44021090154,22
"593",2021-10-14,30531,394,601,39,32.6,20,0,0,17,0,5,6,1,0,1627,17,1288,0.0116499996185303,33,0,1.13589701049712,1.82416531792165,16.7989633245887,389.340679405173,20
"594",2021-10-15,30567,379,601,33,28.9,36,1,0,20,2,5,8,3,0,1629,21,1605,0.0155799996852875,15,0,1.54357404289422,1.6952135758756,20.6625307726324,372.909483944175,36
"595",2021-10-16,30597,373,602,21,26.6,30,0,0,24,1,4,8,4,1,1630,24,1409,0.0156099998950958,8,0,1.55218700438885,1.65587288948312,23.6121688389266,366.972457371651,30
"596",2021-10-17,30622,364,602,34,28.6,25,1,0,20,0,4,8,4,0,1630,21,815,0.0368099999427795,8,0,3.64521870636274,1.92768244337887,20.2030514207692,350.186224626665,25
"597",2021-10-18,30658,369,602,23,29.3,36,3,0,23,1,3,9,6,0,1631,26,812,0.0135500001907349,20,0,1.32242790323037,1.80503530548847,25.6420414271368,363.919741792826,36
"598",2021-10-19,30680,353,602,23,28.1,22,0,0,19,3,2,11,9,0,1634,19,1138,0.0105400002002716,9,0,1.04572974959975,1.75216762197962,18.7931476401152,349.156900892666,22
"599",2021-10-20,30706,349,602,35,29.7,26,1,0,20,1,3,11,8,0,1635,21,1788,0.0134200000762939,19,0,1.32788932686295,1.653274820548,20.7096855915471,344.175251021425,26
"600",2021-10-21,30724,338,602,44,30.4,18,0,0,15,0,3,11,8,0,1635,15,1305,0.0214599990844727,7,0,2.13455021381378,1.79593956387895,14.6666618272105,330.48877983981,18
"601",2021-10-22,30750,324,602,34,30.6,26,0,0,12,0,2,8,6,0,1635,12,1417,0.0218799996376038,19,0,2.15905010351564,1.8838647153963,11.730268677004,316.717254279107,26
"602",2021-10-23,30774,325,602,22,30.7,24,0,1,20,0,1,6,5,0,1635,20,1331,0.0120200002193451,9,0,1.19392688745883,1.83268469869201,20.7514034232072,320.960305627118,24
"603",2021-10-24,30794,318,603,14,27.9,20,0,0,12,1,1,6,5,1,1636,12,822,0.00243000000715256,8,0,0.240657832033663,1.34631885950214,11.9699344840038,317.203263826101,20
"604",2021-10-25,30820,310,603,15,26.7,26,0,2,19,3,1,6,5,0,1639,19,815,0.0135000002384186,5,0,1.34176831637941,1.34908177566629,20.7345892255929,305.669613680727,26
"605",2021-10-26,30842,297,603,30,27.7,22,0,6,14,3,2,8,6,0,1642,14,1386,0.0180400002002716,10,0,1.79107738378055,1.45556000912069,19.7389463310199,291.461932879493,22
"606",2021-10-27,30868,306,603,35,27.7,26,1,5,19,2,2,9,7,0,1644,20,1365,0.014650000333786,9,0,1.45540396329097,1.47377638575326,24.6969592971519,301.363477246424,26
"607",2021-10-28,30893,298,603,26,25.1,25,1,6,17,4,3,13,10,0,1648,18,1856,0.0113100004196167,41,0,1.10655565518232,1.32692002023448,23.7926360854097,294.566975191783,25
"608",2021-10-29,30914,294,603,12,22,21,0,1,17,1,3,14,11,0,1649,17,1548,0.0148599994182587,18,0,1.46891948272442,1.22832993155002,17.7400233590503,289.503933385929,21
"609",2021-10-30,30936,284,603,28,22.9,22,0,2,19,1,2,15,13,0,1650,19,1179,0.0118700003623962,7,0,1.17999413383349,1.22633953817497,20.7665892441837,280.511123439377,22
"610",2021-10-31,30958,271,604,32,25.4,22,0,2,17,0,1,14,13,1,1650,17,930,0.0128999996185303,7,0,1.28036282233011,1.37486882250304,18.7733950501297,267.387650505009,22
"611",2021-11-01,31008,295,604,13,25.1,50,0,10,36,1,1,13,12,0,1651,36,774,0.0116299998760223,13,0,1.14378906023396,1.34658607162512,45.5713174011901,291.487184259752,50
"612",2021-11-02,31058,322,604,31,25.3,50,1,6,37,2,0,14,14,0,1653,38,1519,0.0190900003910065,17,0,1.88787178345956,1.36041384300783,43.2531325923968,315.671281440836,50
"613",2021-11-03,31101,344,604,44,26.6,43,0,19,22,2,0,15,15,0,1655,22,1656,0.0162999999523163,11,0,1.61924414643286,1.38381958345667,40.629129378335,338.200932097602,43
"614",2021-11-04,31134,363,604,33,27.6,33,2,5,23,4,0,18,18,0,1659,25,1510,0.0251699995994568,35,0,2.45998054337733,1.57716599605596,29.3597359808166,353.703366441458,33
"615",2021-11-05,31172,379,606,45,32.3,38,0,7,22,2,1,18,17,2,1661,22,1263,0.0213800001144409,15,0.0666699981689453,2.19115728615595,1.68034282511761,28.4981387663666,370.354299656952,38
"616",2021-11-06,31204,384,607,40,34,32,3,4,20,3,1,19,18,1,1664,23,1413,0.0212299990653992,10,0.1,2.17835479124449,1.82296577617632,26.4783924524135,375.291421814208,32
"617",2021-11-07,31241,402,608,39,35,37,3,3,26,6,3,23,20,1,1670,29,1016,0.0255900001525879,10,0,2.53405849464223,2.0020651579352,31.2349284558562,391.394525491524,37
"618",2021-11-08,31305,438,609,36,38.3,64,6,7,45,1,2,22,20,1,1671,51,841,0.026159999370575,13,0.0769199991226196,2.69326925752314,2.22341947183365,56.5699956267611,425.718785971007,64
"619",2021-11-09,31347,454,609,39,39.4,42,0,10,28,3,2,24,22,0,1674,28,1610,0.0217400002479553,21,0.0476200008392334,2.20732191396885,2.26905520476355,37.3565554570898,443.567006339955,42
"620",2021-11-10,31387,471,609,34,38,40,1,5,27,5,2,28,26,0,1679,28,1457,0.0102999997138977,72,0.0555600023269653,1.24312751803077,2.21532425784897,32.6376225812119,464.904294133957,40
"621",2021-11-11,31434,476,610,48,40.1,47,1,5,36,3,5,31,26,1,1682,37,1599,0.0212599992752075,24,0,2.09456185095852,2.16312158750342,41.1931694593093,465.620234125168,47
"622",2021-11-12,31493,497,610,50,40.9,59,1,2,36,1,5,32,27,0,1683,37,1489,0.0187999999523163,28,0.0357100009918213,1.91121159899604,2.12312934648058,38.2637964416822,487.11099544638,59
"623",2021-11-13,31528,514,611,43,41.3,35,1,5,27,1,3,30,27,1,1684,28,1586,0.0195500004291534,20,0,1.93065384063744,2.08774349639386,32.4372054795699,503.668700589248,36
"624",2021-11-14,31560,521,611,43,41.9,32,1,2,26,0,3,26,23,0,1684,27,912,0.037279999256134,8,0,3.6955825349559,2.25367550215295,27.9611948695697,500.954908409104,34
"625",2021-11-15,31598,518,613,41,42.6,38,1,2,33,1,2,22,20,2,1685,34,867,0.0230699992179871,18,0,2.26007788949094,2.19179102100549,35.2000004562473,505.811771656944,39
"626",2021-11-16,31647,534,614,42,43,49,1,4,36,1,1,22,21,1,1686,37,1691,0.0212899994850159,24,0,2.09920636321643,2.17634594232658,40.1913803814004,522.329651991022,50
"627",2021-11-17,31666,499,614,44,44.4,19,0,1,11,1,2,21,19,0,1687,11,1830,0.0147500002384186,19,0.0526300001144409,1.51392484794377,2.21503127517129,11.826625820835,491.135116781516,24
"628",2021-11-18,31699,483,614,40,43.3,33,1,1,18,1,3,19,16,0,1688,19,1622,0.0185000002384186,42,0.0238100004196167,1.86340266852998,2.18200853482436,19.6314064512857,473.629963998473,35
"629",2021-11-19,31732,481,614,25,39.7,33,0,2,22,2,2,17,15,0,1690,22,1564,0.0140699994564056,40,0,1.37191266520065,2.10496582999644,23.6857780192481,474.129964875379,36
"630",2021-11-20,31766,461,615,51,40.9,34,1,0,28,1,2,14,12,1,1691,29,1547,0.0174500000476837,76,0.0131599998474121,1.72491127924646,2.07557403551202,28.4792225441069,452.72143423563,38
"631",2021-11-21,31799,453,616,25,38.3,33,0,2,24,1,1,14,13,1,1692,24,914,0.0229800009727478,5,0,2.28549737639733,1.87413329857508,25.4289430986008,442.22130098609,41
"632",2021-11-22,31838,431,616,32,37,39,0,1,34,2,0,16,16,0,1694,34,964,0.016599999666214,18,0,1.62957226865889,1.78406106702765,34.4231804675843,423.687964162613,49
"633",2021-11-23,31869,419,617,28,35,31,0,1,21,2,0,15,15,1,1696,21,1396,0.0100300002098084,9,0,0.99657510981441,1.62654231654164,21.7821203110592,414.652781444467,42
"634",2021-11-24,31893,404,617,46,35.3,24,0,0,22,0,0,12,12,0,1696,22,1680,0.0190499997138977,16,0,1.88702827354647,1.67984280591346,21.5677962767682,396.063167991561,43
"635",2021-11-25,31921,392,618,59,38,28,0,0,24,0,0,10,10,1,1696,24,1408,0.0213100004196167,6,0,2.1219576089689,1.71677922597616,23.4698053257062,383.340153653202,38
"636",2021-11-26,31943,370,618,51,41.7,22,0,0,22,2,0,11,11,0,1698,22,NA,NA,NA,NA,NA,NA,NA,NA,40
"637",2021-11-27,31943,345,618,29,38.6,0,0,0,0,0,0,10,10,0,1698,0,NA,NA,NA,NA,NA,NA,NA,NA,NA
