"","date","observed_cumulative_cases","observed_active_cases","observed_cumulative_deaths","observed_new_cases","observed_daily_average_cases","observed_new_episodes","observed_new_cases_community_outbreak","observed_new_cases_institution_outbreak","observed_new_cases_sporadic","observed_new_ICU_p_acute_care","observed_census_ICU","observed_census_ICU_p_acute_care","observed_census_acute_care","observed_new_deaths","cumulative_hosp","observed_new_community_cases","num_non_ltch_tests","non_ltch_pct_positivity","num_ltch_tests","ltch_pct_positivity","observed_pct_positivity","pct_positivity_7_day","adjusted_new_episodes","adjusted_active_cases","adjusted_episode_cases"
"1",2020-03-01,7,7,0,0,0,2,0,0,2,0,0,1,1,0,0,2,NA,NA,NA,NA,NA,NA,NA,NA,2
"2",2020-03-02,10,10,0,0,0,3,2,0,1,0,0,1,1,0,0,3,NA,NA,NA,NA,NA,NA,NA,NA,3
"3",2020-03-03,11,11,0,0,0,1,0,0,1,0,0,1,1,0,0,1,NA,NA,NA,NA,NA,NA,NA,NA,1
"4",2020-03-04,12,12,0,0,0,1,0,0,1,0,0,1,1,0,0,1,NA,NA,NA,NA,NA,NA,NA,NA,1
"5",2020-03-05,18,18,0,0,0,6,2,0,4,0,0,1,1,0,0,6,NA,NA,NA,NA,NA,NA,NA,NA,6
"6",2020-03-06,23,23,0,0,0,5,0,1,4,0,0,1,1,0,0,4,NA,NA,NA,NA,NA,NA,NA,NA,5
"7",2020-03-07,27,27,0,0,0,4,0,0,4,0,0,1,1,0,0,4,NA,NA,NA,NA,NA,NA,NA,NA,4
"8",2020-03-08,36,36,0,0,0,9,1,0,8,0,0,1,1,0,0,9,NA,NA,NA,NA,NA,NA,NA,NA,9
"9",2020-03-09,45,45,0,1,0.1,9,0,0,9,0,0,1,1,0,0,9,NA,NA,NA,NA,NA,NA,NA,NA,9
"10",2020-03-10,52,52,0,0,0.1,7,1,0,6,0,0,1,1,0,0,7,NA,NA,NA,NA,NA,NA,NA,NA,7
"11",2020-03-11,61,61,0,0,0.1,9,0,0,9,0,0,1,1,0,0,9,NA,NA,NA,NA,NA,NA,NA,NA,9
"12",2020-03-12,75,75,0,3,0.6,14,1,0,13,0,0,1,1,0,0,14,NA,NA,NA,NA,NA,NA,NA,NA,14
"13",2020-03-13,97,97,0,1,0.7,22,2,2,18,0,0,1,1,0,0,20,NA,NA,NA,NA,NA,NA,NA,NA,22
"14",2020-03-14,115,115,0,4,1.3,18,1,1,16,1,0,2,2,0,1,17,NA,NA,NA,NA,NA,NA,NA,NA,18
"15",2020-03-15,142,142,0,4,1.9,27,1,0,26,0,0,2,2,0,1,27,NA,NA,NA,NA,NA,NA,NA,NA,27
"16",2020-03-16,157,157,0,0,1.7,15,0,0,15,0,0,2,2,0,1,15,NA,NA,NA,NA,NA,NA,NA,NA,15
"17",2020-03-17,180,179,0,5,2.4,23,1,0,22,2,0,4,4,0,3,23,127,0,4,0,0,0,23,179,23
"18",2020-03-18,196,194,0,4,3,16,0,0,16,0,0,3,3,0,3,16,210,0.01904999971,1,0,1.89597153511848,0.947985767559242,15.7080181386605,190.459719931259,16
"19",2020-03-19,221,219,0,1,2.7,25,0,0,25,4,0,7,7,0,7,25,110,0.02726999998,9,0,2.52075630067227,1.47224261193025,24.3934383515419,213.686519959507,25
"20",2020-03-20,243,241,0,2,2.9,22,1,1,20,3,1,10,9,0,10,21,137,0.00730000019,4,0,0.709290798602837,1.2815046585984,21.8566334950449,239.35469868123,22
"21",2020-03-21,263,261,0,4,2.9,20,0,2,18,3,1,10,9,0,13,18,204,0.01470999956,3,0,1.44968111605797,1.31513995009031,19.7488408155809,257.358191825923,20
"22",2020-03-22,289,287,0,7,3.3,26,0,1,25,3,5,13,8,0,16,25,159,0.03144999981,2,0,3.10593165825466,1.61360523478437,25.2526294485006,278.420186068787,26
"23",2020-03-23,310,308,0,9,4.6,21,1,0,20,4,5,17,12,0,20,21,138,0.03622999907,3,0,3.54591480259574,1.88964945875742,20.283276459926,297.488054745582,21
"24",2020-03-24,328,324,1,8,5,18,1,3,14,3,7,20,13,1,23,15,253,0.01975999951,4,0,1.94524508794942,2.16754161417877,17.7191530811082,317.933706551937,18
"25",2020-03-25,351,347,1,8,5.6,23,0,1,22,4,8,23,15,0,27,22,153,0.05881999969,2,0,5.80610319520645,2.72613185133419,21.7705481956541,327.60819199509,23
"26",2020-03-26,365,357,1,19,8.1,14,1,3,10,2,7,25,18,0,29,11,274,0.02555000067,3,0,2.52732858612996,2.72707074925672,13.7324170286055,348.315716292016,14
"27",2020-03-27,382,365,1,27,11.7,17,3,2,12,5,9,26,17,0,34,15,577,0.02946000099,4,0,2.92571782637349,3.04370318179539,16.5775962411245,354.721508534031,17
"28",2020-03-28,407,387,2,26,14.9,25,1,1,23,3,8,25,17,1,37,24,367,0.08173999786,3,0,8.10772411205946,3.99485218122417,23.1271013301489,356.799508948652,25
"29",2020-03-29,426,399,2,11,15.4,19,5,4,10,7,8,31,23,0,44,15,184,0.0434800005,0,0,4.34800005,4.17229052290208,18.3722526662842,382.301920923161,19
"30",2020-03-30,451,408,3,48,21,25,8,3,14,4,12,32,20,1,48,22,549,0.07831999779,0,0,7.831999779,4.78458837667411,23.3415612957279,377.2435003935,25
"31",2020-03-31,468,405,3,51,27.1,17,2,3,12,6,13,34,21,0,54,14,943,0.06468999863,0,0,6.468999863,5.4308390588242,16.1282955662756,379.782836024402,17
"32",2020-04-01,495,408,3,37,31.3,27,6,4,16,3,15,33,18,0,57,22,575,0.05738999844,4,0.25,5.87206374835924,5.44026199498888,24.7565809411354,384.940228362875,27
"33",2020-04-02,512,404,6,32,33.1,17,5,4,7,6,14,34,20,3,63,12,107,0.08411000252,9,0,7.75842264624138,6.18756114643337,15.1038952945701,373.83114158386,17
"34",2020-04-03,540,410,6,26,33,28,3,4,20,5,14,37,23,0,68,23,217,0.1106000042,2,0,10.9589958499543,7.3351722926592,24.5739336406669,366.752730116237,28
"35",2020-04-04,557,417,7,18,31.9,17,3,7,6,7,14,43,29,1,75,9,315,0.02539999962,3,0,2.51603769820755,6.53635994782321,15.7820465586363,406.90149055015,17
"36",2020-04-05,584,428,8,40,36,27,4,8,13,4,13,43,30,1,79,17,422,0.06635000229,5,0.2,6.79149905535831,6.88543123430297,23.8887324229771,400.022204531424,27
"37",2020-04-06,603,428,9,40,34.9,19,3,7,9,4,12,44,32,1,83,12,238,0.1176500034,4,0.25,11.9837606649587,7.47853993229707,17.6158650011394,378.632518373973,19
"38",2020-04-07,626,426,9,25,31.1,23,2,11,10,4,14,45,31,0,87,12,285,0.1087699986,6,0,10.6527318216495,8.07621592638985,21.7696000145484,382.320800516467,23
"39",2020-04-08,646,429,11,26,29.6,20,1,10,8,5,16,44,28,2,92,9,368,0.0434800005,6,0.3333300018,4.81300005208556,7.92492111263647,18.583070664886,409.126368359564,20
"40",2020-04-09,682,437,11,25,28.6,36,1,20,13,6,16,47,31,0,98,14,295,0.09491999626,5,0,9.33379963223333,8.14997496777818,32.7422608293054,397.740570171891,36
"41",2020-04-10,716,454,11,37,30.1,34,0,20,13,4,16,49,33,0,102,13,331,0.09062999725,8,0,8.84912362529498,7.8485646499697,31.8927448931453,415.331244729845,34
"42",2020-04-11,760,484,11,31,32,44,0,34,8,6,19,54,35,0,108,8,225,0.1022200012,11,0.3636399841,11.4404830911441,9.1234854203892,41.1190760289115,430.704099749143,44
"43",2020-04-12,793,499,13,35,31.3,33,0,18,14,1,18,50,32,2,109,14,227,0.1013199997,12,0.5,12.1337405572803,9.88666277780663,30.3649658887862,440.722712750307,33
"44",2020-04-13,817,506,16,16,27.9,24,0,19,5,3,20,52,32,3,112,5,165,0.0606099987,26,0.03845999956,5.75948155709948,8.99748004811246,23.7228228189606,477.949669278814,24
"45",2020-04-14,850,506,18,32,28.9,33,0,26,7,5,20,51,31,2,117,7,208,0.06730999947,18,0.1666699982,7.52236276874336,8.55028446912587,32.4931769116968,469.363931045514,33
"46",2020-04-15,879,504,24,60,33.7,29,3,17,9,4,16,51,35,6,121,12,390,0.1,24,0.2083300018,10.6280000104348,9.38099874889005,27.7724565607065,452.443175549674,29
"47",2020-04-16,949,553,24,21,33.1,70,1,55,13,7,13,53,40,0,128,14,310,0.03548000097,11,0,3.42641753915888,8.53708702130798,68.5382866866702,534.762324123473,70
"48",2020-04-17,981,557,26,73,38.3,32,0,26,6,0,13,49,36,2,128,6,378,0.08465999603,66,0.5,14.6399726349865,9.36435116554963,31.1545350798895,478.512673249739,32
"49",2020-04-18,1021,579,31,31,38.3,40,1,30,9,1,11,46,35,5,129,10,421,0.06176000118,8,0,6.06082995262937,8.59582928861896,39.4166406318436,545.223492583747,40
"50",2020-04-19,1038,582,35,38,38.7,17,0,13,4,5,15,47,32,4,134,4,452,0.04425000191,47,0.1276599979,5.21062540373146,7.60681283811198,16.7993893795419,552.811154723344,17
"51",2020-04-20,1099,618,39,16,38.7,61,1,47,13,3,13,45,32,4,137,14,325,0.05230999947,43,0.02325999975,4.89155701548913,7.48282361788192,60.340857624282,588.903572271875,61
"52",2020-04-21,1135,631,47,51,41.4,36,0,26,10,2,11,43,32,8,139,10,543,0.06998000145,25,0.36,8.2744966174912,7.59027131056019,35.2035735771637,580.74549271903,36
"53",2020-04-22,1176,647,54,35,37.9,41,1,31,9,4,9,45,36,7,143,10,656,0.02438999891,122,0.1065600014,3.72752692233419,6.60448944083153,40.6412227752314,623.787113557472,41
"54",2020-04-23,1221,662,57,50,42,45,0,35,10,5,11,48,37,3,148,10,775,0.03612999916,105,0.02857000113,3.52279539405114,6.61825770581614,44.6609283363368,639.553455865496,45
"55",2020-04-24,1262,669,65,38,37,41,0,36,5,7,10,48,38,8,155,5,517,0.04061999798,94,0.1063799953,5.07369206446154,5.25164619574115,40.7558266920473,636.329611395933,41
"56",2020-04-25,1363,741,78,53,40.1,101,0,95,6,4,9,48,39,13,159,6,557,0.0502699995,28,0.03571000099,4.95731106824274,5.09400064082877,100.713713084664,705.643565955994,101
"57",2020-04-26,1417,760,87,87,47.1,54,0,41,13,5,9,50,41,9,164,13,358,0.05027999878,81,0.01235000014,4.32815252268337,4.96793308639333,53.4584357517293,728.339320870331,54
"58",2020-04-27,1478,784,95,87,57.3,61,0,54,7,8,11,56,45,8,172,7,269,0.06320000172,80,0.1,7.16355314116905,5.29250396149046,60.5173518962264,729.943412377356,61
"59",2020-04-28,1499,780,103,65,59.3,21,0,14,7,7,13,61,48,8,179,7,503,0.06163000107,11,0.2727300072,6.61477054813424,5.05540023729661,20.5543264077143,730.339228288163,21
"60",2020-04-29,1524,769,111,29,58.4,25,0,17,8,7,13,62,49,8,186,8,668,0.03144000053,74,0.1486499977,4.31294072558491,5.13903078061814,24.6679010107543,737.076984658755,25
"61",2020-04-30,1544,759,122,30,55.6,20,0,10,10,2,11,56,45,11,188,10,603,0.04145999908,6,0.3333300018,4.43355656092611,5.26913951874314,19.5732669000315,726.610957712392,20
"62",2020-05-01,1567,742,135,43,56.3,23,0,16,7,6,11,57,46,13,194,7,516,0.03101000071,55,0.09090999603,3.67797025359194,5.06975068861891,22.75219484889,715.732653982341,23
"63",2020-05-02,1588,743,139,22,51.9,21,0,15,6,4,12,57,45,4,198,6,508,0.05118000031,28,0.03571000099,5.03718660171642,5.08116147911515,20.7091002371395,706.976912699106,21
"64",2020-05-03,1607,724,148,23,42.7,19,0,13,6,3,12,52,40,9,201,6,826,0.02058000088,231,0.00432999998,1.702867618,4.7061207784461,18.9016586389533,712.13347576703,19
"65",2020-05-04,1625,721,152,14,32.3,18,0,11,7,6,10,52,42,4,207,7,637,0.01098999977,24,0.125,1.51295459205598,3.89889241428708,17.8980639006145,710.500581763295,18
"66",2020-05-05,1650,721,156,29,27.1,25,0,24,1,3,9,50,41,4,210,1,923,0.02924999952,29,0.1724099922,3.36109656835714,3.4340818457475,24.9676491967972,697.675070890807,25
"67",2020-05-06,1666,694,161,23,26.3,16,0,11,5,4,10,52,42,5,214,5,598,0.01672000051,149,0.01342000008,1.60617674925033,3.0474012776997,15.9227021496302,683.271058368674,16
"68",2020-05-07,1689,672,167,32,26.6,23,0,16,7,6,10,54,44,6,220,7,813,0.03566999912,234,0.01281999946,3.05631224051576,2.85065208906965,22.7940793795543,652.231620437217,23
"69",2020-05-08,1702,639,173,16,22.7,13,0,8,5,4,8,54,46,6,224,5,715,0.00978999972,127,0.04723999977,1.54386339318171,2.54577968043962,12.925701002948,629.504588176754,13
"70",2020-05-09,1719,623,179,12,21.3,17,0,12,5,5,6,51,45,6,229,5,1100,0.01544999957,164,0.03049000025,1.74013920632911,2.07477290967001,16.916255156815,612.565392539144,17
"71",2020-05-10,1731,554,185,25,21.6,12,0,8,4,3,5,52,47,6,232,4,907,0.01764000058,316,0.01266000032,1.63532629821586,2.06512414970084,11.9370394534403,545.279964301488,12
"72",2020-05-11,1751,535,188,14,21.6,20,0,14,6,1,5,51,46,3,233,6,517,0.00967000008,197,0.01523000002,1.12040616880952,2.00904580352278,19.9352960462685,529.230564125612,20
"73",2020-05-12,1774,518,193,13,19.3,23,0,17,6,4,6,51,45,5,237,6,835,0.01317000031,322,0.0031099999,1.03702422010804,1.67703546805862,22.9401113908293,512.829616741597,23
"74",2020-05-13,1795,500,195,21,19,21,0,15,6,2,7,47,40,2,239,6,1249,0.01440999985,224,0.01338999987,1.42548878367481,1.65122290154783,20.9176773897973,493.139782483109,21
"75",2020-05-14,1809,472,198,25,18,14,0,10,4,2,6,45,39,3,241,4,1046,0.02677000046,127,0.02361999989,2.64289518049361,1.59216332154467,13.8982477532189,459.993234879825,14
"76",2020-05-15,1829,458,201,17,18.1,20,0,12,8,1,5,44,39,3,242,8,1163,0.01203999996,137,0.01460000038,1.23097846196462,1.54746547422794,19.9052139296567,452.573497472847,20
"77",2020-05-16,1845,438,207,19,19.1,16,0,6,10,1,4,42,38,6,243,10,967,0.01343999982,25,0.04,1.4109354663246,1.50043636851301,15.8641964172271,432.051803074546,16
"78",2020-05-17,1857,398,212,15,17.7,12,0,9,3,1,2,42,40,5,244,3,353,0.02549999952,10,0.1,2.75523411310193,1.66042319921102,11.9204420032947,387.445305770432,12
"79",2020-05-18,1872,390,213,26,19.4,15,0,8,7,2,1,43,42,1,246,7,376,0.03989000082,17,0.05881999969,4.07088557329517,2.08192025699468,14.7257219756857,374.718795788204,15
"80",2020-05-19,1884,353,219,23,20.9,12,0,8,4,0,1,40,39,6,246,4,359,0.03900000095,31,0.2258099937,5.3849000373718,2.70304537374665,11.7926797545591,334.703988339842,12
"81",2020-05-20,1899,339,223,17,20.3,15,0,9,6,3,1,41,40,4,249,6,675,0.02963000059,36,0.05556000233,3.09429120705063,2.94144571994319,14.8213033088658,328.903636950916,15
"82",2020-05-21,1907,325,229,11,18.3,8,0,1,7,0,1,38,37,6,249,7,478,0.02092000008,36,0,1.94547860666148,2.84181478082432,7.86892237107296,318.914252942673,8
"83",2020-05-22,1914,309,233,7,16.9,7,0,3,4,1,1,36,35,4,250,4,514,0.00583999991,14,0,0.568515142753788,2.7471771637942,6.97811199871593,307.309151900806,7
"84",2020-05-23,1923,305,236,6,15,9,1,3,5,1,0,35,35,3,251,6,582,0.00859000027,43,0,0.7999008251424,2.65988650076817,8.9538053721761,302.651773085618,9
"85",2020-05-24,1933,302,237,8,14,10,0,3,7,1,1,36,35,1,252,7,332,0.01506000042,25,0.04,1.6806498990028,2.50637447018258,9.8867653424389,297.114733345221,10
"86",2020-05-25,1948,298,240,6,11.1,15,1,7,7,0,1,35,34,3,252,8,401,0.01746000051,8,0,1.71184846076039,2.1693691683919,14.8681866550616,293.089952901045,15
"87",2020-05-26,1954,288,243,16,10.1,6,0,2,4,1,1,35,34,3,253,4,1123,0.00800999999,41,0.07316999912,1.03051545985309,1.54731422874637,5.96032484974937,285.143389181954,6
"88",2020-05-27,1959,261,243,8,8.9,5,0,1,4,1,1,33,32,0,254,4,1150,0.00957000017,13,0.07691999912,1.0322837647515,1.25274173698935,4.96025676948734,258.406754209049,5
"89",2020-05-28,1963,236,244,4,7.9,4,0,2,2,1,1,31,30,1,255,2,1403,0.00284999996,88,0,0.268179070682763,1.01312751756382,3.99483751319707,235.390826557254,4
"90",2020-05-29,1970,226,247,7,7.9,7,0,3,4,2,1,32,31,3,257,4,1380,0.0065200001,37,0,0.634975309668313,1.02262182712304,6.97555326261663,224.61875933784,7
"91",2020-05-30,1973,208,248,15,9.1,3,1,1,1,0,1,31,30,1,257,2,1020,0.01274999976,119,0,1.14179102328358,1.07146328400035,2.97802035380912,205.714116796149,3
"92",2020-05-31,1977,193,249,10,9.4,4,0,1,3,3,1,34,33,1,260,3,1309,0.00535000026,11,0.09090999603,0.606300022475,0.917984730210664,3.98249295224638,191.873713261184,4
"93",2020-06-01,1988,184,250,5,9.3,11,0,5,6,0,1,31,30,1,260,6,763,0.00130999997,20,0,0.127653892351213,0.691671220437924,10.9926279310358,183.773923218432,11
"94",2020-06-02,1991,165,251,8,8.1,3,0,1,2,0,1,26,25,1,260,2,858,0.01049000025,9,0,1.03811075138408,0.692756262085208,2.98001621438856,163.351337687056,3
"95",2020-06-03,2001,156,251,8,8.1,10,0,7,3,0,0,22,22,0,260,3,1110,0.00449999988,141,0,0.399280564892086,0.602327233533863,9.98847068504447,155.400475622312,10
"96",2020-06-04,2008,146,254,8,8.7,7,0,2,5,0,0,20,20,3,260,5,1430,0.00559000015,21,0,0.550909732219159,0.642717328039062,6.97348726529119,145.225828146503,7
"97",2020-06-05,2012,137,256,15,9.9,4,0,1,3,1,0,21,21,2,261,3,1366,0.00952000022,29,0,0.932209340539068,0.68517933244917,3.97308224833216,135.770756007169,4
"98",2020-06-06,2015,128,257,2,8,3,0,0,3,0,0,21,21,1,261,3,1404,0.00071000002,68,0,0.0677201106032609,0.531740630637696,2.99804456677179,127.916568182263,3
"99",2020-06-07,2016,118,258,4,7.1,1,0,0,1,0,0,20,20,1,261,1,870,0.00230000004,22,0,0.224327358161435,0.477173107164329,0.997840832576725,117.745218244054,1
"100",2020-06-08,2019,110,258,0,6.4,3,0,0,3,0,0,19,19,0,261,3,701,0.00143000007,12,0,0.140593274764376,0.47902159036621,2.99594033797807,109.851145725863,3
"101",2020-06-09,2029,107,259,3,5.7,10,0,3,7,0,0,18,18,1,261,7,1338,0.00224000007,10,0,0.222338285879822,0.362482666722744,9.98501984281244,106.771017597276,10
"102",2020-06-10,2039,105,259,7,5.6,10,0,4,6,0,0,17,17,0,261,6,1281,0.00233999997,12,0,0.231828303292343,0.338560915065638,9.98661181254847,104.765706719598,10
"103",2020-06-11,2046,104,260,5,5.1,7,0,2,5,0,0,16,16,1,261,5,1529,0.00326999992,6,0,0.325721816135505,0.306391212767973,6.98432451707599,103.673949955181,7
"104",2020-06-12,2050,107,260,10,4.4,4,0,2,2,0,0,16,16,0,261,2,1596,0.00814999998,13,0,0.80841516271473,0.288706330221639,3.98443788846692,106.16742703298,4
"105",2020-06-13,2053,105,260,6,5,3,0,3,0,0,0,16,16,0,261,0,1479,0.00270000011,23,0.0434800005,0.332446083501331,0.326524326349935,3,104.664019093639,3
"106",2020-06-14,2056,102,260,1,4.6,3,0,1,2,0,0,16,16,0,261,2,768,0,13,0,0,0.294477560898301,3,102,3
"107",2020-06-15,2061,100,260,2,4.9,5,0,2,3,0,0,14,14,0,261,3,720,0.00555999994,17,0,0.543175028059701,0.35198923994049,4.9843157004745,99.4771900158166,5
"108",2020-06-16,2065,99,260,3,4.9,4,0,1,3,1,0,14,14,0,262,3,1250,0.00079999998,14,0,0.0791139220727848,0.331528616539485,3.99771556793607,98.9246137418903,4
"109",2020-06-17,2068,89,260,8,5,3,0,0,3,1,1,6,5,0,263,3,1098,0.00911000013,26,0,0.889927058962633,0.425542724492384,2.97430315859977,88.237660371793,3
"110",2020-06-18,2070,75,260,2,4.6,2,0,0,2,0,1,6,5,0,263,2,1304,0.00230000004,122,0,0.210322584302945,0.409057119944875,1.99595125912303,74.8481722171135,2
"111",2020-06-19,2073,73,260,5,3.9,3,0,0,3,0,1,5,4,0,263,3,1875,0.00107000001,19,0,0.105926611338437,0.308701612605405,2.99694134558084,72.9255727424671,3
"112",2020-06-20,2079,73,261,1,3.1,6,0,0,6,1,1,5,4,1,264,6,1792,0.00056000002,158,0,0.0514625659405128,0.268561110096716,5.99702801396653,72.9638408365928,6
"113",2020-06-21,2085,77,261,1,3.1,6,0,0,6,0,1,4,3,0,264,6,1102,0.00363000005,86,0,0.336722226860269,0.316664285362469,5.98055414188743,76.7504448208887,6
"114",2020-06-22,2087,76,262,6,3.7,2,0,1,1,0,1,1,0,1,264,1,509,0.00393000007,10,0,0.385427752529865,0.294128960286778,1.99629022935896,75.7180574312813,2
"115",2020-06-23,2096,81,262,4,3.9,9,0,0,9,0,1,1,0,0,264,9,1255,0.00158999994,20,0,0.156505876447059,0.305184953768817,8.98644257421517,80.8779831679366,9
"116",2020-06-24,2098,75,263,3,3.1,2,0,0,2,1,1,2,1,1,265,2,1733,0.00289000005,24,0,0.285052366912351,0.21877428347592,1.99451269974729,74.7942262405234,2
"117",2020-06-25,2104,73,263,6,3.7,6,0,0,6,0,1,2,1,0,265,6,1796,0.00277999997,21,0.04762000084,0.329823883531095,0.23584589765137,5.98095252427769,72.7682557120452,6
"118",2020-06-26,2108,67,263,6,3.9,4,0,0,4,0,1,2,1,0,265,4,2028,0.00196999997,23,0,0.194790830773281,0.248540786142062,3.99250049535455,66.8743832971887,4
"119",2020-06-27,2111,69,263,3,4.1,3,0,0,3,0,1,1,0,0,265,3,1574,0.00064000003,80,0,0.0609044768573156,0.249889630558748,2.99824136970934,68.9595515033149,3
"120",2020-06-28,2113,68,263,2,4.3,2,0,0,2,0,1,1,0,0,265,2,880,0.00114,12,0,0.112466367713004,0.217853079251996,1.99783500577575,67.9263901963756,2
"121",2020-06-29,2117,69,263,1,3.6,4,0,0,4,2,1,3,2,0,267,4,854,0.00351000011,8,0,0.347742470294664,0.21246946750411,3.98661181195726,68.7690537562627,4
"122",2020-06-30,2120,68,263,10,4.4,3,0,0,3,0,1,3,2,0,267,3,1605,0.0043599999,11,0,0.433032168285891,0.251973223481086,2.98749610000328,67.7165782667411,3
"123",2020-07-01,2122,67,263,4,4.6,2,0,0,2,0,2,3,1,0,267,2,1601,0.00312000006,15,0,0.309103966340347,0.255409166256514,1.9940497028985,66.8006650470999,2
"124",2020-07-02,2128,66,263,4,4.3,6,0,1,5,0,1,3,2,0,267,5,1012,0.00197999999,12,0,0.195679686511719,0.23624570953946,5.99058284268189,65.8756935234009,6
"125",2020-07-03,2136,74,263,4,4,8,0,0,8,0,1,3,2,0,267,8,1334,0.00300000012,14,0,0.296884284872404,0.250830488696478,7.97713973430143,73.7885425422882,8
"126",2020-07-04,2139,74,263,4,4.1,3,0,0,3,0,1,3,2,0,267,3,1257,0.00317999989,40,0,0.308192741845027,0.286157383694722,2.99110086615736,73.7804880318816,3
"127",2020-07-05,2141,71,263,5,4.6,2,0,0,2,0,1,2,1,0,267,2,734,0.00272000015,47,0,0.25563125609475,0.3066095106064,1.99507906048505,70.8253066472193,2
"128",2020-07-06,2147,71,263,0,4.4,6,0,1,5,0,1,2,1,0,267,5,602,0,10,0,0,0.25693201485002,6,71,6
"129",2020-07-07,2154,72,263,6,3.9,7,0,1,6,0,1,1,0,0,267,6,1272,0.00393000007,21,0,0.386617176259861,0.250301301703444,6.97767268640525,71.732072236863,7
"130",2020-07-08,2167,78,263,5,4,13,0,1,12,0,1,1,0,0,267,12,1684,0.00296999991,39,0,0.29027741430296,0.247611794269531,12.9664727008701,77.7820725556555,13
"131",2020-07-09,2175,82,263,5,4.1,8,0,0,8,1,0,2,2,0,268,8,1504,0.00266000003,41,0,0.258941103244013,0.256649139517002,7.98006138175019,81.7956291629394,8
"132",2020-07-10,2191,95,263,12,5.3,16,0,0,16,0,0,2,2,0,268,16,1900,0.00684000015,14,0.07143000126,0.731244529918495,0.318700603095015,15.8873874765601,94.3313631420756,16
"133",2020-07-11,2198,100,263,7,5.7,7,0,0,7,1,1,2,1,0,269,7,1571,0.00381999999,25,0,0.376016289742481,0.32838968136608,6.97466570769341,99.6380815384772,7
"134",2020-07-12,2221,120,263,9,6.3,23,0,2,21,1,1,3,2,0,270,21,1068,0.00842999995,13,0,0.832862159722479,0.410851239027184,22.8316564416401,119.038036809372,23
"135",2020-07-13,2244,138,263,6,7.1,23,0,2,21,0,0,3,3,0,270,21,808,0.00619000018,65,0,0.572911815056128,0.492695784035203,22.8841993090368,137.239024030813,23
"136",2020-07-14,2263,148,263,4,6.9,19,0,2,17,1,0,4,4,0,271,17,1406,0.00356000006,66,0,0.340038049209239,0.486041623027971,18.944360846411,147.515612074637,19
"137",2020-07-15,2284,168,263,15,8.3,21,0,0,21,1,0,5,5,0,272,21,1404,0.00782999992,46,0,0.758159992253793,0.552881991306661,20.8467557333321,166.774045866657,21
"138",2020-07-16,2306,186,263,7,8.6,22,0,1,21,0,0,5,5,0,272,21,1695,0.00708000004,25,0.04,0.755848841151163,0.623868811007683,21.8472228783404,184.646831208158,22
"139",2020-07-17,2336,213,263,17,9.3,30,0,0,29,0,1,5,4,0,272,29,1787,0.00726999998,21,0,0.718555860855089,0.622056143998625,28.7994315532486,211.526859339378,30
"140",2020-07-18,2362,232,263,16,10.6,26,0,0,24,2,1,6,5,0,274,24,1551,0.00708999991,81,0,0.673810653211397,0.664598195922755,23.8443485423667,230.495369242878,26
"141",2020-07-19,2380,250,263,28,13.3,18,0,0,18,0,1,6,5,0,274,18,2025,0.02122999907,22,0,2.10018310291891,0.845644044950816,17.6361404798497,244.946395553467,18
"142",2020-07-20,2410,275,263,47,19.1,30,0,0,27,2,3,8,5,0,276,27,1548,0.01485999942,35,0.02857000113,1.51631264319078,0.980415591827195,26.6059452221219,270.986479114205,30
"143",2020-07-21,2434,294,263,23,21.9,24,0,0,23,0,3,8,5,0,276,23,1428,0.01610999942,15,0,1.59425358085655,1.15958923920538,22.6470693999963,289.488626243431,24
"144",2020-07-22,2461,314,263,13,21.6,27,0,1,23,2,3,9,6,0,278,23,1771,0.00902999997,16,0,0.894914938269166,1.17912566006472,23.801886682327,311.295322532638,27
"145",2020-07-23,2480,322,263,29,24.7,19,0,1,17,1,3,10,7,0,279,17,1667,0.01019999981,32,0,1.0007886805927,1.21411706569923,17.8362446930893,318.898281833808,19
"146",2020-07-24,2503,337,263,34,27.1,23,0,1,18,0,3,7,4,0,279,18,2036,0.01228000045,83,0,1.1798999960453,1.2800233707264,18.7955807539877,333.172817449659,23
"147",2020-07-25,2515,336,263,26,28.6,12,0,1,10,0,3,7,4,0,279,10,2126,0.00800000012,320,0,0.69533933994767,1.28309889740301,10.9330730739558,333.751255284915,12
"148",2020-07-26,2522,338,263,21,27.6,7,0,0,6,2,4,9,5,0,281,6,1816,0.01210999966,73,0,1.1642011319513,1.14938718726478,5.93276686770127,334.212533547172,7
"149",2020-07-27,2537,340,264,22,24,15,0,1,13,1,4,9,5,1,282,13,1601,0.00874000013,24,0,0.861091705115692,1.0557841961112,13.8922550719899,337.182055728968,15
"150",2020-07-28,2557,330,264,14,22.7,20,0,2,17,1,4,10,6,0,283,17,1488,0.00739000022,24,0,0.727269862920635,0.93192937926321,18.880999553733,327.68999133717,20
"151",2020-07-29,2573,324,264,20,23.7,16,2,2,12,2,4,11,7,0,285,14,2254,0.00620999992,52,0,0.606996522969644,0.890798177077563,15.9182065896532,322.107066789116,16
"152",2020-07-30,2593,334,264,19,22.3,20,1,0,18,1,4,12,8,0,286,19,1891,0.00898999989,134,0,0.839510607011852,0.867758452280299,18.8464733173377,331.301162525832,20
"153",2020-07-31,2603,321,264,18,20,10,0,1,9,1,3,13,10,0,287,9,2129,0.00797999978,207,0,0.727286795017979,0.80309942356211,9.93699829698679,318.752939259195,10
"154",2020-08-01,2621,309,264,15,18.4,18,0,0,18,1,2,13,11,0,288,18,1629,0.00551999986,83,0.01205000043,0.583658283155958,0.78714498687758,17.8988804249754,307.264113962079,18
"155",2020-08-02,2629,294,264,2,15.7,8,0,0,8,0,2,13,11,0,288,8,1340,0.00149000004,11,0,0.147786828541821,0.641942943533369,7.98862032670854,293.581797006539,8
"156",2020-08-03,2638,280,264,10,14,9,0,1,7,0,1,12,11,0,288,7,1046,0.01146999955,47,0,1.09767790752973,0.675740972449661,7.92604338235747,277.041735294299,9
"157",2020-08-04,2650,268,264,20,14.9,12,0,1,11,1,1,11,10,0,289,11,1699,0.00588999987,12,0,0.584869069499123,0.655398001960873,11.938076511162,266.491318635582,12
"158",2020-08-05,2659,248,264,12,13.7,9,1,0,8,1,1,12,11,0,290,9,1599,0.005,70,0,0.479029358897543,0.637116978522002,8.9585037627376,246.85654812877,9
"159",2020-08-06,2669,224,264,13,12.9,10,0,0,10,1,2,10,8,0,291,10,1639,0.00305000007,10,0,0.30315040113584,0.560494091968286,9.97082154954929,223.346402709904,10
"160",2020-08-07,2681,225,264,6,11.1,12,0,3,9,1,2,10,8,0,292,9,1689,0,39,0,0,0.456595978394289,12,225,12
"161",2020-08-08,2687,208,264,14,11,6,1,1,4,0,1,10,9,0,292,5,1518,0.00725000024,95,0,0.682300084582765,0.470687664312404,5.96716405596707,206.63402472823,6
"162",2020-08-09,2689,199,264,16,13,2,0,1,1,2,2,12,10,0,294,1,1589,0.00441000015,102,0,0.414399186182732,0.508775143975391,1.99601137716607,198.206264056048,2
"163",2020-08-10,2701,200,264,8,12.7,12,2,0,10,0,1,12,11,0,294,12,1384,0.00578000009,27,0,0.566939767863926,0.432955409737419,11.9345179533466,198.908632555776,12
"164",2020-08-11,2714,204,264,8,11,13,2,1,10,0,1,12,11,0,294,12,1460,0.00342000008,41,0,0.33265823562958,0.396925290613198,12.961577678371,203.346820532307,13
"165",2020-08-12,2721,187,264,12,11,7,3,0,4,0,2,10,8,0,294,7,1486,0.00268999994,7,0,0.267738775006028,0.366740921485839,6.98196096133905,186.5180999672,7
"166",2020-08-13,2743,190,264,11,10.7,22,0,0,22,0,2,9,7,0,294,22,1689,0.00532999992,56,0,0.515895121196562,0.397133024351656,21.8907583681716,189.0565495433,22
"167",2020-08-14,2754,185,264,6,10.7,11,4,1,6,1,2,10,8,0,295,10,1882,0.00477999985,36,0,0.469028139608968,0.464137044295794,10.9548556944662,184.164830347625,11
"168",2020-08-15,2758,177,264,2,9,4,0,0,4,1,2,11,9,0,296,4,2044,0.00734000027,21,0,0.726535619945763,0.470456406490508,3.97202816356788,175.762246237879,4
"169",2020-08-16,2762,158,264,26,10.4,4,0,1,3,0,2,11,9,0,296,3,1196,0.00501999974,22,0,0.492932650988506,0.481675472891333,3.98576646026674,157.250366907382,4
"170",2020-08-17,2786,173,265,8,10.4,24,1,4,19,1,1,9,8,1,297,20,1358,0.00662999988,32,0,0.647736678923741,0.493217888757021,23.8753097306138,171.921429169809,24
"171",2020-08-18,2812,192,265,15,11.4,26,1,1,24,0,1,7,6,0,297,25,1888,0.00583000004,77,0.05195000172,0.763724692517048,0.554798811169516,25.8162273329089,190.58862591674,26
"172",2020-08-19,2836,201,265,23,13,24,4,3,15,2,1,7,6,0,299,19,1519,0.01184999943,25,0.04,1.23057960713536,0.692347501473707,21.7749560240724,198.619271623082,24
"173",2020-08-20,2853,209,266,24,14.9,17,1,0,16,3,0,6,6,1,302,17,1607,0.00995999992,103,0,0.936007010025731,0.75236348559216,16.8468446754348,207.117090421522,17
"174",2020-08-21,2874,216,266,16,16.3,21,3,2,16,0,0,6,6,0,302,19,1804,0.00721000016,116,0.00861999989,0.72951876436875,0.789576431986414,20.8665882302166,214.483318827725,21
"175",2020-08-22,2893,226,266,16,18.3,19,1,0,18,1,0,7,7,0,303,19,1864,0.00589999974,73,0,0.567764559388745,0.766894851906841,18.8961692578889,224.764960646468,19
"176",2020-08-23,2910,236,266,13,16.4,17,0,1,15,0,0,7,7,0,303,15,694,0.01728999972,5,0,1.716632304103,0.941709088066055,15.7521593055476,232.100639740616,17
"177",2020-08-24,2929,252,266,19,18,19,2,0,17,1,1,8,7,0,304,19,1142,0.00963,58,0,0.916455,0.980097419648377,18.8324020032813,249.777121306679,19
"178",2020-08-25,2943,254,266,23,19.1,14,0,1,13,4,2,11,9,0,308,13,1647,0.01457000017,73,0,1.39516222558081,1.07030278151463,13.8254289843178,250.589150924363,14
"179",2020-08-26,2961,262,266,15,18,18,1,4,13,0,2,11,9,0,308,14,1832,0.00490999997,41,0,0.480251999201281,0.963113123238332,17.9352855455442,260.78891520947,18
"180",2020-08-27,2974,265,266,16,16.9,13,1,3,9,1,2,9,7,0,309,10,1469,0.00612999976,9,0,0.609267229190798,0.916436011690485,12.9413575783124,263.445975825278,13
"181",2020-08-28,3002,275,266,20,17.4,28,0,3,21,1,1,9,8,0,310,21,2137,0.0060799998,35,0,0.59820255859116,0.897676553722258,23.8790873781962,273.41662042876,28
"182",2020-08-29,3023,289,266,12,16.9,21,0,2,18,0,1,9,8,0,310,18,1790,0.00726000011,11,0.09090999603,0.777091069029983,0.927580340813863,19.8653679371587,286.838407435493,21
"183",2020-08-30,3043,303,267,16,17.3,20,0,6,12,2,1,10,9,1,312,12,1402,0.00428000003,33,0,0.418157494220209,0.742083939402035,17.951702438077,301.780486561445,20
"184",2020-08-31,3064,313,267,13,16.4,21,1,3,17,1,1,11,10,0,313,18,1353,0.0051700002,54,0,0.497157801748401,0.682184339651807,20.9138667486031,311.502238461821,21
"185",2020-09-01,3089,317,267,18,15.7,25,1,2,22,0,1,11,10,0,313,23,1361,0.01542999983,22,0.09090999603,1.66306939127187,0.720456791893387,24.6318351828358,311.92572838952,25
"186",2020-09-02,3125,327,267,15,15.7,36,1,9,26,0,1,9,8,0,313,27,1528,0.00261999995,51,0,0.253537677238759,0.688069031613026,35.9341113895365,326.20201571772,36
"187",2020-09-03,3147,328,267,24,16.9,22,1,4,17,1,1,8,7,0,314,18,1493,0.00938000023,133,0.00751999974,0.922785996851783,0.732857426993167,21.8401260968392,325.08674220907,22
"188",2020-09-04,3169,332,267,24,17.4,22,0,3,19,3,1,11,10,0,317,19,2705,0.00813000023,258,0.00774999976,0.809691210267634,0.763070091518377,21.8519265814453,329.412611844202,22
"189",2020-09-05,3194,339,267,17,18.1,25,1,11,13,2,1,13,12,0,319,14,2256,0.00398999989,164,0,0.371960320323967,0.705194270274661,24.9498779614681,337.786330638407,25
"190",2020-09-06,3215,341,267,27,19.7,21,1,3,16,1,1,14,13,0,320,17,1310,0.00611000001,192,0.03125,0.932363516185087,0.7786522734125,19.8474408466982,337.939842866122,21
"191",2020-09-07,3256,366,267,29,22,41,2,6,33,0,1,12,11,0,320,35,1290,0.0147300005,44,0,1.42441534070465,0.911117636120536,40.5201463926985,360.982102277933,41
"192",2020-09-08,3308,403,267,24,22.9,52,0,14,36,3,1,14,13,0,323,36,1097,0.01276000023,4,0,1.27136423726703,0.855159756976987,49.5594689047204,398.068499127842,52
"193",2020-09-09,3353,434,267,15,22.9,45,2,10,31,0,1,13,12,0,323,33,1587,0.01449000001,29,0,1.42299690692265,1.02222536121754,42.548017132324,428.055740467534,45
"194",2020-09-10,3430,496,267,33,24.1,77,1,21,52,2,2,14,12,0,325,53,1959,0.01276000023,61,0,1.23746734903812,1.0671798401013,73.3687321150068,490.092285453649,77
"195",2020-09-11,3460,510,267,60,29.3,30,0,1,25,0,1,12,11,0,325,25,2314,0.01555999994,93,0.0752699995,1.78670335748484,1.20675300398948,25.5700711990554,501.22945246073,30
"196",2020-09-12,3509,535,269,47,33.6,49,0,4,42,1,0,12,12,2,326,42,1900,0.01684000015,26,0,1.66126688914849,1.39093965667869,45.3284276966121,526.445448040178,49
"197",2020-09-13,3544,548,270,31,34.1,35,1,5,29,1,1,11,10,1,327,30,1199,0.01667999983,44,0,1.60895573581416,1.48759568805428,34.5354104592414,539.513497722142,35
"198",2020-09-14,3612,598,272,59,38.4,68,0,19,49,1,1,11,10,2,328,49,2394,0.01419999957,218,0.04127999783,1.64601219362634,1.5192523813288,67.2236935304725,588.525892473929,68
"199",2020-09-15,3684,646,273,41,40.9,72,0,14,55,1,1,11,10,1,329,55,2961,0.01215999961,28,0,1.20460886066276,1.50971589895677,68.3623052814082,638.509985668903,72
"200",2020-09-16,3760,684,274,41,44.6,76,0,7,66,1,0,11,11,1,330,66,1887,0.01907999992,162,0.00616999984,1.80592971318302,1.56442058556539,71.8527743291433,672.110570320212,76
"201",2020-09-17,3810,709,278,57,48,50,2,4,38,2,2,11,9,4,332,40,2512,0.01911000013,208,0.00481000006,1.80164707128824,1.64501768874398,43.306360544439,696.705240650181,50
"202",2020-09-18,3898,777,278,46,46,88,1,6,78,0,2,11,9,0,332,79,2409,0.01286999941,281,0.0213499999,1.37558284574684,1.58628618706712,83.9540331516464,766.712452643408,88
"203",2020-09-19,3968,828,280,46,45.9,70,2,4,60,0,2,10,8,2,332,62,2101,0.0214199996,161,0,1.98954107690539,1.63318249960382,64.8127322339319,812.144230478962,70
"204",2020-09-20,4011,860,280,76,52.3,43,1,4,34,2,2,11,9,0,334,35,2847,0.01861999989,112,0,1.79152212527307,1.65926341238366,38.3964763437977,845.170561590459,43
"205",2020-09-21,4120,940,280,56,51.9,109,2,22,82,1,3,12,9,0,335,84,2949,0.01899000049,73,0,1.85312744688981,1.68885130570702,104.501734939632,923.233700514925,109
"206",2020-09-22,4229,1019,280,85,58.1,109,0,27,81,3,3,15,12,0,338,81,2507,0.01355999947,64,0.03125,1.40003573206107,1.71676943019249,106.9084887502,1005.26851896857,109
"207",2020-09-23,4335,1078,281,67,61.9,106,0,26,75,2,3,16,13,1,340,75,1896,0.01687999964,7,0.5714300156,1.89198578174672,1.72906315427302,99.6342122628085,1058.36907759077,106
"208",2020-09-24,4436,1131,282,38,59.1,101,2,18,75,2,3,18,15,1,342,77,2730,0.01281999946,55,0,1.25668217327828,1.65121102598588,94.0686342634322,1117.31980976548,101
"209",2020-09-25,4555,1194,284,57,60.7,119,5,16,86,3,3,20,17,2,345,91,3291,0.01337000012,59,0.03390000105,1.37315732707075,1.65086452331787,105.797276578895,1178.21921137583,119
"210",2020-09-26,4640,1241,286,75,64.9,85,3,14,66,3,4,21,17,2,348,69,3437,0.02996999979,12,0,2.98657260882082,1.79329759930579,81.0165272160416,1205.32623587113,85
"211",2020-09-27,4722,1271,287,109,69.6,82,2,12,64,2,4,22,18,1,350,66,2684,0.03315999985,13,0,3.30001629949574,2.00879676705188,75.9036485277412,1230.62935270847,82
"212",2020-09-28,4837,1341,288,86,73.9,115,3,11,97,6,4,27,23,1,356,100,3135,0.02584000111,192,0.01042000055,2.49501183004058,2.10049453607342,108.598532649668,1308.79632283205,115
"213",2020-09-29,4944,1372,291,58,70,107,5,18,74,4,3,27,24,3,360,79,2165,0.02632999897,79,0.02532000065,2.62944419881462,2.27612431703821,95.0006209949045,1337.27660765834,107
"214",2020-09-30,5027,1402,291,107,75.7,83,1,10,67,5,5,30,25,0,365,68,3170,0.03059999943,281,0.01422999978,2.92670611797392,2.42394150792781,76.0844561179388,1362.50599231397,83
"215",2020-10-01,5128,1438,293,105,85.3,101,2,11,78,3,5,29,24,2,368,80,3844,0.02263000011,120,0.00833000004,2.21971040432997,2.56151696950663,89.2908098473896,1407.27730700683,101
"216",2020-10-02,5224,1488,294,115,93.6,96,0,13,79,1,5,29,24,1,369,79,3362,0.02171000004,197,0,2.05082945025232,2.65832727281828,90.4405885670765,1458.6277947824,96
"217",2020-10-03,5297,1501,295,65,92.1,73,2,6,64,5,6,31,25,1,374,66,3113,0.03019999981,485,0.01031000018,2.75188853518149,2.62480097658409,70.2518493671982,1461.24281666916,73
"218",2020-10-04,5354,1482,295,77,87.6,57,1,7,47,3,6,32,26,0,377,48,3118,0.0291899991,102,0,2.82653469545963,2.55716074743607,53.6941309303951,1441.68129247595,57
"219",2020-10-05,5432,1483,295,82,87,78,3,13,59,3,6,33,27,0,380,62,3821,0.01779999971,238,0.00839999974,1.72488294727839,2.4471423356129,73.9706681870929,1458.3790471203,78
"220",2020-10-06,5507,1455,296,139,98.6,75,5,15,52,2,7,34,27,1,382,57,2158,0.0194599998,55,0,1.89763576901943,2.34259827421359,70.9589015716342,1428.42459274961,75
"221",2020-10-07,5608,1469,296,174,108.1,101,12,22,63,3,10,36,26,0,385,75,2268,0.03131000042,76,0,3.02948297579181,2.35728068247329,94.8130751624639,1426.16543218213,101
"222",2020-10-08,5688,1428,296,85,105.3,80,5,14,55,2,9,36,27,0,387,60,2434,0.02711999893,182,0,2.52332100136162,2.40065362490638,72.5427709176648,1393.31794784042,80
"223",2020-10-09,5771,1429,296,96,102.6,83,5,19,57,2,9,37,28,0,389,62,2508,0.02072999954,247,0.00810000002,1.95976547554483,2.38764448566246,79.8305009606604,1402.044933432,83
"224",2020-10-10,5836,1414,297,68,103,65,5,7,51,6,9,43,34,1,395,56,2628,0.03006000042,21,0,2.98216991709173,2.42054182593535,61.3925980560199,1373.4131009145,65
"225",2020-10-11,5900,1379,297,139,111.9,64,6,6,48,5,10,46,36,0,400,54,2660,0.0233100009,238,0.01680999994,2.27761843960386,2.34212521795595,58.8161987142435,1348.76922272114,64
"226",2020-10-12,5962,1351,297,62,109,62,2,14,43,3,10,46,36,0,403,45,1994,0.01504999995,237,0.01266000032,1.47961093573017,2.30708635916335,58.359138586136,1331.75991621933,62
"227",2020-10-13,6047,1373,298,74,99.7,85,4,10,68,1,7,45,38,1,404,72,2117,0.03023000002,18,0,2.99751335092927,2.46421172800761,79.9227072763369,1333.38718181126,85
"228",2020-10-14,6114,1378,300,84,86.9,67,1,16,49,2,7,45,38,2,406,50,3004,0.02963000059,110,0.03635999918,2.98677333597174,2.45811035089046,64.5626042805055,1338.38537397073,67
"229",2020-10-15,6200,1404,300,107,90,86,3,25,52,5,8,49,41,0,411,55,2119,0.02171000004,105,0.00952000022,2.11344829621673,2.39955710729833,78.881184706069,1375.43969686038,86
"230",2020-10-16,6275,1425,301,78,87.4,75,2,10,59,4,8,47,39,1,415,61,3126,0.02142999887,280,0.00356999993,1.99617664263124,2.40475870259639,69.8279857775487,1397.62097922962,75
"231",2020-10-17,6322,1407,302,64,86.9,47,1,10,36,6,8,49,41,1,421,37,3037,0.02140000105,149,0,2.03991849305869,2.27015135630596,46.2735284411116,1379.37444639578,47
"232",2020-10-18,6379,1375,305,74,77.6,57,1,11,40,2,6,48,42,3,423,41,1144,0.02710000038,37,0.0540500021,2.79443272755461,2.34398196887035,50.8972385061987,1338.01714502496,57
"233",2020-10-19,6443,1354,307,69,78.6,64,1,6,57,3,6,47,41,2,426,58,1334,0.03747999907,27,0,3.67364575748567,2.65741551483542,61.9491714878872,1306.12376197585,64
"234",2020-10-20,6521,1358,309,46,74.6,78,3,14,57,4,5,45,40,2,430,60,1595,0.02507999897,48,0.02082999945,2.49558358677724,2.5857112628137,72.5587893977469,1325.38060003567,78
"235",2020-10-21,6609,1382,312,69,72.4,88,1,46,40,4,4,44,40,3,434,41,2258,0.03055999994,446,0.00897000015,2.69989274894305,2.5447283218096,85.9345466321055,1346.0864255017,88
"236",2020-10-22,6674,1368,312,88,69.7,65,1,24,36,1,3,43,40,0,435,37,2238,0.02680999994,87,0.01149000049,2.62367354444516,2.6176176429851,60.0656370750434,1333.45382482863,65
"237",2020-10-23,6753,1370,313,92,71.7,79,1,13,64,2,3,36,33,1,437,65,2768,0.02457000017,65,0.01537999988,2.4359145945203,2.68043735039782,76.4760192145273,1337.87917421388,79
"238",2020-10-24,6818,1363,317,63,71.6,65,2,17,41,2,3,36,33,4,439,43,2358,0.02119999886,191,0,1.96114544181561,2.66918405736309,59.1883246896232,1337.27178027806,65
"239",2020-10-25,6888,1344,319,69,70.9,70,1,24,42,3,3,38,35,2,442,43,1751,0.03084000111,77,0,2.95409419822812,2.69199283888788,65.777364863358,1305.78554363612,70
"240",2020-10-26,6961,1304,320,77,72,73,1,16,51,4,3,39,36,1,446,52,995,0.03920000076,121,0.01652999997,3.6742052645672,2.69207276847095,66.1610461261067,1257.88469516237,73
"241",2020-10-27,7039,1274,322,61,74.1,78,0,15,60,1,3,31,28,2,447,60,1354,0.02880000114,116,0,2.65273479888163,2.71452294162872,73.4680338749739,1241.47125261195,78
"242",2020-10-28,7151,1280,325,93,77.6,112,2,69,38,2,2,29,27,3,449,40,1900,0.04052999973,166,0.01807000041,3.87253724855082,2.88204358442984,107.509061696082,1232.28997427464,112
"243",2020-10-29,7215,1264,326,65,74.3,64,0,18,42,9,2,37,35,1,458,42,2190,0.02921999931,96,0,2.79929127248031,2.907131831292,58.8683778025115,1229.94356053273,64
"244",2020-10-30,7265,1233,328,122,78.6,50,1,9,36,4,2,40,38,2,462,37,2789,0.03585999966,105,0.05714000225,3.66320799198307,3.08245945950097,44.6954300235407,1189.52608700069,50
"245",2020-10-31,7304,1163,329,83,81.4,39,0,5,32,2,2,39,37,1,464,32,2352,0.02763999939,322,0,2.43116225001047,3.14960471781452,36.2511962697458,1135.78566442857,39
"246",2020-11-01,7354,1123,332,50,78.7,50,1,6,40,1,2,37,35,3,465,41,1714,0.02566999912,104,0,2.42015283232563,3.07332737982845,46.0449398454697,1096.84066942591,50
"247",2020-11-02,7418,1076,332,56,75.7,64,3,8,47,6,2,42,40,0,471,50,1030,0.01748000026,14,0.07143000126,1.82034677063602,2.80849045212399,57.1239513810456,1057.1474337201,64
"248",2020-11-03,7489,1004,333,36,72.1,71,1,36,33,1,2,43,41,1,472,34,1456,0.02197999954,13,0,2.17854862697345,2.74074957042283,69.2870644803482,982.947433478517,71
"249",2020-11-04,7554,928,337,53,66.4,65,5,1,51,1,1,40,39,4,473,56,1466,0.02729000092,295,0.00338999987,2.32863096594946,2.5201915300512,55.7448582590727,907.200508293205,65
"250",2020-11-05,7601,885,337,45,63.6,47,0,6,34,5,2,43,41,0,478,34,2536,0.02404999971,41,0,2.36673648678929,2.4583979892382,39.2254795297215,864.839687758928,47
"251",2020-11-06,7675,879,341,79,57.4,74,2,11,58,4,3,46,43,4,482,60,2342,0.0234800005,116,0.02585999966,2.35923194188609,2.2721156963672,69.6375330781001,859.039859594166,74
"252",2020-11-07,7710,846,346,75,56.3,35,3,4,25,3,4,46,42,5,485,28,2499,0.02760999918,142,0,2.61254782093222,2.29802792078459,31.2959129488163,824.726512667808,35
"253",2020-11-08,7747,784,346,47,55.9,37,1,5,29,1,4,47,43,0,486,30,1176,0.02040999889,92,0.01087000012,1.97178223230915,2.2339749779251,34.4306435028674,769.120816874935,37
"254",2020-11-09,7818,754,350,31,52.3,71,3,24,42,7,4,46,42,4,493,45,711,0.02109999895,20,0.1,2.32586857092339,2.30619237796615,67.9926004297283,737.12046053367,71
"255",2020-11-10,7885,763,350,52,54.6,67,0,11,54,3,5,47,42,0,496,54,1374,0.0334800005,17,0,3.30708272372394,2.46741153464479,63.2811305386479,738.713011129413,67
"256",2020-11-11,7941,762,353,77,58,56,0,6,48,2,5,46,41,3,498,48,2375,0.02611000061,241,0.02904999971,2.63808491509404,2.51161924166545,52.7811953983277,742.651476948452,56
"257",2020-11-12,7983,752,355,60,60.1,42,1,8,31,3,3,43,40,2,501,32,2318,0.02157000065,214,0.00467000008,2.01416435718088,2.46125179457853,39.3796326082327,737.421366293468,42
"258",2020-11-13,8022,729,357,79,60.1,39,1,7,27,0,3,36,33,2,501,28,2719,0.02170000076,200,0,2.02131901563686,2.41297851940007,34.4552503369246,714.81705341493,39
"259",2020-11-14,8043,706,357,50,56.6,21,3,2,14,3,3,37,34,0,504,17,1710,0.01578999996,245,0.01633000016,1.5857672619335,2.26629558240025,18.7405268367812,695.224232162797,21
"260",2020-11-15,8073,662,360,30,54.1,30,1,1,25,0,2,35,33,3,504,26,984,0.01524000049,306,0.00653999984,1.31762794055814,2.17284496929297,26.6702610726452,653.604339618889,30
"261",2020-11-16,8117,624,363,11,51.3,44,0,3,39,3,2,33,31,3,507,39,735,0.01223999977,53,0,1.14167510545051,2.00367447422541,41.571440412269,617.143046596305,44
"262",2020-11-17,8158,602,363,40,49.6,41,1,10,29,1,2,32,30,0,508,30,1828,0.02078999996,38,0,2.03666237550268,1.82218585305094,39.4119092174799,590.198978297429,41
"263",2020-11-18,8200,595,363,66,48,42,3,6,31,1,2,32,30,0,509,34,2684,0.02049000025,20,0.05,2.07082694789201,1.74114900059351,39.3223166708675,583.140541740182,42
"264",2020-11-19,8220,577,364,53,47,20,2,1,17,0,2,30,28,1,509,19,2476,0.01212000012,187,0.01603999972,1.23952685860909,1.63048650079754,19.7733197828788,570.11607972216,20
"265",2020-11-20,8245,534,364,28,39.7,25,1,2,20,1,2,30,28,0,510,21,2643,0.00757000029,222,0.02252000093,0.872842965896335,1.46641849369175,22.8235752590593,529.513770873221,25
"266",2020-11-21,8274,502,365,27,36.4,29,4,4,19,2,2,31,29,1,512,23,1495,0.01873000026,71,0,1.78808112316092,1.4953204738671,26.6041604979094,493.360372606544,29
"267",2020-11-22,8301,489,368,26,35.9,27,3,4,19,3,4,31,27,3,515,22,1220,0.01475000024,36,0,1.43272295324841,1.51176261853714,25.6966185820718,482.256658483324,27
"268",2020-11-23,8341,472,370,20,37.1,40,2,10,25,1,3,27,24,2,516,27,922,0.01735000014,13,0,1.71087701915294,1.59307717763748,36.5553824161617,464.227425941789,40
"269",2020-11-24,8384,481,370,21,34.4,43,2,7,33,1,3,23,20,0,517,35,1403,0.00855000019,41,0.09755999565,1.10772923048615,1.46037244263512,41.6268308463323,475.871589631024,43
"270",2020-11-25,8439,489,371,38,30.4,55,4,10,39,2,2,23,21,1,519,43,2618,0.01222000003,72,0.01389000058,1.22646989294796,1.33975000621454,52.4923908702535,483.227421757069,55
"271",2020-11-26,8484,504,372,60,31.4,45,3,4,37,3,2,23,21,1,522,40,3059,0.01437999964,224,0.0044600001,1.37031553217058,1.35843410243761,43.472424463798,497.352548243855,45
"272",2020-11-27,8532,516,374,56,35.4,48,2,3,42,3,1,24,23,2,525,44,3154,0.01776000023,336,0.00298000008,1.63370546568195,1.46712874526413,46.3081204156996,507.886139420477,48
"273",2020-11-28,8576,518,375,60,40.1,44,2,3,39,2,1,25,24,1,527,41,2597,0.01194000006,191,0,1.11220158378121,1.37057452535274,43.561094075429,512.454798318835,44
"274",2020-11-29,8621,530,377,22,39.6,45,0,4,38,5,1,28,27,2,532,38,898,0.02450000048,12,0,2.41769235505934,1.51128443989716,41.1157222222805,517.666652047597,45
"275",2020-11-30,8664,536,378,47,43.4,43,1,7,34,1,1,25,24,1,533,35,1135,0.02290999889,61,0,2.17415123245401,1.57746647036874,41.2675771722622,524.783467552359,43
"276",2020-12-01,8718,558,378,34,45.3,54,2,12,39,3,1,27,26,0,536,41,1906,0.01417000055,113,0.01769999981,1.43675686116048,1.62447041760793,52.4330154643483,550.283478758691,54
"277",2020-12-02,8760,572,379,49,46.9,42,1,5,34,6,1,31,30,1,542,35,2859,0.01014000058,81,0.01235000014,1.02008883229796,1.59498740894365,39.6563549324708,566.383857753522,42
"278",2020-12-03,8798,571,380,38,43.7,38,0,5,32,3,1,33,32,1,545,32,3327,0.01021999955,202,0,0.963500665991783,1.53687099948953,36.7032395132024,565.704680063705,38
"279",2020-12-04,8841,575,382,55,43.6,43,1,5,33,2,1,31,30,2,547,34,2994,0.01101999998,165,0.01212000012,1.10774548781007,1.46173385979355,38.6374875019012,568.869273929212,43
"280",2020-12-05,8876,564,382,46,41.6,35,4,1,29,1,1,31,30,0,548,33,2277,0.01845000029,209,0,1.68988940709292,1.54426069169522,33.4632447501767,554.826364821201,35
"281",2020-12-06,8915,558,383,33,43.1,39,0,7,30,1,2,31,29,1,549,30,1397,0.01575000048,20,0,1.55276998380804,1.42070035294504,36.5516342198711,549.660396489602,39
"282",2020-12-07,8969,561,384,23,39.7,54,1,3,45,2,1,30,29,1,551,46,1068,0.01684999943,25,0.04,1.73795053899726,1.3583859681655,48.2305164826094,551.615646668345,54
"283",2020-12-08,9016,565,384,57,43,47,1,1,44,0,1,27,26,0,551,45,2367,0.01942999959,69,0,1.88796424587562,1.42284416598195,45.1822691988016,554.732935496064,47
"284",2020-12-09,9069,574,386,36,41.1,53,2,3,46,1,3,24,21,2,552,48,2911,0.00962000012,167,0.00598999977,0.94230507832716,1.41173220112898,50.5646517065947,568.793959991362,53
"285",2020-12-10,9114,573,386,60,44.3,45,2,0,43,1,3,23,20,0,553,45,3091,0.01391000032,252,0.00397000015,1.31607092512474,1.46209938100511,44.4299723978422,565.741648532523,45
"286",2020-12-11,9153,557,386,48,43.3,39,6,2,30,1,2,23,21,0,554,36,3047,0.01180999994,32,0,1.16872587908996,1.47081086547367,37.5950333692696,550.734266296755,39
"287",2020-12-12,9186,546,387,59,45.1,33,2,5,26,0,2,20,18,1,554,28,2616,0.01567000031,24,0,1.55275457617273,1.45122017534222,32.5815294242693,537.839823773252,33
"288",2020-12-13,9225,543,388,30,44.7,39,5,2,32,0,2,19,17,1,554,37,1502,0.01197999954,47,0,1.16165005223241,1.39534589940284,38.5863041944079,536.928734528743,39
"289",2020-12-14,9268,540,388,16,43.7,43,4,4,35,2,2,20,18,0,556,39,917,0.01745000005,20,0,1.70775347340982,1.39103203289035,42.3589471111207,531.123883077056,43
"290",2020-12-15,9314,548,389,54,43.3,46,2,6,37,1,1,20,19,1,557,39,2079,0.01347000003,49,0,1.3159835555625,1.30932050570276,44.5060088747315,541.058791368022,46
"291",2020-12-16,9369,566,389,53,45.7,55,3,4,47,0,1,18,17,0,557,50,2312,0.01687000036,94,0,1.62109064140981,1.40628987185742,53.2198441305165,557.168635557447,55
"292",2020-12-17,9406,561,390,61,45.9,37,1,5,29,1,0,17,17,1,558,30,3207,0.01340999961,83,0.02410000086,1.36796865716261,1.41370383357712,34.6049960132174,553.613425447165,37
"293",2020-12-18,9447,548,390,25,42.6,41,3,4,34,0,0,16,16,0,558,37,3298,0.00727999985,170,0.00588,0.721137240637255,1.34976259951245,40.7431830256155,544.196332379387,41
"294",2020-12-19,9486,545,390,46,40.7,39,1,7,28,3,0,19,19,0,561,29,2799,0.0117900002,140,0,1.12283805919701,1.2883459542302,35.6865854170078,539.10996731963,39
"295",2020-12-20,9530,540,390,24,39.9,44,5,2,34,0,0,16,16,0,561,39,1360,0.01618000031,51,0,1.55951810216868,1.34518424707824,40.4145913914269,531.894342342834,44
"296",2020-12-21,9605,562,390,22,40.7,75,7,8,60,1,0,15,15,0,562,67,1365,0.00658999979,32,0.03125,0.715486736818182,1.20343185613658,74.5385969430517,558.129723611866,75
"297",2020-12-22,9689,606,390,73,43.4,84,5,7,70,2,0,15,15,0,564,75,3021,0.02250999928,48,0,2.21579367301662,1.33197615863002,80.4004616440834,593.075730084194,84
"298",2020-12-23,9789,673,390,52,43.3,100,5,6,88,1,1,13,12,0,565,93,2652,0.01998000026,199,0.01508000016,1.9637979909281,1.38093435141835,97.2421418079052,660.27915523355,100
"299",2020-12-24,9864,700,390,49,41.6,75,11,6,56,2,1,13,12,0,567,67,3469,0.01557000041,144,0,1.49494413014918,1.39907370470214,72.0359404918039,689.927736481533,75
"300",2020-12-25,9929,731,390,47,44.7,65,6,2,56,0,1,10,9,0,567,62,2537,0.0295600009,161,0,2.77960423585248,1.69314041830432,62.3412584188575,711.442901680401,65
"301",2020-12-26,10021,773,390,95,51.7,92,5,4,82,2,2,12,10,0,569,87,951,0.01998000026,50,0,1.8981998249011,1.80390638483348,89.4104827004636,758.87704744205,92
"302",2020-12-27,10131,837,391,37,53.6,110,8,6,94,2,4,12,8,1,571,102,1480,0.02703000069,32,0.0625,2.77806885060847,1.97798506318202,105.272609936109,814.619358005128,110
"303",2020-12-28,10262,930,391,65,59.7,131,15,6,108,1,2,13,11,0,572,123,1188,0.04125,39,0.02563999891,4.07538385961614,2.45797036643887,124.175217837386,893.519939746086,131
"304",2020-12-29,10383,1008,391,112,65.3,121,5,15,101,3,4,12,8,0,575,106,1880,0.05052999973,25,0.04,5.03918107571654,2.86131142396743,115.858735978387,959.109489303906,121
"305",2020-12-30,10520,1099,391,88,70.4,137,12,10,115,3,5,13,8,0,578,127,2458,0.05736000061,62,0,5.5948762499754,3.38003688954561,130.160910560926,1039.81764335793,137
"306",2020-12-31,10645,1186,391,147,84.4,125,0,9,116,2,5,13,8,0,580,116,2652,0.03318000078,144,0,3.14711595381116,3.61606143578304,121.486218021512,1150.07460839236,125
"307",2021-01-01,10762,1241,392,87,90.1,117,0,5,111,2,6,13,7,1,582,111,2759,0.03914000034,134,0.01493000031,3.80186246040788,3.76209832500524,111.93815396396,1195.58782945292,117
"308",2021-01-02,10875,1301,392,134,95.7,113,2,8,101,2,6,15,9,0,584,103,2369,0.02954999924,431,0,2.50014100712714,3.8480899224661,108.521403652128,1269.69268108173,113
"309",2021-01-03,10998,1327,393,106,105.6,123,0,5,118,3,5,18,13,1,587,118,1516,0.06002999783,126,0.02381000042,5.72506314026797,4.26908910670317,116.497709544942,1253.8767844588,123
"310",2021-01-04,11173,1438,393,117,113,175,4,30,140,5,8,21,13,0,592,144,1386,0.05339000225,155,0.00644999981,4.86685873387735,4.38215694588335,167.254481931268,1370.63850706363,175
"311",2021-01-05,11314,1511,395,105,112,141,2,19,120,6,8,23,15,2,598,122,2417,0.05750999928,97,0.01031000018,5.5688837819101,4.45782876105386,134.460687940949,1430.0090121211,141
"312",2021-01-06,11497,1605,395,132,118.3,183,11,42,129,7,7,28,21,0,605,140,2627,0.05138999939,211,0.01422000051,4.86264793887033,4.35322471661028,175.447531523075,1529.88062924668,183
"313",2021-01-07,11614,1641,395,187,124,117,2,7,107,6,9,32,23,0,611,109,2311,0.04889999866,91,0.01098999977,4.74637747220358,4.58169064780919,111.020418448473,1566.03217132058,117
"314",2021-01-08,11744,1671,395,185,138,130,6,13,110,0,11,30,19,0,611,116,2661,0.03683000088,249,0,3.36785678150103,4.51968983653679,125.239758992472,1616.83307996914,130
"315",2021-01-09,11842,1680,397,154,140.9,98,6,2,90,4,11,30,19,2,615,96,3020,0.03244999886,375,0.0026699999,2.91606028040353,4.57910687557627,95.3055395842837,1632.84694272496,98
"316",2021-01-10,11935,1664,397,116,142.3,93,5,3,83,5,11,34,23,0,620,88,1824,0.05098999977,78,0,4.88989272242271,4.45979681588409,86.8582290196951,1585.68287600878,93
"317",2021-01-11,12099,1715,397,64,134.7,164,2,25,135,3,13,34,21,0,623,137,1608,0.03420000076,115,0,3.19173541625537,4.22049348479524,157.791265527472,1662.31401736945,164
"318",2021-01-12,12239,1743,398,161,142.7,140,1,22,115,4,13,35,22,1,627,116,2211,0.07056000233,74,0.01350999951,6.87124311227002,4.4065448177038,130.328198079748,1627.72456252587,140
"319",2021-01-13,12327,1730,402,172,148.4,88,0,9,75,2,11,34,23,4,629,75,2532,0.03752000093,173,0.01156000018,3.58597125271349,4.22416243396711,81.4113570989123,1670.28863708158,88
"320",2021-01-14,12419,1718,402,129,140.1,92,2,14,75,9,10,41,31,0,638,77,2581,0.03371000051,146,0,3.1905211337114,4.00189724275394,88.6354068443715,1665.24193452766,92
"321",2021-01-15,12512,1686,404,144,134.3,93,6,7,78,5,11,41,30,2,643,84,2923,0.03729000092,206,0.00485000014,3.51542897788431,4.02297898509441,88.1577538184917,1628.95205878544,93
"322",2021-01-16,12573,1637,405,119,129.3,61,0,0,59,2,9,39,30,1,645,59,2470,0.03239000082,289,0,2.89972098678507,4.02064480029177,57.3533082838785,1591.3112823849,61
"323",2021-01-17,12653,1576,407,72,123,80,2,3,72,2,9,39,30,2,647,74,2036,0.02602999926,32,0,2.56272139716441,3.6881917538263,75.1746876507764,1537.12578023816,80
"324",2021-01-18,12774,1596,408,63,122.9,121,2,45,72,7,10,43,33,1,654,74,1021,0.03917999983,48,0,3.74207482005893,3.76681166865538,116.33468671689,1538.51567567779,121
"325",2021-01-19,12848,1540,415,81,111.4,74,3,24,47,8,9,45,36,7,662,50,2337,0.04107999802,89,0,3.95729412088788,3.35053324131507,72.0955375616763,1481.34255689963,74
"326",2021-01-20,12909,1500,415,166,110.6,61,1,8,50,2,7,37,30,0,664,51,3065,0.02250999928,163,0.00612999976,2.16828803451301,3.14800706728643,57.9356334275715,1468.69510081093,61
"327",2021-01-21,12979,1467,417,81,103.7,70,1,9,59,3,7,37,30,2,667,60,2636,0.02427999973,117,0,2.32481217901489,3.02433435947264,67.6574106439888,1434.17369024553,70
"328",2021-01-22,13058,1437,418,95,96.7,79,1,3,74,5,6,37,31,1,672,75,2311,0.03072000027,111,0.00901000023,2.97250332987201,2.94677355261374,75.8542076606135,1395.88661877736,79
"329",2021-01-23,13106,1371,418,84,91.7,48,1,4,40,4,9,39,30,0,676,41,2122,0.03299000025,276,0,2.9192986042744,2.94957035511222,43.8479629307381,1332.47700434249,48
"330",2021-01-24,13152,1287,419,44,87.7,46,2,9,35,2,8,37,29,1,678,37,1247,0.02244999886,36,0,2.18200690400779,2.89518257037556,45.2229268167068,1259.97045440815,46
"331",2021-01-25,13215,1228,419,29,82.9,63,1,18,43,4,7,38,31,0,682,44,825,0.02061000109,48,0,1.94768051537801,2.63884052684971,61.1751509598046,1204.97921315091,63
"332",2021-01-26,13277,1166,420,74,81.9,62,1,19,40,8,5,40,35,1,690,41,2354,0.02421000004,79,0,2.34238964628689,2.408139887621,59.0756273787044,1139.7117444773,62
"333",2021-01-27,13355,1126,422,80,69.6,78,0,27,50,1,4,30,26,2,691,50,2800,0.01963999987,175,0.0057099998,1.88205881011765,2.36724999842166,76.0942522337002,1105.60256030293,78
"334",2021-01-28,13393,1065,422,66,67.4,38,1,3,33,3,5,30,25,0,694,34,2355,0.02122999907,209,0.02871000051,2.18397183761466,2.3471299496502,36.2852897210204,1042.61275155549,38
"335",2021-01-29,13422,963,422,73,64.3,29,1,2,26,3,4,31,27,0,697,27,2847,0.01228999972,180,0.00555999994,1.18898015170268,2.09234092419744,28.6910114073871,951.979406863474,29
"336",2021-01-30,13441,866,423,42,58.3,19,1,6,12,2,5,33,28,1,699,13,2155,0.01577999949,216,0,1.43424288911641,1.8801901077463,18.8205389786956,854.045135042339,19
"337",2021-01-31,13483,807,424,25,55.6,42,3,5,34,4,6,32,26,1,703,37,922,0.01952000022,24,0,1.90247782271036,1.84025738184666,41.3224748761688,792.222627704547,42
"338",2021-02-01,13523,716,424,26,55.1,40,6,7,25,4,5,29,24,0,707,31,548,0.02920000076,29,0,2.77324097339341,1.95819459013458,37.172527862463,696.888062887854,40
"339",2021-02-02,13565,652,425,59,53,42,4,5,31,3,5,27,22,1,710,35,2439,0.02213999987,107,0.02803999901,2.23879574143755,1.94339546087039,39.2457998858616,637.950329302336,42
"340",2021-02-03,13628,637,425,54,49.3,63,4,22,36,2,4,26,22,0,712,40,2865,0.01291000009,212,0,1.20205233207182,1.84625167829241,61.5372062939175,629.630010230636,63
"341",2021-02-04,13710,639,425,51,47.1,82,3,43,33,2,5,25,20,0,714,36,2814,0.01279000044,90,0,1.2393616128843,1.71130736047379,78.5705578993278,631.377402713069,82
"342",2021-02-05,13768,638,427,72,47,58,1,8,48,2,5,21,16,2,716,49,2435,0.01601999998,149,0,1.50962461111842,1.7571137118189,56.2880178186364,628.729701393674,58
"343",2021-02-06,13793,607,427,61,49.7,25,1,4,19,3,6,21,15,0,719,20,2369,0.01434999943,205,0.01463000059,1.43722994446853,1.75754043401206,23.7233311084939,598.603099142789,25
"344",2021-02-07,13818,562,429,33,50.9,25,1,2,19,3,4,23,19,2,722,20,1004,0.0249000001,75,0,2.31692308622799,1.81674690022886,21.5539888767008,549.467087435292,25
"345",2021-02-08,13865,559,431,24,50.6,47,1,7,38,2,5,21,16,2,724,39,852,0.01407999992,29,0,1.36165265968672,1.61509142684219,45.4888657029639,551.673741742482,47
"346",2021-02-09,13920,578,431,43,48.3,55,6,7,39,0,2,19,17,0,724,45,2244,0.01782999992,149,0,1.67198160553615,1.53411797885628,51.2758173991531,568.698276815789,55
"347",2021-02-10,13977,595,432,40,46.3,57,0,6,50,3,4,20,16,1,727,50,2791,0.01253999949,100,0,1.21062395629851,1.53534249660295,55.4173827415213,588.066854624104,57
"348",2021-02-11,14037,621,433,51,46.3,60,1,11,46,1,3,16,13,1,728,47,2563,0.01521999955,58,0,1.48831968129149,1.57090793494683,57.3267162075672,612.104058827643,60
"349",2021-02-12,14088,624,435,52,43.4,51,0,8,41,3,2,16,14,2,731,41,2612,0.01570000052,173,0,1.47247401645386,1.56560070713761,48.4189204735699,615.156253061161,51
"350",2021-02-13,14120,622,435,46,41.3,32,0,3,28,6,2,21,19,0,737,28,2099,0.02191999912,46,0.02174000025,2.1916139004373,1.67336984370457,30.409355512604,608.879254601418,32
"351",2021-02-14,14161,597,437,48,43.4,41,0,4,35,4,2,21,19,2,741,35,1175,0.01702000022,10,0,1.68763715261603,1.58347185318858,38.4314728630358,587.302551406638,41
"352",2021-02-15,14223,620,438,34,44.9,62,2,8,51,4,2,23,21,1,745,53,867,0.02653000116,26,0,2.5757571115028,1.75691534630516,59.6860318009211,604.629051256058,62
"353",2021-02-16,14274,615,438,60,47.3,51,3,13,32,3,2,24,22,0,748,35,1561,0.0333100009,23,0,3.28263329576389,1.98700844490913,46.8941544060871,595.568713135531,51
"354",2021-02-17,14331,630,439,49,48.6,57,5,6,44,2,2,25,23,1,750,49,2063,0.01842000008,222,0,1.66303983216805,2.05163928431906,54.2156628087002,619.915664683289,57
"355",2021-02-18,14403,646,439,68,51,72,3,12,53,3,3,26,23,0,753,56,2348,0.02128999949,116,0,2.02877105529708,2.12884662346272,66.9064839935897,633.385511783195,72
"356",2021-02-19,14457,650,440,58,51.9,54,2,16,33,1,3,26,23,1,754,35,2576,0.01514000058,96,0,1.45960484633533,2.12700817058864,50.5082918368443,640.868276969965,54
"357",2021-02-20,14506,629,440,66,54.7,49,0,3,45,4,3,26,23,0,758,45,2384,0.02559000015,68,0,2.48803264101142,2.16935370495637,46.9223625768408,613.937023574063,49
"358",2021-02-21,14548,618,440,53,55.4,42,0,7,33,2,4,24,20,0,760,33,1000,0.03,28,0,2.91828793774319,2.34516095997454,39.0730716669948,600.641160309176,42
"359",2021-02-22,14613,633,440,32,55.1,65,0,11,54,1,6,23,17,0,761,54,863,0.01506000042,66,0,1.399007574,2.17705388318842,64.2728602227279,624.4763059442,65
"360",2021-02-23,14668,639,440,47,53.3,55,0,7,47,3,6,25,19,0,764,47,2036,0.01965000033,84,0,1.88714154112641,1.97769791824021,53.1462977815596,627.393282604608,55
"361",2021-02-24,14714,646,441,60,54.9,46,2,10,34,1,6,24,18,1,765,36,2874,0.01878999949,41,0,1.85257147630394,2.00477386740248,45.3580790479884,634.481085138903,46
"362",2021-02-25,14747,642,441,43,51.3,33,1,5,25,1,6,23,17,0,766,26,2376,0.01851999998,128,0.00781000018,1.7972523951885,1.97169977310126,30.550234130035,630.894242749326,33
"363",2021-02-26,14812,645,441,57,51.1,65,5,12,43,1,6,21,15,0,767,48,2639,0.01819000006,181,0,1.70224858717518,2.00636316464981,59.2135551060663,634.432146737766,65
"364",2021-02-27,14858,650,442,71,51.9,46,0,4,34,3,6,23,17,1,770,34,2535,0.0209100008,47,0.02128000021,2.09167358783385,1.9497404427673,37.315494555494,636.913866502092,46
"365",2021-02-28,14923,661,442,49,51.3,65,2,8,54,7,6,28,22,0,777,56,1552,0.02576999903,94,0,2.42983222931713,1.87996105584929,62.6903103587207,645.540984769899,65
"366",2021-03-01,15000,676,442,54,54.4,77,4,7,64,3,6,29,23,0,780,68,996,0.02911999941,45,0,2.78612098101441,2.0781201139942,73.176469797535,657.871964457848,77
"367",2021-03-02,15063,685,443,61,56.4,63,1,6,54,3,4,29,25,1,783,55,2006,0.02592000008,41,0,2.54008403324279,2.17139761286797,59.6553326762953,668.252779695678,63
"368",2021-03-03,15122,695,443,65,57.1,59,0,5,51,6,5,32,27,0,789,51,2676,0.02092999935,109,0,2.01108360002154,2.19404220197049,55.0128017476687,681.547004208427,59
"369",2021-03-04,15179,691,443,61,59.7,57,3,3,50,1,5,31,26,0,790,53,2414,0.02029999971,225,0.00444000006,1.89477829910724,2.20797447395888,55.0334187885134,678.397969487976,57
"370",2021-03-05,15252,694,444,51,58.9,73,1,10,57,1,2,28,26,1,791,58,2440,0.0188499999,154,0,1.77309174078643,2.21809492447477,67.0101639252541,682.156099381489,73
"371",2021-03-06,15308,707,446,46,55.3,56,3,3,47,0,2,26,24,2,791,50,1957,0.02095000029,25,0,2.06857470068264,2.21479508345317,52.004490771226,692.923499505136,56
"372",2021-03-07,15348,698,447,54,56,40,1,0,38,2,5,25,20,1,793,39,1752,0.01940999985,16,0.0625,1.97999546024887,2.15053268787199,38.2567534895853,684.69779322386,40
"373",2021-03-08,15431,740,448,38,53.7,83,1,9,65,6,4,29,25,1,799,66,1170,0.02051000118,142,0,1.82901687352134,2.01380352965869,73.8381080977756,726.972727156878,83
"374",2021-03-09,15488,747,448,70,55,57,0,8,47,1,3,27,24,0,800,47,2105,0.03183000088,57,0,3.09908195432007,2.09366037552688,53.5980420218229,724.71781681493,57
"375",2021-03-10,15568,770,448,76,56.6,80,5,8,64,0,2,24,22,0,800,69,2655,0.01807999969,173,0,1.69739742492751,2.04884806479916,75.8727072678691,757.420066612453,80
"376",2021-03-11,15629,767,451,73,58.3,61,1,7,52,1,2,20,18,3,801,53,2321,0.02801000118,86,0,2.70092283916826,2.16401157052216,58.6221811431737,747.060621449325,61
"377",2021-03-12,15711,772,451,93,64.3,82,5,4,67,2,2,17,15,0,803,72,2361,0.02286999941,133,0,2.16503883749038,2.22000401290844,74.4996165497737,755.912555228129,82
"378",2021-03-13,15779,790,451,56,65.7,68,5,3,54,5,4,22,18,0,808,59,2353,0.01870000005,99,0,1.79449837347675,2.18085025187903,60.9809414010298,776.354978081585,68
"379",2021-03-14,15847,815,451,65,67.3,68,2,10,51,2,3,23,20,0,810,53,1535,0.02996999979,36,0,2.9283227038606,2.31632557239499,61.5061778952952,792.028961974822,68
"380",2021-03-15,15954,862,452,58,70.1,107,4,3,97,4,5,25,20,1,814,101,1000,0.03200000048,13,0,3.15893390720632,2.50631372006427,100.929097764524,835.790913594252,107
"381",2021-03-16,16040,880,453,85,72.3,86,7,4,72,5,6,27,21,1,819,79,1583,0.03411000013,9,0,3.39171672146922,2.54811868679986,80.4210035690455,851.271938490634,86
"382",2021-03-17,16128,907,454,77,72.4,88,3,5,76,3,5,27,22,1,822,79,2842,0.02674000025,175,0,2.51889561519722,2.66547557112411,82.0846800204687,885.010187070444,88
"383",2021-03-18,16221,945,455,63,71,93,6,3,80,2,5,24,19,1,824,86,2566,0.02845000029,161,0,2.67703339729153,2.66206279371314,86.7840685679855,920.650520892399,93
"384",2021-03-19,16346,993,457,117,74.4,125,7,6,104,2,4,24,20,2,826,111,2615,0.03823999882,97,0,3.68722702486357,2.87951824905217,113.060628539067,957.758595849492,125
"385",2021-03-20,16449,1047,458,83,78.3,103,5,6,87,4,4,27,23,1,830,92,1997,0.04356999874,151,0.00662,4.09724895175885,3.20848261737819,94.3718581578927,1005.71016838384,103
"386",2021-03-21,16534,1075,459,87,81.4,85,5,1,77,4,4,29,25,1,834,82,1306,0.04210999966,87,0,3.94800140387365,3.35415100309434,79.8840159344433,1034.15020889666,85
"387",2021-03-22,16683,1151,460,56,81.1,149,6,7,133,4,7,30,23,1,838,139,1150,0.05478000164,131,0,4.9177987420765,3.60541740807579,139.420549421193,1096.51836247333,149
"388",2021-03-23,16807,1190,461,108,84.4,124,2,0,120,5,9,31,22,1,843,122,1966,0.0350999999,153,0,3.25656440789995,3.58610993470875,118.175949842438,1152.69983862706,124
"389",2021-03-24,16960,1280,461,85,85.6,153,7,2,137,4,9,33,24,0,847,144,3106,0.04572000027,47,0,4.50384779063178,3.8696745311994,139.757618967025,1224.51216859578,153
"390",2021-03-25,17109,1362,462,123,94.1,149,7,4,132,8,10,40,30,1,855,139,3005,0.0379399991,282,0,3.46850311212352,3.98274163331826,138.359540720241,1316.53017597819,149
"391",2021-03-26,17258,1446,463,103,92.1,149,10,2,130,4,11,42,31,1,859,140,2390,0.06736000061,117,0,6.42163547897487,4.37337141247702,133.346779660947,1356.62459564093,149
"392",2021-03-27,17374,1499,465,138,100,116,7,3,100,5,13,44,31,2,864,107,2476,0.06260000229,117,0,5.97753974816969,4.64198438339285,103.843833919566,1412.75614061149,116
"393",2021-03-28,17511,1558,466,139,107.4,137,3,5,124,5,13,45,32,1,869,127,2480,0.08265999794,157,0,7.77386404593098,5.18853618940104,122.497349874797,1441.42418192861,137
"394",2021-03-29,17720,1706,466,111,115.3,209,7,1,189,4,12,47,35,0,873,196,1644,0.08394000053,40,0,8.19461762893824,5.65665317323843,181.540734982931,1571.44129531061,209
"395",2021-03-30,17929,1837,467,170,124.1,209,9,6,186,6,12,48,36,1,879,195,1968,0.04065000057,64,0,3.93696855914173,5.75385376627297,193.610745322551,1767.38943157705,209
"396",2021-03-31,18136,1940,468,163,135.3,207,7,5,190,8,14,54,40,1,887,197,3023,0.0793900013,224,0,7.39131425715738,6.16634897577663,187.985036498724,1801.98462338845,207
"397",2021-04-01,18373,2075,469,144,138.3,237,12,4,203,4,15,53,38,1,891,215,2634,0.07212999821,100,0.01,6.98575037619386,6.66881287064382,204.543751666979,1935.48039399526,237
"398",2021-04-02,18571,2168,470,242,158.1,198,15,7,162,6,15,57,42,1,897,177,3130,0.09392999649,99,0,9.10501359596469,7.05215260164237,168.488351949745,1978.0042204918,198
"399",2021-04-03,18822,2346,470,222,170.1,251,16,3,223,11,14,61,47,0,908,239,2885,0.1019099998,36,0,10.0654005280041,7.63613271304728,218.845626235716,2118.71899225519,251
"400",2021-04-04,19052,2505,471,152,172,230,9,2,215,12,15,64,49,1,920,224,1818,0.09295999527,139,0,8.63573180382524,7.75925667846075,207.381219078627,2296.78550799983,230
"401",2021-04-05,19337,2650,472,184,182.4,285,8,4,269,5,17,67,50,1,925,277,2045,0.1056200027,162,0,9.78671977895333,7.98669984274862,254.907181112138,2400.37555937605,285
"402",2021-04-06,19611,2787,473,156,180.4,274,7,6,245,10,19,70,51,1,935,252,1749,0.1286400032,83,0,12.2811880784279,9.17873120264665,228.211749285882,2457.55613198315,274
"403",2021-04-07,19919,2928,474,219,188.4,308,3,6,290,12,23,76,53,1,947,293,3364,0.0981000042,44,0,9.683345485,9.5061642351956,271.691545350379,2655.10185933758,308
"404",2021-04-08,20213,3099,475,170,192.1,294,22,5,255,10,29,83,54,1,957,277,3366,0.08586000443,194,0.01031000018,8.17429536366011,9.6759563762622,260.206139209323,2855.17626501694,294
"405",2021-04-09,20509,3251,477,261,194.9,296,13,2,276,14,30,88,58,2,971,289,3418,0.1102999973,158,0,10.5426563414821,9.88133391133612,261.674058078741,2921.1085218477,296
"406",2021-04-10,20796,3415,480,381,217.6,287,12,2,262,14,26,92,66,3,985,274,3187,0.0875399971,97,0,8.49543150906516,9.65705262291627,253.595250991605,3135.75832896471,287
"407",2021-04-11,21065,3553,480,205,225.1,269,8,4,249,13,28,100,72,0,998,257,2714,0.145909996,29,0,14.4367382115931,10.485767824026,225.288648871118,3059.29404451005,269
"408",2021-04-12,21380,3648,481,264,236.6,315,16,3,292,16,27,100,73,1,1014,308,2125,0.08046999931,107,0,7.66123425330421,10.1821270346475,288.288096433379,3378.9966746395,315
"409",2021-04-13,21616,3674,483,245,249.3,236,10,0,219,12,28,104,76,2,1026,229,2670,0.07677999973,178,0,7.1981249746875,9.45597516268461,213.134310805258,3419.45614802846,236
"410",2021-04-14,21889,3747,485,388,273.4,273,10,11,248,12,28,101,73,2,1038,258,3971,0.1714900017,97,0.01031000018,16.7646722411052,10.4675932706996,227.368807571765,3142.37954252481,273
"411",2021-04-15,22111,3750,485,313,293.9,222,15,3,202,19,29,107,78,0,1057,217,3902,0.1309599972,98,0.01019999981,12.8001377263945,11.1284278939474,193.265106787358,3287.99147674005,222
"412",2021-04-16,22347,3789,487,348,306.3,236,1,10,219,20,24,114,90,2,1077,220,2970,0.120539999,244,0.00409999996,11.1700123528388,11.2180501812841,206.347316986888,3381.6362911969,236
"413",2021-04-17,22528,3736,490,405,309.7,181,5,7,167,16,23,123,100,3,1093,172,2935,0.1018700027,121,0.00825999975,9.81635856983802,11.4067540471088,162.748893439405,3383.01084819544,181
"414",2021-04-18,22690,3678,490,294,322.4,162,5,8,146,11,22,122,100,0,1104,151,1949,0.06465000153,188,0.01595999956,6.0366557276205,10.2067422636841,150.226408025246,3464.29621666792,162
"415",2021-04-19,22917,3617,491,258,321.6,227,5,4,218,22,22,115,93,1,1126,223,2084,0.1122799969,88,0.0340899992,10.9112078024494,10.6710241992763,203.580276288172,3237.13838266511,227
"416",2021-04-20,23106,3505,492,188,313.4,189,9,2,178,17,27,118,91,1,1143,187,2775,0.100539999,221,0,9.31236639602804,10.9730586880392,172.23877566263,3190.83908394394,189
"417",2021-04-21,23301,3406,493,207,287.6,195,3,2,185,12,25,110,85,1,1155,188,2521,0.1368500042,236,0.02118999958,12.6949474243409,10.3916694285015,167.028316015607,2989.82151249552,195
"418",2021-04-22,23477,3299,496,239,277,176,7,4,161,14,22,106,84,3,1169,168,2358,0.1632699966,213,0.0093900001,15.0521478803617,10.7133851647825,147.66048974074,2821.04735508752,176
"419",2021-04-23,23685,3224,499,189,254.3,208,5,8,186,21,29,112,83,3,1190,191,2507,0.0805700016,86,0.01162999988,7.82835225610798,10.2360051509638,184.608442270273,2981.07653339979,208
"420",2021-04-24,23842,3104,500,227,228.9,157,2,2,151,18,31,118,87,1,1208,153,2464,0.08522999763,214,0.00467000008,7.87924175419866,9.95927417730103,143.396742398938,2868.59796343989,157
"421",2021-04-25,23990,2973,505,139,206.7,148,2,6,136,21,30,124,94,5,1229,138,1621,0.1357199955,93,0.02151000023,12.9523070435758,10.9472243652946,126.795965894465,2602.36526524814,148
"422",2021-04-26,24153,2837,510,173,194.6,163,4,7,148,12,31,123,92,5,1241,152,1304,0.1150300026,31,0,11.2358893925393,10.9936074495932,142.56176743175,2530.18904081496,163
"423",2021-04-27,24313,2743,511,189,194.7,160,3,5,148,10,31,120,89,1,1251,151,2425,0.06103000164,332,0.00903999984,5.47693267768879,10.4456883469733,148.039901767567,2598.40033475786,160
"424",2021-04-28,24479,2640,513,186,191.7,166,2,7,155,13,27,115,88,2,1264,157,2408,0.06894000053,38,0,6.7868978444906,9.60168126413756,153.74407014102,2467.54359982353,166
"425",2021-04-29,24605,2544,513,159,180.3,126,2,7,113,13,29,113,84,0,1277,115,2728,0.06525000095,111,0.00901000023,6.30511139898309,8.35210462394061,115.02097616134,2389.61185525609,126
"426",2021-04-30,24758,2453,516,178,178.7,153,4,3,139,13,27,109,82,3,1290,143,2122,0.06691999912,179,0,6.17141408659887,8.1153991711536,137.505754627718,2307.29102169085,153
"427",2021-05-01,24882,2398,520,138,166,124,3,5,113,7,29,110,81,4,1297,116,2051,0.08970999718,70,0.02857000113,8.76921755281848,8.24253857095643,111.209093323931,2195.59832578264,124
"428",2021-05-02,24979,2337,520,128,164.4,97,0,4,91,8,27,108,81,0,1305,91,1279,0.06959000111,21,0,6.84658549382231,7.37029263527735,89.0032008236191,2182.99428928349,97
"429",2021-05-03,25086,2220,523,102,154.3,107,4,3,100,10,22,98,76,3,1315,104,976,0.1741799927,140,0.00713999987,15.3225154889785,7.95409636334009,91.6620440681523,1892.59363299325,107
"430",2021-05-04,25191,2125,524,141,147.4,105,1,2,99,8,23,94,71,1,1323,100,2386,0.03898000002,57,0.01753999949,3.84797625946173,7.72138830359337,98.2962943739637,2046.29625544673,105
"431",2021-05-05,25273,2010,525,114,137.1,82,1,2,75,8,23,88,65,1,1331,76,1904,0.07772999763,65,0.03076999903,7.6179769133809,7.84011388486341,72.4274070424337,1862.61958099068,82
"432",2021-05-06,25379,1940,527,122,131.9,106,3,6,92,12,22,88,66,2,1343,95,2133,0.0534499979,246,0,4.79230119885246,7.62399814198761,96.6180058999074,1850.51506785074,106
"433",2021-05-07,25491,1842,530,108,121.9,112,4,4,103,19,23,95,72,3,1362,107,2302,0.04691999912,82,0.01220000029,4.57257709723238,7.39559285779239,106.290780954695,1760.93101419203,112
"434",2021-05-08,25580,1766,534,136,121.6,89,1,3,85,4,21,86,65,4,1366,86,1901,0.04892000198,86,0.01162999988,4.73060411442677,6.81864808087929,85.0842123373653,1685.58975567194,89
"435",2021-05-09,25663,1705,537,69,113.1,83,0,5,78,4,22,83,61,3,1370,78,1173,0.1722100067,123,0.00813000023,15.6637598678542,8.0782444200267,71.2403418639222,1447.94593433317,83
"436",2021-05-10,25756,1638,538,82,110.3,93,3,2,87,9,22,85,63,1,1379,90,715,0.1048999977,14,0,10.2885457277778,7.35910588271231,83.0874787385176,1475.79211304102,93
"437",2021-05-11,25888,1607,540,124,107.9,132,1,6,123,5,21,79,58,2,1384,124,1899,0.04580999851,86,0.02325999975,4.48330212337481,7.44986672041418,124.649137775123,1537.65455165018,132
"438",2021-05-12,25985,1547,541,115,108,97,3,3,90,8,22,80,58,1,1392,93,2118,0.04958000183,174,0.00574999988,4.6252593305,7.02233563714548,91.8597829093205,1478.12993721203,97
"439",2021-05-13,26078,1519,541,78,101.7,93,1,1,90,7,20,77,57,0,1399,91,1684,0.07956999779,54,0.01851999998,7.76731624150057,7.44733778609521,85.1967495795168,1405.43805067347,93
"440",2021-05-14,26161,1440,541,128,104.6,83,2,4,75,7,21,70,49,0,1406,77,1738,0.04717999935,105,0,4.44920449648942,7.42971312884622,77.7025579648324,1378.33355155011,83
"441",2021-05-15,26235,1391,542,85,97.3,74,2,8,63,7,19,64,45,1,1413,65,1779,0.05228000164,61,0,5.05468059334565,7.47600976869177,69.8376411396815,1323.32552038918,74
"442",2021-05-16,26304,1363,543,46,94,69,2,3,63,7,19,67,48,1,1420,65,805,0.04098999977,20,0,3.99963028058788,5.80970554193945,65.4977120666207,1310.52894687391,69
"443",2021-05-17,26378,1328,545,87,94.7,74,7,5,59,10,19,71,52,2,1430,66,774,0.2299699974,19,0,22.4459997462295,7.54648468743255,56.7410690300168,1041.09302533125,74
"444",2021-05-18,26457,1296,546,97,90.9,79,1,6,71,5,16,64,48,1,1435,72,1920,0.02655999899,56,0,2.58072864680162,7.27468847649352,76.2115412970261,1263.80774334647,79
"445",2021-05-19,26528,1281,550,91,87.4,71,2,5,64,4,14,57,43,4,1439,66,2042,0.06659999847,122,0.01639000058,6.37693054281423,7.52492722110984,66.9490237263484,1202.37423323413,71
"446",2021-05-20,26588,1236,553,73,86.7,60,5,8,45,11,15,63,48,3,1450,50,1487,0.05111000061,65,0.03076999903,5.02581319871263,7.13328392928299,55.5813088017748,1176.20995357987,60
"447",2021-05-21,26669,1201,554,77,79.4,81,4,11,63,3,13,58,45,1,1453,67,1682,0.04162000179,190,0,3.73957494715705,7.03190827937837,75.588423064306,1157.77158358555,81
"448",2021-05-22,26728,1169,558,77,78.3,59,0,13,46,8,15,57,42,4,1461,46,1380,0.06231999874,101,0.0099000001,5.87451034917623,7.14902681592559,56.3990405451701,1102.90170428921,59
"449",2021-05-23,26783,1145,559,39,77.3,55,0,4,51,5,12,58,46,1,1466,51,826,0.03753000021,14,0.07143000126,3.80950002275,7.12186535052018,53.1299972986332,1103.01660601833,55
"450",2021-05-24,26834,1099,561,65,74.1,51,2,11,38,5,11,56,45,2,1471,40,733,0.0832199955,30,0,7.99479117975098,5.05740698388039,47.9219817301502,1014.43144803588,51
"451",2021-05-25,26894,1031,563,56,68.3,60,2,11,46,3,11,53,42,2,1474,48,1035,0.0647300005,19,0.05263000011,6.45118790508444,5.61032973506365,56.0195282722014,966.981951013327,60
"452",2021-05-26,26950,990,566,76,66.1,56,1,11,44,1,8,46,38,3,1475,45,1371,0.03209000111,61,0.04918000221,3.28179969669134,5.16816818561753,54.5785595774863,958.728310704699,56
"453",2021-05-27,26997,944,566,62,64.6,47,0,8,38,3,9,41,32,0,1478,38,1368,0.05481999874,113,0.0088499999,5.13124971404592,5.18323054495085,44.1232309873649,897.377106633485,47
"454",2021-05-28,27032,894,569,65,62.9,35,0,1,30,1,7,33,26,3,1479,30,1589,0.03460999966,197,0.01523000002,3.24723401252408,5.11289612571757,30.0623539697001,866.058148297063,35
"455",2021-05-29,27067,856,571,45,58.3,35,0,3,31,4,9,35,26,2,1483,31,1074,0.02421000004,104,0.00962000012,2.29219185530051,4.60113634087818,33.3160619966502,837.114486101051,35
"456",2021-05-30,27094,807,573,46,59.3,27,0,3,22,5,8,35,27,2,1488,22,718,0.0905300045,34,0,8.64368925944149,5.29173480326268,23.1696847267546,739.860707931406,27
"457",2021-05-31,27142,775,576,40,55.7,48,1,2,41,5,6,34,28,3,1493,42,783,0.0855700016,27,0.03703999996,8.39523348786667,5.34894084727921,40.6062007689713,712.37632371316,48
"458",2021-06-01,27184,739,577,38,53.1,42,1,5,36,2,5,30,25,1,1495,37,1565,0.01725000024,27,0.03703999996,1.75856346573618,4.67856592737231,41.3737267706015,726.491461715527,42
"459",2021-06-02,27216,701,577,48,49.1,32,0,1,30,1,6,29,23,0,1496,30,1688,0.04264999866,43,0.02325999975,4.21683291319064,4.81214210115793,29.7823801345263,672.548282476765,32
"460",2021-06-03,27261,690,577,48,47.1,45,2,4,39,2,5,28,23,0,1498,41,1176,0.01360999942,186,0,1.17513651379736,4.24698307255099,44.5362581877183,682.195564622576,45
"461",2021-06-04,27291,643,579,44,44.1,30,0,0,27,3,6,28,22,2,1501,27,1195,0.04769999981,68,0.01470999956,4.59238161069121,4.43914701514629,25.8065456529307,614.578105734609,30
"462",2021-06-05,27310,611,582,39,43.3,19,1,0,18,2,4,29,25,3,1503,19,999,0.01601999998,90,0.02221999884,1.653239658,4.34786812981765,18.6976614729838,601.277429473321,19
"463",2021-06-06,27327,562,582,21,39.7,17,0,1,16,2,4,27,23,0,1505,16,608,0.1069099998,22,0,10.3176634727619,4.58700730314914,15.411067608532,506.188749749685,17
"464",2021-06-07,27354,530,583,17,36.4,27,1,3,23,1,4,26,22,1,1506,24,843,0.00949000001,30,0.06666999817,1.1454948400378,3.5513303534593,26.735388657461,524.15649951893,27
"465",2021-06-08,27387,502,584,28,35,33,1,1,30,1,3,25,22,1,1507,31,1771,0.02993000031,100,0,2.83303209775575,3.70482587231924,31.1546875485643,488.311391915461,33
"466",2021-06-09,27414,476,585,33,32.9,27,1,0,24,2,4,23,19,1,1509,25,1194,0.05946000099,26,0,5.81928206410328,3.93374717959247,23.5997244871694,449.338754235705,27
"467",2021-06-10,27443,463,585,20,28.9,29,0,0,28,2,5,20,15,0,1511,28,1216,0.03042999983,136,0,2.73689939299408,4.15685616233486,27.2623999424776,450.803256191684,29
"468",2021-06-11,27465,453,585,36,27.7,22,0,1,20,1,4,15,11,0,1512,20,1055,0.0170599997,96,0,1.56370979005213,3.72418875938642,20.6989835510204,446.181977430613,22
"469",2021-06-12,27483,430,585,29,26.3,18,0,0,18,2,6,16,10,0,1514,18,880,0.01136000037,44,0,1.08190479714286,3.64256949354969,17.812558552733,425.522232093067,18
"470",2021-06-13,27504,422,586,18,25.9,21,0,1,18,2,5,15,10,1,1516,18,583,0.1320800018,17,0,12.8337735082333,4.00201378433132,16.7765316443438,369.872019661838,21
"471",2021-06-14,27523,385,589,22,26.6,19,2,1,16,2,4,14,10,3,1518,18,655,0.05649000168,29,0,5.40949577491228,4.61115677502767,18.0627976512242,364.954283095628,19
"472",2021-06-15,27550,371,589,22,25.7,27,1,0,24,0,4,14,10,0,1518,25,1518,0.01449000001,36,0,1.41543243340927,4.40864253726389,24.6594089520432,365.945628848321,27
"473",2021-06-16,27567,350,589,24,24.4,17,0,0,17,1,4,12,8,0,1519,17,1251,0.02237999916,42,0,2.16530386304408,3.88664565139829,16.6456994313347,342.705576527479,17
"474",2021-06-17,27578,307,590,12,23.3,11,0,1,10,0,5,11,6,1,1519,10,1101,0.02088999987,123,0.02438999891,2.12417154598039,3.79911310182491,10.7955469167418,300.723290343973,11
"475",2021-06-18,27592,277,590,26,21.9,14,1,0,13,1,4,12,8,0,1520,14,864,0.01968000054,63,0,1.83425247751456,3.83776205717668,13.7528325782839,272.109616013189,14
"476",2021-06-19,27601,244,590,18,20.3,9,0,0,9,0,3,10,7,0,1520,9,926,0.01944000006,37,0,1.86930841698442,3.95024828858262,8.83806991336335,239.609895428962,9
"477",2021-06-20,27613,231,590,7,18.7,12,0,0,10,0,3,10,7,0,1520,10,562,0.0266899991,15,0,2.59961516363951,2.48822566792636,9.749785116698,225.220036195724,12
"478",2021-06-21,27624,221,591,13,17.4,11,0,0,11,2,2,9,7,1,1522,11,520,0.02308000088,7,0,2.27734354034156,2.04077534870197,10.7588843988254,216.1557683764,11
"479",2021-06-22,27635,198,591,13,16.1,11,0,0,10,0,2,6,4,0,1522,10,1297,0.01156999946,65,0,1.10178335533186,1.99596833754806,9.89395253669297,195.900260226521,11
"480",2021-06-23,27646,185,591,18,15.3,11,0,0,10,0,1,4,3,0,1522,10,1105,0.0081400001,18,0,0.800952814826358,1.80106104494552,9.92290769884124,183.573792428563,11
"481",2021-06-24,27652,173,591,8,14.7,6,1,0,5,1,0,4,4,0,1523,6,904,0.00995999992,51,0,0.942810463631414,1.63229517603853,5.94555227709862,171.430090656344,6
"482",2021-06-25,27656,152,591,7,12,4,0,0,4,2,0,6,6,0,1525,4,1024,0.00194999993,64,0,0.183529405176471,1.39647759427594,3.99293406357356,151.731494415795,4
"483",2021-06-26,27660,137,591,9,10.7,4,0,0,4,1,0,6,6,0,1526,4,764,0.00523999989,19,0,0.511284791310345,1.20247421917965,3.98031538418745,136.32580190842,4
"484",2021-06-27,27665,123,591,8,10.9,5,0,0,5,0,0,5,5,0,1526,5,398,0.0200999999,13,0,1.94642334798053,1.10916110265693,4.90632765616942,120.695660341768,5
"485",2021-06-28,27674,115,591,1,9.1,9,0,0,9,0,0,4,4,0,1526,9,555,0.00180000007,5,0,0.178392864080357,0.809311006048192,8.98454659933405,114.80253988038,9
"486",2021-06-29,27677,109,591,8,8.4,3,0,0,3,0,0,3,3,0,1526,3,929,0.00646000028,14,0,0.636409359503712,0.74282900664417,2.9816235384551,108.332321897202,3
"487",2021-06-30,27679,94,591,8,7,2,0,1,1,0,0,2,2,0,1526,1,1221,0.00082000002,51,0,0.0787122660707547,0.63965178539337,1.9992423886141,93.9287845297253,2
"488",2021-07-01,27682,90,591,7,6.9,3,0,0,3,0,0,1,1,0,1526,3,884,0.00225999996,74,0,0.208542793803758,0.534756403989419,2.99397828053034,89.8193484159101,3
"489",2021-07-02,27686,79,591,6,6.7,4,0,0,4,2,0,2,2,0,1528,4,785,0.01401000023,29,0,1.35108724576781,0.701550381216753,3.94798274109814,77.9726591366882,4
"490",2021-07-03,27692,73,591,6,6.3,6,0,0,6,0,0,1,1,0,1528,6,627,0.00158999994,16,0,0.155043540027994,0.650658773890703,5.99104616672096,72.891061695105,6
"491",2021-07-04,27694,68,592,2,5.4,2,0,0,2,1,0,2,2,1,1529,2,437,0.0068599999,34,0,0.636479820870488,0.463523984303554,1.98774766924499,67.5834207543298,2
"492",2021-07-05,27700,67,592,2,5.6,6,0,0,6,0,0,2,2,0,1529,6,505,0.00197999999,27,0,0.187951126870301,0.464889450416403,5.98914573896919,66.8787940851559,6
"493",2021-07-06,27705,63,592,12,6.1,5,0,2,3,0,0,2,2,0,1529,3,1174,0.00596000016,28,0,0.582116488173045,0.457133325940593,4.98319125716833,62.647016400535,5
"494",2021-07-07,27711,62,592,6,5.9,6,0,0,6,0,0,2,2,0,1529,6,1218,0.03201999903,23,0,3.14265582744077,0.894839548993453,5.81851023056338,60.1246057158216,6
"495",2021-07-08,27713,53,593,5,5.6,2,0,0,2,1,0,3,3,1,1530,2,933,0.00321999997,87,0,0.294535291373529,0.90712419150342,1.99433015204788,52.8497490292687,2
"496",2021-07-09,27715,51,593,3,5.1,2,0,0,2,0,0,2,2,0,1530,2,823,0.00486000001,56,0,0.455037543598407,0.779117091193505,1.99124045993715,50.7766317283972,2
"497",2021-07-10,27716,47,593,0,4.3,1,0,0,1,0,0,2,2,0,1530,1,930,0,22,0,0,0.756968014046649,1,47,1
"498",2021-07-11,27721,49,593,0,4,5,0,0,5,0,0,2,2,0,1530,5,422,0.00237000003,8,0,0.232590700618605,0.69926956829638,4.9888064864703,48.890303567409,5
"499",2021-07-12,27724,47,593,1,3.9,3,0,1,2,0,0,1,1,0,1530,2,460,0.00216999993,16,0,0.209705875588235,0.702377389541799,2.99596313085706,46.9051335751409,3
"500",2021-07-13,27726,46,593,2,2.4,2,0,0,2,0,0,1,1,0,1530,2,1188,0.00083999999,14,0,0.0830216296272879,0.631078124035263,1.99840182134192,45.9632418908642,2
"501",2021-07-14,27731,48,593,0,1.6,5,0,0,5,0,0,0,0,0,1530,5,1098,0,15,0,0,0.182127291543724,5,48,5
"502",2021-07-15,27742,54,593,1,1,11,0,0,11,0,0,0,0,0,1530,11,947,0.00105999999,31,0,0.102640080831288,0.154713690037689,10.9891328978892,53.9466524078197,11
"503",2021-07-16,27745,54,593,8,1.7,3,0,0,3,0,0,0,0,0,1530,3,867,0.00460999995,34,0,0.443603768773585,0.153080293634143,2.9871908426922,53.7694351684596,3
"504",2021-07-17,27747,51,593,5,2.4,2,0,0,2,0,0,0,0,0,1530,2,761,0.00263000011,18,0,0.256922988922978,0.189783577765997,1.99505419443692,50.8738819581415,2
"505",2021-07-18,27755,56,593,4,3,8,0,0,8,0,0,0,0,0,1530,8,214,0.00467000008,17,0,0.43263204204329,0.218360912255238,7.96668707663298,55.7668095364309,8
"506",2021-07-19,27763,60,593,2,3.1,8,0,0,8,0,0,0,0,0,1530,8,367,0,10,0,0,0.188402930028347,8,60,8
"507",2021-07-20,27767,61,593,10,4.3,4,0,0,4,0,0,0,0,0,1530,4,1142,0.00437999994,22,0,0.429721643597938,0.237931503452726,3.98345558951815,60.7476977401519,4
"508",2021-07-21,27772,64,593,12,6,5,0,0,5,0,0,0,0,0,1530,5,1058,0.01039999962,8,0,1.0321950842364,0.385387944057925,4.95032522964177,63.3641629394147,5
"509",2021-07-22,27777,66,593,5,6.6,5,0,0,5,1,0,1,1,0,1531,5,1046,0.00477999985,28,0,0.465538160437616,0.437230526858829,4.97759580377208,65.7042646097914,5
"510",2021-07-23,27789,74,593,3,5.9,12,0,0,12,0,0,1,1,0,1531,12,928,0.00647000015,38,0,0.621548668654244,0.462651226841781,11.9282105768104,73.5572985569975,12
"511",2021-07-24,27792,76,593,2,5.4,3,0,0,3,0,0,1,1,0,1531,3,713,0.00280999988,16,0,0.274832635725652,0.465209747813591,2.99206414662783,75.7989583812385,3
"512",2021-07-25,27799,78,593,7,5.9,7,0,0,7,0,0,1,1,0,1531,7,410,0.00244000003,14,0,0.235943399127358,0.437111370254172,6.98410319125962,77.8228641311786,7
"513",2021-07-26,27808,82,593,5,6.3,9,0,0,9,1,0,2,2,0,1532,9,410,0,10,0,0,0.437111370254172,9,82,9
"514",2021-07-27,27816,89,593,7,5.9,8,0,0,8,0,0,2,2,0,1532,8,1125,0.01067000031,5,0,1.06227879192478,0.527476677158007,7.91820390412448,88.0900184333848,8
"515",2021-07-28,27822,89,593,8,5.3,6,0,0,6,0,0,1,1,0,1532,6,1074,0.00372000009,11,0,0.368228580337327,0.43262431945814,5.97873463598468,88.6845637671061,6
"516",2021-07-29,27826,85,593,9,5.9,4,0,0,4,0,0,1,1,0,1532,4,1234,0.00243000001,15,0,0.240081666320256,0.400416248869945,3.9907567847793,84.8035816765602,4
"517",2021-07-30,27829,80,593,4,6,3,0,0,3,0,0,1,1,0,1532,3,940,0.00745000005,21,0,0.728720088137357,0.415726451653247,2.9789580456719,79.4388812179174,3
"518",2021-07-31,27836,81,593,8,6.9,7,0,0,7,0,0,0,0,0,1532,7,936,0.00962000012,8,0,0.953847469525424,0.5127285707675,6.93573403262552,80.2563509489525,7
"519",2021-08-01,27845,83,593,1,6,9,0,0,7,0,0,0,0,0,1532,7,563,0.00178000003,13,0,0.173982641821181,0.503877034009475,6.98827782938024,82.8610085483657,9
"520",2021-08-02,27856,86,593,3,5.7,11,0,0,11,1,0,1,1,0,1533,11,462,0.00432999998,4,0,0.429283259819742,0.565203213983724,10.9545492854143,85.6446580496027,11
"521",2021-08-03,27873,98,593,10,6.1,17,0,0,17,0,0,1,1,0,1533,17,550,0.01090999961,3,0,1.08508133553345,0.568460720213534,16.8224522013797,96.9764891608945,17
"522",2021-08-04,27885,107,593,15,7.1,12,0,0,10,2,0,3,3,0,1535,10,1289,0.00776000023,22,0,0.762977902095347,0.62485348046468,9.92656281229429,106.214222091549,12
"523",2021-08-05,27905,120,593,9,7.1,20,0,0,20,0,1,3,2,0,1535,20,1482,0.00472000003,19,0,0.466025319417722,0.657131145192889,19.9102894362636,119.461736617582,20
"524",2021-08-06,27919,122,593,15,8.7,14,0,0,12,1,1,4,3,0,1536,12,1109,0.00541000009,44,0,0.520354735456201,0.627364666238439,11.939898565959,121.388968753917,14
"525",2021-08-07,27932,132,593,13,9.4,13,0,0,13,0,1,4,3,0,1536,13,846,0.01182000041,14,0,1.16275817986744,0.657209053430156,12.8545087641204,130.522704374146,13
"526",2021-08-08,27952,144,593,5,10,20,0,0,19,1,1,3,2,0,1537,19,612,0.00653999984,4,0,0.649753230857143,0.725176280435293,18.8811754643129,143.09943509795,20
"527",2021-08-09,27966,152,593,13,11.4,14,0,0,14,1,1,3,2,0,1538,14,556,0.0143900001,9,0,1.4160778859469,0.866146941310602,13.809182037746,149.9282621241,14
"528",2021-08-10,27986,167,593,18,12.6,20,3,0,17,1,1,4,3,0,1539,20,1264,0.01027999997,16,0,1.0151499970375,0.856156750096894,19.8045821230807,165.368260727724,20
"529",2021-08-11,28001,173,593,20,13.3,15,2,0,13,0,1,4,3,0,1539,15,1296,0.01080000043,8,0,1.07337427586503,0.900499089206849,14.845030397423,171.212683916945,15
"530",2021-08-12,28020,187,593,18,14.6,19,3,0,16,0,1,3,2,0,1539,19,1053,0.01330000043,38,0,1.2836755685417,1.01730626765313,18.765246025474,184.68952667177,19
"531",2021-08-13,28037,201,593,26,16.1,17,3,0,14,0,1,3,2,0,1539,17,1077,0.02135999918,14,0,2.10859020319523,1.24419704875871,16.6549792752765,196.920637313563,17
"532",2021-08-14,28054,210,593,16,16.6,17,2,0,15,1,1,4,3,0,1540,17,1005,0.01194000006,12,0,1.17991151035398,1.2466475245425,16.8069354947229,207.615085523048,17
"533",2021-08-15,28072,207,593,8,17,18,1,0,17,0,1,4,3,0,1540,18,543,0.02210000038,2,0,2.20188994611743,1.46838134100826,17.6185196337859,202.612975788538,18
"534",2021-08-16,28091,210,593,21,18.1,19,0,0,19,0,1,3,2,0,1540,19,611,0.01146000028,8,0,1.13118904217771,1.42768293475551,18.7931322133885,207.71356656903,19
"535",2021-08-17,28112,206,593,18,18.1,21,0,0,21,0,1,3,2,0,1540,21,1323,0.01587000012,10,0,1.57509453554089,1.50767501168457,20.6816315691969,202.876957297836,21
"536",2021-08-18,28143,218,593,24,18.7,31,0,0,31,0,1,2,1,0,1540,31,1295,0.0154400003,12,0,1.52982405420811,1.57288212287644,30.5435352382515,214.790021998027,31
"537",2021-08-19,28166,226,593,19,18.9,23,0,0,23,3,1,5,4,0,1543,23,1279,0.01720000029,17,0,1.69743830022454,1.63199108454541,22.6242267071179,222.307618948202,23
"538",2021-08-20,28185,226,593,17,17.6,19,0,0,19,0,2,5,3,0,1543,19,1142,0.01488999963,50,0,1.42654191086074,1.53455561421191,18.7391191422433,222.896890849841,19
"539",2021-08-21,28208,235,593,27,19.1,23,1,0,22,1,2,6,4,0,1544,23,879,0.01820000052,12,0,1.79548826678788,1.62249515084533,22.6025207288814,230.938798751615,23
"540",2021-08-22,28239,252,593,17,20.4,31,0,0,31,1,1,5,4,0,1545,31,519,0.01541000009,6,0,1.52338858032571,1.52556638430365,30.5454554375348,248.304992588993,31
"541",2021-08-23,28280,271,593,16,19.7,41,1,0,40,0,1,3,2,0,1545,41,575,0.01391000032,11,0.09090999603,1.53553927309386,1.58333070300596,40.3940331553197,266.994706953455,41
"542",2021-08-24,28312,285,593,26,20.9,32,1,0,31,0,1,3,2,0,1545,32,1233,0.01541000009,23,0,1.51278105979061,1.57442877789878,31.5340598511579,280.850220549375,32
"543",2021-08-25,28338,301,593,27,21.3,26,0,0,25,2,1,5,4,0,1547,25,1315,0.01748999953,67,0,1.664207625322,1.59362643091505,24.5995469612344,296.178545413262,26
"544",2021-08-26,28365,308,593,44,24.9,27,2,0,23,3,1,8,7,0,1550,25,1197,0.01337000012,22,0,1.31287039734537,1.53868815907517,24.6840881317193,304.107965782782,27
"545",2021-08-27,28399,326,593,24,25.9,34,0,0,34,2,1,9,8,0,1552,34,896,0.0290199995,9,0,2.87314028198895,1.74534506923634,33.0597576135732,316.984734765437,34
"546",2021-08-28,28431,330,593,39,27.6,32,0,0,29,2,1,11,10,0,1554,29,1115,0.02421999931,16,0,2.38773644833333,1.82995195231426,28.3335179395462,322.415893794836,32
"547",2021-08-29,28470,351,593,28,29.1,39,0,0,35,1,0,10,10,0,1555,35,537,0.02607000113,2,0,2.59732664319295,1.98337167558101,34.125018859696,342.225189135808,39
"548",2021-08-30,28507,373,593,20,29.7,37,0,0,36,1,1,9,8,0,1556,36,623,0.00802999973,9,0,0.791564846802215,1.8770896146822,35.7257206717595,370.158161404619,37
"549",2021-08-31,28538,382,593,22,29.1,31,0,0,25,1,1,7,6,0,1557,25,554,0.03790999889,16,0,3.68458585702807,2.18734744285898,24.1133897113624,368.452594789617,31
"550",2021-09-01,28575,391,593,55,33.1,37,0,0,35,2,1,9,8,0,1559,35,806,0.02977999926,5,0,2.9596398771344,2.3724091931179,34.0029636505785,379.86167963932,37
"551",2021-09-02,28619,417,593,34,31.7,44,1,0,38,1,1,10,9,0,1560,39,1296,0.01542999983,8,0,1.53353372543558,2.40393252570221,38.4243453518373,410.844923377338,44
"552",2021-09-03,28670,448,593,50,35.4,51,1,0,48,1,2,5,3,0,1561,49,1051,0.03615999937,45,0.02221999884,3.55876453336405,2.50187884732723,47.3215847722919,432.654489346669,51
"553",2021-09-04,28720,474,593,38,35.3,50,0,0,47,0,2,5,3,0,1561,47,909,0.03190000057,8,0,3.16217017645911,2.61251223705948,45.569502267902,459.573278191182,50
"554",2021-09-05,28745,467,593,23,34.6,25,0,0,24,2,1,7,6,0,1563,24,413,0.04116000175,6,0,4.05705983836516,2.82104555065551,23.0628119716755,448.763882948852,26
"555",2021-09-06,28804,483,593,29,35.9,59,1,0,53,1,1,8,7,0,1564,54,518,0.03282000065,2,0,3.26937698782692,3.17501871365904,52.3007282455592,467.800958196391,59
"556",2021-09-07,28864,503,593,50,39.9,60,2,0,53,1,1,8,7,0,1565,55,824,0.04489999771,11,0.09090999603,4.55061174483473,3.29873669763142,52.5910013857557,480.968612673366,60
"557",2021-09-08,28908,508,594,66,41.4,44,1,0,43,2,1,7,6,1,1567,44,1375,0.03127000093,17,0,3.08881115508261,3.31718973733831,42.6918784182013,492.897141737415,46
"558",2021-09-09,28970,546,594,57,44.7,62,2,1,56,4,2,10,8,0,1571,58,1483,0.03506000042,13,0,3.47553346409492,3.5946182714325,57.0597685260088,527.735062331048,67
"559",2021-09-10,29027,566,594,62,46.4,57,0,0,52,0,1,7,6,0,1571,52,1263,0.03246000051,35,0,3.15847308506394,3.5374337788182,50.4191720665747,548.793295955409,65
"560",2021-09-11,29070,577,594,43,47.1,43,0,0,42,1,1,7,6,0,1572,42,1163,0.03095000029,15,0,3.0555900116528,3.52220804098873,40.7647682405887,560.030268448087,51
"561",2021-09-12,29111,575,594,53,51.4,41,0,0,38,2,1,8,7,0,1574,38,584,0.05993000031,3,0,5.96237141073935,3.79439540847076,35.81924588958,542.001747013381,54
"562",2021-09-13,29159,589,594,35,52.3,48,0,0,47,5,4,13,9,0,1579,47,529,0.02835999966,20,0,2.73268484884153,3.71772510290141,45.7637921868002,573.507948894155,67
"563",2021-09-14,29196,584,594,63,54.1,37,0,0,37,2,5,10,5,0,1581,37,1223,0.03351999998,29,0,3.27435782552236,3.53540311442822,35.8339103537911,565.59469315173,63
"564",2021-09-15,29223,578,594,58,53,27,0,0,27,2,6,11,5,0,1583,27,1537,0.03058000088,13,0,3.03235234532645,3.52733757017734,26.2119613753459,561.130136109258,59
"565",2021-09-16,29262,585,594,61,53.6,39,0,1,38,1,7,11,4,0,1584,38,1618,0.03276000023,34,0,3.20857629371308,3.48920083155136,37.8264541976523,566.9335712007,62
"566",2021-09-17,29278,538,595,88,57.3,16,0,0,16,0,7,9,2,1,1584,16,NA,NA,NA,NA,NA,NA,NA,NA,59
"567",2021-09-18,29278,498,595,24,54.6,0,0,0,0,0,7,9,2,0,1584,0,NA,NA,NA,NA,NA,NA,NA,NA,60
