"","date","observed_cumulative_cases","observed_active_cases","observed_cumulative_deaths","observed_new_cases","observed_daily_average_cases","observed_new_episodes","observed_new_cases_community_outbreak","observed_new_cases_institution_outbreak","observed_new_cases_sporadic","observed_new_ICU_p_acute_care","observed_census_ICU","observed_census_ICU_p_acute_care","observed_census_acute_care","observed_new_deaths","cumulative_hosp","observed_new_community_cases","num_non_ltch_tests","non_ltch_pct_positivity","num_ltch_tests","ltch_pct_positivity","observed_pct_positivity","pct_positivity_7_day","adjusted_new_episodes","adjusted_active_cases","adjusted_episode_cases"
"1",2020-03-01,7,7,0,0,0,2,0,0,2,0,0,1,1,0,0,2,NA,NA,NA,NA,NA,NA,NA,NA,2
"2",2020-03-02,10,10,0,0,0,3,2,0,1,0,0,1,1,0,0,3,NA,NA,NA,NA,NA,NA,NA,NA,3
"3",2020-03-03,11,11,0,0,0,1,0,0,1,0,0,1,1,0,0,1,NA,NA,NA,NA,NA,NA,NA,NA,1
"4",2020-03-04,12,12,0,0,0,1,0,0,1,0,0,1,1,0,0,1,NA,NA,NA,NA,NA,NA,NA,NA,1
"5",2020-03-05,18,18,0,0,0,6,2,0,4,0,0,1,1,0,0,6,NA,NA,NA,NA,NA,NA,NA,NA,6
"6",2020-03-06,23,23,0,0,0,5,0,1,4,0,0,1,1,0,0,4,NA,NA,NA,NA,NA,NA,NA,NA,5
"7",2020-03-07,27,27,0,0,0,4,0,0,4,0,0,1,1,0,0,4,NA,NA,NA,NA,NA,NA,NA,NA,4
"8",2020-03-08,36,36,0,0,0,9,1,0,8,0,0,1,1,0,0,9,NA,NA,NA,NA,NA,NA,NA,NA,9
"9",2020-03-09,45,45,0,1,0,9,0,0,9,0,0,1,1,0,0,9,NA,NA,NA,NA,NA,NA,NA,NA,9
"10",2020-03-10,52,52,0,0,0.1,7,1,0,6,0,0,1,1,0,0,7,NA,NA,NA,NA,NA,NA,NA,NA,7
"11",2020-03-11,61,61,0,0,0.1,9,0,0,9,0,0,1,1,0,0,9,NA,NA,NA,NA,NA,NA,NA,NA,9
"12",2020-03-12,75,75,0,3,0.1,14,1,0,13,0,0,1,1,0,0,14,NA,NA,NA,NA,NA,NA,NA,NA,14
"13",2020-03-13,97,97,0,1,0.6,22,2,2,18,0,0,1,1,0,0,20,NA,NA,NA,NA,NA,NA,NA,NA,22
"14",2020-03-14,115,115,0,4,0.7,18,1,1,16,1,0,2,2,0,1,17,NA,NA,NA,NA,NA,NA,NA,NA,18
"15",2020-03-15,142,142,0,4,1.3,27,1,0,26,0,0,2,2,0,1,27,NA,NA,NA,NA,NA,NA,NA,NA,27
"16",2020-03-16,156,156,0,0,1.9,14,0,0,14,0,0,2,2,0,1,14,NA,NA,NA,NA,NA,NA,NA,NA,14
"17",2020-03-17,179,178,0,5,1.7,23,1,0,22,2,0,4,4,0,3,23,127,0,4,0,0,0,23,178,23
"18",2020-03-18,195,193,0,4,2.4,16,0,0,16,0,0,3,3,0,3,16,210,0.0190499997138977,1,0,1.89597153550641,0.947985767753203,16.416751202146,198.027061375886,16
"19",2020-03-19,220,218,0,1,3,25,0,0,25,4,0,7,7,0,7,25,110,0.0272699999809265,9,0,2.52075630075791,1.47224261208811,25.8657568486199,225.549399719966,25
"20",2020-03-20,242,240,0,2,2.7,22,1,1,20,3,1,10,9,0,10,21,137,0.00730000019073486,4,0,0.709290798674238,1.28150465873464,22.2046297088702,242.338625244231,22
"21",2020-03-21,262,260,0,4,2.9,20,0,2,18,3,1,10,9,0,13,18,204,0.0147099995613098,3,0,1.44968111618705,1.31513995022512,20.3584842275626,265.178105509238,20
"22",2020-03-22,288,286,0,6,2.9,26,0,1,25,3,5,13,8,0,16,25,159,0.0314499998092651,2,0,3.10593165818208,1.61360523488461,27.0667360441024,298.203460344531,26
"23",2020-03-23,309,307,0,9,3.1,21,1,0,20,4,5,17,12,0,20,21,138,0.0362299990653992,3,0,3.54591480214545,1.88964945877902,22.0229929882044,321.955183208512,21
"24",2020-03-24,327,323,1,8,4.4,18,1,3,14,3,7,20,13,1,23,15,253,0.0197599995136261,4,0,1.94524508830638,2.16754161425136,18.4008580893613,331.631810857581,18
"25",2020-03-25,350,346,1,8,4.9,23,0,1,22,4,8,23,15,0,27,22,153,0.0588199996948242,2,0,5.80610319568265,2.7261318514194,24.7548196830735,373.598527742884,23
"26",2020-03-26,364,356,1,19,5.4,14,1,3,10,2,7,25,18,0,29,11,274,0.025550000667572,3,0,2.52732858588979,2.72707074929538,14.3819262075304,368.360520898255,14
"27",2020-03-27,381,364,1,27,8,17,3,2,12,5,9,26,17,0,34,15,577,0.0294600009918213,4,0,2.92571782655437,3.04370318184968,17.6029048293262,378.630490524982,17
"28",2020-03-28,406,386,2,26,11.6,25,1,1,23,3,8,25,17,1,37,24,367,0.0817399978637695,3,0,8.10772411243335,3.99485218131344,27.6732234956437,428.994344554936,25
"29",2020-03-29,425,398,2,11,14.7,19,5,4,10,7,8,31,23,0,44,15,184,0.0434800004959106,0,0,4.34800004959106,4.17229052294329,19.8959955755187,421.77374927043,19
"30",2020-03-30,450,407,3,48,15.4,25,8,3,14,4,12,32,20,1,48,22,549,0.0783199977874756,0,0,7.83199977874756,4.78458837674359,27.3671207531746,450.791733933731,25
"31",2020-03-31,467,404,3,51,21,17,2,3,12,6,13,34,21,0,54,14,943,0.064689998626709,0,0,6.4689998626709,5.43083905879567,18.24420013254,439.904060967584,17
"32",2020-04-01,494,407,3,37,27.1,27,6,4,16,3,15,33,18,0,57,22,575,0.0573899984359741,4,0.25,5.87206374795943,5.44026199483521,27.7747554078688,439.832975045572,27
"33",2020-04-02,511,403,6,32,31.3,17,5,4,7,6,14,34,20,3,63,12,107,0.0841100025177002,9,0,7.75842264602924,6.1875611462837,17.2790270992753,445.953993417327,17
"34",2020-04-03,538,409,6,26,33.1,27,3,4,19,5,14,37,23,0,68,22,217,0.110600004196167,2,0,10.9589958495745,7.33517229242944,29.3122149185799,470.577086440873,27
"35",2020-04-04,555,416,7,18,33,17,3,7,6,7,14,43,29,1,75,9,315,0.0253999996185303,3,0,2.51603769806196,6.53635994751924,16.3110890459415,430.379227012409,17
"36",2020-04-05,582,427,8,40,31.9,27,4,8,13,4,13,43,30,1,79,17,422,0.0663500022888184,5,0.2,6.79149905524154,6.88543123404074,26.5861331125259,466.839931708739,27
"37",2020-04-06,601,427,9,40,36,19,3,7,9,4,12,44,32,1,83,12,238,0.117650003433228,4,0.25,11.9837606682266,7.47853993253774,20.9756019161621,497.298501516767,19
"38",2020-04-07,624,425,9,25,34.9,23,2,11,10,4,14,45,31,0,87,12,285,0.108769998550415,6,0,10.6527318167932,8.07621592598378,24.7561730388539,487.197795126076,23
"39",2020-04-08,644,428,11,26,31.1,20,1,11,7,5,16,44,28,2,92,8,368,0.0434800004959106,6,0.333330001831055,4.813000051733,7.92492111223715,19.5289698500017,456.29988697509,20
"40",2020-04-09,680,436,11,25,29.6,36,1,20,13,6,16,47,31,0,98,14,295,0.0949199962615967,5,0,9.33379963239034,8.14997496743159,35.7951947729564,491.907494357784,36
"41",2020-04-10,714,452,11,37,28.6,34,0,20,13,4,16,48,32,0,102,13,331,0.090629997253418,8,0,8.84912362562872,7.84856464972505,34.5804060384782,506.949502260935,34
"42",2020-04-11,757,481,11,31,30.1,43,0,34,7,5,19,52,33,0,107,7,225,0.102220001220703,11,0.363639984130859,11.4404830932617,9.12348542046787,42.1001894329212,556.598731033585,43
"43",2020-04-12,790,496,13,35,32,33,0,18,14,1,18,48,30,2,108,14,227,0.101319999694824,12,0.5,12.1337405567887,9.88666277783175,34.3337149373087,578.680186350366,33
"44",2020-04-13,814,503,16,16,31.3,24,0,19,5,3,20,50,30,3,111,5,165,0.0606099987030029,26,0.0384599995613098,5.75948155737672,8.99748004771035,24.3956202034524,542.799392467314,24
"45",2020-04-14,847,504,18,32,27.9,33,0,26,7,5,20,50,30,2,116,7,208,0.0673099994659424,18,0.166669998168945,7.52236276812258,8.55028446932883,33.7233981258154,556.084665058709,33
"46",2020-04-15,876,502,24,60,28.9,29,2,18,9,4,16,50,34,6,120,11,390,0.1,24,0.208330001831055,10.6280000106148,9.38099874916909,30.6060878511599,575.296009207478,29
"47",2020-04-16,946,551,24,21,33.7,70,1,55,13,7,13,52,39,0,127,14,310,0.0354800009727478,11,0,3.42641753942424,8.5370870216025,69.6590120957166,576.936833195704,70
"48",2020-04-17,978,555,26,73,33.1,32,0,26,6,0,13,49,36,2,127,6,378,0.0846599960327148,66,0.5,14.6399726352176,9.36435116582948,33.2067479813487,666.624188274754,32
"49",2020-04-18,1018,577,31,31,38.3,40,0,31,9,1,11,46,35,5,128,9,421,0.0617600011825562,8,0,6.06082995288022,8.59582928863213,40.7493758178217,625.043316320348,40
"50",2020-04-19,1035,580,35,37,38.3,17,0,13,4,4,15,47,32,4,132,4,452,0.0442500019073486,47,0.127659997940063,5.21062540386864,7.60681283821498,17.2863353115181,621.518620170127,17
"51",2020-04-20,1096,617,39,16,38.6,61,1,47,13,3,13,45,32,4,135,14,325,0.0523099994659424,43,0.0232599997520447,4.89155701515467,7.48282361789754,61.9408063094424,658.462678066139,61
"52",2020-04-21,1132,628,47,51,38.6,36,0,26,10,2,11,43,32,8,137,10,543,0.069980001449585,25,0.36,8.27449661745152,7.59027131065882,37.1367544118862,699.388177066454,36
"53",2020-04-22,1173,645,54,35,41.3,41,1,31,9,4,9,45,36,7,141,10,656,0.0243899989128113,122,0.106560001373291,3.72752692215241,6.60448944087848,41.5120894804942,678.029771491873,41
"54",2020-04-23,1218,661,57,50,37.7,45,0,35,10,5,11,48,37,3,146,10,775,0.0361299991607666,105,0.0285700011253357,3.522795394063,6.61825770582687,45.483963362548,692.98997826442,45
"55",2020-04-24,1259,668,65,38,41.9,41,0,36,5,7,10,48,38,8,153,5,517,0.0406199979782104,94,0.106379995346069,5.07369206501886,5.25164619579848,41.3485131547035,714.561357468382,41
"56",2020-04-25,1360,742,78,53,36.9,101,0,95,6,5,9,49,40,13,158,6,557,0.0502699995040894,28,0.0357100009918213,4.95731106864082,5.09400064090713,101.408622698557,792.533007054853,101
"57",2020-04-26,1414,759,87,87,40,54,0,41,13,5,9,50,41,9,163,13,358,0.0502799987792969,81,0.0123500001430511,4.32815252268233,4.96793308645194,54.7729848368816,804.130422399473,54
"58",2020-04-27,1475,782,95,87,47.1,61,0,54,7,8,11,54,43,8,171,7,269,0.0632000017166138,80,0.1,7.16355314090806,5.29250396155957,61.6888927157664,858.959157675616,61
"59",2020-04-28,1494,776,103,65,57.3,19,0,12,7,7,13,60,47,8,178,7,503,0.0616300010681152,11,0.272730007171631,6.61477054788908,5.05540023733636,19.636118300133,846.518257271886,19
"60",2020-04-29,1519,765,111,27,59.3,25,0,17,8,7,13,61,48,8,185,8,668,0.0314400005340576,74,0.148649997711182,4.31294072606172,5.13903078075198,25.474011133266,810.327314618557,25
"61",2020-04-30,1539,755,122,30,58.1,20,0,10,10,2,11,55,44,11,187,10,603,0.0414599990844727,6,0.333330001831055,4.43355656139957,5.26913951894292,20.609084179319,800.985855538582,20
"62",2020-05-01,1562,738,135,43,55.3,23,0,16,7,6,11,57,46,13,193,7,516,0.031010000705719,55,0.0909099960327148,3.67797025323123,5.06975068868754,23.3536969526739,775.289764439044,23
"63",2020-05-02,1583,739,139,22,56,21,0,15,6,4,12,57,45,4,197,6,508,0.0511800003051758,28,0.0357100009918213,5.03718660126871,5.08116147906296,21.4152067025136,790.139625526255,21
"64",2020-05-03,1602,720,148,23,51.6,19,0,13,6,3,12,52,40,9,200,6,826,0.0205800008773804,231,0.0043299999833107,1.70286761786764,4.70612077837514,19.14036447414,736.843736896796,19
"65",2020-05-04,1620,717,152,14,42.4,18,0,11,7,6,10,51,41,4,206,7,637,0.0109899997711182,24,0.125,1.51295459216374,3.89889241426881,18.1454953117992,731.902876937152,18
"66",2020-05-05,1645,716,156,29,32,25,0,24,1,3,9,49,40,4,209,1,923,0.0292499995231628,29,0.172409992218018,3.36109656871868,3.4340818458159,25.0461749098454,749.061235449286,25
"67",2020-05-06,1661,690,161,23,26.9,16,0,11,5,4,10,52,42,5,213,5,598,0.0167200005054474,149,0.0134200000762939,1.60617674881196,3.04740127763736,16.1103286755614,705.22535722747,16
"68",2020-05-07,1684,668,167,32,26.3,23,0,16,7,6,10,54,44,6,219,7,813,0.0356699991226196,234,0.0128199994564056,3.05631224063884,2.85065208895726,23.293914374371,696.047828868551,23
"69",2020-05-08,1697,635,173,16,26.6,13,0,8,5,4,8,54,46,6,223,5,715,0.00978999972343445,127,0.0472399997711182,1.54386339349022,2.54577968042283,13.1060483558721,648.468141195754,13
"70",2020-05-09,1714,618,179,12,22.7,17,0,12,5,5,6,51,45,6,228,5,1100,0.0154499995708466,164,0.0304900002479553,1.74013920637626,2.0747729097239,17.11953058969,632.773980885688,17
"71",2020-05-10,1726,549,185,25,21.3,12,0,8,4,3,5,52,47,6,231,4,907,0.0176400005817413,316,0.0126600003242493,1.63532629845479,2.06512414980778,12.0898647722314,561.33393998876,12
"72",2020-05-11,1746,529,188,14,21.6,20,0,14,6,1,5,51,46,3,232,6,517,0.00967000007629395,197,0.0152300000190735,1.12040616851561,2.00904580357234,20.092353170039,537.14247115844,20
"73",2020-05-12,1769,512,193,13,21.6,23,0,17,6,4,6,50,44,5,236,6,835,0.0131700003147125,322,0.00310999989509583,1.03702422031165,1.67703546808562,23.0854801382251,519.294305128546,23
"74",2020-05-13,1790,495,195,21,19.3,21,0,15,6,2,7,47,40,2,238,6,1249,0.0144099998474121,224,0.0133899998664856,1.42548878340193,1.65122290159847,21.1175006097803,504.693800306878,21
"75",2020-05-14,1804,467,198,25,19,14,0,10,4,2,6,45,39,3,240,4,1046,0.0267700004577637,127,0.0236199998855591,2.64289518024611,1.59216332154237,14.1452328954954,483.955940549083,14
"76",2020-05-15,1824,452,201,17,18,20,0,12,8,1,5,43,38,3,241,8,1163,0.012039999961853,137,0.0146000003814697,1.23097846214588,1.54746547420746,20.1352899408846,459.643881659981,20
"77",2020-05-16,1840,433,207,19,18.1,16,0,6,10,1,4,41,37,6,242,10,967,0.0134399998188019,25,0.04,1.41093546620781,1.50043636846911,16.1938350077654,441.393055836242,16
"78",2020-05-17,1851,393,212,15,19.1,11,0,8,3,1,2,41,39,5,243,3,353,0.0254999995231628,10,0.1,2.7552341134095,1.66042319917693,11.1135546249759,407.875655871847,11
"79",2020-05-18,1866,385,213,25,17.7,15,0,8,7,2,1,42,41,1,245,7,376,0.0398900008201599,17,0.0588199996948242,4.07088557333133,2.08192025700774,15.391482182518,406.53152003849,15
"80",2020-05-19,1878,348,219,23,19.3,12,0,8,4,0,1,39,38,6,245,4,359,0.0390000009536743,31,0.225809993743896,5.38490003805894,2.70304537382878,12.2959120854757,373.744351436388,12
"81",2020-05-20,1893,334,223,17,20.7,15,0,9,6,3,1,40,39,4,248,6,675,0.0296300005912781,36,0.0555600023269653,3.09429120715661,2.94144572007945,15.255057148055,348.198181241726,15
"82",2020-05-21,1901,320,229,11,20.1,8,0,1,7,0,1,37,36,6,248,7,478,0.0209200000762939,36,0,1.94547860631683,2.8418147809467,8.18708956494195,328.552665825918,8
"83",2020-05-22,1908,304,233,7,18.1,7,0,3,4,1,1,35,34,4,249,4,514,0.00583999991416931,14,0,0.568515143159664,2.74717716394867,7.0312411559078,306.374327848993,7
"84",2020-05-23,1917,300,236,6,16.7,9,1,3,5,1,0,34,34,3,250,6,582,0.00859000027179718,43,0,0.799900825309753,2.65988650096323,9.06593446109999,303.296723055,9
"85",2020-05-24,1927,297,237,8,14.9,10,0,3,7,1,1,35,34,1,251,7,332,0.0150600004196167,25,0.04,1.68064989896716,2.50637447032861,10.1616219563641,303.857388720021,10
"86",2020-05-25,1942,293,240,6,13.9,15,1,7,7,0,1,34,33,3,251,8,401,0.0174600005149841,8,0,1.71184846124905,2.16936916860257,15.1881396663286,299.890615279285,15
"87",2020-05-26,1948,284,243,16,11.1,6,0,2,4,1,1,34,33,3,252,4,1123,0.00800999999046326,41,0.0731699991226196,1.03051545990701,1.54731422886658,6.05662908813549,288.02066525762,6
"88",2020-05-27,1953,258,243,8,10.1,5,0,1,4,1,1,32,31,0,253,4,1150,0.00957000017166138,13,0.0769199991226196,1.03228376491871,1.25274173711831,5.05672626038012,261.658843794517,5
"89",2020-05-28,1957,233,244,4,8.9,4,0,2,2,1,1,30,29,1,254,2,1403,0.00284999996423721,88,0,0.268179071081476,1.01312751779898,4.00736851451687,233.858431941215,4
"90",2020-05-29,1964,224,247,7,7.9,7,0,3,4,2,1,31,30,3,256,4,1380,0.0065200001001358,37,0,0.634975309681539,1.0226218273021,7.0348932880435,225.954024130436,7
"91",2020-05-30,1967,207,248,15,7.9,3,1,1,1,0,1,31,30,1,256,2,1020,0.0127499997615814,119,0,1.1417910234252,1.07146328417574,3.03137196238846,210.246998107206,3
"92",2020-05-31,1971,192,249,10,9.1,4,0,1,3,3,1,34,33,1,259,3,1309,0.00535000026226044,11,0.0909099960327148,0.606300022701423,0.917984730423488,4.0249881385272,193.599240865741,4
"93",2020-06-01,1982,183,250,5,9.4,11,0,5,6,2,1,33,32,1,261,6,763,0.00130999997258186,20,0,0.127653892602805,0.691671220616881,11.0105222927015,183.320929927396,11
"94",2020-06-02,1985,165,251,8,9.3,3,0,1,2,0,1,28,27,1,261,2,858,0.0104900002479553,9,0,1.03811075118174,0.692756262227556,3.02852323303737,167.353166725583,3
"95",2020-06-03,1995,155,251,8,8.1,10,0,7,3,0,1,23,22,0,261,3,1110,0.00449999988079071,141,0,0.399280564962245,0.602327233662346,10.0164560080734,155.850227083794,10
"96",2020-06-04,2002,144,254,8,8.1,7,0,2,5,0,0,20,20,3,261,5,1430,0.00559000015258789,21,0,0.550909732474203,0.642717328147021,7.03784212489859,145.089853197079,7
"97",2020-06-05,2006,135,256,15,8.7,4,0,1,3,1,0,21,21,2,262,3,1366,0.00952000021934509,29,0,0.932209340474939,0.685179332546079,4.0384202132013,136.728909594059,4
"98",2020-06-06,2009,127,256,2,9.9,3,0,0,3,0,0,21,21,0,262,3,1404,0.000710000023245811,68,0,0.0677201109128477,0.5317406307586,3.00279102663567,127.11815346091,3
"99",2020-06-07,2010,117,257,4,8,1,0,0,1,0,0,20,20,1,262,1,870,0.00230000004172325,22,0,0.22432735832951,0.477173107276898,1.00308182027351,117.360572972001,1
"100",2020-06-08,2013,109,257,0,7.1,3,0,0,3,0,0,19,19,0,262,3,701,0.0014300000667572,12,0,0.140593274445554,0.47902159039729,3.00579443194177,109.210531027218,3
"101",2020-06-09,2023,106,258,3,6.4,10,0,3,7,0,0,18,18,1,262,7,1338,0.00224000006914139,10,0,0.222338285794598,0.362482666770557,10.0213814600809,106.323776395511,10
"102",2020-06-10,2033,104,258,7,5.7,10,0,4,6,0,0,17,17,0,262,6,1281,0.00233999997377396,12,0,0.231828303666237,0.338560915156841,10.0191092117751,104.331226337436,10
"103",2020-06-11,2040,103,259,5,5.6,7,0,2,5,0,0,16,16,1,262,5,1529,0.00326999992132187,6,0,0.325721816267175,0.306391212841551,7.02237391159895,103.460902578938,7
"104",2020-06-12,2044,106,259,10,5.1,4,0,2,2,0,0,16,16,0,262,2,1596,0.00814999997615814,13,0,0.808415162333648,0.288706330249938,4.02221209446096,107.177241006431,4
"105",2020-06-13,2047,104,259,6,4.4,3,0,3,0,0,0,16,16,0,262,0,1479,0.00270000010728836,23,0.0434800004959106,0.332446083228058,0.326524326294968,3,104.474984705496,3
"106",2020-06-14,2050,101,259,1,5,3,0,1,2,0,0,16,16,0,262,2,768,0,13,0,0,0.294477560819324,3,101,3
"107",2020-06-15,2055,99,259,2,4.6,5,0,2,3,0,0,14,14,0,262,3,720,0.00555999994277954,17,0,0.543175028331244,0.351989239945851,5.02238649570222,99.7387543581732,5
"108",2020-06-16,2059,98,259,3,4.9,4,0,1,3,1,0,14,14,0,263,3,1250,0.000799999982118607,14,0,0.0791139222822989,0.331528616586952,4.00326061285733,98.1065133533395,4
"109",2020-06-17,2062,88,259,8,4.9,3,0,0,3,1,1,6,5,0,264,3,1098,0.0091100001335144,26,0,0.889927059305944,0.425542724535481,3.03667758503119,89.0758758275816,3
"110",2020-06-18,2064,74,259,2,5,2,0,0,2,0,1,6,5,0,264,2,1304,0.00230000004172325,122,0,0.210322584460527,0.409057119991674,2.00577884400365,74.213817228135,2
"111",2020-06-19,2067,72,259,5,4.6,3,0,0,3,0,1,5,4,0,264,3,1875,0.0010700000077486,19,0,0.105926611115556,0.308701612674804,3.00436567496811,72.1047761992347,3
"112",2020-06-20,2073,73,259,1,3.9,6,0,0,6,1,1,5,4,0,265,6,1792,0.000560000017285347,158,0,0.0514625656910432,0.268561110169516,6.00424197153984,73.0516106537348,6
"113",2020-06-21,2079,77,259,1,3.1,6,0,0,6,0,1,4,3,0,265,6,1102,0.00363000005483627,86,0,0.336722227308886,0.316664285499357,6.02775543904384,77.3561948010626,6
"114",2020-06-22,2081,76,260,6,3.1,2,0,1,1,0,1,1,0,1,265,1,509,0.0039300000667572,10,0,0.385427752211833,0.294128960339441,2.0052950254021,76.4024219305598,2
"115",2020-06-23,2090,81,260,4,3.7,9,0,0,9,0,1,1,0,0,265,9,1255,0.00158999994397163,20,0,0.156505876837992,0.305184953847397,9.01935076884869,81.1741569196382,9
"116",2020-06-24,2092,75,261,3,3.9,2,0,0,2,1,1,2,1,1,266,2,1733,0.00289000004529953,24,0,0.285052366448724,0.218774283439223,2.00783212683889,75.2937047564583,2
"117",2020-06-25,2098,73,261,6,3.1,6,0,0,6,0,1,2,1,0,266,6,1796,0.00277999997138977,21,0.0476200008392334,0.32982388366758,0.235845897611659,6.02718682034002,73.3307729808035,6
"118",2020-06-26,2102,67,261,6,3.7,4,0,0,4,0,1,2,1,0,266,4,2028,0.00196999996900558,23,0,0.194790830674954,0.248540786120145,4.01070418401998,67.1792950823346,4
"119",2020-06-27,2105,69,261,3,3.9,3,0,0,3,0,1,1,0,0,266,3,1574,0.000640000030398369,80,0,0.0609044768952257,0.249889630577885,3.00251012609039,69.0577329000789,3
"120",2020-06-28,2107,68,261,2,4.1,2,0,0,2,0,1,1,0,0,266,2,880,0.00114000000059605,12,0,0.112466367771808,0.217853079215445,2.00309013697543,68.1050646571647,2
"121",2020-06-29,2111,69,261,1,4.3,4,0,0,4,2,1,3,2,0,268,4,854,0.00351000010967255,8,0,0.347742470262222,0.212469467508358,4.0191092125864,69.3296339171154,4
"122",2020-06-30,2114,68,261,10,3.6,3,0,0,3,0,1,3,2,0,268,3,1605,0.00435999989509583,11,0,0.433032167798812,0.251973223359904,3.017847051609,68.4045331698041,3
"123",2020-07-01,2116,67,261,4,4.4,2,0,0,2,0,2,3,1,0,268,2,1601,0.00312000006437302,15,0,0.309103966773589,0.255409166263456,2.00849297097349,67.284514527612,2
"124",2020-07-02,2122,66,261,4,4.6,6,0,1,5,0,1,3,2,0,268,5,1012,0.00197999998927116,12,0,0.195679686439689,0.236245709516614,6.01344128574587,66.1774249718455,6
"125",2020-07-03,2130,74,261,4,4.3,8,0,0,8,0,1,3,2,0,268,8,1334,0.00300000011920929,14,0,0.296884284794154,0.2508304886765,8.03262888716132,74.3018172062422,8
"126",2020-07-04,2134,75,261,4,4,4,0,0,4,0,1,3,2,0,268,4,1257,0.00317999988794327,40,0,0.308192741645697,0.286157383640853,4.01693586812463,75.3175475273367,4
"127",2020-07-05,2136,72,261,5,4.1,2,0,0,2,0,1,2,1,0,268,2,734,0.00272000014781952,47,0,0.255631255889824,0.306609510514855,2.00702374951332,72.2528549824793,2
"128",2020-07-06,2142,72,261,0,4.6,6,0,1,5,0,1,2,1,0,268,5,602,0,10,0,0,0.256932014763109,6,72,6
"129",2020-07-07,2149,73,261,6,4.4,7,0,1,6,0,1,1,0,0,268,6,1272,0.0039300000667572,21,0,0.386617175940847,0.250301301640543,7.03186819458248,73.3877297007535,7
"130",2020-07-08,2162,79,261,5,3.9,13,0,1,12,0,1,1,0,0,268,12,1684,0.00296999990940094,39,0,0.29027741424441,0.247611794136374,13.0478541445942,79.3150397852453,13
"131",2020-07-09,2170,83,261,5,4,8,0,0,8,1,0,2,2,0,269,8,1504,0.00266000002622604,41,0,0.258941102876632,0.256649139341652,8.02845876477782,83.2952596845699,8
"132",2020-07-10,2186,96,261,12,4.1,16,0,0,16,0,0,2,2,0,269,16,1900,0.00684000015258789,14,0.0714300012588501,0.73124453017455,0.318700602967423,16.160733972692,96.9644038361521,16
"133",2020-07-11,2193,101,261,7,5.3,7,0,0,7,1,1,2,1,0,270,7,1571,0.00381999999284744,25,0,0.376016290022765,0.328389681307004,7.0361601119041,101.521738757473,7
"134",2020-07-12,2216,121,261,9,5.7,23,0,2,21,1,1,3,2,0,271,21,1068,0.00842999994754791,13,0,0.832862159480219,0.410851238962775,23.2402799268537,122.384470054729,23
"135",2020-07-13,2239,139,261,6,6.3,23,0,2,21,0,0,3,3,0,271,21,808,0.00619000017642975,65,0,0.572911814725686,0.492695783923587,23.165284504007,140.094026002713,23
"136",2020-07-14,2258,149,261,4,7.1,19,0,2,17,1,0,4,4,0,272,17,1406,0.00356000006198883,66,0,0.340038049399205,0.486041622989067,19.0794148103804,149.696047455687,19
"137",2020-07-15,2279,168,261,15,6.9,21,0,0,21,1,0,5,5,0,273,21,1404,0.00782999992370605,46,0,0.758159992612641,0.552881991327385,21.2187284240193,169.749827392154,21
"138",2020-07-16,2301,186,261,7,8.3,22,0,1,21,0,0,5,5,0,273,21,1695,0.00708000004291534,25,0.04,0.755848841438459,0.623868811121932,22.2180616591426,187.931403266691,22
"139",2020-07-17,2331,213,261,17,8.6,30,0,0,29,0,1,5,4,0,273,29,1787,0.00726999998092651,21,0,0.718555860946663,0.622056144089377,29.2862751162223,215.102641370874,30
"140",2020-07-18,2357,232,261,16,9.3,26,0,0,24,2,1,6,5,0,275,24,1551,0.00708999991416931,81,0,0.673810653607635,0.664598196030073,24.222164252984,234.147587778845,26
"141",2020-07-19,2375,250,261,28,10.6,18,0,0,18,0,1,6,5,0,275,18,2025,0.0212299990653992,22,0,2.10018310246377,0.845644045027723,18.5193435361889,257.21310466929,18
"142",2020-07-20,2405,275,261,47,13.3,30,0,0,27,2,3,8,5,0,277,27,1548,0.0148599994182587,35,0.0285700011253357,1.51631264301018,0.980415591925508,27.5624417954784,280.728573842836,30
"143",2020-07-21,2429,294,261,23,19.1,24,0,0,23,0,3,8,5,0,277,23,1428,0.0161099994182587,15,0,1.59425358068423,1.15958923925194,23.5037444829789,300.439168608513,24
"144",2020-07-22,2456,314,261,13,21.9,27,0,1,23,2,3,9,6,0,279,23,1771,0.00902999997138977,16,0,0.894914938406899,1.17912566007969,24.2827708643216,317.86043701726,27
"145",2020-07-23,2475,322,261,29,21.6,19,0,1,17,1,3,10,7,0,280,17,1667,0.0101999998092651,32,0,1.0007886805206,1.21411706566285,18.2337310293211,326.427140673023,19
"146",2020-07-24,2498,337,261,34,24.7,23,0,1,18,0,3,7,4,0,280,18,2036,0.0122800004482269,83,0,1.17989999587494,1.28002337065261,19.2917714343516,342.462609632028,23
"147",2020-07-25,2510,336,261,26,27.1,12,0,1,10,0,3,7,4,0,280,10,2126,0.00800000011920929,320,0,0.695339339878943,1.28309889726279,11.0955260602438,339.20967562419,12
"148",2020-07-26,2517,338,261,21,28.6,7,0,0,6,2,4,9,5,0,282,6,1816,0.0121099996566772,73,0,1.16420113163186,1.14938718714395,6.09596311417284,343.405922098403,7
"149",2020-07-27,2532,340,262,22,27.6,15,0,1,13,1,4,9,5,1,283,13,1601,0.00874000012874603,24,0,0.861091704992147,1.05578419599852,14.1537863621107,344.022104855202,15
"150",2020-07-28,2552,330,262,14,24,20,0,1,18,1,4,10,6,0,284,18,1488,0.00739000022411346,24,0,0.727269863325452,0.931929379232976,19.1798428442453,333.297118811164,20
"151",2020-07-29,2568,324,262,20,22.7,16,2,2,12,2,4,11,7,0,286,14,2254,0.00620999991893768,52,0,0.606996522865808,0.89079817701282,16.1167452728758,326.701819172268,16
"152",2020-07-30,2588,334,262,19,23.7,20,1,0,18,1,4,12,8,0,287,19,1891,0.00898999989032745,134,0,0.83951060704243,0.867758452230225,19.219131521584,337.852101484686,20
"153",2020-07-31,2598,321,262,18,22.3,10,0,1,9,1,3,13,10,0,288,9,2129,0.00797999978065491,207,0,0.727286795077667,0.803099423544901,10.0899235156059,324.207272056609,10
"154",2020-08-01,2616,309,262,15,20,18,0,0,18,1,2,13,11,0,289,18,1629,0.00551999986171722,83,0.0120500004291534,0.58365828331525,0.787144986892945,18.1443298712514,311.477662789815,18
"155",2020-08-02,2624,294,262,2,18.4,8,0,0,8,0,2,13,11,0,289,8,1340,0.00149000003933907,11,0,0.147786828476266,0.641942943585003,8.01624242170186,294.596908997543,8
"156",2020-08-03,2633,280,262,10,15.7,9,0,1,7,0,1,12,11,0,289,7,1046,0.0114699995517731,47,0,1.09767790769942,0.675740972543185,8.10555967129686,284.222386851874,9
"157",2020-08-04,2645,268,262,20,14,12,0,1,11,1,1,11,10,0,290,11,1699,0.0058899998664856,12,0,0.584869069150148,0.655398001946713,12.0883845601753,270.153369284271,12
"158",2020-08-05,2654,248,262,12,14.9,9,1,0,8,1,1,12,11,0,291,9,1599,0.005,70,0,0.479029358897543,0.637116978522675,9.05922835987402,249.632070360973,9
"159",2020-08-06,2664,224,262,13,13.7,10,0,0,10,1,2,10,8,0,292,10,1639,0.00305000007152557,10,0,0.303150401287472,0.560494091986252,10.041646951115,224.932891704977,10
"160",2020-08-07,2676,225,262,6,12.9,12,0,3,9,1,2,10,8,0,293,9,1689,0,39,0,0,0.456595978403729,12,225,12
"161",2020-08-08,2682,208,262,14,11.1,6,1,1,4,0,1,10,9,0,293,5,1518,0.00725000023841858,95,0,0.682300084433937,0.470687664277827,6.04686736046123,209.949682195187,6
"162",2020-08-09,2684,199,262,16,11,2,0,1,1,2,2,12,10,0,295,1,1589,0.00441000014543533,102,0,0.414399185753799,0.508775143888903,2.00569303637993,200.132914239606,2
"163",2020-08-10,2696,200,262,8,13,12,2,0,10,0,1,12,11,0,295,12,1384,0.00578000009059906,27,0,0.566939767922686,0.432955409635084,12.0934637567342,201.557729278904,12
"164",2020-08-11,2709,204,262,8,12.7,13,2,1,10,0,1,12,11,0,295,12,1460,0.00342000007629395,41,0,0.332658235269098,0.396925290509219,13.0548409022192,204.932295337727,13
"165",2020-08-12,2716,187,262,12,11,7,3,0,4,0,2,10,8,0,295,7,1486,0.00268999993801117,7,0,0.267738774808078,0.366740921353581,7.02574745912615,187.687824979513,7
"166",2020-08-13,2738,190,262,11,11,22,0,0,22,0,2,9,7,0,295,22,1689,0.00532999992370605,56,0,0.515895121555273,0.397133024248982,22.1559226357499,191.346604581476,22
"167",2020-08-14,2749,185,262,6,10.7,11,4,1,6,1,2,10,8,0,296,10,1882,0.00477999985218048,36,0,0.469028139822923,0.464137044223685,11.0644353163572,186.192053352609,11
"168",2020-08-15,2753,177,262,2,10.7,4,0,0,4,1,2,11,9,0,297,4,2044,0.00734000027179718,21,0,0.726535620123653,0.470456406465073,4.03992472822219,178.766669223832,4
"169",2020-08-16,2757,158,262,26,9,4,0,1,3,0,2,11,9,0,297,3,1196,0.00501999974250793,22,0,0.492932651234769,0.481675472962354,4.02031579896493,159.069965412153,4
"170",2020-08-17,2781,173,263,8,10.4,24,1,4,19,1,1,9,8,1,298,20,1358,0.00662999987602234,32,0,0.647736678535132,0.493217888764132,24.1779727664671,174.539464429941,24
"171",2020-08-18,2807,192,263,15,10.4,26,1,1,24,0,1,7,6,0,298,25,1888,0.00583000004291534,77,0.0519500017166138,0.763724692783889,0.554798811266245,26.2623021840862,194.014480773782,26
"172",2020-08-19,2831,201,263,23,11.4,24,4,3,15,2,1,7,6,0,300,19,1519,0.0118499994277954,25,0.04,1.23057960691847,0.69234750156773,22.3212094992394,204.39805838669,24
"173",2020-08-20,2848,209,264,24,13,17,1,0,16,3,0,6,6,1,303,17,1607,0.00995999991893768,103,0,0.936007009925898,0.752363485620677,17.2186014751565,211.687512253395,17
"174",2020-08-21,2869,216,264,16,14.9,21,3,2,16,0,0,6,6,0,303,19,1804,0.00721000015735626,116,0.00861999988555908,0.729518764093518,0.789576431945047,21.1904211280463,218.164787560947,21
"175",2020-08-22,2888,226,264,16,16.3,19,1,0,18,1,0,7,7,0,304,19,1864,0.00589999973773956,73,0,0.56776455917122,0.766894851808986,19.1481995709273,227.762794896294,19
"176",2020-08-23,2905,236,264,13,18.3,17,1,1,15,0,0,7,7,0,304,16,694,0.0172899997234344,5,0,1.71663230444399,0.941709087981731,17.3773308634239,241.565630235502,17
"177",2020-08-24,2924,252,264,19,16.4,19,2,0,17,1,1,8,7,0,305,19,1142,0.00962999999523163,58,0,0.91645499954621,0.980097419554742,19.2392157726527,255.172756563604,19
"178",2020-08-25,2938,254,264,23,18,14,0,1,13,4,2,11,9,0,309,13,1647,0.0145700001716614,73,0,1.3951622257399,1.0703027814056,14.2491684939094,258.868369034845,14
"179",2020-08-26,2956,262,264,15,19.1,18,1,4,13,0,2,11,9,0,309,14,1832,0.0049099999666214,41,0,0.480251998870817,0.963113123113079,18.0923681578811,263.728604097488,18
"180",2020-08-27,2969,265,264,16,18,13,1,3,9,1,2,9,7,0,310,10,1469,0.00612999975681305,9,0,0.609267228874044,0.916436011534243,13.0837014313329,267.218087930323,13
"181",2020-08-28,2997,275,264,20,16.9,28,0,3,21,1,1,9,8,0,311,21,2137,0.00607999980449677,35,0,0.598202559033591,0.897676553668539,24.1725808592601,277.259987442692,28
"182",2020-08-29,3018,289,264,12,17.4,21,0,2,18,0,1,9,8,0,311,18,1790,0.00726000010967255,11,0.0909099960327148,0.777091068999096,0.927580340786807,20.1921628753423,292.085281720774,21
"183",2020-08-30,3038,303,265,16,16.9,20,0,6,12,2,1,10,9,1,313,12,1402,0.00428000003099442,33,0,0.418157494317364,0.742083939340146,18.0689360184922,304.740634466928,20
"184",2020-08-31,3059,313,265,13,17.3,21,1,3,17,1,1,11,10,0,314,18,1353,0.00517000019550323,54,0,0.497157801315982,0.682184339592971,21.12293960954,315.137783210334,21
"185",2020-09-01,3084,317,265,18,16.4,25,1,2,22,0,1,11,10,0,314,23,1361,0.0154299998283386,22,0.0909099960327148,1.66306939111269,0.720456791789084,25.5254885676497,324.242603301954,25
"186",2020-09-02,3120,327,265,15,15.7,36,1,9,26,0,1,9,8,0,314,27,1528,0.00261999994516373,51,0,0.253537676770752,0.688069031489075,36.0940440527234,328.138977971872,36
"187",2020-09-03,3142,328,265,24,15.7,22,1,4,17,1,1,8,7,0,315,18,1493,0.00938000023365021,133,0.00751999974250793,0.922785997207461,0.732857426965277,22.2281910288551,332.158147636915,22
"188",2020-09-04,3164,332,265,24,16.9,22,0,3,19,3,1,11,10,0,318,19,2705,0.00813000023365021,258,0.00774999976158142,0.809691210614641,0.763070091476856,22.211347975245,335.693027777966,22
"189",2020-09-05,3189,339,265,17,17.4,25,1,11,13,2,1,13,12,0,320,14,2256,0.00398999989032745,164,0,0.371960320354493,0.705194270241913,25.0715401282593,340.732293105707,25
"190",2020-09-06,3210,341,265,27,18.1,21,1,3,16,1,1,14,13,0,321,17,1310,0.00611000001430511,192,0.03125,0.932363516560565,0.778652273419513,20.2177505488109,345.367819832031,21
"191",2020-09-07,3251,366,265,29,19.7,41,2,6,33,0,1,12,11,0,321,35,1290,0.0147300004959106,44,0,1.4244153403092,0.911117636132829,41.6849040782299,373.16213978949,41
"192",2020-09-08,3303,403,265,24,22,52,0,14,36,3,1,14,13,0,324,36,1097,0.0127600002288818,4,0,1.27136423715562,0.855159756996104,50.6287783174085,410.038823942101,52
"193",2020-09-09,3348,434,265,15,22.9,45,2,10,31,0,1,13,12,0,324,33,1587,0.0144900000095367,29,0,1.42299690687715,1.02222536129702,43.6451236475605,442.484353425492,45
"194",2020-09-10,3425,496,265,33,22.9,77,1,21,52,2,2,14,12,0,326,53,1959,0.0127600002288818,61,0,1.23746734892968,1.06717984011448,74.9010205245741,504.432192079033,77
"195",2020-09-11,3455,510,265,60,24.1,30,0,1,25,0,1,12,11,0,326,25,2314,0.0155599999427795,93,0.0752699995040894,1.78670335776785,1.20675300399351,26.6136454634566,522.518367454515,30
"196",2020-09-12,3504,535,267,47,29.3,49,0,4,42,1,0,12,12,2,327,42,1900,0.0168400001525879,26,0,1.66126688940379,1.39093965671483,46.9585477791897,547.210072901583,49
"197",2020-09-13,3539,548,268,31,33.6,35,1,5,29,1,1,11,10,1,328,30,1199,0.0166799998283386,44,0,1.6089557356539,1.48759568801388,35.6631173891026,560.112944307607,35
"198",2020-09-14,3607,598,270,59,34.1,68,0,19,49,1,1,11,10,2,329,49,2394,0.0141999995708466,218,0.0412799978256226,1.6460121936674,1.51925238135077,69.1080368241611,611.522571854047,68
"199",2020-09-15,3679,646,271,41,38.4,72,0,14,55,1,1,11,10,1,330,55,2961,0.0121599996089935,28,0,1.20460886056306,1.5097158989804,69.910193665044,656.690638320335,72
"200",2020-09-16,3755,684,272,41,40.9,76,0,7,66,1,0,11,11,1,331,66,1887,0.0190799999237061,162,0.00616999983787537,1.80592971350753,1.56442058564189,74.6374567764487,700.970006592287,76
"201",2020-09-17,3805,709,276,57,44.6,50,2,4,38,2,2,11,9,4,333,40,2512,0.0191100001335144,208,0.00481000006198883,1.80164707162801,1.6450176888845,44.9900446405479,726.548541253712,50
"202",2020-09-18,3893,777,276,46,48,88,1,6,78,0,2,11,9,0,333,79,2409,0.0128699994087219,281,0.0213499999046326,1.37558284568077,1.58628618715778,86.4929281543258,791.68360982166,88
"203",2020-09-19,3963,828,278,46,46,70,2,4,60,0,2,10,8,2,333,62,2101,0.0214199995994568,161,0,1.98954107685494,1.6331824996508,67.6946096116877,850.631238039959,70
"204",2020-09-20,4006,860,278,76,45.9,43,1,4,34,2,2,11,9,0,335,35,2847,0.0186199998855591,112,0,1.79152212484578,1.6592634123925,39.8614206649021,881.166336337596,43
"205",2020-09-21,4115,940,278,56,52.3,109,2,22,82,1,3,12,9,0,336,84,2949,0.0189900004863739,73,0,1.85312744653596,1.68885130565944,108.138501898476,963.930854578182,109
"206",2020-09-22,4225,1020,278,85,51.9,110,0,27,82,3,3,15,12,0,339,82,2507,0.0135599994659424,64,0.03125,1.40003573166541,1.71676943010263,110.577168294393,1039.61843488147,110
"207",2020-09-23,4332,1080,279,67,58.1,107,0,26,76,2,3,16,13,1,341,76,1896,0.0168799996376038,7,0.571430015563965,1.89198578149472,1.7290631541008,103.975406717372,1108.0715691416,107
"208",2020-09-24,4433,1133,280,38,61.9,101,2,18,75,2,3,18,15,1,343,77,2730,0.0128199994564056,55,0,1.25668217292593,1.65121102571479,96.329355831843,1152.56052152569,101
"209",2020-09-25,4552,1196,282,57,59.1,119,5,16,86,3,3,20,17,2,346,91,3291,0.0133700001239777,59,0.0339000010490417,1.37315732745982,1.6508645231118,108.71666975933,1218.56194540833,119
"210",2020-09-26,4637,1243,284,76,60.7,85,3,14,66,3,4,21,17,2,349,69,3437,0.0299699997901917,12,0,2.98657260883992,1.79329759910965,85.831048008197,1293.99989382882,85
"211",2020-09-27,4719,1273,285,109,65,82,2,12,64,2,4,22,18,1,351,66,2684,0.0331599998474121,13,0,3.30001629923819,2.00879676687999,80.9921618826924,1330.71245570708,82
"212",2020-09-28,4834,1343,286,86,69.7,115,3,11,97,6,4,27,23,1,357,100,3135,0.0258400011062622,192,0.0104200005531311,2.49501182970644,2.10049453590435,114.427659513626,1389.03346726799,115
"213",2020-09-29,4941,1374,289,58,74,107,5,18,74,4,3,27,24,3,361,79,2165,0.0263299989700317,79,0.0253200006484985,2.62944419881239,2.27612431692535,99.8537512567575,1423.6335978074,107
"214",2020-09-30,5024,1404,289,108,70.1,83,1,10,67,5,5,30,25,0,366,68,3170,0.0305999994277954,281,0.0142299997806549,2.92670611777674,2.42394150782278,80.7340918087621,1460.45095440444,83
"215",2020-10-01,5125,1440,291,105,76,101,2,11,78,3,5,29,24,2,369,80,3844,0.0226300001144409,120,0.00833000004291534,2.21971040476944,2.56151696951471,93.4395592504415,1483.91206650795,101
"216",2020-10-02,5221,1490,292,115,85.6,96,0,13,79,1,5,29,24,1,370,79,3362,0.021710000038147,197,0,2.05082945007727,2.65832727274577,94.2257772662362,1531.97984970496,96
"217",2020-10-03,5293,1502,293,65,93.9,72,2,6,63,5,6,31,25,1,375,65,3113,0.0301999998092651,485,0.0103100001811981,2.75188853513406,2.62480097650208,73.4573626960917,1558.78398106969,72
"218",2020-10-04,5350,1482,293,77,92.3,57,1,7,47,3,6,32,26,0,378,48,3118,0.0291899991035461,102,0,2.826534695803,2.55716074743991,56.8638914830576,1539.5476495394,57
"219",2020-10-05,5428,1483,293,82,87.7,78,3,13,59,3,6,33,27,0,381,62,3821,0.0177999997138977,238,0.00839999973773956,1.72488294763206,2.44714233571499,76.4691846557469,1518.1419491044,78
"220",2020-10-06,5503,1454,294,139,87.1,75,5,15,52,2,7,34,27,1,383,57,2158,0.0194599997997284,55,0,1.89763576899295,2.34259827431222,73.4859793669666,1491.90550876438,75
"221",2020-10-07,5604,1468,294,174,98.7,101,12,22,63,3,10,36,26,0,386,75,2268,0.0313100004196167,76,0,3.02948297575472,2.35728068259479,100.121438950582,1529.0969650594,101
"222",2020-10-08,5684,1427,294,85,108.1,80,5,14,55,2,9,36,27,0,388,60,2434,0.0271199989318848,182,0,2.52332100153699,2.40065362499015,76.0799304758087,1476.46767981632,80
"223",2020-10-09,5767,1428,294,96,105.3,83,5,19,57,2,9,37,28,0,390,62,2508,0.0207299995422363,247,0.00810000002384186,1.95976547578285,2.38764448580523,82.6692479740932,1466.44655011299,83
"224",2020-10-10,5832,1413,295,68,102.6,65,5,8,50,6,9,43,34,1,396,55,2628,0.0300600004196167,21,0,2.98216991705371,2.42054182607947,65.2533058285146,1470.88947519439,65
"225",2020-10-11,5896,1378,295,138,103,64,6,6,48,5,10,46,36,0,401,54,2660,0.0233100008964539,238,0.0168099999427795,2.2776184393012,2.34212521800778,61.6896618389626,1421.1176669276,64
"226",2020-10-12,5957,1349,295,62,111.7,61,2,13,43,3,10,46,36,0,404,45,1994,0.0150499999523163,237,0.0126600003242493,1.47961093598233,2.30708635920068,58.9147135489941,1376.42107950207,61
"227",2020-10-13,6042,1370,296,74,108.9,85,5,9,68,1,7,45,38,1,405,73,2117,0.0302300000190735,18,0,2.9975133508374,2.4642117280356,85.0061389582515,1426.41658044938,85
"228",2020-10-14,6109,1375,298,84,99.6,67,2,15,49,2,7,45,38,2,407,51,3004,0.0296300005912781,110,0.0363599991798401,2.98677333609447,2.45811035094128,68.0926543828344,1431.41960345877,67
"229",2020-10-15,6195,1400,298,107,86.7,86,4,24,52,5,8,49,41,0,412,56,2119,0.021710000038147,105,0.00952000021934509,2.11344829603708,2.39955710729844,81.6259407672704,1440.64851918176,86
"230",2020-10-16,6270,1420,299,77,89.9,75,2,10,59,4,8,47,39,1,416,61,3126,0.0214299988746643,280,0.0035699999332428,1.99617664308598,2.40475870262745,72.6728379424306,1458.94147341396,75
"231",2020-10-17,6317,1402,300,64,87.1,47,3,8,36,6,8,50,42,1,422,39,3037,0.0214000010490417,149,0,2.03991849296735,2.2701513563294,48.0929555198953,1441.29034971521,47
"232",2020-10-18,6374,1369,303,74,86.6,57,1,11,40,2,6,49,43,3,424,41,1144,0.0271000003814697,37,0.0540500020980835,2.79443272769098,2.34398196895651,53.5739922200719,1421.55598412874,57
"233",2020-10-19,6438,1349,304,69,77.4,64,1,6,57,3,6,48,42,1,427,58,1334,0.0374799990653992,27,0,3.67364575703472,2.65741551482114,66.9271861053892,1417.08231131328,64
"234",2020-10-20,6516,1353,306,46,78.4,78,3,14,57,4,5,46,41,2,431,60,1595,0.0250799989700317,48,0.0208299994468689,2.49558358677117,2.58571126281168,76.0570669977747,1399.38686079982,78
"235",2020-10-21,6604,1376,309,69,74.4,88,1,46,40,4,4,45,41,3,435,41,2258,0.0305599999427795,446,0.00897000014781952,2.69989274913919,2.54472832181807,88.5207416303362,1427.03757276445,88
"236",2020-10-22,6669,1361,309,88,72.3,65,1,24,36,1,3,44,41,0,436,37,2238,0.0268099999427795,87,0.0114900004863739,2.62367354469914,2.6176176430555,62.3336337757011,1410.05609645214,65
"237",2020-10-23,6748,1363,310,92,69.6,79,1,13,64,2,3,37,34,1,438,65,2768,0.0245700001716614,65,0.0153799998760223,2.4359145946735,2.68043735042515,80.1752064371039,1408.61240575035,79
"238",2020-10-24,6813,1354,313,63,71.7,65,2,17,41,2,3,36,33,3,440,43,2358,0.0211999988555908,191,0,1.96114544140773,2.6691840573452,61.1585194356266,1390.47989106601,65
"239",2020-10-25,6883,1335,315,69,71.6,70,1,24,42,3,3,38,35,2,443,43,1751,0.0308400011062622,77,0,2.95409419787008,2.69199283879936,68.7450901247016,1389.1789608483,70
"240",2020-10-26,6956,1295,316,77,70.9,73,1,16,51,4,3,39,36,1,447,52,995,0.0392000007629395,121,0.0165299999713898,3.67420526484435,2.69207276848645,70.6247734500402,1360.3669541885,73
"241",2020-10-27,7034,1265,318,61,72,78,0,15,60,2,3,32,29,2,449,60,1354,0.0288000011444092,116,0,2.65273479928776,2.71452294170311,77.1866040626286,1311.10090232042,78
"242",2020-10-28,7146,1271,321,93,74.1,112,2,69,38,2,2,30,28,3,451,40,1900,0.0405299997329712,166,0.01807000041008,3.87253724882471,2.88204358451533,111.128044281756,1338.61860705281,112
"243",2020-10-29,7210,1255,322,65,77.6,64,0,18,42,9,2,38,36,1,460,42,2190,0.0292199993133545,96,0,2.79929127280168,2.90713183138712,61.6151856453434,1303.2632853549,64
"244",2020-10-30,7260,1224,324,122,74.3,50,1,9,36,4,2,41,39,2,464,37,2789,0.0358599996566772,105,0.0571400022506714,3.66320799166528,3.0824594595288,47.8620372625906,1285.59820565975,50
"245",2020-10-31,7299,1154,325,83,78.6,39,0,5,32,2,2,40,38,1,466,32,2352,0.0276399993896484,322,0,2.43116224997955,3.1496047178962,38.0687816471046,1192.54293814871,39
"246",2020-11-01,7349,1113,328,50,81.4,50,1,6,40,1,2,38,36,3,467,41,1714,0.0256699991226196,104,0,2.42015283257261,3.07332737999656,48.3631753207392,1150.00522273129,50
"247",2020-11-02,7413,1066,328,56,78.7,64,3,8,47,6,2,43,41,0,473,50,1030,0.0174800002574921,14,0.0714300012588501,1.82034677038705,2.80849045221695,59.2504006697132,1092.65854227829,64
"248",2020-11-03,7484,996,329,36,75.7,71,1,36,33,2,2,44,42,1,475,34,1456,0.0219799995422363,13,0,2.1785486271951,2.74074957048942,71.0175862756471,1025.80929207484,71
"249",2020-11-04,7549,919,333,53,72.1,65,5,1,51,1,1,41,40,4,476,56,1466,0.0272900009155273,295,0.0033899998664856,2.32863096551824,2.52019153001707,58.7914874122371,948.399588068677,65
"250",2020-11-05,7596,876,333,45,66.4,47,0,6,34,5,2,44,42,0,481,34,2536,0.0240499997138977,41,0,2.36673648717286,2.45839798921295,41.1054876339947,904.482563746452,47
"251",2020-11-06,7670,870,337,79,63.6,74,1,12,58,5,3,47,44,4,486,59,2342,0.0234800004959106,116,0.0258599996566772,2.35923194148076,2.27211569632945,72.912263417168,898.197782592138,74
"252",2020-11-07,7705,836,342,75,57.4,35,3,4,25,3,4,47,43,5,489,28,2499,0.0276099991798401,142,0,2.61254782091709,2.2980279207491,33.004956690078,866.005135460899,35
"253",2020-11-08,7742,774,342,47,56.3,37,1,5,29,1,4,48,44,0,490,30,1176,0.0204099988937378,92,0.0108700001239777,1.97178223268467,2.23397497790797,35.8126532365325,794.966453502539,37
"254",2020-11-09,7813,744,346,31,55.9,71,3,24,42,7,4,47,43,4,497,45,711,0.0210999989509583,20,0.1,2.3258685710166,2.3061923779979,70.437880353105,767.772955171337,71
"255",2020-11-10,7880,753,346,52,52.3,67,0,11,54,3,5,48,43,0,500,54,1374,0.0334800004959106,17,0,3.30708272332,2.46741153458718,67.453374709067,787.21094733199,67
"256",2020-11-11,7936,751,349,77,54.6,56,0,6,48,2,5,47,42,3,502,48,2375,0.0261100006103516,241,0.0290499997138977,2.63808491516187,2.51161924167912,55.7396227303539,778.217847301996,56
"257",2020-11-12,7978,741,351,60,58,42,1,8,31,3,3,44,41,2,505,32,2318,0.0215700006484985,214,0.00467000007629395,2.0141643570121,2.4612517945133,40.8854620455895,761.503980493181,42
"258",2020-11-13,8017,717,353,79,60.1,39,1,7,27,0,3,36,33,2,505,28,2719,0.0217000007629395,200,0,2.02131901591067,2.41297851943186,35.7775314394468,736.910358645834,39
"259",2020-11-14,8038,693,353,50,60.1,21,3,2,14,3,3,37,34,0,508,17,1710,0.015789999961853,245,0.0163300001621246,1.58576726212221,2.26629558246116,19.3703509258785,708.097246566694,21
"260",2020-11-15,8068,650,355,30,56.6,30,1,1,25,0,2,35,33,2,508,26,984,0.0152400004863739,306,0.00653999984264374,1.31762794034426,2.17284496926967,27.470642572414,661.76606431035,30
"261",2020-11-16,8112,612,358,11,54.1,44,0,3,39,3,2,33,31,3,511,39,735,0.0122399997711182,53,0,1.14167510555481,2.0036744742037,42.6116911596444,621.598845889804,44
"262",2020-11-17,8153,589,358,40,51.3,41,1,10,29,1,2,32,30,0,512,30,1828,0.020789999961853,38,0,2.03666237568421,1.82218585311287,40.8393930343263,605.480083240605,41
"263",2020-11-18,8195,582,358,66,49.6,42,3,6,31,1,2,32,30,0,513,34,2684,0.0204900002479553,20,0.05,2.07082694768905,1.74114900061676,40.9672701609244,598.557389225235,42
"264",2020-11-19,8215,563,359,53,48,20,2,1,17,0,2,30,28,1,513,19,2476,0.0121200001239777,187,0.0160399997234344,1.23952685900304,1.63048650090118,20.3235449372277,572.587147350483,20
"265",2020-11-20,8240,520,359,28,47,25,1,2,20,1,2,30,28,0,514,21,2643,0.00757000029087067,222,0.0225200009346008,0.872842966012306,1.46641849377284,23.2518143508394,526.235402973166,25
"266",2020-11-21,8269,488,360,27,39.7,29,4,4,19,2,2,31,29,1,516,23,1495,0.0187300002574921,71,0,1.7880811229215,1.49532047388702,27.5649891659041,499.987596215705,29
"267",2020-11-22,8296,475,363,26,36.4,27,3,4,19,3,4,31,27,3,519,22,1220,0.0147500002384186,36,0,1.4327229530948,1.51176261856567,26.4330220035275,484.349338712526,27
"268",2020-11-23,8336,457,365,20,35.9,40,2,9,26,1,3,27,24,2,520,28,922,0.0173500001430511,13,0,1.71087701945381,1.5930771776941,37.6581151521266,467.741379447208,40
"269",2020-11-24,8379,466,365,21,37.1,43,2,7,33,1,3,23,20,0,521,35,1403,0.00855000019073486,41,0.0975599956512451,1.10772923056108,1.46037244267651,42.5326313513452,473.091605992196,43
"270",2020-11-25,8434,474,366,38,34.4,55,4,10,39,2,2,23,21,1,523,43,2618,0.0122200000286102,72,0.0138900005817413,1.22646989281736,1.33975000626627,53.7245200575332,481.986569936529,55
"271",2020-11-26,8479,490,366,60,30.4,45,3,4,37,3,2,23,21,0,526,40,3059,0.0143799996376038,224,0.00446000009775162,1.37031553193196,1.35843410239897,44.7530184849261,499.224476440345,45
"272",2020-11-27,8527,503,367,56,31.4,48,2,3,42,3,1,24,23,1,529,44,3154,0.0177600002288818,336,0.00298000007867813,1.63370546556817,1.46712874519267,47.9875327429439,514.289294765927,48
"273",2020-11-28,8571,505,368,60,35.4,44,2,3,39,2,1,25,24,1,531,41,2597,0.0119400000572205,191,0,1.1122015835223,1.3705745252785,44.6264586806004,512.716137407395,44
"274",2020-11-29,8616,517,370,22,40.1,45,0,4,38,5,1,28,27,2,536,38,898,0.0245000004768372,12,0,2.41769235474723,1.51128443980027,43.2621463027944,534.171832593282,45
"275",2020-11-30,8659,523,371,47,39.6,43,1,7,34,1,1,25,24,1,537,35,1135,0.0229099988937378,61,0,2.17415123280873,1.57746647027955,43.0454008770476,538.62127596274,43
"276",2020-12-01,8713,544,371,34,43.4,54,2,12,39,3,1,27,26,0,540,41,1906,0.0141700005531311,113,0.0176999998092651,1.43675686145195,1.62447041754967,53.8092676913102,554.737600587141,54
"277",2020-12-02,8755,558,372,49,45.3,42,1,5,34,6,1,31,30,1,546,35,2859,0.0101400005817413,81,0.0123500001430511,1.0200888324757,1.59498740892943,40.4904910679828,565.819829026698,42
"278",2020-12-03,8793,557,373,38,46.9,38,0,5,32,3,1,33,32,1,549,32,3327,0.0102199995517731,202,0,0.963500666158943,1.53687099953329,37.4235718241234,564.372797063648,38
"279",2020-12-04,8836,561,375,55,43.7,43,1,5,33,2,1,31,30,2,551,34,2994,0.0110199999809265,165,0.0121200001239777,1.10774548791865,1.46173385986907,39.5174209064442,569.537444956329,43
"280",2020-12-05,8871,550,375,46,43.6,35,3,2,29,1,1,31,30,0,552,32,2277,0.0184500002861023,209,0,1.68988940673592,1.54426069175673,34.7429050790711,562.768681046535,35
"281",2020-12-06,8910,544,376,33,41.6,39,0,7,30,1,2,31,29,1,553,30,1397,0.0157500004768372,20,0,1.55276998349623,1.42070035300659,37.6399609103692,555.604624508029,39
"282",2020-12-07,8964,547,377,23,43.1,54,0,4,45,2,1,30,29,1,555,45,1068,0.0168499994277954,25,0.04,1.73795053878184,1.3583859681456,50.0744222461764,560.060199303522,54
"283",2020-12-08,9011,551,377,57,39.7,47,1,1,44,0,1,27,26,0,555,45,2367,0.01942999958992,69,0,1.88796424586784,1.4228441659193,47.1671625517996,565.291257023146,47
"284",2020-12-09,9064,562,377,36,43,53,2,3,46,1,3,24,21,0,556,48,2911,0.00962000012397766,167,0.00598999977111816,0.942305078709412,1.41173220109555,51.6213808071262,569.27533361677,53
"285",2020-12-10,9109,561,377,60,41.1,45,2,0,43,1,3,23,20,0,557,45,3091,0.0139100003242493,252,0.00397000014781952,1.3160709255012,1.46209938100158,45.8136111174346,571.143018597352,45
"286",2020-12-11,9148,544,377,48,44.3,39,6,2,30,1,2,23,21,0,558,36,3047,0.0118099999427795,32,0,1.16872587936503,1.47081086549392,38.5780164884793,552.734471381466,39
"287",2020-12-12,9181,533,378,59,43.3,33,2,5,26,0,2,20,18,1,558,28,2616,0.0156700003147125,24,0,1.55275457663969,1.45122017548018,33.5972909231937,544.369859359366,33
"288",2020-12-13,9220,530,379,30,45.1,39,5,2,32,0,2,19,17,1,558,37,1502,0.0119799995422363,47,0,1.16165005244925,1.39534589961632,39.5904758039053,538.458166920805,39
"289",2020-12-14,9263,526,379,16,44.7,43,4,4,35,2,2,20,18,0,560,39,917,0.0174500000476837,20,0,1.70775347318313,1.39103203310222,43.9149868446071,538.340591801624,43
"290",2020-12-15,9309,534,380,54,43.7,46,1,7,37,1,1,20,19,1,561,38,2079,0.0134700000286102,49,0,1.31598355542672,1.30932050589635,45.6870037768696,543.654210969694,46
"291",2020-12-16,9364,552,380,53,43.3,55,3,4,47,0,1,18,17,0,561,50,2312,0.0168700003623962,94,0,1.62109064164007,1.4062898720293,55.1135311452453,564.293383843508,55
"292",2020-12-17,9401,547,381,61,45.7,37,1,5,29,1,0,17,17,1,562,30,3207,0.0134099996089935,83,0.0241000008583069,1.36796865706023,1.41370383368059,35.5637966192247,557.279891690531,37
"293",2020-12-18,9442,534,381,25,45.9,41,3,4,34,0,0,16,16,0,562,37,3298,0.00727999985218048,170,0.00587999999523163,0.72113724082124,1.34976259960291,41.3665596976492,539.290348068775,41
"294",2020-12-19,9481,531,381,46,42.6,39,1,6,29,3,0,19,19,0,565,30,2799,0.0117900002002716,140,0,1.12283805922287,1.28834595425765,36.4627681332167,539.190995957936,39
"295",2020-12-20,9525,525,381,24,40.7,44,5,2,34,0,0,16,16,0,565,39,1360,0.0161800003051758,51,0,1.55951810170369,1.34518424700828,41.8355647166835,536.247986570739,44
"296",2020-12-21,9600,547,381,22,39.9,75,7,8,60,1,0,15,15,0,566,67,1365,0.00658999979496002,32,0.03125,0.715486737302822,1.20343185616823,75.6585692613433,552.37667740231,75
"297",2020-12-22,9684,591,381,73,40.7,84,5,7,70,2,0,15,15,0,568,75,3021,0.0225099992752075,48,0,2.21579367254486,1.33197615861368,84.2830511778045,608.990443281099,84
"298",2020-12-23,9784,658,381,52,43.4,100,5,6,88,1,1,13,12,0,569,93,2652,0.0199800002574921,199,0.0150800001621246,1.96379799070964,1.38093435133791,101.509024057747,675.752019677391,100
"299",2020-12-24,9859,685,381,49,43.3,75,11,6,56,2,1,13,12,0,571,67,3469,0.01557000041008,144,0,1.49494413015686,1.39907370463743,74.3760202673474,699.068266912432,75
"300",2020-12-25,9925,717,381,47,41.6,66,6,3,56,0,1,10,9,0,571,62,2537,0.0295600008964539,161,0,2.77960423551903,1.69314041816568,67.3675530548203,744.379605488809,66
"301",2020-12-26,10018,760,381,95,44.7,93,5,5,82,2,2,12,10,0,573,87,951,0.0199800002574921,50,0,1.89819982466284,1.80390638465711,94.268747935766,779.818947484852,93
"302",2020-12-27,10128,824,382,37,51.7,110,8,6,94,2,4,12,8,1,575,102,1480,0.0270300006866455,32,0.0625,2.77806885028012,1.97798506302517,111.892855132393,855.448163030309,110
"303",2020-12-28,10260,918,382,65,53.6,132,15,7,108,1,2,13,11,0,576,123,1188,0.04125,39,0.0256399989128113,4.07538385962507,2.45797036621406,136.886502321518,969.396822204499,132
"304",2020-12-29,10381,996,382,112,59.7,121,5,15,101,3,4,12,8,0,579,106,1880,0.0505299997329712,25,0.04,5.03918107600976,2.8613114238519,128.338222831426,1064.9516032085,121
"305",2020-12-30,10518,1087,382,88,65.3,137,12,10,115,3,5,13,8,0,582,127,2458,0.0573600006103516,62,0,5.59487625000969,3.3800368894662,146.7615609808,1170.54973847346,137
"306",2020-12-31,10643,1174,382,147,70.4,125,0,9,116,2,5,13,8,0,584,116,2652,0.0331800007820129,144,0,3.14711595400208,3.6160614357298,130.015287102717,1224.75816429819,125
"307",2021-01-01,10760,1229,383,87,84.4,117,0,5,111,2,6,13,7,1,586,111,2759,0.0391400003433228,134,0.0149300003051758,3.80186246070242,3.76209832504171,121.797549239775,1293.19088302418,117
"308",2021-01-02,10873,1290,383,134,90.1,113,2,8,101,2,6,15,9,0,588,103,2369,0.0295499992370605,431,0,2.50014100687844,3.84808992250108,114.537747182505,1334.30770743138,113
"309",2021-01-03,10996,1317,384,106,95.7,123,0,5,118,4,5,19,14,1,592,118,1516,0.0600299978256226,126,0.0238100004196167,5.72506313986088,4.26908910672691,132.280841455937,1420.58362879211,123
"310",2021-01-04,11171,1429,384,117,105.6,175,4,30,140,5,8,21,13,0,597,144,1386,0.0533900022506714,155,0.00644999980926514,4.86685873393035,4.38215694591337,183.628004804137,1524.54457545217,175
"311",2021-01-05,11312,1502,386,105,113,141,2,19,120,6,8,23,15,2,603,122,2417,0.0575099992752075,97,0.0103100001811981,5.56888378145397,4.45782876097683,150.333683087485,1616.91140981478,141
"312",2021-01-06,11495,1596,386,132,112,183,11,42,129,7,7,28,21,0,610,140,2627,0.0513899993896484,211,0.0142200005054474,4.86264793880394,4.35322471651887,191.35246149079,1702.618060995,183
"313",2021-01-07,11613,1633,386,186,118.3,118,2,7,108,6,9,32,23,0,616,110,2311,0.048899998664856,91,0.0109899997711182,4.74637747267502,4.58169064775786,124.172656368337,1739.48134408631,118
"314",2021-01-08,11743,1662,386,185,123.9,130,6,13,110,0,11,30,19,0,616,116,2661,0.0368300008773804,249,0,3.36785678126149,4.51968983640915,134.367062709393,1738.89705364664,130
"315",2021-01-09,11841,1671,388,155,137.9,98,6,2,90,4,11,30,19,2,620,96,3020,0.0324499988555908,375,0.00266999989748001,2.91606027998348,4.57910687542416,101.845854026143,1737.94189664256,98
"316",2021-01-10,11933,1655,388,114,140.9,92,5,3,82,5,11,34,23,0,625,87,1824,0.0509899997711182,78,0,4.88989272252995,4.45979681580546,95.8444500290308,1766.17890572467,92
"317",2021-01-11,12097,1707,388,66,142,164,2,25,135,3,13,34,21,0,628,137,1608,0.0342000007629395,115,0,3.1917354165297,4.22049348474822,168.007205867806,1781.8489081485,164
"318",2021-01-12,12237,1735,389,161,134.7,140,1,22,115,4,13,35,22,1,632,116,2211,0.0705600023269653,74,0.0135099995136261,6.87124311198812,4.40654481768167,148.950107165694,1898.77962010757,140
"319",2021-01-13,12325,1723,393,172,142.7,88,0,9,75,3,11,35,24,4,635,75,2532,0.0375200009346008,173,0.0115600001811981,3.58597125315181,4.22416243401708,87.6948186983847,1807.88230156422,88
"320",2021-01-14,12417,1711,393,128,148.4,92,2,14,75,9,10,41,31,0,644,77,2581,0.0337100005149841,146,0,3.19052113418313,4.00189724280395,94.3750282829824,1785.99575834004,92
"321",2021-01-15,12511,1681,395,145,140.1,94,6,7,79,5,11,41,30,2,649,85,2923,0.0372900009155273,206,0.00485000014305115,3.51542897748657,4.02297898512182,96.1050865652563,1762.18412371995,94
"322",2021-01-16,12573,1635,396,119,134.4,62,0,0,60,2,9,39,30,1,651,60,2470,0.0323900008201599,289,0,2.89972098679938,4.02064480038124,62.3901905655731,1700.13269291187,62
"323",2021-01-17,12653,1576,398,72,129.3,80,2,3,72,2,9,39,30,2,653,74,2036,0.026029999256134,32,0,2.56272139678379,3.68819175384607,79.6053026447348,1631.48590497435,80
"324",2021-01-18,12774,1597,399,63,123.3,121,2,45,72,7,10,43,33,1,660,74,1021,0.0391799998283386,48,0,3.74207481990025,3.7668116686133,122.80425177599,1679.09986603048,121
"325",2021-01-19,12848,1541,406,81,122.9,74,3,24,47,8,9,45,36,7,668,50,2337,0.0410799980163574,89,0,3.95729412053698,3.35053324126313,76.7182750556476,1624.77723721506,74
"326",2021-01-20,12909,1500,406,166,111.4,61,1,9,49,2,7,37,30,0,670,50,3065,0.0225099992752075,163,0.00612999975681305,2.16828803404187,3.14800706710457,60.4894023787131,1544.68207136139,61
"327",2021-01-21,12980,1467,408,81,110.6,71,1,9,60,3,7,37,30,2,673,61,2636,0.0242799997329712,117,0,2.32481217929939,3.02433435926403,71.9482414224347,1513.85360929036,71
"328",2021-01-22,13061,1439,409,95,103.9,81,1,4,75,5,6,37,31,1,678,76,2311,0.0307200002670288,111,0.00901000022888184,2.97250332958338,2.94677355242072,83.1035661589541,1497.76357503599,81
"329",2021-01-23,13109,1372,409,84,96.7,48,1,4,40,4,9,39,30,0,682,41,2122,0.0329900002479553,276,0,2.91929860409346,2.9495703548913,46.6443241754854,1427.02470167722,48
"330",2021-01-24,13155,1291,410,44,91.7,46,2,9,35,3,8,38,30,1,685,37,1247,0.0224499988555908,36,0,2.18200690357925,2.8951825701478,47.1091311688932,1329.69968483895,46
"331",2021-01-25,13218,1232,410,29,87.7,63,1,18,43,4,7,39,32,0,689,44,825,0.0206100010871887,48,0,1.94768051511233,2.63884052660667,63.1773225480386,1264.96503134508,63
"332",2021-01-26,13281,1171,411,74,82.9,63,1,19,41,8,5,40,35,1,697,42,2354,0.024210000038147,79,0,2.34238964610761,2.40813988740247,62.3515542912429,1208.68262083442,63
"333",2021-01-27,13359,1132,413,80,81.9,78,1,26,50,1,4,30,26,2,698,51,2800,0.0196399998664856,175,0.00570999979972839,1.88205880978528,2.36724999822296,78.3186466376452,1161.26878419244,78
"334",2021-01-28,13397,1071,413,66,69.6,38,1,3,33,3,5,30,25,0,701,34,2355,0.0212299990653992,209,0.0287100005149841,2.18397183723271,2.34712994935629,38.020119422732,1103.13376181606,38
"335",2021-01-29,13427,970,413,73,67.4,30,1,2,27,3,4,31,27,0,704,28,2847,0.0122899997234344,180,0.00555999994277954,1.18898015204222,2.09234092399327,30.4573594973451,985.844239729456,30
"336",2021-01-30,13446,873,414,42,64.3,19,1,6,12,2,5,33,28,1,706,13,2155,0.0157799994945526,216,0,1.43424288953019,1.88019010762709,19.2561480909469,890.20132949205,19
"337",2021-01-31,13489,815,415,25,58.3,43,3,5,35,4,6,32,26,1,710,38,922,0.0195200002193451,24,0,1.90247782264653,1.84025738177955,43.9931806854114,836.301112068691,43
"338",2021-02-01,13529,724,415,26,55.6,40,6,7,25,4,5,29,24,0,714,31,548,0.0292000007629395,29,0,2.77324097367259,1.95819459014531,39.1810665444869,751.583618651888,40
"339",2021-02-02,13571,660,416,59,55.1,42,4,5,31,3,5,27,22,1,717,35,2439,0.0221399998664856,107,0.0280399990081787,2.23879574109322,1.94339546085754,41.0764840071616,680.299412706476,42
"340",2021-02-03,13634,645,416,54,53,63,5,21,36,2,4,26,22,0,719,41,2865,0.0129100000858307,212,0,1.20205233168362,1.84625167827158,62.6770680143561,655.651435835601,63
"341",2021-02-04,13716,647,416,51,49.3,82,3,43,33,2,5,25,20,0,721,36,2814,0.0127900004386902,90,0,1.23936161275738,1.71130736048939,79.6129507868443,658.016087752452,82
"342",2021-02-05,13774,647,417,72,47.1,58,1,8,48,2,5,21,16,1,723,49,2435,0.0160199999809265,149,0,1.50962461120573,1.75711371179847,58.016225557934,660.418325224149,58
"343",2021-02-06,13799,616,417,61,47,25,2,3,19,3,6,21,15,0,726,21,2369,0.0143499994277954,205,0.0146300005912781,1.43722994427581,1.75754043390498,24.4146394477786,628.162757134839,25
"344",2021-02-07,13824,571,419,33,49.7,25,1,2,19,3,4,23,19,2,729,20,1004,0.0249000000953674,75,0,2.31692308579693,1.81674690006933,22.6366000644017,589.174931838669,25
"345",2021-02-08,13871,568,421,24,50.9,47,1,7,38,2,5,21,16,2,731,39,852,0.0140799999237061,29,0,1.36165266004513,1.61509142669397,46.7295515953736,578.625264260826,47
"346",2021-02-09,13926,586,421,43,50.6,55,5,8,39,0,2,19,17,0,731,44,2244,0.0178299999237061,149,0,1.67198160588368,1.5341179788069,53.0106696808019,599.460282567043,55
"347",2021-02-10,13983,602,422,40,48.3,57,0,6,50,3,4,20,16,1,734,50,2791,0.0125399994850159,100,0,1.21062395581734,1.53534249654029,56.8315805701147,612.012230064181,57
"348",2021-02-11,14043,628,423,51,46.3,60,1,11,46,1,3,16,13,1,735,47,2563,0.0152199995517731,58,0,1.48831968146488,1.57090793492707,58.9609906196565,640.840470407326,60
"349",2021-02-12,14094,630,425,52,46.3,51,1,7,41,3,2,16,14,2,738,42,2612,0.0157000005245209,173,0,1.47247401687787,1.56560070716595,49.8496146572207,642.74421985831,51
"350",2021-02-13,14126,628,425,46,43.4,32,0,3,28,6,2,21,19,0,744,28,2099,0.0219199991226196,46,0.0217400002479553,2.19161390068925,1.67336984379644,31.8430379853458,646.908137671327,32
"351",2021-02-14,14167,603,427,48,41.3,41,0,4,35,4,2,21,19,2,748,35,1175,0.0170200002193451,10,0,1.6876371525511,1.58347185333275,39.8114694749803,616.980459811803,41
"352",2021-02-15,14229,626,428,34,43.4,62,2,8,51,4,2,23,21,1,752,53,867,0.0265300011634827,26,0,2.57575711184093,1.75691534644644,62.8754515228978,648.151559496868,62
"353",2021-02-16,14280,621,428,60,44.9,51,3,13,32,3,2,24,22,0,755,35,1561,0.0333100008964539,23,0,3.28263329541443,1.98700844495083,49.5783942139198,649.005223052691,51
"354",2021-02-17,14337,637,428,49,47.3,57,5,6,44,2,2,25,23,0,757,49,2063,0.0184200000762939,222,0,1.66303983183345,2.0516392843817,56.1194992241293,651.553489913681,57
"355",2021-02-18,14409,652,428,68,48.6,72,3,12,53,3,3,26,23,0,760,56,2348,0.0212899994850159,116,0,2.02877105482213,2.12884662343274,69.5607959615946,670.172124409994,72
"356",2021-02-19,14463,656,429,58,51,54,3,15,33,1,3,26,23,1,761,36,2576,0.0151400005817413,96,0,1.4596048465032,2.12700817052207,51.7218764321379,669.154192763401,54
"357",2021-02-20,14512,635,429,66,51.9,49,0,3,45,4,3,26,23,0,765,45,2384,0.0255900001525879,68,0,2.48803264126303,2.16935370488975,49.538132161609,656.704753836038,49
"358",2021-02-21,14554,625,429,53,54.7,42,0,7,33,2,4,24,20,0,767,33,1000,0.03,28,0,2.91828793774319,2.34516095991719,41.3230222426556,650.057239444235,42
"359",2021-02-22,14619,640,429,32,55.4,65,0,11,54,1,6,23,17,0,768,54,863,0.0150600004196167,66,0,1.39900757396439,2.17705388307769,66.0378602795614,652.300566276283,65
"360",2021-02-23,14674,646,429,47,55.1,55,0,7,47,4,6,26,20,0,772,47,2036,0.019650000333786,84,0,1.88714154149001,1.97769791823134,55.2185052323914,662.747965534571,55
"361",2021-02-24,14720,653,430,60,53.3,46,2,10,34,1,6,24,18,1,773,36,2874,0.0187899994850159,41,0,1.85257147581255,2.00477386737122,46.9162258473201,669.619318841668,46
"362",2021-02-25,14753,649,430,43,54.9,33,1,5,25,1,6,23,17,0,774,26,2376,0.0185199999809265,128,0.00781000018119812,1.79725239528254,1.97169977315127,31.6419592850862,665.02429138542,33
"363",2021-02-26,14818,652,430,57,51.3,65,5,12,43,1,6,21,15,0,775,48,2639,0.0181900000572205,181,0,1.70224858691507,2.00636316463868,61.1225075877926,667.247394734182,65
"364",2021-02-27,14864,657,431,71,51.1,46,0,4,34,3,6,23,17,1,778,34,2535,0.0209100008010864,47,0.0212800002098083,2.09167358794016,1.94974044273542,38.9770074946465,675.879233058316,46
"365",2021-02-28,14929,668,431,49,51.9,65,2,8,54,7,6,28,22,0,785,56,1552,0.0257699990272522,94,0,2.42983222905804,1.87996105578039,65.8693446564371,690.298611258929,65
"366",2021-03-01,15006,682,431,54,51.3,77,4,7,64,3,6,29,23,0,788,68,996,0.0291199994087219,45,0,2.78612098089212,2.07812011391293,77.6027589534217,708.104141268141,77
"367",2021-03-02,15069,691,432,61,54.4,63,1,6,54,3,4,29,25,1,791,55,2006,0.0259200000762939,41,0,2.54008403287961,2.17139761268287,62.9192689603211,715.112997301489,63
"368",2021-03-03,15128,701,432,65,56.4,59,0,5,51,6,5,32,27,0,797,51,2676,0.0209299993515015,109,0,2.01108360016582,2.19404220187619,57.4090466321212,720.367484100333,59
"369",2021-03-04,15185,697,432,61,57.1,57,3,3,50,1,5,31,26,0,798,53,2414,0.0202999997138977,225,0.00444000005722046,1.89477829944008,2.2079744738987,57.3796195421154,715.143298506688,57
"370",2021-03-05,15258,702,432,51,59.7,73,1,11,56,1,2,28,26,0,799,57,2440,0.0188499999046326,154,0,1.77309174122219,2.218094924514,69.3884528244287,719.099892679806,73
"371",2021-03-06,15314,715,434,46,58.9,56,3,3,47,1,2,27,25,2,800,50,1957,0.0209500002861023,25,0,2.06857470029779,2.21479508342224,54.4209090447389,735.318999339767,56
"372",2021-03-07,15354,706,435,54,55.3,40,1,0,38,2,5,26,21,1,802,39,1752,0.0194099998474121,16,0.0625,1.97999545999242,2.15053268784143,40.0608497225879,725.204100106335,40
"373",2021-03-08,15437,747,436,38,56,83,1,9,65,6,4,29,25,1,808,66,1170,0.0205100011825562,142,0,1.8290168737493,2.01380352967817,76.6583901642235,765.769961404166,83
"374",2021-03-09,15494,753,436,70,53.7,57,0,8,47,1,3,27,24,0,809,47,2105,0.0318300008773804,57,0,3.09908195406502,2.0936603755618,57.0010409890381,785.059231164802,57
"375",2021-03-10,15574,776,436,76,55,80,5,8,64,0,2,24,22,0,809,69,2655,0.0180799996852875,173,0,1.69739742448509,2.04884806475027,78.6090061174082,794.095489088533,80
"376",2021-03-11,15635,773,439,73,56.6,61,1,7,52,1,2,20,18,3,810,53,2321,0.0280100011825562,86,0,2.70092283941475,2.16401157046094,61.9665867674881,801.682482476761,61
"377",2021-03-12,15717,778,439,93,58.3,82,5,4,67,2,2,17,15,0,812,72,2361,0.0228699994087219,133,0,2.16503883736938,2.22000401276768,78.1415255164497,801.140372941637,82
"378",2021-03-13,15785,796,439,56,64.3,68,5,3,54,5,4,22,18,0,817,59,2353,0.0187000000476837,99,0,1.79449837325448,2.18085025176149,63.4545215038027,815.623713847914,68
"379",2021-03-14,15853,821,439,65,65.7,68,2,10,51,2,3,23,20,0,819,53,1535,0.0299699997901917,36,0,2.92832270387933,2.31632557231676,65.1321603847194,854.028371242541,68
"380",2021-03-15,15960,868,440,58,67.3,107,4,3,97,4,5,25,20,1,823,101,1000,0.0320000004768372,13,0,3.1589339068941,2.50631371990888,108.383156515436,905.669107479197,107
"381",2021-03-16,16047,887,441,85,70.1,87,7,4,73,5,6,27,21,1,828,80,1583,0.0341100001335144,9,0,3.39171672181867,2.54811868673083,87.7276456810813,928.330271488989,87
"382",2021-03-17,16135,915,442,78,72.3,88,3,5,76,3,5,27,22,1,831,79,2842,0.0267400002479553,175,0,2.51889561500461,2.66547557109076,86.7337722284454,946.663311253514,88
"383",2021-03-18,16228,953,443,63,72.6,93,6,3,80,2,5,24,19,1,833,86,2566,0.0284500002861023,161,0,2.67703339692477,2.66206279359219,92.16284060802,988.048687202827,93
"384",2021-03-19,16353,1000,445,117,71.1,125,8,5,104,2,4,24,20,2,835,112,2615,0.0382399988174438,97,0,3.68722702461709,2.87951824891329,122.673394280568,1050.6553060765,125
"385",2021-03-20,16456,1054,446,83,74.6,103,6,5,87,4,4,27,23,1,839,93,1997,0.0435699987411499,151,0.00662000000476837,4.09724895189927,3.20848261729112,103.234803294191,1113.3277706675,103
"386",2021-03-21,16541,1082,447,87,78.4,85,5,1,77,4,4,29,25,1,843,82,1306,0.0421099996566772,87,0,3.94800140356213,3.35415100296009,87.447502659457,1140.68533996991,85
"387",2021-03-22,16690,1158,448,56,81.6,149,6,7,133,4,7,30,23,1,847,139,1150,0.0547800016403198,131,0,4.91779874210521,3.60541740799025,155.390973552448,1236.23559261679,149
"388",2021-03-23,16814,1197,449,108,81.3,124,2,0,120,5,9,31,22,1,852,122,1966,0.0350999999046326,153,0,3.25656440832976,3.58610993463469,127.458138710411,1250.55239374067,124
"389",2021-03-24,16967,1287,449,84,84.6,153,7,2,137,4,9,33,24,0,856,144,3106,0.0457200002670288,47,0,4.50384779033909,3.86967453111105,154.909867849702,1366.63194390671,153
"390",2021-03-25,17116,1369,450,123,85.4,149,7,4,132,8,10,40,30,1,864,139,3005,0.0379399991035461,282,0,3.4685031124477,3.98274163332861,149.623414804819,1434.23348825753,149
"391",2021-03-26,17265,1453,451,103,94,149,10,2,130,4,11,42,31,1,868,140,2390,0.0673600006103516,117,0,6.42163547900839,4.37337141252737,154.350904133127,1581.1847407531,149
"392",2021-03-27,17381,1507,452,138,92,116,7,3,100,5,13,44,31,1,873,107,2476,0.0626000022888184,117,0,5.97753974805686,4.64198438340702,118.786811626888,1630.75444038991,116
"393",2021-03-28,17518,1566,453,139,99.9,137,3,5,124,5,13,45,32,1,878,127,2480,0.0826599979400635,157,0,7.77386404593695,5.18853618946057,145.56331124227,1733.24523941256,137
"394",2021-03-29,17727,1714,453,111,107.3,209,7,1,189,4,12,47,35,0,882,196,1644,0.0839400005340576,40,0,8.19461762933437,5.65665317335045,219.065299705931,1906.95879436717,209
"395",2021-03-30,17936,1844,454,170,115.1,209,9,6,186,6,12,48,36,1,888,195,1968,0.0406500005722046,64,0,3.93696855935525,5.75385376635409,211.546822173131,1943.73507737053,209
"396",2021-03-31,18144,1948,455,163,124,208,7,5,191,8,14,54,40,1,896,198,3023,0.0793900012969971,224,0,7.3913142568778,6.16634897585962,223.105363225815,2145.80428062569,208
"397",2021-04-01,18381,2083,456,144,135.3,237,12,4,203,3,15,52,37,1,899,215,2634,0.0721299982070923,100,0.01,6.98575037591372,6.66881287064048,239.633675126926,2282.90672227622,237
"398",2021-04-02,18579,2177,457,242,138.3,198,15,7,162,6,15,56,41,1,905,177,3130,0.0939299964904785,99,0,9.10501359601108,7.05215260164086,206.140066993423,2449.31031550667,198
"399",2021-04-03,18830,2356,457,223,158.1,251,16,3,223,12,14,61,47,0,917,239,2885,0.101909999847412,36,0,10.0654005326869,7.63613271373086,275.048673158844,2681.78524670391,251
"400",2021-04-04,19060,2515,458,152,170.3,230,9,2,215,12,16,64,48,1,929,224,1818,0.0929599952697754,139,0,8.63573180380438,7.7592566791405,252.574936176765,2813.37484144894,230
"401",2021-04-05,19345,2660,459,184,172.1,285,8,4,269,5,18,67,49,1,934,277,2045,0.105620002746582,162,0,9.7867197832696,7.98669984398839,318.2427711488,3017.63816337836,285
"402",2021-04-06,19619,2797,460,156,182.6,274,7,6,245,10,20,70,50,1,944,252,1749,0.128640003204346,83,0,12.2811880788429,9.17873120391519,300.517330480273,3268.90862441795,274
"403",2021-04-07,19927,2938,461,219,180.6,308,3,6,290,12,24,76,52,1,956,293,3364,0.098100004196167,44,0,9.68334548462165,9.50616423645002,337.977870916355,3328.84295137287,308
"404",2021-04-08,20222,3109,462,170,188.6,295,23,5,255,10,30,83,53,1,966,278,3366,0.0858600044250488,194,0.0103100001811981,8.1742953631985,9.67595637749071,314.219086258431,3458.13719128584,295
"405",2021-04-09,20519,3262,464,261,192.3,297,13,2,276,14,31,88,57,2,980,289,3418,0.110299997329712,158,0,10.542656344322,9.8813339129637,332.857468455316,3734.45350208042,297
"406",2021-04-10,20806,3426,467,381,195,287,12,2,262,14,27,92,65,3,994,274,3187,0.0875399971008301,97,0,8.49543150914572,9.65705262388639,307.978719631324,3825.85070604713,287
"407",2021-04-11,21075,3564,467,205,217.6,269,7,5,249,13,29,100,71,0,1007,256,2714,0.145909996032715,29,0,14.4367382148301,10.4857678254615,311.773150490286,4270.85745448195,269
"408",2021-04-12,21390,3658,468,265,225.1,315,16,4,291,16,27,101,74,1,1023,307,2125,0.0804699993133545,107,0,7.66123425362358,10.1821270355121,343.31187669736,4043.00600963826,315
"409",2021-04-13,21626,3684,470,245,236.7,236,10,0,219,12,28,105,77,2,1035,229,2670,0.0767799997329712,178,0,7.19812497496605,9.45597516352965,251.645396578248,4048.30410914527,236
"410",2021-04-14,21899,3755,472,389,249.4,273,10,11,248,12,28,101,73,2,1047,258,3971,0.171490001678467,97,0.0103100001811981,16.7646722390061,10.4675932712989,328.420983912923,4619.82866121328,273
"411",2021-04-15,22121,3758,472,312,273.7,222,15,3,202,19,29,107,78,0,1066,217,3902,0.130959997177124,98,0.0101999998092651,12.8001377241611,11.1284278942935,258.159215885117,4418.84024560492,222
"412",2021-04-16,22357,3797,474,348,294,236,1,10,219,20,24,114,90,2,1086,220,2970,0.120539999008179,244,0.00409999996423721,11.1700123536268,11.2180501813371,263.759919308521,4379.66551642933,236
"413",2021-04-17,22538,3744,477,405,306.4,181,5,7,167,16,23,123,100,3,1102,172,2935,0.101870002746582,121,0.00825999975204468,9.81635857431988,11.4067540477905,202.195510042878,4248.90691628219,181
"414",2021-04-18,22700,3685,477,294,309.9,162,5,8,146,11,22,122,100,0,1113,151,1949,0.0646500015258789,188,0.0159599995613098,6.03665572725616,10.2067422638514,171.5227128318,3990.60395221976,162
"415",2021-04-19,22927,3625,478,258,322.6,227,5,4,218,22,22,116,94,1,1135,223,2084,0.112279996871948,88,0.0340899991989136,10.9112077997534,10.6710241990128,260.427412105837,4168.38282010609,227
"416",2021-04-20,23116,3513,479,188,321.6,189,8,2,179,17,27,119,92,1,1152,187,2775,0.100539999008179,221,0,9.3123663967856,10.9730586878442,212.923610730929,3962.43125399868,189
"417",2021-04-21,23311,3414,480,207,313.4,195,3,2,185,12,25,111,86,1,1164,188,2521,0.136850004196167,236,0.0211899995803833,12.6949474239937,10.3916694285567,222.787916583844,4009.41461285768,195
"418",2021-04-22,23487,3306,483,239,287.4,176,7,4,161,14,22,107,85,3,1178,168,2358,0.163269996643066,213,0.00939000010490417,15.0521478843522,10.7133851657268,206.740240761095,3989.63830926299,176
"419",2021-04-23,23695,3230,486,189,277,208,5,8,186,21,29,113,84,3,1199,191,2507,0.0805700016021729,86,0.0116299998760223,7.82835225630488,10.2360051518237,219.541341013538,3577.37451033366,208
"420",2021-04-24,23851,3109,487,227,254.3,156,2,2,150,17,31,119,88,1,1216,152,2464,0.0852299976348877,214,0.00467000007629395,7.87924175461875,9.95927417758067,170.453302389592,3445.53498111344,156
"421",2021-04-25,24000,2979,492,139,228.9,149,2,6,137,20,30,125,95,5,1236,139,1621,0.135719995498657,93,0.0215100002288818,12.9523070434428,10.9472243656073,169.733580869575,3509.08156410406,149
"422",2021-04-26,24163,2843,497,173,206.7,163,4,7,148,12,31,124,93,5,1248,152,1304,0.115030002593994,31,0,11.2358893919527,10.9936074502072,182.462598501111,3281.84320749118,163
"423",2021-04-27,24323,2750,498,189,194.6,160,3,5,148,10,31,121,90,1,1258,151,2425,0.0610300016403198,332,0.00903999984264374,5.47693267774876,10.4456883474877,167.361597914699,2956.91651831406,160
"424",2021-04-28,24489,2647,500,186,194.7,166,2,7,155,12,27,116,89,2,1270,157,2408,0.0689400005340576,38,0,6.78689784489005,9.60168126475858,178.638481574247,2893.80293456709,166
"425",2021-04-29,24615,2550,500,159,191.7,126,2,7,113,12,29,113,84,0,1282,115,2728,0.0652500009536743,111,0.00901000022888184,6.30511139933178,8.35210462404138,131.961291981598,2770.88082220065,126
"426",2021-04-30,24768,2459,503,178,180.3,153,4,3,139,13,27,109,82,3,1295,143,2122,0.0669199991226196,179,0,6.17141408684045,8.11539917126075,158.123996173586,2667.48186427167,153
"427",2021-05-01,24892,2404,507,138,178.7,124,3,5,113,7,29,110,81,4,1302,116,2051,0.089709997177124,70,0.0285700011253357,8.76921755252498,8.24253857096164,134.974745238151,2693.6145478665,124
"428",2021-05-02,24989,2343,507,128,166,97,0,4,91,8,27,108,81,0,1310,91,1279,0.0695900011062622,21,0,6.84658549345456,7.37029263524904,103.559344247189,2563.37959968312,97
"429",2021-05-03,25096,2226,510,102,164.4,107,4,3,100,10,22,98,76,3,1320,104,976,0.174179992675781,140,0.0071399998664856,15.3225154868163,7.9540963630867,128.89215296295,2694.57627399546,107
"430",2021-05-04,25201,2131,511,141,154.3,105,1,2,99,8,23,94,71,1,1328,100,2386,0.0389800000190735,57,0.0175399994850159,3.84797625935961,7.72138830331683,107.286368696357,2243.65251691936,105
"431",2021-05-05,25283,2016,512,114,147.4,82,1,2,75,8,23,88,65,1,1336,76,1904,0.0777299976348877,65,0.0307699990272522,7.61797691384447,7.84011388459603,85.9538667338734,2226.98678073012,82
"432",2021-05-06,25389,1946,514,122,137.1,106,3,6,92,12,22,88,66,2,1348,95,2133,0.0534499979019165,246,0,4.79230119902429,7.62399814169496,107.254502592471,2074.11854784157,106
"433",2021-05-07,25501,1848,517,108,131.9,112,4,4,103,19,23,95,72,3,1367,107,2302,0.0469199991226196,82,0.0122000002861023,4.57257709747193,7.39559285749945,117.721556911097,1964.08819786642,112
"434",2021-05-08,25590,1773,521,136,121.9,89,1,3,85,4,21,86,65,4,1371,86,1901,0.0489200019836426,86,0.0116299998760223,4.73060411475805,6.81864808067561,94.5890773764015,1888.22597893442,89
"435",2021-05-09,25673,1711,524,69,121.6,83,0,5,78,4,22,83,61,3,1375,78,1173,0.172210006713867,123,0.00813000023365021,15.6637598691439,8.0782444200598,99.7847812256383,2079.18923944958,83
"436",2021-05-10,25766,1645,524,82,113.1,93,3,2,87,9,22,85,63,0,1384,90,715,0.104899997711182,14,0,10.2885457288745,7.35910588321097,104.721009217735,1877.51177959083,93
"437",2021-05-11,25898,1614,526,124,110.3,132,1,6,123,5,21,79,58,2,1389,124,1899,0.0458099985122681,86,0.0232599997520447,4.48330212360065,7.44986672095969,137.637386288866,1713.40920540508,132
"438",2021-05-12,25995,1554,527,115,107.9,97,3,3,90,8,22,80,58,1,1397,93,2118,0.0495800018310547,174,0.00574999988079071,4.62525933060347,7.02233563763954,101.909409719687,1652.74433015477,97
"439",2021-05-13,26088,1526,527,78,108,93,1,1,90,7,20,77,57,0,1404,91,1684,0.0795699977874756,54,0.0185199999809265,7.76731624125886,7.44733778653019,101.71040727517,1688.83606046055,93
"440",2021-05-14,26171,1447,527,128,101.7,83,2,4,75,7,21,70,49,0,1411,77,1738,0.0471799993515015,105,0,4.44920449663102,7.42971312926721,85.7065010327057,1535.44554538085,83
"441",2021-05-15,26245,1399,528,85,104.6,74,2,8,63,7,19,64,45,1,1418,65,1779,0.0522800016403198,61,0,5.05468059337657,7.47600976906985,77.5136942765806,1496.1485891221,74
"442",2021-05-16,26314,1371,529,46,97.3,69,2,3,63,7,19,67,48,1,1425,65,805,0.0409899997711182,20,0,3.99963028069699,5.80970554214887,71.5715626285223,1446.33249790314,69
"443",2021-05-17,26388,1336,531,87,94,74,7,5,59,10,19,71,52,2,1435,66,774,0.229969997406006,19,0,22.4459997468157,7.54648468756904,91.3520403450279,1747.97463486299,74
"444",2021-05-18,26467,1304,532,97,94.7,79,1,6,71,5,16,64,48,1,1440,72,1920,0.0265599989891052,56,0,2.58072864671468,7.27468847658533,80.5527007426284,1350.23224678316,79
"445",2021-05-19,26538,1290,536,91,90.9,71,2,5,64,4,14,57,43,4,1444,66,2042,0.0665999984741211,122,0.0163900005817413,6.37693054321293,7.52492722124382,76.7820346233997,1403.0124949119,71
"446",2021-05-20,26598,1245,539,73,87.4,60,5,8,45,11,15,63,48,3,1455,50,1487,0.0511100006103516,65,0.0307699990272522,5.02581319873481,7.13328392945467,61.4522434361314,1330.96086155967,60
"447",2021-05-21,26679,1209,540,77,86.7,81,4,11,63,4,13,59,46,1,1459,67,1682,0.0416200017929077,190,0,3.73957494741831,7.03190827956714,81.4420891156462,1271.11172747487,81
"448",2021-05-22,26738,1177,544,77,79.4,59,0,13,46,8,15,58,43,4,1467,46,1380,0.0623199987411499,101,0.00990000009536743,5.87451034925179,7.14902681612074,62.7123983467774,1271.98897509037,59
"449",2021-05-23,26793,1153,545,39,78.3,55,0,4,51,5,12,59,47,1,1472,51,826,0.0375300002098083,14,0.0714300012588501,3.80950002272923,7.12186535069678,57.6690900252231,1213.34236860946,55
"450",2021-05-24,26844,1107,547,65,77.3,51,2,11,38,5,11,57,46,2,1477,40,733,0.0832199954986572,30,0,7.99479117962198,5.05740698395482,55.3933133654931,1228.58494739002,51
"451",2021-05-25,26904,1041,548,56,74.1,60,1,12,46,3,11,54,43,1,1480,47,1035,0.0647300004959106,19,0.0526300001144409,6.45118790469088,5.61032973509427,63.1654566147696,1133.26043268032,60
"452",2021-05-26,26960,1000,551,76,68.3,56,1,11,44,1,8,47,39,3,1481,45,1371,0.0320900011062622,61,0.0491800022125244,3.28179969634424,5.1681681855416,58.0288486482007,1045.08552551557,56
"453",2021-05-27,27007,954,551,62,66.1,47,0,8,38,3,9,42,33,0,1484,38,1368,0.0548199987411499,113,0.00884999990463257,5.13124971418748,5.18323054489199,48.6787477086404,1021.25066615903,47
"454",2021-05-28,27042,904,554,65,64.6,35,0,1,30,1,7,34,27,3,1485,30,1589,0.0346099996566772,197,0.0152300000190735,3.24723401221823,5.11289612557769,32.3383198134485,944.328037045248,35
"455",2021-05-29,27077,865,556,45,62.9,35,0,3,31,5,9,36,27,2,1490,31,1074,0.024210000038147,104,0.00962000012397766,2.29219185516668,4.60113634070839,34.9761975751057,892.239061369883,35
"456",2021-05-30,27104,816,558,46,58.3,27,0,3,22,5,8,36,28,2,1495,22,718,0.0905300045013428,34,0,8.6436892595697,5.29173480311417,27.6124434127081,912.897901125899,27
"457",2021-05-31,27152,784,561,40,59.3,48,1,2,41,5,6,35,29,3,1500,42,783,0.0855700016021729,27,0.037039999961853,8.39523348808289,5.34894084718001,48.8440334705455,874.42195811685,48
"458",2021-06-01,27194,748,562,38,55.7,42,1,5,36,2,5,31,26,1,1502,37,1565,0.0172500002384186,27,0.037039999961853,1.75856346558387,4.67856592730758,42.8938915587097,766.071105024726,42
"459",2021-06-02,27225,709,562,48,53.1,31,0,0,30,1,6,30,24,0,1503,30,1688,0.042649998664856,43,0.0232599997520447,4.21683291366926,4.81214210121116,31.7379317342486,750.073119986075,31
"460",2021-06-03,27270,697,562,48,49.1,45,2,4,39,2,5,29,24,0,1505,41,1176,0.0136099994182587,186,0,1.17513651364701,4.24698307256252,45.6619074102854,708.252425974852,45
"461",2021-06-04,27300,649,564,43,47.1,30,0,0,27,3,6,29,23,2,1508,27,1195,0.0476999998092651,68,0.0147099995613098,4.59238161062873,4.43914701519259,28.703439835123,689.945646407216,30
"462",2021-06-05,27319,617,567,39,44,19,1,0,18,2,4,30,26,3,1510,19,999,0.0160199999809265,90,0.0222199988365173,1.65323965805621,4.34786812989109,19.4315334657761,631.013481493886,19
"463",2021-06-06,27336,568,567,21,43.1,17,0,1,16,3,4,29,25,0,1513,16,608,0.106909999847412,22,0,10.3176634773375,4.58700730385793,19.2679130867701,648.510914580337,17
"464",2021-06-07,27363,535,568,17,39.6,27,1,3,23,1,4,27,23,1,1514,24,843,0.00949000000953674,30,0.0666699981689453,1.14549483998944,3.55133035413029,27.3776847457972,543.419222458396,27
"465",2021-06-08,27396,507,569,28,36.3,33,0,2,30,1,3,26,23,1,1515,30,1771,0.0299300003051758,100,0,2.83303209729911,3.70482587294676,33.1676100255432,526.732609431681,33
"466",2021-06-09,27423,481,570,33,34.9,27,1,0,24,2,4,24,20,1,1517,25,1194,0.0594600009918213,26,0,5.81928206428153,3.93374718017708,26.9986395748324,519.453825419776,27
"467",2021-06-10,27452,468,570,20,32.7,29,0,0,28,2,5,21,16,0,1519,28,1216,0.0304299998283386,136,0,2.73689939284465,4.1568561629196,29.0527904342605,485.596640115496,29
"468",2021-06-11,27474,458,570,36,28.7,22,0,1,20,1,4,16,12,0,1520,20,1055,0.017059999704361,96,0,1.56370979045186,3.72418876003719,21.4296464390249,467.83890345367,22
"469",2021-06-12,27492,435,570,29,27.7,18,0,0,18,2,6,17,11,0,1522,18,880,0.011360000371933,44,0,1.08190479732695,3.64256949421873,18.2675387029847,441.465518655463,18
"470",2021-06-13,27513,428,571,18,26.3,21,0,1,18,2,5,16,11,1,1524,18,583,0.132080001831055,17,0,12.8337735112508,4.00201378477777,22.1735982020621,503.461112804587,21
"471",2021-06-14,27532,391,574,22,25.9,19,2,1,16,2,4,15,11,3,1526,18,655,0.0564900016784668,29,0,5.40949577476546,4.61115677546006,20.3376865385545,420.057524254157,19
"472",2021-06-15,27559,377,574,22,26.6,27,1,0,24,0,4,15,11,0,1526,25,1518,0.0144900000095367,36,0,1.41543243336401,4.40864253775504,25.4861320083085,384.330870685292,27
"473",2021-06-16,27576,356,574,24,25.7,17,0,0,17,1,4,13,9,0,1527,17,1251,0.0223799991607666,42,0,2.16530386311825,3.88664565187458,17.5056998650867,366.589950115933,17
"474",2021-06-17,27587,314,574,12,24.4,11,0,0,11,0,5,12,7,0,1527,11,1101,0.0208899998664856,123,0.0243899989128113,2.12417154569252,3.79911310228141,11.3210017039809,323.16313955,11
"475",2021-06-18,27601,284,574,26,23.3,14,1,0,13,1,4,13,9,0,1528,14,864,0.0196800005435944,63,0,1.83425247784958,3.83776205762395,14.3527867096151,291.15653039505,14
"476",2021-06-19,27610,251,574,18,21.9,9,0,0,9,0,3,11,8,0,1528,9,926,0.0194400000572205,37,0,1.86930841671715,3.9502482889654,9.23112585808034,257.445843375352,9
"477",2021-06-20,27622,238,574,7,20.3,12,0,0,10,0,3,11,8,0,1528,10,562,0.0266899991035461,15,0,2.59961516398491,2.48822566792741,10.357136408834,246.49984653025,12
"478",2021-06-21,27633,228,575,13,18.7,11,0,0,11,2,2,10,8,1,1530,11,520,0.0230800008773804,7,0,2.27734354008308,2.04077534868707,11.3441488322348,235.133266704504,11
"479",2021-06-22,27644,205,575,13,17.4,11,0,0,10,0,2,7,5,0,1530,10,1297,0.0115699994564056,65,0,1.10178335498958,1.99596833749072,10.1513635387905,208.102952545204,11
"480",2021-06-23,27655,192,575,18,16.1,11,0,0,10,0,1,5,4,0,1530,10,1105,0.00814000010490417,18,0,0.800952815308914,1.80106104494653,10.1100352914031,194.112677594939,11
"481",2021-06-24,27661,180,575,8,15.3,6,1,0,5,1,0,5,5,0,1531,6,904,0.00995999991893768,51,0,0.942810463530855,1.63229517606629,6.07771425889987,182.331427766996,6
"482",2021-06-25,27665,159,575,7,14.7,4,0,0,4,2,0,7,7,0,1533,4,1024,0.00194999992847443,64,0,0.183529405032888,1.39647759423534,4.01008534394428,159.400892421785,4
"483",2021-06-26,27669,144,575,9,12,4,0,0,4,1,0,7,7,0,1534,4,764,0.00523999989032745,19,0,0.511284791342295,1.20247421918179,4.02809622236417,145.01146400511,4
"484",2021-06-27,27674,130,575,8,10.7,5,0,0,5,0,0,6,6,0,1534,5,398,0.0200999999046326,13,0,1.94642334842914,1.10916110267382,5.13370029809781,133.476207750543,5
"485",2021-06-28,27683,122,575,1,10.9,9,0,0,9,0,0,5,5,0,1534,9,555,0.00180000007152557,5,0,0.178392864231552,0.809311006123604,9.02205692942491,122.298993932204,9
"486",2021-06-29,27686,116,575,8,9.1,3,0,0,3,0,0,4,4,0,1534,3,929,0.00646000027656555,14,0,0.636409359165365,0.742829006720145,3.02622906915949,117.014190674167,3
"487",2021-06-30,27688,101,575,8,8.4,2,0,1,1,0,0,3,3,0,1534,1,1221,0.000820000022649765,51,0,0.0787122663251072,0.639651785436743,2.00108135298316,101.1092166513,2
"488",2021-07-01,27691,97,575,7,7,3,0,0,3,0,0,2,2,0,1534,3,884,0.00225999996066093,74,0,0.208542793864746,0.534756404055871,3.00859491345345,97.2779022016615,3
"489",2021-07-02,27695,86,575,6,6.9,4,0,0,4,2,0,3,3,0,1536,4,785,0.0140100002288818,29,0,1.35108724565998,0.701550381288312,4.07424521192542,87.5962720563965,4
"490",2021-07-03,27701,80,575,6,6.7,6,0,0,6,0,0,2,2,0,1536,6,627,0.00158999994397163,16,0,0.155043540415274,0.650658774013023,6.01277997466793,80.1703996622391,6
"491",2021-07-04,27703,75,576,2,6.3,2,0,0,2,1,0,3,3,1,1537,2,437,0.00685999989509583,34,0,0.636479820415473,0.463523984296785,2.01748798210656,75.6557993289959,2
"492",2021-07-05,27709,74,576,2,5.4,6,0,0,6,0,0,3,3,0,1537,6,505,0.00197999998927116,27,0,0.187951126801116,0.464889450378151,6.01549249090219,74.1910740544604,6
"493",2021-07-06,27714,70,576,12,5.6,5,0,2,3,0,0,3,3,0,1537,3,1174,0.00596000015735626,28,0,0.582116487914829,0.457133325913789,5.02399143475894,70.5598001443753,5
"494",2021-07-07,27720,69,576,6,6.1,6,0,0,6,0,0,3,3,0,1537,6,1218,0.0320199990272522,23,0,3.14265582717109,0.894839548891786,6.25904376121506,71.9790032539732,6
"495",2021-07-08,27722,60,577,5,5.9,2,0,0,2,1,0,4,4,1,1538,2,933,0.00321999996900558,87,0,0.294535291282569,0.907124191380046,2.00809268061372,60.2427804184116,2
"496",2021-07-09,27724,58,577,3,5.6,2,0,0,2,0,0,3,3,0,1538,2,823,0.00486000001430511,56,0,0.455037544001491,0.77911709114312,2.0125026562855,58.3625770322794,2
"497",2021-07-10,27725,54,577,0,5.1,1,0,0,1,0,0,3,3,0,1538,1,930,0,22,0,0,0.756968013940938,1,54,1
"498",2021-07-11,27730,56,577,0,4.3,5,0,0,5,0,0,3,3,0,1538,5,422,0.00237000003457069,8,0,0.23259070106717,0.699269568319752,5.01597671241077,56.1789391790006,5
"499",2021-07-12,27733,54,577,1,4,3,0,1,2,0,0,2,2,0,1538,2,460,0.00216999992728233,16,0,0.209705875325603,0.702377389537536,3.00576189924284,54.1555712795567,3
"500",2021-07-13,27735,53,577,2,3.9,2,0,0,2,0,0,2,2,0,1538,2,1188,0.000839999988675117,14,0,0.0830216294963427,0.63107812404918,2.0022811104524,53.0604494269885,2
"501",2021-07-14,27740,55,577,0,2.4,5,0,0,5,0,0,1,1,0,1538,5,1098,0,15,0,0,0.182127291596168,5,55,5
"502",2021-07-15,27751,61,577,1,1.6,11,0,0,11,0,0,1,1,0,1538,11,947,0.00105999998748302,31,0,0.102640080587569,0.154713690068311,11.015510819186,61.0860145427589,11
"503",2021-07-16,27754,61,577,8,1,3,0,0,3,0,0,1,1,0,1538,3,867,0.00460999995470047,34,0,0.443603769225894,0.153080293671797,3.01828275114887,61.3717492733604,3
"504",2021-07-17,27756,58,577,5,1.7,2,0,0,2,0,0,1,1,0,1538,2,761,0.00263000011444092,18,0,0.256922989356809,0.189783577865627,2.00705924130902,58.2047179979616,2
"505",2021-07-18,27764,63,577,4,2.4,8,0,0,8,0,0,1,1,0,1538,8,214,0.00467000007629395,17,0,0.432632041699959,0.21836091224174,8.04754816200792,63.3744417758124,8
"506",2021-07-19,27773,68,577,2,3,9,0,0,9,0,0,1,1,0,1538,9,367,0,10,0,0,0.188402930052368,9,68,9
"507",2021-07-20,27777,69,577,10,3.1,4,0,0,4,0,0,1,1,0,1538,4,1142,0.00437999993562698,22,0,0.429721643168901,0.237931503434162,4.02361414821175,69.4073440566526,4
"508",2021-07-21,27782,72,577,12,4.3,5,0,0,5,0,0,1,1,0,1538,5,1058,0.0103999996185303,8,0,1.03219508409053,0.385387944018523,5.07090173396726,73.0209849691286,5
"509",2021-07-22,27787,74,577,5,6,5,0,0,5,1,0,2,2,0,1539,5,1046,0.00477999985218048,28,0,0.46553816064998,0.437230526884582,5.03197793065164,74.4732733736443,5
"510",2021-07-23,27799,82,577,3,6.6,12,0,0,12,0,0,2,2,0,1539,12,928,0.00647000014781952,38,0,0.621548668444774,0.462651226772993,12.1024663938444,82.7001870246034,12
"511",2021-07-24,27802,84,577,2,5.9,3,0,0,3,0,0,2,2,0,1539,3,713,0.0028099998831749,16,0,0.274832636036173,0.465209747727188,3.01132699278234,84.3171557979054,3
"512",2021-07-25,27809,86,577,7,5.4,7,0,0,7,0,0,2,2,0,1539,7,410,0.00244000002741814,14,0,0.235943398877698,0.437111370181151,7.02268981406613,86.2787605728124,7
"513",2021-07-26,27818,90,577,5,5.9,9,0,0,9,1,0,3,3,0,1540,9,410,0,10,0,0,0.437111370181151,9,90,9
"514",2021-07-27,27826,97,577,7,6.3,8,0,0,8,0,0,3,3,0,1540,8,1125,0.0106700003147125,5,0,1.06227879239394,0.5274766772133,8.11674910605294,98.415582910892,8
"515",2021-07-28,27832,97,577,8,5.9,6,0,0,6,0,0,2,2,0,1540,6,1074,0.00372000008821487,11,0,0.368228580160624,0.432624319509027,6.03035245398716,97.4906980061258,6
"516",2021-07-29,27836,93,577,9,5.3,4,0,0,4,0,0,2,2,0,1540,4,1234,0.00243000000715256,15,0,0.240081666038932,0.400416248850306,4.01319301490835,93.306737596619,4
"517",2021-07-30,27839,88,577,4,5.9,3,0,0,3,0,0,2,2,0,1540,3,940,0.00745000004768372,21,0,0.72872008791079,0.415726451631166,3.0300335771441,88.8809849295602,3
"518",2021-07-31,27846,89,577,8,6,7,0,0,7,0,0,1,1,0,1540,7,936,0.00962000012397766,8,0,0.953847469919819,0.512728570757401,7.09172802393655,90.1662563043361,7
"519",2021-08-01,27855,91,577,1,6.9,9,0,0,7,0,0,1,1,0,1540,7,563,0.00178000003099442,13,0,0.173982641918378,0.503877034048927,7.01673127459653,91.2175065697549,9
"520",2021-08-02,27866,93,577,3,6,11,0,0,11,1,0,2,2,0,1541,11,462,0.0043299999833107,4,0,0.429283260147971,0.565203214070065,11.06487265978,93.5484688508669,11
"521",2021-08-03,27883,105,577,10,5.7,17,0,0,16,0,0,2,2,0,1541,16,550,0.0109099996089935,3,0,1.08508133543335,0.568460720218552,16.2385104114167,106.565224574922,17
"522",2021-08-04,27895,114,577,15,6.1,12,0,0,10,2,0,4,4,0,1543,10,1289,0.00776000022888184,22,0,0.762977901985408,0.624853480479235,10.1048182791476,115.194928382282,12
"523",2021-08-05,27915,127,577,9,7.1,20,0,0,20,0,1,4,3,0,1543,20,1482,0.00472000002861023,19,0,0.466025319280504,0.657131145228031,20.1280455747907,127.813089399921,20
"524",2021-08-06,27929,129,577,15,7.1,14,0,0,12,1,1,5,4,0,1544,12,1109,0.00541000008583069,44,0,0.520354735055181,0.627364666248658,12.0857839070822,129.922177001134,14
"525",2021-08-07,27942,139,577,13,8.7,13,0,0,13,0,1,5,4,0,1544,13,846,0.01182000041008,14,0,1.16275817987531,0.657209053385157,13.2076623772599,141.220390033779,13
"526",2021-08-08,27962,151,577,5,9.4,20,0,0,19,1,1,4,3,0,1545,19,612,0.00653999984264374,4,0,0.6497532311198,0.725176280413932,19.1696004946155,152.347877615102,20
"527",2021-08-09,27976,159,577,13,10,14,0,0,14,1,1,4,3,0,1546,14,556,0.0143900001049042,9,0,1.41607788642951,0.866146941311295,14.2723580663758,162.093209468126,14
"528",2021-08-10,27996,174,577,18,11.4,20,3,0,17,1,1,5,4,0,1547,20,1264,0.0102799999713898,16,0,1.01514999717474,0.856156750131494,20.2789236110341,176.426635415997,20
"529",2021-08-11,28011,180,577,20,12.6,15,2,0,13,0,1,5,4,0,1547,15,1296,0.0108000004291534,8,0,1.07337427578089,0.900499089245134,15.2211910282903,182.654292339484,15
"530",2021-08-12,28030,194,577,18,13.3,19,3,0,16,0,1,4,3,0,1547,19,1053,0.0133000004291534,38,0,1.28367556845999,1.01730626769935,19.3350687628924,197.421228421112,19
"531",2021-08-13,28047,208,577,26,14.6,17,3,0,14,0,1,4,3,0,1547,17,1077,0.0213599991798401,14,0,2.10859020317945,1.24419704885996,17.4924545692794,214.025326494713,17
"532",2021-08-14,28064,216,577,16,16.1,17,2,0,15,1,1,5,4,0,1548,17,1005,0.0119400000572205,12,0,1.17991151007931,1.24664752460339,17.275564599327,219.501291379684,17
"533",2021-08-15,28082,213,577,8,16.6,18,1,0,17,0,1,5,4,0,1548,18,543,0.0221000003814697,2,0,2.20188994626386,1.46838134105254,18.5444941013238,219.443180198998,18
"534",2021-08-16,28101,216,577,21,17,19,0,0,19,0,1,4,3,0,1548,19,611,0.0114600002765656,8,0,1.1311890418387,1.42768293468242,19.2952662823529,219.356711420433,19
"535",2021-08-17,28122,212,577,18,18.1,21,0,0,21,0,1,4,3,0,1548,21,1323,0.0158700001239777,10,0,1.57509453593567,1.50767501164827,21.4544132490285,216.587409942574,21
"536",2021-08-18,28153,225,577,24,18.1,31,0,0,31,0,1,3,2,0,1548,31,1295,0.015440000295639,12,0,1.52982405377601,1.57288212279043,31.6515207390988,229.728779557975,31
"537",2021-08-19,28175,232,577,19,18.7,22,0,0,22,3,1,6,5,0,1551,22,1279,0.0172000002861023,17,0,1.69743829983988,1.63199108441613,22.5130287972795,237.410121862221,22
"538",2021-08-20,28194,232,577,17,18.9,19,0,0,19,0,2,6,4,0,1551,19,1142,0.014889999628067,50,0,1.42654191067555,1.53455561405843,19.372360154675,236.54671346761,19
"539",2021-08-21,28217,241,577,27,17.6,23,1,0,22,1,2,7,5,0,1552,23,879,0.0182000005245209,12,0,1.79548826723388,1.62249515079479,23.5673296392938,246.944627959557,23
"540",2021-08-22,28248,258,577,17,19.1,31,0,0,31,1,1,6,5,0,1553,31,520,0.0173099994659424,6,0,1.71125470005514,1.55240440133641,31.7287883362889,264.065399702018,31
"541",2021-08-23,28289,277,577,16,20.4,41,1,0,40,0,1,4,3,0,1553,41,575,0.0139100003242493,11,0.0909099960327148,1.53553927351591,1.61016872014743,41.8649078742096,282.843401979416,41
"542",2021-08-24,28321,291,577,26,19.7,32,1,0,31,0,1,4,3,0,1553,32,1233,0.0154100000858307,23,0,1.51278105938131,1.60126679492538,32.6650451373074,297.047754217389,32
"543",2021-08-25,28348,308,577,27,20.9,27,0,0,26,2,1,6,5,0,1555,26,1318,0.0197300004959106,68,0,1.8762006243586,1.65074916215147,26.6701587460131,315.938803606616,27
"544",2021-08-26,28376,316,577,44,21.3,28,2,0,24,3,1,9,8,0,1558,26,1198,0.0125199997425079,22,0,1.22942292553479,1.58388982296503,26.4391366868763,321.337199732804,28
"545",2021-08-27,28409,333,577,24,24.9,33,0,0,33,2,1,10,9,0,1560,33,896,0.0278999996185303,9,0,2.7622541058788,1.7747058508512,34.2522834277863,345.636678225843,33
"546",2021-08-28,28441,337,577,38,25.9,32,0,0,29,2,1,12,11,0,1562,29,1115,0.0242199993133545,16,0,2.38773644866404,1.85931273391266,29.951282379701,348.054557308939,32
"547",2021-08-29,28480,358,577,28,27.4,39,0,0,35,1,0,11,11,0,1563,35,537,0.0260700011253357,2,0,2.59732664272825,1.98589444000881,36.2488770373068,370.774227981596,39
"548",2021-08-30,28517,380,577,20,29,37,0,0,36,1,1,10,9,0,1564,36,627,0.0111600005626678,9,0,1.10020760264036,1.92370420131231,36.5441294201699,385.743588324016,37
"549",2021-08-31,28547,388,577,22,29.6,30,0,0,24,0,1,8,7,0,1564,24,553,0.0361700010299683,16,0,3.51529183999516,2.20977716997143,25.1590380494458,406.737781799374,30
"550",2021-09-01,28586,399,577,55,29,39,0,0,37,2,1,10,9,0,1566,37,807,0.0309800004959106,5,0,3.07892369460589,2.38159475143533,38.5650409862267,415.877063608228,39
"551",2021-09-02,28631,427,577,34,33,45,0,1,39,1,1,11,10,0,1567,39,1298,0.0169500005245209,8,0,1.68461720373875,2.44662250546447,40.9025908035466,436.882212131138,45
"552",2021-09-03,28683,459,577,50,31.6,52,0,1,49,1,2,6,4,0,1568,49,1050,0.035239999294281,45,0.0222199988365173,3.47049307823181,2.5477995015149,52.3362124190035,480.884112251482,52
"553",2021-09-04,28738,490,577,38,35.3,55,0,0,52,0,2,6,4,0,1568,52,911,0.0318300008773804,8,0,3.1552917083018,2.65745025289172,54.2540727330413,511.240300753659,55
"554",2021-09-05,28764,484,577,23,35.3,26,0,0,25,2,1,8,7,0,1570,25,412,0.0388299989700317,6,0,3.82726305637633,2.83315545484145,26.3144781990753,509.448297934097,26
"555",2021-09-06,28824,501,577,29,34.6,60,0,1,53,1,1,9,8,0,1571,53,519,0.0346799993515015,2,0,3.45468707551426,3.169509665252,56.5154150238482,524.777791074489,60
"556",2021-09-07,28889,526,577,50,35.9,65,1,2,56,1,1,9,8,0,1572,57,825,0.0460599994659424,11,0.0909099960327148,4.66501309997157,3.33375555953435,62.6530262163353,559.710382277059,65
"557",2021-09-08,28941,538,578,66,39.9,52,0,1,50,2,1,8,7,1,1574,50,1376,0.03125,17,0,3.08686288585786,3.3348897297132,53.1203737016376,560.815221029621,52
"558",2021-09-09,29011,583,578,58,41.4,70,0,3,63,3,2,11,9,0,1577,63,1485,0.0343400001525879,13,0,3.40419894703558,3.58054426446989,68.9463243035308,610.265191570769,70
"559",2021-09-10,29077,613,578,62,44.9,66,0,0,58,0,1,8,7,0,1577,58,1263,0.0332500004768372,35,0,3.23534288152892,3.54695137922662,60.5779433716074,640.24619459992,66
"560",2021-09-11,29131,635,578,44,46.6,54,0,0,49,1,1,8,7,0,1578,49,1162,0.0309800004959106,15,0,3.05851831573901,3.5331266088605,51.0588856718365,661.681477584003,54
"561",2021-09-12,29186,647,578,53,47.4,55,0,1,50,2,1,9,8,0,1580,50,585,0.0598299980163574,3,0,5.95247429244372,3.83672821401299,55.0887692184825,699.908673687163,55
"562",2021-09-13,29248,676,578,36,51.7,62,0,0,55,5,4,14,10,0,1585,55,530,0.0301900005340576,20,0,2.90921823328191,3.75880409369408,57.1981840685831,703.017680552039,62
"563",2021-09-14,29310,696,578,63,52.7,62,0,2,55,2,5,11,6,0,1587,55,1224,0.0334999990463257,29,0,3.27246598824443,3.55986879201878,59.472651421624,727.290279808187,62
"564",2021-09-15,29357,708,578,58,54.6,47,0,1,42,2,6,12,6,0,1589,42,1537,0.0305800008773804,13,0,3.03235234506669,3.55208157190575,44.7496614328644,737.494292725428,47
"565",2021-09-16,29417,736,578,63,53.4,60,1,1,50,1,7,12,5,0,1590,51,1708,0.0316199994087219,39,0,3.09141150487104,3.50739765159653,54.1659681223994,767.257892903646,60
"566",2021-09-17,29477,733,579,90,54.1,60,1,2,46,0,7,10,3,1,1590,47,1417,0.0310500001907349,4,0,3.09625969530411,3.48752862499299,50.9992186895488,764.179304243388,60
"567",2021-09-18,29539,749,579,44,58.1,62,0,5,50,0,7,9,2,0,1590,50,1575,0.0298399996757507,28,0,2.93187769739909,3.46943710808728,57.0139139948405,779.168431642711,62
"568",2021-09-19,29582,740,579,60,58.1,43,2,1,39,3,7,10,3,0,1593,41,1058,0.0321399998664856,3,0,3.20491233352891,3.07692825681374,43.8051989690069,772.581639928418,43
"569",2021-09-20,29633,719,579,60,59.1,51,2,0,40,2,8,12,4,0,1595,42,1220,0.0385199999809265,66,0.0606099987030029,3.965370131503,3.22780709941675,44.2880108894373,758.168567369176,51
"570",2021-09-21,29693,718,579,36,62.6,60,0,0,51,1,7,13,6,0,1596,51,1196,0.0200699996948242,23,0,1.96913204552992,3.04161653617182,52.379653673635,737.423359562156,60
"571",2021-09-22,29744,705,579,63,58.7,51,0,0,42,5,9,17,8,0,1601,42,2383,0.0180400002002716,29,0,1.7823101358726,2.86303907771552,43.0283894980783,722.262252289171,51
"572",2021-09-23,29780,677,579,44,59.4,36,0,0,29,3,9,18,9,0,1604,29,1528,0.0274900007247925,48,0,2.66527418194689,2.80216231729779,30.0618543632722,701.788807032251,36
"573",2021-09-24,29824,671,579,56,56.7,44,1,0,34,2,8,17,9,0,1606,35,2089,0.0181900000572205,48,0,1.77814272903761,2.61385989354543,35.8549874270017,687.391330386232,44
"574",2021-09-25,29868,666,579,62,51.9,44,0,1,35,2,10,17,7,0,1608,35,1935,0.0273900008201599,32,0,2.6944408534321,2.57994034440729,37.2955726302866,690.65289633631,44
"575",2021-09-26,29916,644,579,38,54.4,48,1,0,38,3,11,18,7,0,1611,39,1060,0.0339599990844727,4,0,3.38323299149822,2.60541472411719,40.8126818232679,673.932489594474,48
"576",2021-09-27,29957,625,579,31,51.3,41,0,0,29,0,11,18,7,0,1611,29,852,0.0164300000667572,15,0.0666699981689453,1.72992041861722,2.28606476513351,29.6892062201573,639.853582330976,41
"577",2021-09-28,30002,601,580,44,47.1,45,1,1,32,3,11,19,8,1,1614,33,1723,0.0203099989891052,35,0,1.99056474733949,2.28912657967773,34.9024337187964,617.435232272625,45
"578",2021-09-29,30047,589,580,65,48.3,45,1,0,37,0,11,19,8,0,1614,38,2041,0.0215599989891052,8,0,2.14758213454191,2.34130829377335,39.1211363785542,606.37761386759,45
"579",2021-09-30,30095,592,580,61,48.6,48,2,0,38,3,12,21,9,0,1617,40,1837,0.017960000038147,29,0,1.76808789228703,2.21313882382194,40.9716031343446,606.3797263883,48
"580",2021-10-01,30138,575,580,48,51,43,0,0,24,1,11,20,9,0,1618,24,1834,0.0196300005912781,13,0,1.94918359958874,2.23757323390067,24.6426715220555,590.397338549247,43
"581",2021-10-02,30174,557,580,60,49.9,36,0,0,28,0,9,15,6,0,1618,28,1477,0.0189600002765656,13,0,1.87945774553607,2.12114707562981,28.722962320526,571.381786161892,36
"582",2021-10-03,30201,543,581,37,49.6,27,5,0,18,2,7,14,7,1,1620,23,1029,0.0213800001144409,12,0,2.11335447817096,1.9397358594402,23.6677674567307,558.765118652382,27
"583",2021-10-04,30245,540,582,25,49.4,44,1,0,40,0,4,10,6,1,1620,41,1256,0.0199000000953674,8,0,1.97740507276752,1.9750908100331,42.1137932109171,554.66947155842,44
"584",2021-10-05,30295,537,582,33,48.6,50,1,0,42,0,4,9,5,0,1620,43,1637,0.0116100001335144,13,0,1.15185274051897,1.85527480905874,43.6804410110008,545.497600532731,50
"585",2021-10-06,30336,528,582,28,47,41,1,0,33,0,4,8,4,0,1620,34,1958,0.0127699995040894,36,0,1.25394478580778,1.72761233066815,34.5857096731874,537.095726689498,41
"586",2021-10-07,30373,517,582,53,41.7,37,1,0,31,2,3,8,5,0,1622,32,1681,0.0184399998188019,9,0,1.83417986363349,1.7370540408605,32.806337699492,530.027393457418,37
"587",2021-10-08,30401,498,584,58,40.6,28,0,0,19,0,2,6,4,2,1622,19,2154,0.0246099996566772,13,0,2.44623623721655,1.80806156052162,19.6385237593406,514.736043797454,28
"588",2021-10-09,30430,478,584,37,42,29,1,0,26,3,3,7,4,0,1625,27,1520,0.0184200000762939,12,0,1.82757180913621,1.80064928389307,27.6778963259554,490.001275696544,29
"589",2021-10-10,30451,440,585,20,38.7,21,0,0,19,2,3,7,4,1,1627,19,1009,0.0178400003910065,24,0,1.7425518290925,1.74767747688186,19.4548459906816,450.53327557368,21
"590",2021-10-11,30470,418,585,18,36.3,19,0,0,17,1,4,8,4,0,1628,17,635,0.0220499992370605,7,0,2.18095786846315,1.77675644769552,17.5093558084976,430.524160467765,19
"591",2021-10-12,30504,419,585,31,35.3,34,0,0,27,2,5,8,3,0,1630,27,1118,0.0143099999427795,12,0,1.41580353416172,1.8144637039302,27.5251602204001,427.149708605468,34
"592",2021-10-13,30526,414,585,24,35,22,0,0,20,0,5,8,3,0,1630,20,1674,0.0203099989891052,9,0,2.02013893688426,1.92392001122684,20.5550553599316,425.489645950585,22
"593",2021-10-14,30546,401,585,39,34.4,20,0,0,17,0,5,7,2,0,1630,17,1288,0.0116499996185303,33,0,1.13589701049713,1.82416531792165,17.2652851522343,407.257608590938,20
"594",2021-10-15,30582,386,585,33,32.4,36,1,0,20,2,5,9,4,0,1632,21,1605,0.0155799996852875,15,0,1.54357404289422,1.6952135758756,21.4453196172959,394.185398679819,36
"595",2021-10-16,30612,380,586,22,28.9,30,0,0,24,1,4,9,5,1,1633,24,1409,0.0156099998950958,8,0,1.55218700438885,1.65587288948312,24.5117765124003,388.103128113005,30
"596",2021-10-17,30637,371,586,34,26.7,25,1,0,20,0,4,9,5,0,1633,21,815,0.0368099999427795,8,0,3.64521870636273,1.92768244337887,22.0516420684514,389.579009875975,25
"597",2021-10-18,30673,376,586,23,28.7,36,3,0,23,1,3,10,7,0,1634,26,812,0.0135500001907349,20,0,1.32242790323038,1.80503530548847,26.4723570676907,382.831009901989,36
"598",2021-10-19,30695,360,586,23,29.4,22,0,0,19,3,2,12,10,0,1637,19,1138,0.0105400002002716,9,0,1.04572974959975,1.75216762197962,19.2729594471745,365.171863209621,22
"599",2021-10-20,30721,355,586,35,28.3,26,1,0,20,1,3,12,9,0,1638,21,1788,0.0134200000762939,19,0,1.32788932686295,1.653274820548,21.3830947854896,361.476126135657,26
"600",2021-10-21,30739,344,586,44,29.9,18,0,0,15,0,3,12,9,0,1638,15,1305,0.0214599990844727,7,0,2.13455021381379,1.79593956387895,15.4398683361284,354.087647175211,18
"601",2021-10-22,30765,330,586,34,30.6,26,0,0,12,0,2,9,7,0,1638,12,1417,0.0218799996376038,19,0,2.15905010351564,1.8838647153963,12.3559336371682,339.788175022126,26
"602",2021-10-23,30789,331,586,22,30.7,24,0,1,20,0,1,7,6,0,1638,20,1331,0.0120200002193451,9,0,1.19392688745883,1.83268469869201,21.3280445251318,336.429136890932,24
"603",2021-10-24,30809,324,587,14,30.7,20,0,0,12,1,1,7,6,1,1639,12,822,0.00243000000715256,8,0,0.240657832033663,1.34631885950214,12.0396740294861,325.071198796124,20
"604",2021-10-25,30835,316,587,15,27.9,26,0,2,19,3,1,7,6,0,1642,19,815,0.0135000002384186,5,0,1.34176831637941,1.34908177566629,21.3502323023853,321.82491618704,26
"605",2021-10-26,30857,303,587,30,26.7,22,0,6,14,3,2,9,7,0,1645,14,1386,0.0180400002002716,10,0,1.79107738378055,1.45556000912069,20.3444827277163,310.455590464146,22
"606",2021-10-27,30883,312,587,35,27.7,26,1,5,19,2,2,10,8,0,1647,20,1365,0.014650000333786,9,0,1.45540396329097,1.47377638575326,25.3998882234983,318.238256286573,26
"607",2021-10-28,30908,304,587,26,27.7,25,1,6,17,4,3,14,11,0,1651,18,1856,0.0113100004196167,41,0,1.10655565518232,1.32692002023448,24.2736344875254,308.621382455985,25
"608",2021-10-29,30929,299,587,12,25.1,21,0,1,17,1,3,15,12,0,1652,17,1548,0.0148599994182587,18,0,1.46891948272442,1.22832993155002,18.3430614967671,305.033846325492,21
"609",2021-10-30,30952,290,587,28,22,23,0,2,20,1,2,16,14,0,1653,20,1178,0.0118799996376038,7,0,1.18098224245547,1.22648069654954,22.3244878417472,294.705073705334,23
"610",2021-10-31,30973,276,588,32,22.9,21,0,2,16,0,1,15,14,1,1653,16,936,0.0181599998474121,7,0,1.80251960309414,1.44960380670104,18.3962096463018,282.834616398706,21
"611",2021-11-01,31024,302,588,13,25.4,51,0,10,37,1,1,14,13,0,1654,37,773,0.0116400003433228,14,0,1.14329355341659,1.42125026913492,47.5811450519285,306.743400153579,51
"612",2021-11-02,31074,330,588,31,25.1,50,1,6,37,3,0,16,16,0,1657,38,1531,0.0267799997329712,17,0,2.64859041286685,1.54375213043296,45.3826856798603,342.007533535629,50
"613",2021-11-03,31117,352,588,44,25.3,43,0,19,22,2,0,17,17,0,1659,22,1657,0.0169000005722046,11,0,1.67885497291025,1.57567370323572,41.5074122267891,360.118595628626,43
"614",2021-11-04,31150,371,588,33,26.6,33,2,5,23,4,0,20,20,0,1663,25,1511,0.0258100008964539,35,0,2.52256865165212,1.77796127415998,30.8663793027613,383.857068852978,33
"615",2021-11-05,31189,388,590,45,27.6,39,0,7,23,2,1,20,19,2,1665,23,1264,0.0213599991798401,15,0.0666699981689453,2.18913908802596,1.88084978920306,30.6917135087087,399.668906146912,39
"616",2021-11-06,31222,394,591,40,32.3,33,3,4,21,3,1,21,20,1,1668,24,1414,0.0212199997901917,10,0.1,2.17732301287437,2.02318418497718,28.7178920933799,405.785395199653,33
"617",2021-11-07,31260,413,592,39,34,38,3,3,27,6,3,25,22,1,1674,30,1016,0.0255900001525879,10,0,2.53405849464223,2.12768974091263,34.0443906041439,427.377777317048,38
"618",2021-11-08,31324,449,593,36,35,64,6,7,45,1,2,24,22,1,1675,51,849,0.0270900011062622,13,0.0769199991226196,2.7841497596068,2.36209777036837,59.9506880975866,466.173705016008,64
"619",2021-11-09,31366,465,593,39,38.3,42,0,9,29,3,2,26,24,0,1678,29,1627,0.0215100002288818,21,0.0476200008392334,2.18427126153001,2.29576646303454,38.8702211522312,478.953546061637,42
"620",2021-11-10,31407,483,593,34,39.4,41,1,5,28,5,2,30,28,0,1683,29,1507,0.00995000004768372,72,0.0555600023269653,1.20297468267263,2.22778356442916,34.4792692340451,490.982311725648,41
"621",2021-11-11,31454,488,594,48,38,47,1,5,35,3,5,33,28,1,1686,36,1632,0.0208299994468689,24,0,2.05281153969143,2.16067540557763,42.0152585295082,501.7623934,47
"622",2021-11-12,31513,509,594,50,40.1,59,1,2,36,1,5,34,29,0,1687,37,1517,0.0184599995613098,29,0.0344799995422363,1.87605040887657,2.11594845141344,39.9536110905454,522.118595813178,59
"623",2021-11-13,31549,526,595,43,40.9,36,1,5,28,1,3,32,29,1,1688,29,1627,0.0196700000762939,20,0,1.94311415447056,2.08249004307004,34.7741433347594,540.041358416671,36
"624",2021-11-14,31582,535,595,43,41.3,33,1,2,27,0,3,28,25,0,1688,28,912,0.037279999256134,8,0,3.69558253495589,2.24842204882913,31.4215626456688,562.162000551172,33
"625",2021-11-15,31622,533,597,41,41.9,40,1,3,34,1,2,24,22,2,1689,35,921,0.0217199993133545,18,0,2.1303641499041,2.15502410458589,39.024346658656,548.599336258962,40
"626",2021-11-16,31672,549,598,42,42.6,50,1,3,37,1,1,24,23,1,1690,38,1729,0.0208200001716614,24,0,2.0534957385512,2.13634188701748,42.0720189643349,564.487852932101,50
"627",2021-11-17,31694,517,598,44,43,22,0,1,12,1,2,23,21,0,1691,12,1886,0.0148500001430511,19,0.0526300001144409,1.52268085417159,2.18201419723162,13.2510239728986,527.81494949905,22
"628",2021-11-18,31731,506,598,39,44.4,37,2,1,21,1,3,21,18,0,1692,23,1686,0.0183899998664856,42,0.0238100004196167,1.85217359910409,2.15335163429057,24.5852407944208,518.875297477258,37
"629",2021-11-19,31767,505,599,25,43.1,36,0,2,24,2,2,19,17,1,1694,24,1564,0.0140699994564056,40,0,1.37191266520065,2.08133195662258,26.4523376868438,514.517938827338,36
"630",2021-11-20,31808,488,600,50,39.6,41,1,0,36,1,2,16,14,1,1695,37,1680,0.0166700005531311,76,0.0131599998474121,1.65180870829519,2.03971689288324,37.8396272809284,499.07400305657,41
"631",2021-11-21,31850,490,600,25,40.6,42,2,2,30,1,1,16,15,0,1696,32,924,0.0238100004196167,5,0,2.36818518705337,1.85008870032574,35.0410958235671,505.941779798371,42
"632",2021-11-22,31904,483,600,31,38,54,2,2,41,2,0,18,18,0,1698,43,1048,0.0152699995040894,18,0,1.50121571109622,1.76021035192462,45.8868223343622,492.961283430161,54
"633",2021-11-23,31951,492,601,27,36.6,47,3,1,30,2,0,17,17,1,1700,33,1457,0.0102999997138977,9,0,1.0236766427796,1.61309333824296,34.4640895609265,498.919153453814,47
"634",2021-11-24,32000,502,601,46,34.4,49,1,1,36,1,0,15,15,0,1701,37,1743,0.0183599996566772,16,0,1.81929956802663,1.65546744022225,38.9247641944406,514.54680069214,49
"635",2021-11-25,32044,508,602,60,34.7,44,2,0,37,0,0,13,13,1,1701,39,1548,0.0219600009918213,6,0,2.18752133432042,1.70337425953887,40.1720387483504,523.266556004154,44
"636",2021-11-26,32084,500,602,51,37.7,40,8,1,27,3,1,15,14,0,1704,35,1853,0.0221300005912781,40,0,2.16623830404851,1.81684935080285,37.0415960899007,514.879944141439,40
"637",2021-11-27,32113,499,602,43,41.4,29,6,0,18,2,1,16,15,0,1706,24,1818,0.0203500008583069,2,0,2.03276382200011,1.87127150990355,24.6702290229304,512.935178435094,29
"638",2021-11-28,32178,533,602,22,40.4,65,13,1,39,1,2,15,13,0,1707,52,1272,0.0117900002002716,46,0,1.13785130916127,1.69550952734754,53.8128565747147,541.331779890825,65
"639",2021-11-29,32228,539,602,26,40,50,7,0,35,1,2,16,14,0,1708,42,989,0.0161800003051758,16,0,1.59224082605163,1.70851311519831,42.918719874261,550.790238386349,50
"640",2021-11-30,32296,570,602,61,39.3,68,6,1,49,2,2,17,15,0,1710,55,1907,0.0272699999809265,25,0,2.69171273103659,1.94680398494931,58.0338384982181,591.077962617897,68
"641",2021-12-01,32374,608,602,62,44.1,78,4,0,54,0,2,17,15,0,1710,58,1958,0.0194099998474121,72,0.0138900005817413,1.92142166222257,1.96139285554873,59.531001943092,624.04912381724,78
"642",2021-12-02,32445,634,602,64,46.4,71,6,0,50,0,2,15,13,0,1710,56,2077,0.0245499992370605,19,0,2.43274563050452,1.99642489786074,57.8715860257633,655.189027505963,71
"643",2021-12-03,32536,694,602,59,47,91,7,0,68,1,2,12,10,0,1711,75,1911,0.0245900011062622,12,0,2.44365533614493,2.03605590244594,77.5178292827808,717.298313629998,91
"644",2021-12-04,32590,715,602,70,48.1,54,2,0,45,0,2,12,10,0,1711,47,1446,0.0242000007629395,6,0.166669998168945,2.4788719760485,2.09978563873857,48.6005786565743,739.349228498949,54
"645",2021-12-05,32668,751,602,35,52,78,5,1,58,0,2,11,9,0,1711,63,1461,0.0246399998664856,10,0,2.44724947688208,2.28684251984155,66.1180873159072,776.248945622957,78
"646",2021-12-06,32777,812,602,69,53.9,109,4,3,82,0,2,10,8,0,1711,86,1178,0.0348000001907349,14,0,3.439127535628,2.55068347835246,93.0632336669163,850.364485320187,109
"647",2021-12-07,32879,862,602,70,60,102,4,2,76,2,1,11,10,0,1713,80,1905,0.0278200006484985,22,0.0454500007629395,2.80212772455497,2.56645704885508,85.0796614714552,895.18335235493,98
"648",2021-12-08,32989,917,602,44,61.3,110,5,4,88,2,1,12,11,0,1715,93,2324,0.0249600005149841,13,0,2.48211558394622,2.64655618052989,100.171246606673,948.269173530313,109
"649",2021-12-09,33114,1005,602,147,58.7,125,5,3,95,1,1,13,12,0,1716,100,1969,0.0304699993133545,15,0,3.02396313749975,2.73101582438635,107.154335419854,1046.75107096953,124
"650",2021-12-10,33284,1142,603,87,70.6,170,6,6,129,3,0,14,14,1,1719,135,2152,0.0399600005149841,23,0,3.95374349922969,2.94674270482703,148.332757537896,1204.02969709835,169
"651",2021-12-11,33414,1229,603,150,74.6,130,3,4,106,0,0,13,13,0,1719,109,1669,0.0437400007247925,12,0,4.34277580069475,3.21301467977649,119.503078144401,1302.32369760981,128
"652",2021-12-12,33597,1350,604,106,86,183,4,4,155,1,0,14,14,1,1720,159,1977,0.0364199995994568,14,0.0714300012588501,3.66661774112255,3.38721014609656,171.009175781591,1418.00243588143,185
"653",2021-12-13,33895,1586,604,100,96.1,298,5,9,263,1,0,15,15,0,1721,268,2090,0.0377999997138977,79,0.0126600003242493,3.68843427513425,3.42282539459745,290.58006688004,1666.36561967069,297
"654",2021-12-14,34202,1823,604,199,100.6,307,4,3,266,2,0,16,16,0,1723,270,2041,0.0494899988174438,12,0,4.9200724591526,3.7253889281114,291.24989325629,1946.22057557858,307
"655",2021-12-15,34532,2076,604,255,119,330,1,4,309,0,0,13,13,0,1723,310,2780,0.0460400009155273,20,0.05,4.60682866232735,4.02891936788013,333.61953995672,2207.38762887146,326
"656",2021-12-16,34945,2429,605,309,149.1,413,7,2,389,3,0,16,16,1,1726,396,2938,0.0871300029754639,58,0.0172399997711182,8.57769922325226,4.82231023727335,444.664977981364,2715.23543312307,411
"657",2021-12-17,35420,2834,605,355,172.3,475,7,9,433,2,0,18,18,0,1728,440,3115,0.102089996337891,10,0.1,10.208330834961,5.71582271380639,510.706722311917,3231.44738870903,472
"658",2021-12-18,35926,3293,605,308,210.6,506,23,15,439,1,0,18,18,0,1729,462,2673,0.0912800025939941,3,0,9.1177670752521,6.39796432445744,534.870273467724,3705.48227387276,502
"659",2021-12-19,36474,3776,605,402,233.1,548,21,8,499,1,0,19,19,0,1730,520,2673,0.0939000034332275,46,0.0217400002479553,9.26792016139842,7.19815038449685,594.20803418222,4256.77218667705,546
"660",2021-12-20,37389,4564,605,386,275.4,915,8,20,860,1,0,18,18,0,1731,868,2474,0.100240001678467,11,0,9.9796283361178,8.09689239320879,1007.00334210071,5189.72725040052,912
"661",2021-12-21,38252,5317,605,489,316.3,863,5,17,817,3,0,19,19,0,1734,822,2743,0.117749996185303,96,0.0208299994468689,11.4472673294535,9.02934880325178,968.270285592668,6153.16801520221,861
"662",2021-12-22,39087,6027,605,670,357.7,835,6,28,777,2,0,21,21,0,1736,783,4020,0.182089996337891,124,0.0161300003528595,17.7124011902045,10.9015734500914,1001.53039518843,7493.57304189102,830
"663",2021-12-23,39955,6777,605,747,417,868,1,45,806,3,1,22,21,0,1739,807,3597,0.217959995269775,96,0.0104200005531311,21.2564966974948,12.712830232126,1087.66239661499,8756.03849053254,865
"664",2021-12-24,40736,7407,605,861,479.6,781,0,33,731,3,1,24,23,0,1742,731,3803,0.26636999130249,68,0.0735300016403198,26.2982463713488,15.0113895944671,1028.10050540565,10083.0498543635,771
"665",2021-12-25,41277,7822,606,506,551.9,541,0,32,501,3,1,24,23,1,1745,501,2656,0.250380001068115,57,0.035090000629425,24.5856768475043,17.2210909905032,702.217377645658,10463.9527503879,540
"666",2021-12-26,42087,8454,606,429,580.1,810,0,52,746,7,1,27,26,0,1752,746,2040,0.21863000869751,54,0.0185199999809265,21.34695786733,18.9466678056362,1016.77610499838,10933.2670129441,810
"667",2021-12-27,43244,9305,606,548,584,1157,1,57,1092,5,2,31,29,0,1757,1093,1898,0.272390003204346,183,0.0546400022506714,25.3241396681269,21.1387408530661,1530.25937294646,12542.2492820374,1151
"668",2021-12-28,44518,10277,606,874,607.1,1274,0,76,1192,7,1,37,36,0,1764,1192,2597,0.388139991760254,90,0.1,37.848885694134,24.910400619449,1887.80406332867,15620.7301668026,1262
"669",2021-12-29,45963,11372,606,1243,662.1,1445,0,80,1358,5,4,41,37,0,1769,1358,3486,0.304360008239746,144,0.0347199988365173,29.3663545056808,26.5752510930885,1985.86666031103,15959.8789845781,1422
"670",2021-12-30,47417,12421,607,1349,744,1454,0,76,1375,11,5,47,42,1,1780,1375,3324,0.314680004119873,129,0.0542600011825562,30.4951020517523,27.8950518579824,2027.04691470976,17624.69362008,1443
"671",2021-12-31,48338,12860,610,1346,830,921,0,66,854,13,5,55,50,3,1793,854,3305,0.357639999389648,182,0.0164800000190735,33.9833541148912,28.9929243927742,1318.70270058457,18863.8837582173,911
"672",2022-01-01,48774,12754,610,1179,899.3,436,0,58,377,17,6,71,65,0,1810,377,2500,0.400400009155273,169,0.118339996337891,38.2540083278114,30.9455431756752,633.126863306899,19456.6790838626,433
"673",2022-01-02,49400,12726,611,505,995.4,626,0,74,552,9,5,76,71,1,1819,552,2226,0.312220001220703,64,0.0468800020217896,30.4804385522567,32.2503261306648,857.14545307735,18054.9076736637,616
"674",2022-01-03,50154,12503,611,568,1006.3,754,0,111,643,8,4,73,69,0,1827,643,1773,0.250990009307861,105,0.1428600025177,24.4944401899465,32.1317976337819,970.37324427403,16710.3323066224,742
"675",2022-01-04,50942,12348,613,808,1009.1,788,0,108,680,12,4,80,76,2,1839,680,2135,0.333019981384277,300,0.146669998168945,31.006105121401,31.1542575519629,1077.65510926815,17607.7960135929,770
"676",2022-01-05,51610,12087,614,705,999.7,668,0,124,543,17,7,94,87,1,1856,543,2678,0.314409999847412,314,0.0541400003433228,28.7095568081274,31.0604293094552,881.166423197095,16854.2735859729,654
"677",2022-01-06,52240,11793,618,855,922.9,630,0,123,507,12,7,93,86,4,1868,507,2294,0.282040004730225,121,0.0743800020217896,27.1635507700113,30.5844934120637,819.199317096784,16193.8432870264,620
"678",2022-01-07,52818,11625,619,665,852.3,578,2,146,430,19,8,100,92,1,1887,432,2309,0.298400001525879,444,0.0427899980545044,25.7175576701582,29.4036653485304,730.62951875264,15732.217952545,574
"679",2022-01-08,53258,11532,620,711,755,440,0,96,344,21,10,112,102,1,1908,344,2371,0.309150009155273,280,0.0964299964904785,28.6682410684454,28.0342700257638,575.482922425917,16073.828666906,436
"680",2022-01-09,53658,11219,620,512,688.1,400,0,87,313,18,13,122,109,0,1926,313,1324,0.273409996032715,172,0.0581400012969971,24.865970252032,27.2322031257317,506.923905393308,15051.5217080112,392
"681",2022-01-10,54306,10774,621,422,689.1,648,0,144,504,14,14,124,110,1,1940,504,1342,0.175109996795654,126,0.0714300012588501,16.6211032601078,26.1074407071833,763.0841328575,13234.1516813625,645
"682",2022-01-11,54815,10052,624,614,668.3,509,1,115,392,15,9,127,118,3,1955,393,2155,0.292339992523193,415,0.101199998855591,26.1474974090487,25.413353891133,649.171732548593,13662.8352559248,502
"683",2022-01-12,55329,9115,627,487,640.6,514,1,156,357,18,9,127,118,3,1973,358,1537,0.297329998016357,163,0.208589992523193,28.882139748966,25.438008596967,656.048763401606,12731.6884871666,509
"684",2022-01-13,55759,8115,630,401,609.4,430,0,110,320,15,11,126,115,3,1988,320,2030,0.139409999847412,163,0.134969997406006,13.9079985986058,23.5443582867663,491.142005846264,9665.5230545076,417
"685",2022-01-14,56186,7599,632,439,544.6,427,0,101,326,20,15,137,122,2,2008,326,1747,0.215230007171631,275,0.167269992828369,20.8707255468171,22.8519536977175,520.471715367322,9777.80848182908,422
"686",2022-01-15,56512,7503,636,382,512.3,326,0,79,247,15,11,140,129,4,2023,247,1535,0.18371000289917,208,0.144230003356934,17.8998677652592,21.3136146544052,386.739587977129,9348.05720077894,320
"687",2022-01-16,56793,7173,642,395,465.3,281,0,63,218,12,14,142,128,6,2035,218,1342,0.225779991149902,85,0.188239994049072,22.3543901623924,20.9548174987424,347.949044927998,9375.86926269967,279
"688",2022-01-17,57104,6752,646,297,448.6,311,1,101,209,14,15,137,122,4,2049,210,892,0.177129993438721,183,0.0819699954986572,16.0930663556831,20.8793836552532,357.428340665746,8244.781696072,309
"689",2022-01-18,57538,6382,647,218,430.7,434,2,116,316,17,16,135,119,1,2066,318,991,0.16548999786377,18,0.166669998168945,16.5511048414308,19.5084704313078,506.306805570616,7833.13846903041,432
"690",2022-01-19,57900,6081,651,504,374.1,362,0,105,257,23,21,141,120,4,2089,257,1685,0.216620006561279,290,0.1,19.9496056230762,18.2323941276092,432.435646260526,7747.6115366158,359
"691",2022-01-20,58202,5764,654,489,376.6,302,0,89,213,18,19,138,119,3,2107,213,1748,0.206520004272461,159,0.226420001983643,20.8179207018176,19.2195258566395,362.917492573987,7412.49026852798,303
"692",2022-01-21,58495,5484,657,362,389.1,293,1,92,200,13,20,136,116,3,2120,201,1221,0.239969997406006,87,0.241380004882812,24.0063782306986,19.6674762400511,359.289961593913,7292.6276088608,290
"693",2022-01-22,58737,5268,660,389,378.1,242,0,47,195,12,22,132,110,3,2132,195,1273,0.18068000793457,94,0.223400001525879,18.361759344853,19.7334607514217,291.189676695743,6596.87803504192,243
"694",2022-01-23,58953,5058,667,250,379.1,216,0,66,150,21,20,136,116,7,2153,150,955,0.221989994049072,120,0.0666699981689453,20.4651947997337,19.4635756996133,258.172777791055,6480.06606711437,214
"695",2022-01-24,59275,4743,673,239,358.4,322,0,104,218,11,19,127,108,6,2164,218,923,0.17443000793457,71,0.323940010070801,18.5109293801444,19.8089847031078,377.438284548472,5949.16414501562,322
"696",2022-01-25,59551,4516,678,268,350.1,276,1,104,171,11,22,121,99,5,2175,172,1417,0.175020008087158,62,0.338709983825684,18.1881927286474,20.0428544012815,318.977689120161,5644.41420968981,275
"697",2022-01-26,59755,4247,682,388,357.3,204,0,71,133,10,23,120,97,4,2185,133,1320,0.201520004272461,272,0.10293999671936,18.467718891163,19.8311562967225,237.743487155493,5324.50819510813,206
"698",2022-01-27,59944,4010,683,293,340.7,189,0,48,141,6,21,104,83,1,2191,141,1248,0.158649997711182,121,0.148760004043579,15.77758638662,19.1111085374086,219.562209262944,4879.18056130784,190
"699",2022-01-28,60125,3766,685,228,312.7,181,0,46,135,3,20,93,73,2,2194,135,1042,0.182339992523193,126,0.0793699979782104,17.1231928043169,18.1277963336398,212.757300677994,4651.91106928389,179
"700",2022-01-29,60275,3566,688,197,293.6,150,0,35,115,8,18,93,75,3,2202,115,905,0.140329999923706,82,0.0609800004959106,13.3737598755439,17.4152249808813,171.128877600195,4221.17893497648,150
"701",2022-01-30,60449,3470,688,193,266.1,174,0,40,134,3,17,88,71,0,2205,134,694,0.167150001525879,110,0.0363599991798401,14.9255846976048,16.6238521091486,201.476487758454,4181.5180038943,176
"702",2022-01-31,60666,3366,691,224,258,217,0,28,189,5,18,82,64,3,2210,189,822,0.10706000328064,56,0.178570003509521,11.1621005573143,15.5740194201729,245.98229685939,3882.160905972,217
"703",2022-02-01,60868,3163,695,276,255.9,202,0,48,154,4,15,71,56,4,2214,154,1315,0.112550001144409,101,0,10.452207027182,14.4688786056778,224.113311808767,3617.18444968267,201
"704",2022-02-02,61008,2963,698,276,257,140,0,27,113,9,16,71,55,3,2223,113,1054,0.144209995269775,204,0.0833300018310547,13.4337563901334,13.7497411055308,160.854557421782,3509.83233310389,139
"705",2022-02-03,61148,2819,700,209,241,140,0,18,122,6,15,67,52,2,2229,122,972,0.148149995803833,129,0.0542600011825562,13.7149260739215,13.4550753465738,162.986792069281,3350.14562986314,140
"706",2022-02-04,61289,2692,706,187,229,141,0,17,124,6,15,65,50,6,2235,124,925,0.108109998703003,84,0.0714300012588501,10.5056361651161,12.5097101124023,158.896541297295,3080.52813848644,139
"707",2022-02-05,61401,2571,712,146,223.1,112,0,9,103,4,15,59,44,6,2239,103,836,0.123210000991821,117,0.0940200042724609,11.9626339274964,12.3081206912526,128.927355039539,2993.52650297724,110
"708",2022-02-06,61499,2451,715,139,215.9,98,0,6,92,3,12,53,41,3,2242,92,649,0.151000003814697,115,0.017389999628067,13.0888550304929,12.0457307388081,114.543010697939,2891.72738283312,98
"709",2022-02-07,61640,2260,716,167,208.1,141,0,7,134,4,10,50,40,1,2246,134,694,0.0936600017547607,29,0.103450002670288,9.40526850556601,11.7947547314155,158.314145488694,2552.01469257052,142
"710",2022-02-08,61745,2093,717,215,200,105,0,6,99,2,9,47,38,1,2248,99,923,0.13326000213623,116,0.0172399997711182,12.0306854615197,12.0202516506066,121.362536664863,2438.92716403595,105
"711",2022-02-09,61836,1951,720,174,191.3,91,0,7,84,5,9,40,31,3,2253,84,753,0.095620002746582,85,0.0470599985122681,9.06944653242471,11.396778813791,101.466106183884,2194.08777577093,90
"712",2022-02-10,61925,1842,724,182,176.7,89,0,7,82,0,7,32,25,4,2253,82,855,0.100579996109009,41,0.121949996948242,10.1557864450983,10.8883302953877,100.440696850487,2098.99711705607,88
"713",2022-02-11,62010,1738,724,117,172.9,85,0,8,77,3,5,28,23,0,2256,77,693,0.0923499965667725,59,0.0169500005245209,8.64343053879256,10.6223009201987,94.1432782619344,1944.37685219795,85
"714",2022-02-12,62084,1671,727,137,162.9,74,0,5,69,4,5,29,24,3,2260,69,638,0.112849998474121,48,0,10.4953788668352,10.4126930543899,83.9488361167848,1911.93485726301,69
"715",2022-02-13,62178,1612,728,143,161.6,94,0,7,87,0,4,26,22,1,2260,87,463,0.099350004196167,32,0.0625,9.69677817026774,9.92811064578631,105.589688910272,1826.74228187769,94
"716",2022-02-14,62275,1508,728,174,162.1,97,0,3,94,2,2,24,22,0,2262,94,581,0.0705700016021729,36,0.0277800011634827,6.80733403123952,9.55697714945396,105.790832010568,1649.02739012698,97
"717",2022-02-15,62352,1404,731,177,163.1,77,0,4,73,1,2,20,18,3,2263,73,651,0.124420003890991,71,0.0140799999237061,11.3569394082574,9.46072771327362,88.3896199968973,1623.0551572006,77
"718",2022-02-16,62464,1376,731,200,157.7,112,0,15,97,5,3,20,17,0,2268,97,892,0.0829599952697754,53,0.0565999984741211,8.14816039150985,9.32911540742864,122.858163307049,1530.02920320102,111
"719",2022-02-17,62560,1342,732,181,161.4,96,0,9,87,2,4,21,17,1,2270,87,595,0.124370002746582,16,0.125,12.4386500219667,9.6552387755527,110.866802322071,1571.32469788758,96
"720",2022-02-18,62660,1308,735,126,161.3,100,0,15,85,2,3,20,17,3,2272,85,627,0.105260000228882,22,0.0454500007629395,10.3232542619867,9.89521359315186,112.054816823779,1493.5023577118,100
"721",2022-02-19,62759,1299,736,120,162.6,99,0,4,95,2,3,21,18,1,2274,95,644,0.124219999313354,24,0,11.9757005326048,10.1066881168332,114.62966243505,1512.715068454,97
"722",2022-02-20,62828,1260,738,119,160.1,69,0,4,65,3,5,21,16,2,2277,65,564,0.0939700031280518,27,0.037039999961853,9.13691400392407,10.0267075216413,77.1590192858401,1418.15945077167,68
"723",2022-02-21,62907,1209,740,76,156.7,79,0,3,76,4,3,24,21,2,2281,76,429,0.0792500019073486,11,0,7.72687518596649,10.1580705437451,87.0675665197619,1337.33799897884,78
"724",2022-02-22,63024,1224,740,117,142.7,117,0,5,112,2,3,25,22,0,2283,112,577,0.124779996871948,36,0.0277800011634827,11.9083422898857,10.2368423839778,135.322907862039,1424.24320734943,114
"725",2022-02-23,63133,1243,741,158,134.1,109,0,7,102,1,4,23,19,1,2284,102,778,0.106680002212524,40,0.075,10.5130857850053,10.5746888687628,123.731787497389,1422.52560646328,107
"726",2022-02-24,63229,1252,741,142,128.1,96,0,5,91,5,4,27,23,0,2289,91,772,0.0854899978637695,35,0.114289999008179,8.67390685453734,10.0368684162729,106.843792837615,1401.19152343619,94
"727",2022-02-25,63311,1247,742,141,122.6,82,0,4,78,1,3,26,23,1,2290,78,738,0.111110000610352,16,0,10.8752228714111,10.1157210747621,93.6535390098948,1433.30721981204,83
"728",2022-02-26,63386,1244,742,124,124.7,75,0,5,70,3,2,26,24,0,2293,70,675,0.0933300018310547,13,0,9.15664988894795,9.71299955423972,83.8056154330695,1400.48836569626,75
"729",2022-02-27,63476,1239,743,68,125.3,90,0,2,88,1,1,23,22,1,2294,88,562,0.0622800016403198,35,0.0571400022506714,6.19786616426017,9.29313557714487,97.4928999168921,1344.49662496624,84
"730",2022-02-28,63581,1243,743,77,118,105,0,6,99,3,1,22,21,0,2297,99,465,0.0860200023651123,32,0,8.0481491146433,9.33903185267013,115.946020939027,1380.43337401222,101
"731",2022-03-01,63689,1270,744,120,118.1,108,0,7,101,2,0,18,18,1,2299,101,917,0.172299995422363,52,0.0576900005340576,16.6149613859729,10.011406009254,131.053972763949,1559.88658821996,102
"732",2022-03-02,63763,1222,748,153,118.6,74,0,13,61,0,0,11,11,4,2299,61,765,0.147709999084473,55,0.01817999958992,13.9022011313497,10.4955653444461,85.6503364651488,1455.38870754774,72
"733",2022-03-03,63841,1215,749,147,117.9,78,0,10,68,2,0,12,12,1,2301,68,713,0.0939700031280518,65,0.107690000534058,9.51162754049032,10.6152397281536,86.8856420494333,1373.76551603032,81
"734",2022-03-04,63907,1192,749,120,118.6,66,0,7,59,4,0,16,16,0,2305,59,466,0.115880002975464,29,0.0344799995422363,11.1111113885437,10.648938087744,75.0060546650002,1373.95283323187,69
"735",2022-03-05,63981,1171,750,63,115.6,74,0,0,74,1,0,15,15,1,2306,74,526,0.09125,45,0.0666699981689453,8.93128720098118,10.6167434180345,83.0796862252778,1314.6798995919,69
"736",2022-03-06,64067,1190,751,74,106.9,86,0,11,75,1,0,13,13,1,2307,75,309,0.187700004577637,15,0,17.9010189550895,12.2886223881529,104.444380862582,1482.65084301964,67
"737",2022-03-07,64160,1201,751,136,107.7,93,0,7,86,1,1,11,10,0,2308,86,323,0.139320001602173,24,0,12.9684036073492,12.9915158871109,108.321808684806,1414.97083988898,66
"738",2022-03-08,64242,1158,752,162,116.1,82,0,9,73,4,2,13,11,1,2312,73,592,0.17568000793457,71,0.0704199981689453,16.4407819860122,12.966633115688,98.4880917772938,1419.55082572748,NA
"739",2022-03-09,64335,1131,752,82,122.1,93,0,7,86,0,2,9,7,0,2312,86,535,0.0841100025177002,33,0.0909099960327148,8.45050725634669,12.1878197049732,102.984039623654,1262.30173039945,NA
"740",2022-03-10,64420,1119,752,137,112,85,0,7,78,2,1,11,10,0,2314,78,522,0.107279996871948,21,0,10.3131046716679,12.3023164379986,96.0511912284899,1277.54208954718,NA
"741",2022-03-11,64487,1100,754,89,110.6,67,0,9,58,3,2,12,10,2,2317,58,495,0.133330001831055,29,0.0689699983596802,12.976809324199,12.5688447145208,77.3400105667079,1296.10364867894,NA
"742",2022-03-12,64543,1081,754,69,106.1,56,0,4,52,4,2,16,14,0,2321,52,344,0.14826000213623,24,0,13.8590871562128,13.2728161366968,65.9006346644494,1286.81896292827,NA
"743",2022-03-13,64593,1055,754,49,107,50,0,1,49,1,2,17,15,0,2322,49,261,0.111110000610352,10,0,10.701000058783,12.244242008653,57.2035323712051,1210.09646227799,NA
"744",2022-03-14,64709,1067,755,68,103.4,116,0,12,104,2,2,18,16,1,2324,104,228,0.105260000228882,14,0.214290008544922,11.1567521371132,11.9854346557621,131.94028895357,1230.54123378326,NA
"745",2022-03-15,64796,1037,755,113,93.7,87,0,4,83,2,2,19,17,0,2326,83,508,0.133859996795654,63,0.0476200008392334,12.4344900919552,11.4131072423254,101.178527787022,1214.14618451978,NA
"746",2022-03-16,64871,1039,756,138,86.7,75,0,4,71,1,2,19,17,1,2327,71,741,0.129549999237061,37,0.0540500020980835,12.5959382406544,12.0053116686551,87.2860969198598,1218.79231971457,NA
"747",2022-03-17,64931,1031,756,92,94.7,60,0,2,58,0,2,16,14,0,2327,58,482,0.186720008850098,34,0.0588199996948242,17.8292488866999,13.0790465565168,74.206467651579,1283.53220946169,NA
"748",2022-03-18,64972,1006,756,89,88.3,41,0,3,38,2,1,16,15,0,2329,38,560,0.346430015563965,34,0.0294099998474121,32.8284088738438,15.9149893493232,58.1379351907151,1459.70428425946,NA
"749",2022-03-19,65000,958,758,61,88.3,28,0,1,27,0,0,14,14,2,2329,27,440,0.125,67,0.0298499989509583,11.2425936744998,15.5412045662213,32.1701852195648,1105.96434964234,NA
"750",2022-03-20,65026,906,760,39,87.1,26,0,2,24,0,1,12,11,2,2329,24,414,0.0628000020980835,27,0,5.89551040104457,14.8547060436873,27.9438274791215,979.379487336837,NA
"751",2022-03-21,65064,859,760,34,85.7,38,0,4,34,0,1,7,6,0,2329,34,203,0.133000001907349,28,0,11.6878789554943,14.930581303456,43.4593342870884,996.928475076734,NA
"752",2022-03-22,65065,775,760,72,80.9,1,0,0,1,0,1,7,6,0,2329,1,578,0.21798999786377,33,0,20.6216397324483,16.1001741092407,1.28330110011464,994.558352588842,NA
