"","date","observed_cumulative_cases","observed_active_cases","observed_cumulative_deaths","observed_new_cases","observed_daily_average_cases","observed_new_episodes","observed_new_cases_community_outbreak","observed_new_cases_institution_outbreak","observed_new_cases_sporadic","observed_new_ICU_p_acute_care","observed_census_ICU","observed_census_ICU_p_acute_care","observed_census_acute_care","observed_new_deaths","cumulative_hosp","observed_new_community_cases","num_non_ltch_tests","non_ltch_pct_positivity","num_ltch_tests","ltch_pct_positivity","observed_pct_positivity","pct_positivity_7_day","adjusted_new_episodes","adjusted_active_cases","adjusted_episode_cases"
"1",2020-03-01,7,7,0,0,0,2,0,0,2,0,0,1,1,0,0,2,NA,NA,NA,NA,NA,NA,NA,NA,2
"2",2020-03-02,10,10,0,0,0,3,2,0,1,0,0,1,1,0,0,3,NA,NA,NA,NA,NA,NA,NA,NA,3
"3",2020-03-03,11,11,0,0,0,1,0,0,1,0,0,1,1,0,0,1,NA,NA,NA,NA,NA,NA,NA,NA,1
"4",2020-03-04,12,12,0,0,0,1,0,0,1,0,0,1,1,0,0,1,NA,NA,NA,NA,NA,NA,NA,NA,1
"5",2020-03-05,18,18,0,0,0,6,2,0,4,0,0,1,1,0,0,6,NA,NA,NA,NA,NA,NA,NA,NA,6
"6",2020-03-06,23,23,0,0,0,5,0,1,4,0,0,1,1,0,0,4,NA,NA,NA,NA,NA,NA,NA,NA,5
"7",2020-03-07,27,27,0,0,0,4,0,0,4,0,0,1,1,0,0,4,NA,NA,NA,NA,NA,NA,NA,NA,4
"8",2020-03-08,36,36,0,0,0,9,1,0,8,0,0,1,1,0,0,9,NA,NA,NA,NA,NA,NA,NA,NA,9
"9",2020-03-09,45,45,0,1,0.1,9,0,0,9,0,0,1,1,0,0,9,NA,NA,NA,NA,NA,NA,NA,NA,9
"10",2020-03-10,52,52,0,0,0.1,7,1,0,6,0,0,1,1,0,0,7,NA,NA,NA,NA,NA,NA,NA,NA,7
"11",2020-03-11,61,61,0,0,0.1,9,0,0,9,0,0,1,1,0,0,9,NA,NA,NA,NA,NA,NA,NA,NA,9
"12",2020-03-12,75,75,0,3,0.6,14,1,0,13,0,0,1,1,0,0,14,NA,NA,NA,NA,NA,NA,NA,NA,14
"13",2020-03-13,97,97,0,1,0.7,22,2,2,18,0,0,1,1,0,0,20,NA,NA,NA,NA,NA,NA,NA,NA,22
"14",2020-03-14,115,115,0,4,1.3,18,1,1,16,1,0,2,2,0,1,17,NA,NA,NA,NA,NA,NA,NA,NA,18
"15",2020-03-15,142,142,0,4,1.9,27,1,0,26,0,0,2,2,0,1,27,NA,NA,NA,NA,NA,NA,NA,NA,27
"16",2020-03-16,156,156,0,0,1.7,14,0,0,14,0,0,2,2,0,1,14,NA,NA,NA,NA,NA,NA,NA,NA,14
"17",2020-03-17,179,178,0,5,2.4,23,1,0,22,2,0,4,4,0,3,23,127,0,4,0,0,0,23,178,23
"18",2020-03-18,195,193,0,4,3,16,0,0,16,0,0,3,3,0,3,16,210,0.0190499997138977,1,0,1.89597153550641,0.947985767753203,16.8885509652237,203.718146018011,16
"19",2020-03-19,220,218,0,1,2.7,25,0,0,25,4,0,7,7,0,7,25,110,0.0272699999809265,9,0,2.52075630075791,1.47224261208811,26.8458713005003,234.095997740362,25
"20",2020-03-20,242,240,0,2,2.9,22,1,1,20,3,1,10,9,0,10,21,137,0.00730000019073486,4,0,0.709290798674238,1.28150465873464,22.4362889042522,244.98615890574,22
"21",2020-03-21,262,260,0,4,2.9,20,0,2,18,3,1,10,9,0,13,18,204,0.0147099995613098,3,0,1.44968111618705,1.31513995022512,20.7643205461149,271.040185666103,20
"22",2020-03-22,288,286,0,6,3.1,26,0,1,25,3,5,13,8,0,16,25,159,0.0314499998092651,2,0,3.10593165818208,1.61360523488461,28.2743769825864,312.018872680789,26
"23",2020-03-23,309,307,0,9,4.4,21,1,0,20,4,5,17,12,0,20,21,138,0.0362299990653992,3,0,3.54591480214545,1.88964945877902,23.1811128615957,338.885792786185,21
"24",2020-03-24,327,323,1,8,4.9,18,1,3,14,3,7,20,13,1,23,15,253,0.0197599995136261,4,0,1.94524508830638,2.16754161425136,18.8546654224046,341.403795429112,18
"25",2020-03-25,350,346,1,8,5.4,23,0,1,22,4,8,23,15,0,27,22,153,0.0588199996948242,2,0,5.80610319568265,2.7261318514194,26.7414330544445,404.842538038082,23
"26",2020-03-26,364,356,1,19,8,14,1,3,10,2,7,25,18,0,29,11,274,0.025550000667572,3,0,2.52732858588979,2.72707074929538,14.8143009512578,382.353739877071,14
"27",2020-03-27,381,364,1,27,11.6,17,3,2,12,5,9,26,17,0,34,15,577,0.0294600009918213,4,0,2.92571782655437,3.04370318184968,18.2854472051364,395.193518844643,17
"28",2020-03-28,406,386,2,26,14.7,25,1,1,23,3,8,25,17,1,37,24,367,0.0817399978637695,3,0,8.10772411243335,3.99485218131344,30.6995524070035,477.66780121264,25
"29",2020-03-29,425,398,2,11,15.4,19,5,4,10,7,8,31,23,0,44,15,184,0.0434800004959106,0,0,4.34800004959106,4.17229052294329,20.9103429800891,448.687767071698,19
"30",2020-03-30,450,407,3,48,21,25,8,3,14,4,12,32,20,1,48,22,549,0.0783199977874756,0,0,7.83199977874756,4.78458837674359,30.0469138881992,500.367906931685,25
"31",2020-03-31,467,404,3,51,27.1,17,2,3,12,6,13,34,21,0,54,14,943,0.064689998626709,0,0,6.4689998626709,5.43083905879567,19.6527463460384,480.550680271394,17
"32",2020-04-01,494,407,3,37,31.3,27,6,4,16,3,15,33,18,0,57,22,575,0.0573899984359741,4,0.25,5.87206374795943,5.44026199483521,29.7839378088832,477.002849464339,27
"33",2020-04-02,511,403,6,32,33.1,17,5,4,7,6,14,34,20,3,63,12,107,0.0841100025177002,9,0,7.75842264602924,6.1875611462837,18.7270005647402,494.581768965858,17
"34",2020-04-03,538,409,6,26,33,27,3,4,19,5,14,37,23,0,68,22,217,0.110600004196167,2,0,10.9589958495745,7.33517229242944,33.0619394683869,540.287874662284,27
"35",2020-04-04,555,416,7,18,31.9,17,3,7,6,7,14,43,29,1,75,9,315,0.0253999996185303,3,0,2.51603769806196,6.53635994751924,16.6632697653144,446.657802485644,17
"36",2020-04-05,582,427,8,40,36,27,4,8,13,4,13,43,30,1,79,17,422,0.0663500022888184,5,0.2,6.79149905524154,6.88543123404074,28.3817781468917,511.942309924867,27
"37",2020-04-06,601,427,9,40,34.9,19,3,7,9,4,12,44,32,1,83,12,238,0.117650003433228,4,0.25,11.9837606682266,7.47853993253774,23.2121605899738,576.882714326569,19
"38",2020-04-07,624,425,9,25,31.1,23,2,11,10,4,14,45,31,0,87,12,285,0.108769998550415,6,0,10.6527318167932,8.07621592598378,26.7443185304282,557.611281285997,23
"39",2020-04-08,644,428,11,26,29.6,20,1,11,7,5,16,44,28,2,92,8,368,0.0434800004959106,6,0.333330001831055,4.813000051733,7.92492111223715,20.1278111937601,488.337898866165,20
"40",2020-04-09,680,436,11,25,28.6,36,1,20,13,6,16,47,31,0,98,14,295,0.0949199962615967,5,0,9.33379963239034,8.14997496743159,37.8275163696255,555.199795511194,36
"41",2020-04-10,714,452,11,37,30.1,34,0,20,13,4,16,48,32,0,102,13,331,0.090629997253418,8,0,8.84912362562872,7.84856464972505,36.3695675110331,569.157270383614,34
"42",2020-04-11,757,481,11,31,32,43,0,34,7,5,19,52,33,0,107,7,225,0.102220001220703,11,0.363639984130859,11.4404830932617,9.12348542046787,43.3457026098957,642.183279337119,43
"43",2020-04-12,790,496,13,35,31.3,33,0,18,14,1,18,48,30,2,108,14,227,0.101319999694824,12,0.5,12.1337405567887,9.88666277783175,36.975689690695,672.281577613196,33
"44",2020-04-13,814,503,16,16,27.9,24,0,19,5,3,20,50,30,3,111,5,165,0.0606099987030029,26,0.0384599995613098,5.75948155737672,8.99748004771035,24.8434977795613,587.855876623866,24
"45",2020-04-14,847,504,18,32,28.9,33,0,26,7,5,20,50,30,2,116,7,208,0.0673099994659424,18,0.166669998168945,7.52236276812258,8.55028446932883,34.5423497271859,615.049180357386,33
"46",2020-04-15,876,502,24,60,33.7,29,2,18,9,4,16,50,34,6,120,11,390,0.1,24,0.208330001831055,10.6280000106148,9.38099874916909,32.4243234405409,658.273669741049,29
"47",2020-04-16,946,551,24,21,33.1,70,1,55,13,7,13,52,39,0,127,14,310,0.0354800009727478,11,0,3.42641753942424,8.5370870216025,70.4050729325502,606.299656131081,70
"48",2020-04-17,978,555,26,73,38.3,32,0,26,6,0,13,49,36,2,127,6,378,0.0846599960327148,66,0.5,14.6399726352176,9.36435116582948,34.5728949984732,792.992787358768,32
"49",2020-04-18,1018,577,31,31,38.3,40,0,31,9,1,11,46,35,5,128,9,421,0.0617600011825562,8,0,6.06082995288022,8.59582928863213,41.5977364979682,679.432662147517,40
"50",2020-04-19,1035,580,35,37,38.6,17,0,13,4,4,15,47,32,4,132,4,452,0.0442500019073486,47,0.127659997940063,5.21062540386864,7.60681283821498,17.6104925819456,668.521424382115,17
"51",2020-04-20,1096,617,39,16,38.6,61,1,47,13,3,13,45,32,4,135,14,325,0.0523099994659424,43,0.0232599997520447,4.89155701515467,7.48282361789754,63.0058834864517,705.402150795765,61
"52",2020-04-21,1132,628,47,51,41.3,36,0,26,10,2,11,43,32,8,137,10,543,0.069980001449585,25,0.36,8.27449661745152,7.59027131065882,38.4236624266531,780.206000393817,36
"53",2020-04-22,1173,645,54,35,37.7,41,1,31,9,4,9,45,36,7,141,10,656,0.0243899989128113,122,0.106560001373291,3.72752692215241,6.60448944087848,42.0918207310043,715.422437149779,41
"54",2020-04-23,1218,661,57,50,41.9,45,0,35,10,5,11,48,37,3,146,10,775,0.0361299991607666,105,0.0285700011253357,3.522795394063,6.61825770582687,46.0318533233031,729.205504670331,45
"55",2020-04-24,1259,668,65,38,36.9,41,0,36,5,7,10,48,38,8,153,5,517,0.0406199979782104,94,0.106379995346069,5.07369206501886,5.25164619579848,41.7430613239033,767.272992873485,41
"56",2020-04-25,1360,742,78,53,40,101,0,95,6,5,9,49,40,13,158,6,557,0.0502699995040894,28,0.0357100009918213,4.95731106864082,5.09400064090713,101.871220266061,849.740906236224,101
"57",2020-04-26,1414,759,87,87,47.1,54,0,41,13,5,9,50,41,9,163,13,358,0.0502799987792969,81,0.0123500001430511,4.32815252268233,4.96793308645194,55.648073045447,855.222110884172,54
"58",2020-04-27,1475,782,95,87,57.3,61,0,54,7,8,11,54,43,8,171,7,269,0.0632000017166138,80,0.1,7.16355314090806,5.29250396155957,62.4687810961979,946.083831032395,61
"59",2020-04-28,1495,777,103,65,59.3,20,0,13,7,7,13,60,47,8,178,7,503,0.0616300010681152,11,0.272730007171631,6.61477054788908,5.05540023733636,21.3562613057121,927.545004934046,20
"60",2020-04-29,1520,766,111,28,58.3,25,0,17,8,7,13,61,48,8,185,8,668,0.0314400005340576,74,0.148649997711182,4.31294072606172,5.13903078075198,26.0106342772892,862.768232050444,25
"61",2020-04-30,1540,756,122,30,55.4,20,0,10,10,2,11,55,44,11,187,10,603,0.0414599990844727,6,0.333330001831055,4.43355656139957,5.26913951894292,21.2986221339003,854.175833322862,20
"62",2020-05-01,1563,739,135,43,56.1,23,0,16,7,6,11,57,46,13,193,7,516,0.031010000705719,55,0.0909099960327148,3.67797025323123,5.06975068868754,23.7541136464075,818.612854956452,23
"63",2020-05-02,1584,740,139,22,51.7,21,0,15,6,4,12,57,45,4,197,6,508,0.0511800003051758,28,0.0357100009918213,5.03718660126871,5.08116147906296,21.8852579533929,849.181814251787,21
"64",2020-05-03,1603,721,148,23,42.6,19,0,13,6,3,12,52,40,9,200,6,826,0.0205800008773804,231,0.0043299999833107,1.70286761786764,4.70612077837514,19.2992696561832,756.962237018019,19
"65",2020-05-04,1621,718,152,14,32.1,18,0,11,7,6,10,51,41,4,206,7,637,0.0109899997711182,24,0.125,1.51295459216374,3.89889241426881,18.3102090625511,749.818586701668,18
"66",2020-05-05,1646,718,156,29,27,25,0,24,1,3,9,49,40,4,209,1,923,0.0292499995231628,29,0.172409992218018,3.36109656871868,3.4340818458159,25.0984490518586,788.686419234503,25
"67",2020-05-06,1662,692,161,23,26.3,16,0,11,5,4,10,52,42,5,213,5,598,0.0167200005054474,149,0.0134200000762939,1.60617674881196,3.04740127763736,16.2352306379852,724.555920297155,16
"68",2020-05-07,1685,670,167,32,26.6,23,0,16,7,6,10,54,44,6,219,7,813,0.0356699991226196,234,0.0128199994564056,3.05631224063884,2.85065208895726,23.6266518241476,729.979531739845,23
"69",2020-05-08,1698,637,173,16,22.7,13,0,8,5,4,8,54,46,6,223,5,715,0.00978999972343445,127,0.0472399997711182,1.54386339349022,2.54577968042283,13.226104612261,665.80572760205,13
"70",2020-05-09,1715,620,179,12,21.3,17,0,12,5,5,6,51,45,6,228,5,1100,0.0154499995708466,164,0.0304900002479553,1.74013920637626,2.0747729097239,17.2548499447534,651.601393149427,17
"71",2020-05-10,1727,552,185,25,21.6,12,0,8,4,3,5,52,47,6,231,4,907,0.0176400005817413,316,0.0126600003242493,1.63532629845479,2.06512414980778,12.1915997595079,578.440766812097,12
"72",2020-05-11,1747,532,188,14,21.6,20,0,14,6,1,5,51,46,3,232,6,517,0.00967000007629395,197,0.0152300000190735,1.12040616851561,2.00904580357234,20.1969052469605,549.458931897163,20
"73",2020-05-12,1770,515,193,13,19.3,23,0,17,6,4,6,50,44,5,236,6,835,0.0131700003147125,322,0.00310999989509583,1.03702422031165,1.67703546808562,23.182251326298,530.643238840581,23
"74",2020-05-13,1791,498,195,21,19,21,0,15,6,2,7,47,40,2,238,6,1249,0.0144099998474121,224,0.0133899998664856,1.42548878340193,1.65122290159847,21.250521845401,518.793313168281,21
"75",2020-05-14,1805,470,198,25,18,14,0,10,4,2,6,45,39,3,240,4,1046,0.0267700004577637,127,0.0236199998855591,2.64289518024611,1.59216332154237,14.3096495674401,506.383824174206,14
"76",2020-05-15,1825,455,201,17,18.1,20,0,12,8,1,5,43,38,3,241,8,1163,0.012039999961853,137,0.0146000003814697,1.23097846214588,1.54746547420746,20.2884502958577,471.405610576909,20
"77",2020-05-16,1841,436,207,19,19.1,16,0,6,10,1,4,41,37,6,242,10,967,0.0134399998188019,25,0.04,1.41093546620781,1.50043636846911,16.4132736327027,454.018730385837,16
"78",2020-05-17,1852,396,212,15,17.7,11,0,8,3,1,2,41,39,5,243,3,353,0.0254999995231628,10,0.1,2.7552341134095,1.66042319917693,11.2421086516569,427.958342018715,11
"79",2020-05-18,1867,388,213,25,19.3,15,0,8,7,2,1,42,41,1,245,7,376,0.0398900008201599,17,0.0588199996948242,4.07088557333133,2.08192025700774,15.8346751475534,434.264851035815,15
"80",2020-05-19,1879,351,219,23,20.7,12,0,8,4,0,1,39,38,6,245,4,359,0.0390000009536743,31,0.225809993743896,5.38490003805894,2.70304537382878,12.6309111235118,406.362451088157,12
"81",2020-05-20,1894,337,223,17,20.1,15,0,9,6,3,1,40,39,4,248,6,675,0.0296300005912781,36,0.0555600023269653,3.09429120715661,2.94144572007945,15.5438047303149,367.543699019356,15
"82",2020-05-21,1902,323,229,11,18.1,8,0,1,7,0,1,37,36,6,248,7,478,0.0209200000762939,36,0,1.94547860631683,2.8418147809467,8.39889174321856,341.406004722799,8
"83",2020-05-22,1909,307,233,7,16.7,7,0,3,4,1,1,35,34,4,249,4,514,0.00583999991416931,14,0,0.568515143159664,2.74717716394867,7.06660894820131,312.112236774451,7
"84",2020-05-23,1918,303,236,6,14.9,9,1,3,5,1,0,34,34,3,250,6,582,0.00859000027179718,43,0,0.799900825309753,2.65988650096323,9.14057818849765,310.099198519131,9
"85",2020-05-24,1928,300,237,8,13.9,10,0,3,7,1,1,35,34,1,251,7,332,0.0150600004196167,25,0.04,1.68064989896716,2.50637447032861,10.3445925160844,314.768250689332,10
"86",2020-05-25,1943,296,240,6,11.1,15,1,7,7,0,1,34,33,3,251,8,401,0.0174600005149841,8,0,1.71184846124905,2.16936916860257,15.4011306536185,310.841834183886,15
"87",2020-05-26,1949,286,243,16,10.1,6,0,2,4,1,1,34,33,3,252,4,1123,0.00800999999046326,41,0.0731699991226196,1.03051545990701,1.54731422886658,6.12073829820628,294.632788321749,6
"88",2020-05-27,1954,260,243,8,8.9,5,0,1,4,1,1,32,31,0,253,4,1150,0.00957000017166138,13,0.0769199991226196,1.03228376491871,1.25274173711831,5.12094547815275,267.861456079929,5
"89",2020-05-28,1958,235,244,4,7.9,4,0,2,2,1,1,30,29,1,254,2,1403,0.00284999996423721,88,0,0.268179071081476,1.01312751779898,4.01571033425342,236.845964274777,4
"90",2020-05-29,1965,226,247,7,7.9,7,0,3,4,2,1,31,30,3,256,4,1380,0.0065200001001358,37,0,0.634975309681539,1.0226218273021,7.07439562168322,230.203352625102,7
"91",2020-05-30,1968,209,248,15,9.1,3,1,1,1,0,1,31,30,1,256,2,1020,0.0127499997615814,119,0,1.1417910234252,1.07146328417574,3.0668878393576,215.989779212869,3
"92",2020-05-31,1972,194,249,10,9.4,4,0,1,3,3,1,34,33,1,259,3,1309,0.00535000026226044,11,0.0909099960327148,0.606300022701423,0.917984730423488,4.05327695395516,197.445243022434,4
"93",2020-06-01,1983,185,250,5,9.3,11,0,5,6,2,1,33,32,1,261,6,763,0.00130999997258186,20,0,0.127653892602805,0.691671220616881,11.0224344723858,185.691729565228,11
"94",2020-06-02,1986,167,251,8,8.1,3,0,1,2,0,1,28,27,1,261,2,858,0.0104900002479553,9,0,1.03811075118174,0.692756262227556,3.06081409271562,172.077976741754,3
"95",2020-06-03,1996,157,251,8,8.1,10,0,7,3,0,1,23,22,0,261,3,1110,0.00449999988079071,141,0,0.399280564962245,0.602327233662346,10.035085686093,158.836150905534,10
"96",2020-06-04,2003,146,254,8,8.7,7,0,2,5,0,0,20,20,3,261,5,1430,0.00559000015258789,21,0,0.550909732474203,0.642717328147021,7.08068280650808,148.355937950036,7
"97",2020-06-05,2007,137,256,15,9.9,4,0,1,3,1,0,21,21,2,262,3,1366,0.00952000021934509,29,0,0.932209340474939,0.685179332546079,4.08191534265126,140.740800647741,4
"98",2020-06-06,2010,128,257,2,8,3,0,0,3,0,0,21,21,1,262,3,1404,0.000710000023245811,68,0,0.0677201109128477,0.5317406307586,3.00595071927404,128.253897355693,3
"99",2020-06-07,2011,118,258,4,7.1,1,0,0,1,0,0,20,20,1,262,1,870,0.00230000004172325,22,0,0.22432735832951,0.477173107276898,1.00657071740783,118.775344654124,1
"100",2020-06-08,2014,110,258,0,6.4,3,0,0,3,0,0,19,19,0,262,3,701,0.0014300000667572,12,0,0.140593274445554,0.47902159039729,3.01235424893383,110.452989127574,3
"101",2020-06-09,2024,107,259,3,5.7,10,0,3,7,0,0,18,18,1,262,7,1338,0.00224000006914139,10,0,0.222338285794598,0.362482666770557,10.0455871918184,107.696832789225,10
"102",2020-06-10,2034,105,259,7,5.6,10,0,4,6,0,0,17,17,0,262,6,1281,0.00233999997377396,12,0,0.231828303666237,0.338560915156841,10.0407425545026,105.712994703796,10
"103",2020-06-11,2041,104,260,5,5.1,7,0,2,5,0,0,16,16,1,262,5,1529,0.00326999992132187,6,0,0.325721816267175,0.306391212841551,7.0477031875246,104.992226300512,7
"104",2020-06-12,2045,107,260,10,4.4,4,0,2,2,0,0,16,16,0,262,2,1596,0.00814999997615814,13,0,0.808415162333648,0.288706330249938,4.04735817886377,109.533662569212,4
"105",2020-06-13,2048,105,260,6,5,3,0,3,0,0,0,16,16,0,262,0,1479,0.00270000010728836,23,0.0434800004959106,0.332446083228058,0.326524326294968,3,106.022447617011,3
"106",2020-06-14,2051,102,260,1,4.6,3,0,1,2,0,0,16,16,0,262,2,768,0,13,0,0,0.294477560819324,3,102,3
"107",2020-06-15,2056,100,260,2,4.9,5,0,2,3,0,0,14,14,0,262,3,720,0.00555999994277954,17,0,0.543175028331244,0.351989239945851,5.04773001796216,101.591000598739,5
"108",2020-06-16,2060,99,260,3,4.9,4,0,1,3,1,0,14,14,0,263,3,1250,0.000799999982118607,14,0,0.0791139222822989,0.331528616586952,4.00695191924267,99.2294133350079,4
"109",2020-06-17,2063,89,260,8,5,3,0,0,3,1,1,6,5,0,264,3,1098,0.0091100001335144,26,0,0.889927059305944,0.425542724535481,3.07819990299661,91.3199304555662,3
"110",2020-06-18,2065,75,260,2,4.6,2,0,0,2,0,1,6,5,0,264,2,1304,0.00230000004172325,122,0,0.210322584460527,0.409057119991674,2.01232101405078,75.4620380269041,2
"111",2020-06-19,2068,73,260,5,3.9,3,0,0,3,0,1,5,4,0,264,3,1875,0.0010700000077486,19,0,0.105926611115556,0.308701612674804,3.00930801083906,73.2264949304172,3
"112",2020-06-20,2074,73,261,1,3.1,6,0,0,6,1,1,5,4,1,265,6,1792,0.000560000017285347,158,0,0.0514625656910432,0.268561110169516,6.00904426402797,73.1100385456736,6
"113",2020-06-21,2080,77,261,1,3.1,6,0,0,6,0,1,4,3,0,265,6,1102,0.00363000005483627,86,0,0.336722227308886,0.316664285499357,6.05917708701406,77.7594392833471,6
"114",2020-06-22,2082,76,262,6,3.7,2,0,1,1,0,1,1,0,1,265,1,509,0.0039300000667572,10,0,0.385427752211833,0.294128960339441,2.01128946937092,76.8579996721901,2
"115",2020-06-23,2091,81,262,4,3.9,9,0,0,9,0,1,1,0,0,265,9,1255,0.00158999994397163,20,0,0.156505876837992,0.305184953847397,9.04125757586248,81.3713181827624,9
"116",2020-06-24,2093,75,263,3,3.1,2,0,0,2,1,1,2,1,1,266,2,1733,0.00289000004529953,24,0,0.285052366448724,0.218774283439223,2.01669879733187,75.6262048999451,2
"117",2020-06-25,2099,73,263,6,3.7,6,0,0,6,0,1,2,1,0,266,6,1796,0.00277999997138977,21,0.0476200008392334,0.32982388366758,0.235845897611659,6.05796474090559,73.705237681018,6
"118",2020-06-26,2103,67,263,6,3.9,4,0,0,4,0,1,2,1,0,266,4,2028,0.00196999996900558,23,0,0.194790830674954,0.248540786120145,4.02282228100101,67.3822732067669,4
"119",2020-06-27,2106,69,263,3,4.1,3,0,0,3,0,1,1,0,0,266,3,1574,0.000640000030398369,80,0,0.0609044768952257,0.249889630577885,3.00535181410146,69.1230917243336,3
"120",2020-06-28,2108,68,263,2,4.3,2,0,0,2,0,1,1,0,0,266,2,880,0.00114000000059605,12,0,0.112466367771808,0.217853079215445,2.00658844936273,68.2240072783327,2
"121",2020-06-29,2112,69,263,1,3.6,4,0,0,4,2,1,3,2,0,268,4,854,0.00351000010967255,8,0,0.347742470262222,0.212469467508358,4.04074255623229,69.7028090950071,4
"122",2020-06-30,2115,68,263,10,4.4,3,0,0,3,0,1,3,2,0,268,3,1605,0.00435999989509583,11,0,0.433032167798812,0.251973223359904,3.03805151575309,68.8625010237367,3
"123",2020-07-01,2117,67,263,4,4.6,2,0,0,2,0,2,3,1,0,268,2,1601,0.00312000006437302,15,0,0.309103966773589,0.255409166263456,2.01810777633575,67.6066105072476,2
"124",2020-07-02,2123,66,263,4,4.3,6,0,1,5,0,1,3,2,0,268,5,1012,0.00197999998927116,12,0,0.195679686439689,0.236245709516614,6.0286580275278,66.3782859633669,6
"125",2020-07-03,2131,74,263,4,4,8,0,0,8,0,1,3,2,0,268,8,1334,0.00300000011920929,14,0,0.296884284794154,0.2508304886765,8.0695677157788,74.6435013709539,8
"126",2020-07-04,2135,75,263,4,4.1,4,0,0,4,0,1,3,2,0,268,4,1257,0.00317999988794327,40,0,0.308192741645697,0.286157383640853,4.03610879078824,75.6770398272795,4
"127",2020-07-05,2137,72,263,5,4.6,2,0,0,2,0,1,2,1,0,268,2,734,0.00272000014781952,47,0,0.255631255889824,0.306609510514855,2.01497526432416,72.5391095156696,2
"128",2020-07-06,2143,72,263,0,4.4,6,0,1,5,0,1,2,1,0,268,5,602,0,10,0,0,0.256932014763109,6,72,6
"129",2020-07-07,2150,73,263,6,3.9,7,0,1,6,0,1,1,0,0,268,6,1272,0.0039300000667572,21,0,0.386617175940847,0.250301301640543,7.0679458509307,73.8266745196568,7
"130",2020-07-08,2163,79,263,5,4,13,0,1,12,0,1,1,0,0,268,12,1684,0.00296999990940094,39,0,0.29027741424441,0.247611794136374,13.1020293310498,79.6716930960777,13
"131",2020-07-09,2171,83,263,5,4.1,8,0,0,8,1,0,2,2,0,269,8,1504,0.00266000002622604,41,0,0.258941102876632,0.256649139341652,8.06067664060043,83.6295201462295,8
"132",2020-07-10,2187,96,263,12,5.3,16,0,0,16,0,0,2,2,0,269,16,1900,0.00684000015258789,14,0.0714300012588501,0.73124453017455,0.318700602967423,16.3426992552014,98.0561955312087,16
"133",2020-07-11,2194,101,263,7,5.7,7,0,0,7,1,1,2,1,0,270,7,1571,0.00381999999284744,25,0,0.376016290022765,0.328389681307004,7.07709660384789,102.11239385552,7
"134",2020-07-12,2217,121,263,9,6.3,23,0,2,21,1,1,3,2,0,271,21,1068,0.00842999994754791,13,0,0.832862159480219,0.410851238962775,23.5122983684999,123.951814408975,23
"135",2020-07-13,2240,139,263,6,7.1,23,0,2,21,0,0,3,3,0,271,21,808,0.00619000017642975,65,0,0.572911814725686,0.492695783923587,23.3524013963624,141.332561623542,23
"136",2020-07-14,2259,149,263,4,6.9,19,0,2,17,1,0,4,4,0,272,17,1406,0.00356000006198883,66,0,0.340038049399205,0.486041622989067,19.169319502987,150.484035643827,19
"137",2020-07-15,2280,168,263,15,8.3,21,0,0,21,1,0,5,5,0,273,21,1404,0.00782999992370605,46,0,0.758159992612641,0.552881991327385,21.46634863027,171.73078904216,21
"138",2020-07-16,2302,186,263,7,8.6,22,0,1,21,0,0,5,5,0,273,21,1695,0.00708000004291534,25,0.04,0.755848841438459,0.623868811121932,22.4649270277126,190.117925102597,22
"139",2020-07-17,2332,213,263,17,9.3,30,0,0,29,0,1,5,4,0,273,29,1787,0.00726999998092651,21,0,0.718555860946663,0.622056144089377,29.6103642401725,217.483020108853,30
"140",2020-07-18,2358,232,263,16,10.6,26,0,0,24,2,1,6,5,0,275,24,1551,0.00708999991416931,81,0,0.673810653607635,0.664598196030073,24.4736741259788,236.578849884462,26
"141",2020-07-19,2376,250,263,28,13.3,18,0,0,18,0,1,6,5,0,275,18,2025,0.0212299990653992,22,0,2.10018310246377,0.845644045027723,19.1072870287766,265.378986510786,18
"142",2020-07-20,2406,275,263,47,19.1,30,0,0,27,2,3,8,5,0,277,27,1548,0.0148599994182587,35,0.0285700011253357,1.51631264301018,0.980415591925508,28.1991763855295,287.213833556319,30
"143",2020-07-21,2430,294,263,23,21.9,24,0,0,23,0,3,8,5,0,277,23,1428,0.0161099994182587,15,0,1.59425358068423,1.15958923925194,24.0740284473618,307.728885370624,24
"144",2020-07-22,2457,314,263,13,21.6,27,0,1,23,2,3,9,6,0,279,23,1771,0.00902999997138977,16,0,0.894914938406899,1.17912566007969,24.6028928606235,322.230798184165,27
"145",2020-07-23,2476,322,263,29,24.7,19,0,1,17,1,3,10,7,0,280,17,1667,0.0101999998092651,32,0,1.0007886805206,1.21411706566285,18.4983355312152,331.439061238311,19
"146",2020-07-24,2499,337,263,34,27.1,23,0,1,18,0,3,7,4,0,280,18,2036,0.0122800004482269,83,0,1.17989999587494,1.28002337065261,19.6220828837034,348.646773989336,23
"147",2020-07-25,2511,336,263,26,28.6,12,0,1,10,0,3,7,4,0,280,10,2126,0.00800000011920929,320,0,0.695339339878943,1.28309889726279,11.203670133635,342.843316490135,12
"148",2020-07-26,2518,338,263,21,27.6,7,0,0,6,2,4,9,5,0,282,6,1816,0.0121099996566772,73,0,1.16420113163186,1.14938718714395,6.20460197183612,349.525911080102,7
"149",2020-07-27,2533,340,264,22,24,15,0,1,13,1,4,9,5,1,283,13,1601,0.00874000012874603,24,0,0.861091704992147,1.05578419599852,14.3278863259135,348.575488523891,15
"150",2020-07-28,2553,330,264,14,22.7,20,0,1,18,1,4,10,6,0,284,18,1488,0.00739000022411346,24,0,0.727269863325452,0.931929379232976,19.3834410843205,337.029753212543,20
"151",2020-07-29,2569,324,264,20,23.7,16,2,2,12,2,4,11,7,0,286,14,2254,0.00620999991893768,52,0,0.606996522865808,0.89079817701282,16.2489113993311,329.760520955949,16
"152",2020-07-30,2589,334,264,19,22.3,20,1,0,18,1,4,12,8,0,287,19,1891,0.00898999989032745,134,0,0.83951060704243,0.867758452230225,19.4672080704548,342.213026080627,20
"153",2020-07-31,2599,321,264,18,20,10,0,1,9,1,3,13,10,0,288,9,2129,0.00797999978065491,207,0,0.727286795077667,0.803099423544901,10.1917250056543,327.838191868338,10
"154",2020-08-01,2617,309,264,15,18.4,18,0,0,18,1,2,13,11,0,289,18,1629,0.00551999986171722,83,0.0120500004291534,0.58365828331525,0.787144986892945,18.307724238708,314.282599431153,18
"155",2020-08-02,2625,294,264,2,15.7,8,0,0,8,0,2,13,11,0,289,8,1340,0.00149000003933907,11,0,0.147786828476266,0.641942943585003,8.03463030078004,295.272663553666,8
"156",2020-08-03,2634,280,264,10,14,9,0,1,7,0,1,12,11,0,289,7,1046,0.0114699995517731,47,0,1.09767790769942,0.675740972543185,8.22506269288855,289.002507715542,9
"157",2020-08-04,2646,268,264,20,14.9,12,0,1,11,1,1,11,10,0,290,11,1699,0.0058899998664856,12,0,0.584869069150148,0.655398001946713,12.1884438145595,272.591176572903,12
"158",2020-08-05,2655,248,264,12,13.7,9,1,0,8,1,1,12,11,0,291,9,1599,0.005,70,0,0.479029358897543,0.637116978522675,9.12628017883016,251.47972048332,9
"159",2020-08-06,2665,224,264,13,12.9,10,0,0,10,1,2,10,8,0,292,10,1639,0.00305000007152557,10,0,0.303150401287472,0.560494091986252,10.088795037474,225.989008839418,10
"160",2020-08-07,2677,225,264,6,11.1,12,0,3,9,1,2,10,8,0,293,9,1689,0,39,0,0,0.456595978403729,12,225,12
"161",2020-08-08,2683,208,264,14,11,6,1,1,4,0,1,10,9,0,293,5,1518,0.00725000023841858,95,0,0.682300084433937,0.470687664277827,6.09992541871714,212.156897418633,6
"162",2020-08-09,2685,199,264,16,13,2,0,1,1,2,2,12,10,0,295,1,1589,0.00441000014543533,102,0,0.414399185753799,0.508775143888903,2.01213806449602,201.415474834708,2
"163",2020-08-10,2697,200,264,8,12.7,12,2,0,10,0,1,12,11,0,295,12,1384,0.00578000009059906,27,0,0.566939767922686,0.432955409635084,12.1992731174667,203.321218624446,12
"164",2020-08-11,2710,204,264,8,11,13,2,1,10,0,1,12,11,0,295,12,1460,0.00342000007629395,41,0,0.332658235269098,0.396925290509219,13.1169257253481,205.987737330918,13
"165",2020-08-12,2717,187,264,12,11,7,3,0,4,0,2,10,8,0,295,7,1486,0.00268999993801117,7,0,0.267738774808078,0.366740921353581,7.05489589361899,188.466504586679,7
"166",2020-08-13,2739,190,264,11,10.7,22,0,0,22,0,2,9,7,0,295,22,1689,0.00532999992370605,56,0,0.515895121555273,0.397133024248982,22.3324410530369,192.871081821682,22
"167",2020-08-14,2750,185,264,6,10.7,11,4,1,6,1,2,10,8,0,296,10,1882,0.00477999985218048,36,0,0.469028139822923,0.464137044223685,11.1373818773621,187.541564731199,11
"168",2020-08-15,2754,177,264,2,9,4,0,0,4,1,2,11,9,0,297,4,2044,0.00734000027179718,21,0,0.726535620123653,0.470456406465073,4.0851231037018,180.766697338805,4
"169",2020-08-16,2758,158,264,26,10.4,4,0,1,3,0,2,11,9,0,297,3,1196,0.00501999974250793,22,0,0.492932651234769,0.481675472962354,4.04331510667906,160.281262285097,4
"170",2020-08-17,2782,173,265,8,10.4,24,1,4,19,1,1,9,8,1,298,20,1358,0.00662999987602234,32,0,0.647736678535132,0.493217888764132,24.3794539106632,176.282276327237,24
"171",2020-08-18,2808,192,265,15,11.4,26,1,1,24,0,1,7,6,0,298,25,1888,0.00583000004291534,77,0.0519500017166138,0.763724692783889,0.554798811266245,26.5592517973551,196.295053803687,26
"172",2020-08-19,2832,201,265,23,13,24,4,3,15,2,1,7,6,0,300,19,1519,0.0118499994277954,25,0.04,1.23057960691847,0.69234750156773,22.6848474800276,208.244965446608,24
"173",2020-08-20,2849,209,266,24,14.9,17,1,0,16,3,0,6,6,1,303,17,1607,0.00995999991893768,103,0,0.936007009925898,0.752363485620677,17.4660779639013,214.730017320905,17
"174",2020-08-21,2870,216,266,16,16.3,21,3,2,16,0,0,6,6,0,303,19,1804,0.00721000015735626,116,0.00861999988555908,0.729518764093518,0.789576431945047,21.4059949347555,220.615521363536,21
"175",2020-08-22,2889,226,266,16,18.3,19,1,0,18,1,0,7,7,0,304,19,1864,0.00589999973773956,73,0,0.56776455917122,0.766894851808986,19.3159747857118,229.758436924782,19
"176",2020-08-23,2906,236,266,13,16.4,17,1,1,15,0,0,7,7,0,304,16,694,0.0172899997234344,5,0,1.71663230444399,0.941709087981731,17.8045032652036,247.866423161753,17
"177",2020-08-24,2925,252,266,19,18,19,2,0,17,1,1,8,7,0,305,19,1142,0.00962999999523163,58,0,0.91645499954621,0.980097419554742,19.5100294962384,258.764601739583,19
"178",2020-08-25,2939,254,266,23,19.1,14,0,1,13,4,2,11,9,0,309,13,1647,0.0145700001716614,73,0,1.3951622257399,1.0703027814056,14.5312495911865,264.37979970472,14
"179",2020-08-26,2957,262,266,15,18,18,1,4,13,0,2,11,9,0,309,14,1832,0.0049099999666214,41,0,0.480251998870817,0.963113123113079,18.1969372023848,265.685539073202,18
"180",2020-08-27,2970,265,266,16,16.9,13,1,3,9,1,2,9,7,0,310,10,1469,0.00612999975681305,9,0,0.609267228874044,0.916436011534243,13.1784589635699,269.729162534602,13
"181",2020-08-28,2998,275,266,20,17.4,28,0,3,21,1,1,9,8,0,311,21,2137,0.00607999980449677,35,0,0.598202559033591,0.897676553668539,24.3679578805893,279.818496055336,28
"182",2020-08-29,3019,289,266,12,16.9,21,0,2,18,0,1,9,8,0,311,18,1790,0.00726000010967255,11,0.0909099960327148,0.777091068999096,0.927580340786807,20.4097084963075,295.578097524048,21
"183",2020-08-30,3039,303,267,16,17.3,20,0,6,12,2,1,10,9,1,313,12,1402,0.00428000003099442,33,0,0.418157494317364,0.742083939340146,18.1469777782392,306.711188900539,20
"184",2020-08-31,3060,313,267,13,16.4,21,1,3,17,1,1,11,10,0,314,18,1353,0.00517000019550323,54,0,0.497157801315982,0.682184339592971,21.2621182810234,317.557945664463,21
"185",2020-09-01,3085,317,267,18,15.7,25,1,2,22,0,1,11,10,0,314,23,1361,0.0154299998283386,22,0.0909099960327148,1.66306939111269,0.720456791789084,26.1203887873503,332.441880243045,25
"186",2020-09-02,3121,327,267,15,15.7,36,1,9,26,0,1,9,8,0,314,27,1528,0.00261999994516373,51,0,0.253537676770752,0.688069031489075,36.2005103605955,329.428403256101,36
"187",2020-09-03,3143,328,267,24,16.9,22,1,4,17,1,1,8,7,0,315,18,1493,0.00938000023365021,133,0.00751999974250793,0.922785997207461,0.732857426965277,22.4865237530222,336.86554394396,22
"188",2020-09-04,3165,332,267,24,17.4,22,0,3,19,3,1,11,10,0,318,19,2705,0.00813000023365021,258,0.00774999976158142,0.809691210614641,0.763070091476856,22.4506128511088,339.873866661481,22
"189",2020-09-05,3190,339,267,17,18.1,25,1,11,13,2,1,13,12,0,320,14,2256,0.00398999989032745,164,0,0.371960320354493,0.705194270241913,25.1525299739741,342.693404369801,25
"190",2020-09-06,3211,341,267,27,19.7,21,1,3,16,1,1,14,13,0,321,17,1310,0.00611000001430511,192,0.03125,0.932363516560565,0.778652273419513,20.4642637125643,350.312583881437,21
"191",2020-09-07,3252,366,267,29,22,41,2,6,33,0,1,12,11,0,321,35,1290,0.0147300004959106,44,0,1.4244153403092,0.911117636132829,42.4602769630011,381.270324813097,41
"192",2020-09-08,3304,403,267,24,22.9,52,0,14,36,3,1,14,13,0,324,36,1097,0.0127600002288818,4,0,1.27136423715562,0.855159756996104,51.3406118038007,418.007404359213,52
"193",2020-09-09,3349,434,267,15,22.9,45,2,10,31,0,1,13,12,0,324,33,1587,0.0144900000095367,29,0,1.42299690687715,1.02222536129702,44.3754615146321,452.08940295001,45
"194",2020-09-10,3426,496,267,33,24.1,77,1,21,52,2,2,14,12,0,326,53,1959,0.0127600002288818,61,0,1.23746734892968,1.06717984011448,75.9210566224503,513.978190278026,77
"195",2020-09-11,3456,510,267,60,29.3,30,0,1,25,0,1,12,11,0,326,25,2314,0.0155599999427795,93,0.0752699995040894,1.78670335776785,1.20675300399351,27.3083472010442,536.690282901301,30
"196",2020-09-12,3505,535,269,47,33.6,49,0,4,42,1,0,12,12,2,327,42,1900,0.0168400001525879,26,0,1.66126688940379,1.39093965671483,48.0437098922001,561.032971245882,49
"197",2020-09-13,3540,548,270,31,34.1,35,1,5,29,1,1,11,10,1,328,30,1199,0.0166799998283386,44,0,1.6089557356539,1.48759568801388,36.4138257864876,573.825884366506,35
"198",2020-09-14,3608,598,272,59,38.4,68,0,19,49,1,1,11,10,2,329,49,2394,0.0141999995708466,218,0.0412799978256226,1.6460121936674,1.51925238135077,70.3624339523004,626.831336805625,68
"199",2020-09-15,3680,646,273,41,40.9,72,0,14,55,1,1,11,10,1,330,55,2961,0.0121599996089935,28,0,1.20460886056306,1.5097158989804,70.9406145811957,668.79340035368,72
"200",2020-09-16,3756,684,274,41,44.6,76,0,7,66,1,0,11,11,1,331,66,1887,0.0190799999237061,162,0.00616999983787537,1.80592971350753,1.56442058564189,76.4912048045296,720.181577065125,76
"201",2020-09-17,3806,709,278,57,48,50,2,4,38,2,2,11,9,4,333,40,2512,0.0191100001335144,208,0.00481000006198883,1.80164707162801,1.6450176888845,46.1108640273706,746.415064885143,50
"202",2020-09-18,3894,777,278,46,46,88,1,6,78,0,2,11,9,0,333,79,2409,0.0128699994087219,281,0.0213499999046326,1.37558284568077,1.58628618715778,88.183056811126,808.306773952467,88
"203",2020-09-19,3964,828,280,46,45.9,70,2,4,60,0,2,10,8,2,333,62,2101,0.0214199995994568,161,0,1.98954107685494,1.6331824996508,69.6130597785654,876.251830591163,70
"204",2020-09-20,4007,860,280,76,52.3,43,1,4,34,2,2,11,9,0,335,35,2847,0.0186199998855591,112,0,1.79152212484578,1.6592634123925,40.8366261676536,905.128528690917,43
"205",2020-09-21,4116,940,280,56,51.9,109,2,22,82,1,3,12,9,0,336,84,2949,0.0189900004863739,73,0,1.85312744653596,1.68885130565944,110.559477972082,991.022729687586,109
"206",2020-09-22,4226,1020,280,85,58.1,110,0,27,82,3,3,15,12,0,339,82,2507,0.0135599994659424,64,0.03125,1.40003573166541,1.71676943010263,112.362664350065,1061.82826386666,110
"207",2020-09-23,4333,1080,281,67,61.9,107,0,26,76,2,3,16,13,1,341,76,1896,0.0168799996376038,7,0.571430015563965,1.89198578149472,1.7290631541008,106.211744408635,1139.85110475428,107
"208",2020-09-24,4434,1133,282,38,59.1,101,2,18,75,2,3,18,15,1,343,77,2730,0.0128199994564056,55,0,1.25668217292593,1.65121102571479,97.8343059394369,1174.70478739457,101
"209",2020-09-25,4553,1196,284,57,60.7,119,5,16,86,3,3,20,17,2,346,91,3291,0.0133700001239777,59,0.0339000010490417,1.37315732745982,1.6508645231118,110.660093993174,1244.10409248172,119
"210",2020-09-26,4638,1243,286,76,65,85,3,14,66,3,4,21,17,2,349,69,3437,0.0299699997901917,12,0,2.98657260883992,1.79329759910965,89.0360484320735,1351.73635074011,85
"211",2020-09-27,4720,1273,287,109,69.7,82,2,12,64,2,4,22,18,1,351,66,2684,0.0331599998474121,13,0,3.30001629923819,2.00879676687999,84.3795576720148,1396.0481350981,82
"212",2020-09-28,4835,1343,288,86,74,115,3,11,97,6,4,27,23,1,357,100,3135,0.0258400011062622,192,0.0104200005531311,2.49501182970644,2.10049453590435,118.308077705852,1441.14748358959,115
"213",2020-09-29,4942,1374,291,58,70.1,107,5,18,74,4,3,27,24,3,361,79,2165,0.0263299989700317,79,0.0253200006484985,2.62944419881239,2.27612431692535,103.084453795557,1479.82328500121,107
"214",2020-09-30,5025,1404,291,108,76,83,1,10,67,5,5,30,25,0,366,68,3170,0.0305999994277954,281,0.0142299997806549,2.92670611777674,2.42394150782278,83.829329113332,1524.35850110468,83
"215",2020-10-01,5126,1440,293,105,85.6,101,2,11,78,3,5,29,24,2,369,80,3844,0.0226300001144409,120,0.00833000004291534,2.21971040476944,2.56151696951471,96.2013592655236,1533.62446677943,101
"216",2020-10-02,5222,1490,294,115,93.9,96,0,13,79,1,5,29,24,1,370,79,3362,0.021710000038147,197,0,2.05082945007727,2.65832727274577,96.745556888866,1579.50480714443,96
"217",2020-10-03,5294,1502,295,65,92.3,72,2,6,63,5,6,31,25,1,375,65,3113,0.0301999998092651,485,0.0103100001811981,2.75188853513406,2.62480097650208,76.2393178094591,1623.06854384319,72
"218",2020-10-04,5351,1482,295,77,87.7,57,1,7,47,3,6,32,26,0,378,48,3118,0.0291899991035461,102,0,2.826534695803,2.55716074743991,58.9739839208979,1604.69675355772,57
"219",2020-10-05,5429,1483,295,82,87.1,78,3,13,59,3,6,33,27,0,381,62,3821,0.0177999997138977,238,0.00839999973773956,1.72488294763206,2.44714233571499,78.1324335412438,1557.92578938169,78
"220",2020-10-06,5504,1454,296,139,98.7,75,5,15,52,2,7,34,27,1,383,57,2158,0.0194599997997284,55,0,1.89763576899295,2.34259827431222,75.1682413728422,1534.81794659847,75
"221",2020-10-07,5605,1468,296,174,108.1,101,12,22,63,3,10,36,26,0,386,75,2268,0.0313100004196167,76,0,3.02948297575472,2.35728068259479,103.655187983009,1598.26421278744,101
"222",2020-10-08,5685,1427,296,85,105.3,80,5,14,55,2,9,36,27,0,388,60,2434,0.0271199989318848,182,0,2.52332100153699,2.40065362499015,78.4345984423354,1532.46953295354,80
"223",2020-10-09,5768,1428,296,96,102.6,83,5,19,57,2,9,37,28,0,390,62,2508,0.0207299995422363,247,0.00810000002384186,1.95976547578285,2.38764448580523,84.5589864910783,1509.97149531064,83
"224",2020-10-10,5833,1413,297,68,103,65,5,7,51,6,9,43,34,1,396,56,2628,0.0300600004196167,21,0,2.98216991705371,2.42054182607947,67.8916002588775,1536.42555653203,65
"225",2020-10-11,5897,1378,297,138,111.7,64,6,6,48,5,10,46,36,0,401,54,2660,0.0233100008964539,238,0.0168099999427795,2.2776184393012,2.34212521800778,63.6025106830667,1469.930735579,64
"226",2020-10-12,5958,1349,297,62,108.9,61,2,13,43,3,10,46,36,0,404,45,1994,0.0150499999523163,237,0.0126600003242493,1.47961093598233,2.30708635920068,59.9502513794241,1407.46420246318,61
"227",2020-10-13,6043,1370,298,74,99.6,85,4,10,68,1,7,45,38,1,405,72,2117,0.0302300000190735,18,0,2.9975133508374,2.4642117280356,88.3215586261468,1490.28521274752,85
"228",2020-10-14,6110,1375,300,84,86.7,67,1,16,49,2,7,45,38,2,407,50,3004,0.0296300005912781,110,0.0363599991798401,2.98677333609447,2.45811035094128,70.3742421118127,1495.29165807485,67
"229",2020-10-15,6196,1400,300,107,89.9,86,3,25,52,5,8,49,41,0,412,55,2119,0.021710000038147,105,0.00952000021934509,2.11344829603708,2.39955710729844,83.4047471458708,1486.6662909858,86
"230",2020-10-16,6271,1420,301,77,87.1,75,2,10,59,4,8,47,39,1,416,61,3126,0.0214299988746643,280,0.0035699999332428,1.99617664308598,2.40475870262745,74.566640625763,1503.02671620629,75
"231",2020-10-17,6318,1402,302,64,86.6,47,1,10,36,6,8,50,42,1,422,37,3037,0.0214000010490417,149,0,2.03991849296735,2.2701513563294,49.2107777576857,1485.77055179123,47
"232",2020-10-18,6375,1369,305,74,77.4,57,1,11,40,2,6,49,43,3,424,41,1144,0.0271000003814697,37,0.0540500020980835,2.79443272769098,2.34398196895651,55.3558926745687,1481.05407491426,57
"233",2020-10-19,6439,1348,307,69,78.4,64,1,6,57,3,6,48,42,2,427,58,1334,0.0374799990653992,27,0,3.67364575703472,2.65741551482114,70.2410234834111,1493.04999406273,64
"234",2020-10-20,6517,1352,309,46,74.4,78,3,14,57,4,5,46,41,2,431,60,1595,0.0250799989700317,48,0.0208299994468689,2.49558358677117,2.58571126281168,78.3858514552338,1450.82785279127,78
"235",2020-10-21,6605,1376,312,69,72.3,88,1,46,40,4,4,45,41,3,435,41,2258,0.0305599999427795,446,0.00897000014781952,2.69989274913919,2.54472832181807,90.2423576381615,1484.81668561245,88
"236",2020-10-22,6670,1361,312,88,69.6,65,1,24,36,1,3,44,41,0,436,37,2238,0.0268099999427795,87,0.0114900004863739,2.62367354469914,2.6176176430555,63.8434268996757,1465.59200028267,65
"237",2020-10-23,6749,1363,313,92,71.7,79,1,13,64,2,3,37,34,1,438,65,2768,0.0245700001716614,65,0.0153799998760223,2.4359145946735,2.68043735042515,82.6377353425663,1460.24974264489,79
"238",2020-10-24,6814,1353,317,63,71.6,65,2,17,41,2,3,36,33,4,440,43,2358,0.0211999988555908,191,0,1.96114544140773,2.6691840573452,62.4700674106174,1430.72095829222,65
"239",2020-10-25,6884,1334,319,69,70.9,70,1,24,42,3,3,38,35,2,443,43,1751,0.0308400011062622,77,0,2.95409419787008,2.69199283879936,70.7206887627952,1449.4278792923,70
"240",2020-10-26,6957,1294,320,77,72,73,1,16,51,4,3,39,36,1,447,52,995,0.0392000007629395,121,0.0165299999713898,3.67420526484435,2.69207276848645,73.5962525615216,1433.26059258863,73
"241",2020-10-27,7035,1264,322,61,74.1,78,0,15,60,2,3,32,29,2,449,60,1354,0.0288000011444092,116,0,2.65273479928776,2.71452294170311,79.6620361030899,1362.21356057176,78
"242",2020-10-28,7147,1270,325,93,77.6,112,2,69,38,2,2,30,28,3,451,40,1900,0.0405299997329712,166,0.01807000041008,3.87253724882471,2.88204358451533,113.537181394695,1414.05550928155,112
"243",2020-10-29,7211,1254,326,65,74.3,64,0,18,42,9,2,38,36,1,460,42,2190,0.0292199993133545,96,0,2.79929127280168,2.90713183138712,63.4437207542415,1356.8196625195,64
"244",2020-10-30,7261,1223,328,122,78.6,50,1,9,36,4,2,41,39,2,464,37,2789,0.0358599996566772,105,0.0571400022506714,3.66320799166528,3.0824594595288,49.9700305564511,1354.22560460918,50
"245",2020-10-31,7300,1153,329,83,81.4,39,0,5,32,2,2,40,38,1,466,32,2352,0.0276399993896484,322,0,2.43116224997955,3.1496047178962,39.2787383917743,1235.10579267862,39
"246",2020-11-01,7350,1112,332,50,78.7,50,1,6,40,1,2,38,36,3,467,41,1714,0.0256699991226196,104,0,2.42015283257261,3.07332737999656,49.9064121249675,1190.82756787717,50
"247",2020-11-02,7414,1065,332,56,75.7,64,3,8,47,6,2,43,41,0,473,50,1030,0.0174800002574921,14,0.0714300012588501,1.82034677038705,2.80849045221695,60.6659664477724,1121.78508533755,64
"248",2020-11-03,7485,995,333,36,72.1,71,1,36,33,2,2,44,42,1,475,34,1456,0.0219799995422363,13,0,2.1785486271951,2.74074957048942,72.1695852651863,1058.49227467236,71
"249",2020-11-04,7550,918,337,53,66.4,65,5,1,51,1,1,41,40,4,476,56,1466,0.0272900009155273,295,0.0033899998664856,2.32863096551824,2.52019153001707,60.8196119438469,980.614352936633,65
"250",2020-11-05,7597,875,337,45,63.6,47,0,6,34,5,2,44,42,0,481,34,2536,0.0240499997138977,41,0,2.36673648717286,2.45839798921295,42.3569988500831,935.658058641844,47
"251",2020-11-06,7671,869,341,79,57.4,74,1,12,58,5,3,47,44,4,486,59,2342,0.0234800004959106,116,0.0258599996566772,2.35923194148076,2.27211569632945,75.0771172256662,929.051099476338,74
"252",2020-11-07,7706,836,346,75,56.3,35,3,4,25,3,4,47,43,5,489,28,2499,0.0276099991798401,142,0,2.61254782091709,2.2980279207491,34.1426578552831,899.973641679165,35
"253",2020-11-08,7743,774,346,47,55.9,37,1,5,29,1,4,48,44,0,490,30,1176,0.0204099988937378,92,0.0108700001239777,1.97178223268467,2.23397497790797,36.73264963363,818.702360547654,37
"254",2020-11-09,7814,744,350,31,52.3,71,3,24,42,7,4,47,43,4,497,45,711,0.0210999989509583,20,0.1,2.3258685710166,2.3061923779979,72.0656899585381,794.686073981163,71
"255",2020-11-10,7881,753,350,52,54.6,67,0,11,54,3,5,48,43,0,500,54,1374,0.0334800004959106,17,0,3.30708272332,2.46741153458718,70.2308150632117,825.940810048119,67
"256",2020-11-11,7937,751,353,77,58,56,0,6,48,2,5,47,42,3,502,48,2375,0.0261100006103516,241,0.0290499997138977,2.63808491516187,2.51161924167912,57.7090317873625,809.03089317311,56
"257",2020-11-12,7979,741,355,60,60.1,42,1,8,31,3,3,44,41,2,505,32,2318,0.0215700006484985,214,0.00467000007629395,2.0141643570121,2.4612517945133,41.8878845489253,784.716326586052,42
"258",2020-11-13,8018,717,357,79,60.1,39,1,7,27,0,3,36,33,2,505,28,2719,0.0217000007629395,200,0,2.02131901591067,2.41297851943186,36.6577668101607,759.450671531615,39
"259",2020-11-14,8039,694,357,50,56.6,21,3,2,14,3,3,37,34,0,508,17,1710,0.015789999961853,245,0.0163300001621246,1.58576726212221,2.26629558246116,19.7896214119271,726.235132933964,21
"260",2020-11-15,8069,650,360,30,54.1,30,1,1,25,0,2,35,33,3,508,26,984,0.0152400004863739,306,0.00653999984264374,1.31762794034426,2.17284496926967,28.003452203234,675.08630508085,30
"261",2020-11-16,8113,612,363,11,51.3,44,0,3,39,3,2,33,31,3,511,39,735,0.0122399997711182,53,0,1.14167510555481,2.0036744742037,43.3041804499232,632.465600906487,44
"262",2020-11-17,8154,589,363,40,49.6,41,1,10,29,1,2,32,30,0,512,30,1828,0.020789999961853,38,0,2.03666237568421,1.82218585311287,41.7896612823479,624.137016510097,41
"263",2020-11-18,8196,582,363,66,48,42,3,6,31,1,2,32,30,0,513,34,2684,0.0204900002479553,20,0.05,2.07082694768905,1.74114900061676,42.0623067928676,617.301839807322,42
"264",2020-11-19,8216,563,364,53,47,20,2,1,17,0,2,30,28,1,513,19,2476,0.0121200001239777,187,0.0160399997234344,1.23952685900304,1.63048650090118,20.6898268434177,583.440658570745,20
"265",2020-11-20,8241,520,364,28,39.7,25,1,2,20,1,2,30,28,0,514,21,2643,0.00757000029087067,222,0.0225200009346008,0.872842966012306,1.46641849377284,23.5368907956195,533.294438748673,25
"266",2020-11-21,8270,488,365,27,36.4,29,4,4,19,2,2,31,29,1,516,23,1495,0.0187300002574921,71,0,1.7880811229215,1.49532047388702,28.2046076078964,513.558630984932,29
"267",2020-11-22,8297,475,368,26,35.9,27,3,4,19,3,4,31,27,3,519,22,1220,0.0147500002384186,36,0,1.4327229530948,1.51176261856567,26.9232417740278,494.933629211963,27
"268",2020-11-23,8337,458,370,20,37.1,40,2,9,26,1,3,27,24,2,520,28,922,0.0173500001430511,13,0,1.71087701945381,1.5930771776941,38.403160568318,480.951697867487,40
"269",2020-11-24,8380,467,370,21,34.4,43,2,7,33,1,3,23,20,0,521,35,1403,0.00855000019073486,41,0.0975599956512451,1.10772923056108,1.46037244267651,43.135617843234,482.15238665115,43
"270",2020-11-25,8435,475,371,38,30.4,55,4,10,39,2,2,23,21,1,523,43,2618,0.0122200000286102,72,0.0138900005817413,1.22646989281736,1.33975000626627,54.5447417862986,492.064008104461,55
"271",2020-11-26,8480,490,372,60,31.4,45,3,4,37,3,2,23,21,1,526,40,3059,0.0143799996376038,224,0.00446000009775162,1.37031553193196,1.35843410239897,45.6055029911538,509.667411641635,45
"272",2020-11-27,8528,502,374,56,35.4,48,2,3,42,3,1,24,23,2,529,44,3154,0.0177600002288818,336,0.00298000007867813,1.63370546556817,1.46712874519267,49.1055084362429,526.021937158954,48
"273",2020-11-28,8572,504,375,60,40.1,44,2,3,39,2,1,25,24,1,531,41,2597,0.0119400000572205,191,0,1.1122015835223,1.3705745252785,45.3356661299448,520.418920231517,44
"274",2020-11-29,8617,516,377,22,39.6,45,0,4,38,5,1,28,27,2,536,38,898,0.0245000004768372,12,0,2.41769235474723,1.51128443980027,44.691009191639,552.541072181204,45
"275",2020-11-30,8660,522,378,47,43.4,43,1,7,34,1,1,25,24,1,537,35,1135,0.0229099988937378,61,0,2.17415123280873,1.57746647027955,44.2288884916543,555.242279789816,43
"276",2020-12-01,8714,544,378,34,45.3,54,2,12,39,3,1,27,26,0,540,41,1906,0.0141700005531311,113,0.0176999998092651,1.43675686145195,1.62447041754967,54.725431347373,566.893528121241,54
"277",2020-12-02,8756,558,379,49,46.9,42,1,5,34,6,1,31,30,1,546,35,2859,0.0101400005817413,81,0.0123500001430511,1.0200888324757,1.59498740892943,41.0457709771334,574.672577292584,42
"278",2020-12-03,8794,557,380,38,43.7,38,0,5,32,3,1,33,32,1,549,32,3327,0.0102199995517731,202,0,0.963500666158943,1.53687099953329,37.9030931434111,572.7194650275,38
"279",2020-12-04,8837,561,382,55,43.6,43,1,5,33,2,1,31,30,2,551,34,2994,0.0110199999809265,165,0.0121200001239777,1.10774548791865,1.46173385986907,40.1031878096103,579.20259885857,43
"280",2020-12-05,8872,550,382,46,41.6,35,3,2,29,1,1,31,30,0,552,32,2277,0.0184500002861023,209,0,1.68988940673592,1.54426069175673,35.5839403022214,577.22397394443,35
"281",2020-12-06,8911,544,383,33,43.1,39,0,7,30,1,2,31,29,1,553,30,1397,0.0157500004768372,20,0,1.55276998349623,1.42070035300659,38.3644540955992,568.742100933533,39
"282",2020-12-07,8965,547,384,23,39.7,54,0,4,45,2,1,30,29,1,555,45,1068,0.0168499994277954,25,0.04,1.73795053878184,1.3583859681456,51.2907646552232,574.845517031269,54
"283",2020-12-08,9012,551,384,57,43,47,1,1,44,0,1,27,26,0,555,45,2367,0.01942999958992,69,0,1.88796424586784,1.4228441659193,48.4884953099935,581.470242573475,47
"284",2020-12-09,9065,560,386,36,41.1,53,2,3,46,1,3,24,21,2,556,48,2911,0.00962000012397766,167,0.00598999977111816,0.942305078709412,1.41173220109555,52.3248396479732,575.456462559687,53
"285",2020-12-10,9110,559,386,60,44.3,45,2,0,43,1,3,23,20,0,557,45,3091,0.0139100003242493,252,0.00397000014781952,1.3160709255012,1.46209938100158,46.7346919216805,580.548728538208,45
"286",2020-12-11,9149,543,386,48,43.3,39,6,2,30,1,2,23,21,0,558,36,3047,0.0118099999427795,32,0,1.16872587936503,1.47081086549392,39.2323830287923,561.588444017618,39
"287",2020-12-12,9182,532,387,59,45.1,33,2,5,26,0,2,20,18,1,558,28,2616,0.0156700003147125,24,0,1.55275457663969,1.45122017548018,34.2734778534296,556.196079215163,33
"288",2020-12-13,9221,529,388,30,44.7,39,5,2,32,0,2,19,17,1,558,37,1502,0.0119799995422363,47,0,1.16165005244925,1.39534589961632,40.258947407469,546.999545366245,39
"289",2020-12-14,9264,526,388,16,43.7,43,4,4,35,2,2,20,18,0,560,39,917,0.0174500000476837,20,0,1.70775347318313,1.39103203310222,44.9508340701986,552.311249254473,43
"290",2020-12-15,9310,534,389,54,43.3,46,1,7,37,1,1,20,19,1,561,38,2079,0.0134700000286102,49,0,1.31598355542672,1.30932050589635,46.464753708943,554.583644225673,46
"291",2020-12-16,9365,552,389,53,45.7,55,3,4,47,0,1,18,17,0,561,50,2312,0.0168700003623962,94,0,1.62109064164007,1.4062898720293,56.3741483379518,578.210597650988,55
"292",2020-12-17,9402,547,390,61,45.9,37,1,5,29,1,0,17,17,1,562,30,3207,0.0134099996089935,83,0.0241000008583069,1.36796865706023,1.41370383368059,36.2020649913483,568.917651675583,37
"293",2020-12-18,9443,534,390,25,42.6,41,3,4,34,0,0,16,16,0,562,37,3298,0.00727999985218048,170,0.00587999999523163,0.72113724082124,1.34976259960291,41.7815381730901,545.27949687649,41
"294",2020-12-19,9482,531,390,46,40.7,39,1,6,29,3,0,19,19,0,565,30,2799,0.0117900002002716,140,0,1.12283805922287,1.28834595425765,36.9866631921566,548.463938501172,39
"295",2020-12-20,9526,525,390,24,39.9,44,5,2,34,0,0,16,16,0,565,39,1360,0.0161800003051758,51,0,1.55951810170369,1.34518424700828,42.7814989655528,548.98171684398,44
"296",2020-12-21,9601,547,390,22,40.7,75,7,8,60,1,0,15,15,0,566,67,1365,0.00658999979496002,32,0.03125,0.715486737302822,1.20343185616823,76.4041287699232,558.463558763402,75
"297",2020-12-22,9685,591,390,73,43.4,84,5,7,70,2,0,15,15,0,568,75,3021,0.0225099992752075,48,0,2.21579367254486,1.33197615861368,86.8676700085021,629.357239666996,84
"298",2020-12-23,9785,658,390,52,43.3,100,5,6,88,1,1,13,12,0,569,93,2652,0.0199800002574921,199,0.0150800001621246,1.96379799070964,1.38093435133791,104.349464468969,695.848899146042,100
"299",2020-12-24,9860,685,390,49,41.6,75,11,6,56,2,1,13,12,0,571,67,3469,0.01557000041008,144,0,1.49494413015686,1.39907370463743,75.933798703934,714.994807644699,75
"300",2020-12-25,9925,716,390,47,44.7,65,6,2,56,0,1,10,9,0,571,62,2537,0.0295600008964539,161,0,2.77960423551903,1.69314041816568,69.0478355941057,774.294359441608,65
"301",2020-12-26,10017,758,390,95,51.7,92,5,4,82,2,2,12,10,0,573,87,951,0.0199800002574921,50,0,1.89819982466284,1.80390638465711,95.8371742128002,800.144575325317,92
"302",2020-12-27,10127,822,391,37,53.6,110,8,6,94,2,4,12,8,1,575,102,1480,0.0270300006866455,32,0.0625,2.77806885028012,1.97798506302517,116.299916515062,888.887562503734,110
"303",2020-12-28,10258,915,391,65,59.7,131,15,6,108,1,2,13,11,0,576,123,1188,0.04125,39,0.0256399989128113,4.07538385962507,2.45797036621406,143.682640993693,1024.22452446528,131
"304",2020-12-29,10379,993,391,112,65.3,121,5,15,101,3,4,12,8,0,579,106,1880,0.0505299997329712,25,0.04,5.03918107600976,2.8613114238519,136.645749661464,1139.5682020173,121
"305",2020-12-30,10516,1084,391,88,70.4,137,12,10,115,3,5,13,8,0,582,127,2458,0.0573600006103516,62,0,5.59487625000969,3.3800368894662,157.812524083713,1261.64390635233,137
"306",2020-12-31,10641,1171,391,147,84.4,125,0,9,116,2,5,13,8,0,584,116,2652,0.0331800007820129,144,0,3.14711595400208,3.6160614357298,135.693042210906,1278.94441749113,125
"307",2021-01-01,10758,1226,392,87,90.1,117,0,5,111,2,6,13,7,1,586,111,2759,0.0391400003433228,134,0.0149300003051758,3.80186246070242,3.76209832504171,128.360895292941,1362.52664530762,117
"308",2021-01-02,10871,1287,392,134,95.7,113,2,8,101,2,6,15,9,0,588,103,2369,0.0295499992370605,431,0,2.50014100687844,3.84808992250108,118.542794495962,1381.24831569227,113
"309",2021-01-03,10994,1314,393,106,105.6,123,0,5,118,4,5,19,14,1,592,118,1516,0.0600299978256226,126,0.0238100004196167,5.72506313986088,4.26908910672691,142.787586913479,1534.34651868061,123
"310",2021-01-04,11169,1426,393,117,113,175,4,30,140,5,8,21,13,0,597,144,1386,0.0533900022506714,155,0.00644999980926514,4.86685873393035,4.38215694591337,194.527770328776,1629.28194783913,175
"311",2021-01-05,11310,1499,395,105,112,141,2,19,120,6,8,23,15,2,603,122,2417,0.0575099992752075,97,0.0103100001811981,5.56888378145397,4.45782876097683,160.900250014328,1743.5120882908,141
"312",2021-01-06,11493,1593,395,132,118.3,183,11,42,129,7,7,28,21,0,610,140,2627,0.0513899993896484,211,0.0142200005054474,4.86264793880394,4.35322471651887,201.940287255482,1819.89198284274,183
"313",2021-01-07,11611,1630,395,186,123.9,118,2,7,108,6,9,32,23,0,616,110,2311,0.048899998664856,91,0.0109899997711182,4.74637747267502,4.58169064775786,132.292747103033,1856.61070707222,118
"314",2021-01-08,11741,1660,395,185,137.9,130,6,13,110,0,11,30,19,0,616,116,2661,0.0368300008773804,249,0,3.36785678126149,4.51968983640915,140.44305937521,1823.7541255418,130
"315",2021-01-09,11839,1669,397,155,140.9,98,6,2,90,4,11,30,19,2,620,96,3020,0.0324499988555908,375,0.00266999989748001,2.91606027998348,4.57910687542416,106.199705938321,1811.55530428185,98
"316",2021-01-10,11931,1653,397,114,142,92,5,3,82,5,11,34,23,0,625,87,1824,0.0509899997711182,78,0,4.88989272252995,4.45979681580546,102.460891984848,1889.75694771212,92
"317",2021-01-11,12095,1706,397,66,134.7,164,2,25,135,3,13,34,21,0,628,137,1608,0.0342000007629395,115,0,3.1917354165297,4.22049348474822,174.807902039996,1865.49110131557,164
"318",2021-01-12,12235,1734,398,161,142.7,140,1,22,115,4,13,35,22,1,632,116,2211,0.0705600023269653,74,0.0135099995136261,6.87124311198812,4.40654481768167,161.346611218584,2082.99158493986,140
"319",2021-01-13,12323,1722,402,172,148.4,88,0,9,75,3,11,35,24,4,635,75,2532,0.0375200009346008,173,0.0115600001811981,3.58597125315181,4.22416243401708,91.8776850645439,1902.87164908193,88
"320",2021-01-14,12415,1710,402,128,140.1,92,2,14,75,9,10,41,31,0,644,77,2581,0.0337100005149841,146,0,3.19052113418313,4.00189724280395,98.1958631986158,1869.80423467056,92
"321",2021-01-15,12509,1680,404,145,134.4,94,6,7,79,5,11,41,30,2,649,85,2923,0.0372900009155273,206,0.00485000014305115,3.51542897748657,4.02297898512182,100.752412977102,1852.9888682533,94
"322",2021-01-16,12570,1633,405,119,129.3,61,0,0,59,2,9,39,30,1,651,59,2470,0.0323900008201599,289,0,2.89972098679938,4.02064480038124,64.0111657853722,1771.6988767375,61
"323",2021-01-17,12650,1574,407,72,123.3,80,2,3,72,2,9,39,30,2,653,74,2036,0.026029999256134,32,0,2.56272139678379,3.68819175384607,82.5547390571605,1692.15080102663,80
"324",2021-01-18,12771,1595,408,63,122.9,121,2,45,72,7,10,43,33,1,660,74,1021,0.0391799998283386,48,0,3.74207481990025,3.7668116686133,127.111006207309,1769.8250662251,121
"325",2021-01-19,12845,1539,415,81,111.4,74,3,24,47,8,9,45,36,7,668,50,2337,0.0410799980163574,89,0,3.95729412053698,3.35053324126313,79.7956063761827,1717.3887642589,74
"326",2021-01-20,12906,1498,415,166,110.6,61,1,8,50,2,7,37,30,0,670,51,3065,0.0225099992752075,163,0.00612999975681305,2.16828803404187,3.14800706710457,62.2390503319132,1593.1391646511,61
"327",2021-01-21,12976,1464,417,81,103.9,70,1,9,59,3,7,37,30,2,673,60,2636,0.0242799997329712,117,0,2.32481217929939,3.02433435926403,73.0857300608062,1563.69181348367,70
"328",2021-01-22,13055,1434,418,95,96.7,79,1,3,74,5,6,37,31,1,678,75,2311,0.0307200002670288,111,0.00901000022888184,2.97250332958338,2.94677355242072,84.5300147242354,1558.85388152738,79
"329",2021-01-23,13103,1367,418,84,91.7,48,1,4,40,4,9,39,30,0,682,41,2122,0.0329900002479553,276,0,2.91929860409346,2.9495703548913,48.5058467156055,1483.89006000568,48
"330",2021-01-24,13149,1286,419,44,87.7,46,2,9,35,3,8,38,30,1,685,37,1247,0.0224499988555908,36,0,2.18200690357925,2.8951825701478,48.3647671934836,1368.19163813027,46
"331",2021-01-25,13212,1227,419,29,82.9,63,1,18,43,4,7,39,32,0,689,44,825,0.0206100010871887,48,0,1.94768051511233,2.63884052660667,64.5101573338061,1296.999160195,63
"332",2021-01-26,13275,1166,420,74,81.9,63,1,19,41,8,5,40,35,1,697,42,2354,0.024210000038147,79,0,2.34238964610761,2.40813988740247,63.8816350471267,1245.9996777369,63
"333",2021-01-27,13353,1127,422,80,69.6,78,1,26,50,1,4,30,26,2,698,51,2800,0.0196399998664856,175,0.00570999979972839,1.88205880978528,2.36724999822296,79.811472976287,1189.12804008383,78
"334",2021-01-28,13391,1066,422,66,67.4,38,1,3,33,3,5,30,25,0,701,34,2355,0.0212299990653992,209,0.0287100005149841,2.18397183723271,2.34712994935629,39.174986162114,1134.1922132004,38
"335",2021-01-29,13420,964,422,73,64.3,29,1,2,26,3,4,31,27,0,704,27,2847,0.0122899997234344,180,0.00555999994277954,1.18898015204222,2.09234092399327,29.9403053702447,997.572384330216,29
"336",2021-01-30,13439,867,423,42,58.3,19,1,6,12,2,5,33,28,1,706,13,2155,0.0157799994945526,216,0,1.43424288953019,1.88019010762709,19.5461307184696,903.422717916398,19
"337",2021-01-31,13481,808,424,25,55.6,42,3,5,34,4,6,32,26,1,710,37,922,0.0195200002193451,24,0,1.90247782264653,1.84025738177955,44.0618253470898,853.02580757969,42
"338",2021-02-01,13521,717,424,26,55.1,40,6,7,25,4,5,29,24,0,714,31,548,0.0292000007629395,29,0,2.77324097367259,1.95819459014531,40.5181398702472,775.242138289266,40
"339",2021-02-02,13563,653,425,59,53,42,4,5,31,3,5,27,22,1,717,35,2439,0.0221399998664856,107,0.0280399990081787,2.23879574109322,1.94339546085754,42.2951605146809,695.821137602475,42
"340",2021-02-03,13626,638,425,54,49.3,63,5,21,36,2,4,26,22,0,719,41,2865,0.0129100000858307,212,0,1.20205233168362,1.84625167827158,63.4435697715574,660.463354006185,63
"341",2021-02-04,13708,640,425,51,47.1,82,3,43,33,2,5,25,20,0,721,36,2814,0.0127900004386902,90,0,1.23936161275738,1.71130736048939,80.3068660881615,663.233174900649,82
"342",2021-02-05,13766,639,427,72,47,58,1,8,48,2,5,21,16,2,723,49,2435,0.0160199999809265,149,0,1.50962461120573,1.75711371179847,59.1666840929013,667.255329293141,58
"343",2021-02-06,13791,608,427,61,49.7,25,2,3,19,3,6,21,15,0,726,21,2369,0.0143499994277954,205,0.0146300005912781,1.43722994427581,1.75754043390498,24.8840485153884,633.595309397912,25
"344",2021-02-07,13816,563,429,33,50.9,25,1,2,19,3,4,23,19,2,729,20,1004,0.0249000000953674,75,0,2.31692308579693,1.81674690006933,23.35728847037,601.207670440915,25
"345",2021-02-08,13863,560,431,24,50.6,47,1,7,38,2,5,21,16,2,731,39,852,0.0140799999237061,29,0,1.36165266004513,1.61509142669397,47.5554694765406,582.334946329814,47
"346",2021-02-09,13918,578,431,43,48.3,55,5,8,39,0,2,19,17,0,731,44,2244,0.0178299999237061,149,0,1.67198160588368,1.5341179788069,54.1548384642313,606.306741643765,55
"347",2021-02-10,13975,595,432,40,46.3,57,0,6,50,3,4,20,16,1,734,50,2791,0.0125399994850159,100,0,1.21062395581734,1.53534249654029,57.7730044075022,616.098752449276,57
"348",2021-02-11,14035,621,433,51,46.3,60,1,11,46,1,3,16,13,1,735,47,2563,0.0152199995517731,58,0,1.48831968146488,1.57090793492707,60.0489182473134,648.071877267694,60
"349",2021-02-12,14086,624,435,52,43.4,51,1,7,41,3,2,16,14,2,738,42,2612,0.0157000005245209,173,0,1.47247401687787,1.56560070716595,50.8114546997207,650.913041252993,51
"350",2021-02-13,14118,622,435,46,41.3,32,0,3,28,6,2,21,19,0,744,28,2099,0.0219199991226196,46,0.0217400002479553,2.19161390068925,1.67336984379644,32.7974326450457,661.928682329229,32
"351",2021-02-14,14159,597,437,48,43.4,41,0,4,35,4,2,21,19,2,748,35,1175,0.0170200002193451,10,0,1.6876371525511,1.58347185333275,40.7301257477613,626.511002040386,41
"352",2021-02-15,14221,620,438,34,44.9,62,2,8,51,4,2,23,21,1,752,53,867,0.0265300011634827,26,0,2.57575711184093,1.75691534644644,64.9986309633182,666.7764376841,62
"353",2021-02-16,14272,615,438,60,47.3,51,3,13,32,3,2,24,22,0,755,35,1561,0.0333100008964539,23,0,3.28263329541443,1.98700844495083,51.365278120519,674.13274411769,51
"354",2021-02-17,14329,630,439,49,48.6,57,5,6,44,2,2,25,23,1,757,49,2063,0.0184200000762939,222,0,1.66303983183345,2.0516392843817,57.3868728177509,660.688364799655,57
"355",2021-02-18,14401,646,439,68,51,72,3,12,53,3,3,26,23,0,760,56,2348,0.0212899994850159,116,0,2.02877105482213,2.12884662343274,71.3277570671679,684.388054739116,72
"356",2021-02-19,14455,650,440,58,51.9,54,3,15,33,1,3,26,23,1,761,36,2576,0.0151400005817413,96,0,1.4596048465032,2.12700817052207,52.5391053396977,677.789401966764,54
"357",2021-02-20,14504,629,440,66,54.7,49,0,3,45,4,3,26,23,0,765,45,2384,0.0255900001525879,68,0,2.48803264126303,2.16935370488975,51.2794358115864,674.839225010841,49
"358",2021-02-21,14546,619,440,53,55.4,42,0,7,33,2,4,24,20,0,767,33,1000,0.03,28,0,2.91828793774319,2.34516095991719,42.8208021588674,671.911410192089,42
"359",2021-02-22,14611,634,440,32,55.1,65,0,11,54,1,6,23,17,0,768,54,863,0.0150600004196167,66,0,1.39900757396439,2.17705388307769,67.2128112610663,659.980043324371,65
"360",2021-02-23,14666,640,440,47,53.3,55,0,7,47,4,6,26,20,0,772,47,2036,0.019650000333786,84,0,1.88714154149001,1.97769791823134,56.5979625128765,675.376510813637,55
"361",2021-02-24,14712,647,441,60,54.9,46,2,10,34,1,6,24,18,1,773,36,2874,0.0187899994850159,41,0,1.85257147581255,2.00477386737122,47.9534757351797,682.108300018369,46
"362",2021-02-25,14745,643,441,43,51.3,33,1,5,25,1,6,23,17,0,774,26,2376,0.0185199999809265,128,0.00781000018119812,1.79725239528254,1.97169977315127,32.3687148098443,676.849370104995,33
"363",2021-02-26,14810,646,441,57,51.1,65,5,12,43,1,6,21,15,0,775,48,2639,0.0181900000572205,181,0,1.70224858691507,2.00636316463868,62.3932869190731,678.209653119192,65
"364",2021-02-27,14856,651,442,71,51.9,46,0,4,34,3,6,23,17,1,778,34,2535,0.0209100008010864,47,0.0212800002098083,2.09167358794016,1.94974044273542,40.0830676622615,690.884619062712,46
"365",2021-02-28,14921,662,442,49,51.3,65,2,8,54,7,6,28,22,0,785,56,1552,0.0257699990272522,94,0,2.42983222905804,1.87996105578039,67.98561057595,709.115610737123,65
"366",2021-03-01,14998,676,442,54,54.4,77,4,7,64,3,6,29,23,0,788,68,996,0.0291199994087219,45,0,2.78612098089212,2.07812011391293,80.5493156789917,731.166726455859,77
"367",2021-03-02,15061,685,443,61,56.4,63,1,6,54,3,4,29,25,1,791,55,2006,0.0259200000762939,41,0,2.54008403287961,2.17139761268287,65.0920536723965,735.964668465302,63
"368",2021-03-03,15120,695,443,65,57.1,59,0,5,51,6,5,32,27,0,797,51,2676,0.0209299993515015,109,0,2.01108360016582,2.19404220187619,59.0042138776552,735.93977735236,59
"369",2021-03-04,15177,691,443,61,59.7,57,3,3,50,1,5,31,26,0,798,53,2414,0.0202999997138977,225,0.00444000005722046,1.89477829944008,2.2079744738987,58.9414726807643,729.350143819021,57
"370",2021-03-05,15250,695,444,51,58.9,73,1,10,57,1,2,28,26,1,799,58,2440,0.0188499999046326,154,0,1.77309174122219,2.218094924514,71.012241224952,731.09495950589,73
"371",2021-03-06,15306,708,446,46,55.3,56,3,3,47,1,2,27,25,2,800,50,1957,0.0209500002861023,25,0,2.06857470029779,2.21479508342224,56.0295056059743,750.897799380597,56
"372",2021-03-07,15346,699,447,54,56,40,1,0,38,2,5,26,21,1,802,39,1752,0.0194099998474121,16,0.0625,1.97999545999242,2.15053268784143,41.2618268168368,739.538896024844,40
"373",2021-03-08,15429,740,448,38,53.7,83,1,9,65,6,4,29,25,1,808,66,1170,0.0205100011825562,142,0,1.8290168737493,2.01380352967817,78.5358366659781,779.644229285209,83
"374",2021-03-09,15486,747,448,70,55,57,0,8,47,1,3,27,24,0,809,47,2105,0.0318300008773804,57,0,3.09908195406502,2.0936603755618,59.2663989764308,814.808511391357,57
"375",2021-03-10,15566,770,448,76,56.6,80,5,8,64,0,2,24,22,0,809,69,2655,0.0180799996852875,173,0,1.69739742448509,2.04884806475027,80.4305454460886,808.282898456351,80
"376",2021-03-11,15627,767,451,73,58.3,61,1,7,52,1,2,20,18,3,810,53,2321,0.0280100011825562,86,0,2.70092283941475,2.16401157046094,64.1929394839167,827.678954418191,61
"377",2021-03-12,15709,772,451,93,64.3,82,5,4,67,2,2,17,15,0,812,72,2361,0.0228699994087219,133,0,2.16503883736938,2.22000401276768,80.5659245969636,820.956858178554,82
"378",2021-03-13,15777,790,451,56,65.7,68,5,3,54,5,4,22,18,0,817,59,2353,0.0187000000476837,99,0,1.79449837325448,2.18085025176149,65.101170385322,831.524145837362,68
"379",2021-03-14,15845,815,451,65,67.3,68,2,10,51,2,3,23,20,0,819,53,1535,0.0299699997901917,36,0,2.92832270387933,2.31632557231676,67.5459572956204,884.90481501756,68
"380",2021-03-15,15952,862,452,58,70.1,107,4,3,97,4,5,25,20,1,823,101,1000,0.0320000004768372,13,0,3.1589339068941,2.50631371990888,113.345283066882,941.758752511407,107
"381",2021-03-16,16038,880,453,85,72.3,86,7,4,72,5,6,27,21,1,828,79,1583,0.0341100001335144,9,0,3.39171672181867,2.54811868673083,90.8483291985602,967.424426515607,86
"382",2021-03-17,16126,908,454,77,72.4,88,3,5,76,3,5,27,22,1,831,79,2842,0.0267400002479553,175,0,2.51889561500461,2.66547557109076,89.8286477394154,974.992558827711,88
"383",2021-03-18,16219,946,455,63,71,93,6,3,80,2,5,24,19,1,833,86,2566,0.0284500002861023,161,0,2.67703339692477,2.66206279359219,95.7434600323489,1020.17806035584,93
"384",2021-03-19,16344,993,457,117,74.4,125,8,5,104,2,4,24,20,2,835,112,2615,0.0382399988174438,97,0,3.68722702461709,2.87951824891329,129.096185777353,1100.24564711528,125
"385",2021-03-20,16447,1047,458,83,78.3,103,6,5,87,4,4,27,23,1,839,93,1997,0.0435699987411499,151,0.00662000000476837,4.09724895189927,3.20848261729112,109.16107043209,1172.65205099353,103
"386",2021-03-21,16532,1075,459,87,81.4,85,5,1,77,4,4,29,25,1,843,82,1306,0.0421099996566772,87,0,3.94800140356213,3.35415100296009,92.482474820819,1199.3129321022,85
"387",2021-03-22,16681,1151,460,56,81.1,149,6,7,133,4,7,30,23,1,847,139,1150,0.0547800016403198,131,0,4.91779874210521,3.60541740799025,166.022398427286,1316.79698266048,149
"388",2021-03-23,16805,1190,461,108,84.4,124,2,0,120,5,9,31,22,1,852,122,1966,0.0350999999046326,153,0,3.25656440832976,3.58610993463469,133.637241583197,1303.51079904921,124
"389",2021-03-24,16958,1280,461,85,85.6,153,7,2,137,4,9,33,24,0,856,144,3106,0.0457200002670288,47,0,4.50384779033909,3.86967453111105,164.996637891148,1448.85900347687,153
"390",2021-03-25,17107,1362,462,123,94.1,149,7,4,132,8,10,40,30,1,864,139,3005,0.0379399991035461,282,0,3.4685031124477,3.98274163332861,157.121714796726,1500.37248599382,149
"391",2021-03-26,17256,1446,463,103,92.1,149,10,2,130,4,11,42,31,1,868,140,2390,0.0673600006103516,117,0,6.42163547900839,4.37337141252737,168.33323607074,1717.98470970208,149
"392",2021-03-27,17372,1499,465,138,100,116,7,3,100,5,13,44,31,2,873,107,2476,0.0626000022888184,117,0,5.97753974805686,4.64198438340702,128.734270980159,1761.4548803669,116
"393",2021-03-28,17509,1558,466,139,107.4,137,3,5,124,5,13,45,32,1,878,127,2480,0.0826599979400635,157,0,7.77386404593695,5.18853618946057,160.918196837561,1912.76024151906,137
"394",2021-03-29,17718,1706,466,111,115.3,209,7,1,189,4,12,47,35,0,882,196,1644,0.0839400005340576,40,0,8.19461762933437,5.65665317335045,244.045199271642,2115.48525488481,209
"395",2021-03-30,17927,1837,467,170,124.1,209,9,6,186,6,12,48,36,1,888,195,1968,0.0406500005722046,64,0,3.93696855935525,5.75385376635409,223.486771420746,2048.83691846108,209
"396",2021-03-31,18135,1941,468,163,135.3,208,7,5,191,8,14,54,40,1,896,198,3023,0.0793900012969971,224,0,7.3913142568778,6.16634897585962,245.866438797247,2361.2209985124,208
"397",2021-04-01,18372,2076,469,144,138.3,237,12,4,203,3,15,52,37,1,899,215,2634,0.0721299982070923,100,0.01,6.98575037591372,6.66881287064048,262.992847184925,2500.78674770188,237
"398",2021-04-02,18570,2170,470,242,158.1,198,15,7,162,6,15,56,41,1,905,177,3130,0.0939299964904785,99,0,9.10501359601108,7.05215260164086,231.204609838728,2748.72318276859,198
"399",2021-04-03,18821,2349,470,223,170.3,251,16,3,223,12,14,61,47,0,917,239,2885,0.101909999847412,36,0,10.0654005326869,7.63613271373086,312.462737200133,3041.53962210507,251
"400",2021-04-04,19051,2508,471,152,172.1,230,9,2,215,12,16,64,48,1,929,224,1818,0.0929599952697754,139,0,8.63573180380438,7.7592566791405,282.660148954652,3142.39131061726,230
"401",2021-04-05,19336,2653,472,184,182.6,285,8,4,269,5,18,67,49,1,934,277,2045,0.105620002746582,162,0,9.7867197832696,7.98669984398839,360.404930523219,3413.5100385491,285
"402",2021-04-06,19610,2790,473,156,180.6,274,7,6,245,10,20,70,50,1,944,252,1749,0.128640003204346,83,0,12.2811880788429,9.17873120391519,348.650764394788,3793.63346294229,274
"403",2021-04-07,19918,2931,474,219,188.6,308,3,6,290,12,24,76,52,1,956,293,3364,0.098100004196167,44,0,9.68334548462165,9.50616423645002,382.104318947971,3762.32682196758,308
"404",2021-04-08,20213,3103,475,170,192.3,295,23,5,255,10,30,83,53,1,966,278,3366,0.0858600044250488,194,0.0103100001811981,8.1742953631985,9.67595637749071,349.561893728174,3845.95523826807,295
"405",2021-04-09,20510,3256,477,261,195,297,13,2,276,14,31,88,57,2,980,289,3418,0.110299997329712,158,0,10.542656344322,9.8813339129637,380.243879336818,4261.46045370477,297
"406",2021-04-10,20797,3420,480,381,217.6,287,12,2,262,14,27,92,65,3,994,274,3187,0.0875399971008301,97,0,8.49543150914572,9.65705262388639,344.18150025414,4271.02456521591,287
"407",2021-04-11,21066,3558,480,205,225.1,269,8,4,249,13,29,100,71,0,1007,257,2714,0.145909996032715,29,0,14.4367382148301,10.4857678254615,369.675776536486,5062.54635376194,269
"408",2021-04-12,21381,3652,481,265,236.7,315,16,4,291,16,27,101,74,1,1023,307,2125,0.0804699993133545,107,0,7.66123425362358,10.1821270355121,379.89182101884,4471.52094580067,315
"409",2021-04-13,21617,3678,483,245,249.4,236,10,0,219,12,28,105,77,2,1035,229,2670,0.0767799997329712,178,0,7.19812497496605,9.45597516352965,277.282017865485,4453.46402493125,236
"410",2021-04-14,21890,3749,485,389,273.7,273,10,11,248,12,28,101,73,2,1047,258,3971,0.171490001678467,97,0.0103100001811981,16.7646722390061,10.4675932712989,395.690870568557,5589.94602233148,273
"411",2021-04-15,22112,3752,485,312,294,222,15,3,202,19,29,107,78,0,1066,217,3902,0.130959997177124,98,0.0101999998092651,12.8001377241611,11.1284278942935,301.358872949385,5158.72115809259,222
"412",2021-04-16,22348,3791,487,348,306.4,236,1,10,219,20,24,114,90,2,1086,220,2970,0.120539999008179,244,0.00409999996423721,11.1700123536268,11.2180501813371,301.979177823586,5031.3321051328,236
"413",2021-04-17,22529,3738,490,405,309.9,181,5,7,167,16,23,123,100,3,1102,172,2935,0.101870002746582,121,0.00825999975204468,9.81635857431988,11.4067540477905,228.454909143214,4812.78168824031,181
"414",2021-04-18,22691,3679,490,294,322.6,162,5,8,146,11,22,122,100,0,1113,151,1949,0.0646500015258789,188,0.0159599995613098,6.03665572725616,10.2067422638514,185.699547635659,4329.51414405026,162
"415",2021-04-19,22918,3619,491,258,321.6,227,5,4,218,22,22,116,94,1,1135,223,2084,0.112279996871948,88,0.0340899991989136,10.9112077997534,10.6710241990128,298.270242625877,4775.62335454283,227
"416",2021-04-20,23107,3507,492,188,313.4,189,8,2,179,17,27,119,92,1,1152,187,2775,0.100539999008179,221,0,9.3123663967856,10.9730586878442,240.007285155126,4463.5911713317,189
"417",2021-04-21,23302,3408,493,207,287.4,195,3,2,185,12,25,111,86,1,1164,188,2521,0.136850004196167,236,0.0211899995803833,12.6949474239937,10.3916694285567,259.906780780064,4675.24632392797,195
"418",2021-04-22,23478,3300,496,239,277,176,7,4,161,14,22,107,85,3,1178,168,2358,0.163269996643066,213,0.00939000010490417,15.0521478843522,10.7133851657268,246.069311141569,4754.93289742368,176
"419",2021-04-23,23686,3224,499,189,254.3,208,5,8,186,21,29,113,84,3,1199,191,2507,0.0805700016021729,86,0.0116299998760223,7.82835225630488,10.2360051518237,242.795982568454,3963.25784188846,208
"420",2021-04-24,23842,3103,500,227,228.9,156,2,2,150,17,31,119,88,1,1216,152,2464,0.0852299976348877,214,0.00467000007629395,7.87924175461875,9.95927417758067,189.079917332231,3819.13804922312,156
"421",2021-04-25,23991,2973,505,139,206.7,149,2,6,137,20,30,125,95,5,1236,139,1621,0.135719995498657,93,0.0215100002288818,12.9523070434428,10.9472243656073,197.734214183263,4100.90517098446,149
"422",2021-04-26,24154,2837,510,173,194.6,163,4,7,148,12,31,124,93,5,1248,152,1304,0.115030002593994,31,0,11.2358893919527,10.9936074502072,209.024365706604,3770.67845730024,163
"423",2021-04-27,24314,2744,511,189,194.7,160,3,5,148,10,31,121,90,1,1258,151,2425,0.0610300016403198,332,0.00903999984264374,5.47693267774876,10.4456883474877,180.223946425601,3184.20204630364,160
"424",2021-04-28,24480,2641,513,186,191.7,166,2,7,155,12,27,116,89,2,1270,157,2408,0.0689400005340576,38,0,6.78689784489005,9.60168126475858,195.210556478851,3166.01324624615,166
"425",2021-04-29,24606,2544,513,159,180.3,126,2,7,113,13,29,113,84,0,1283,115,2728,0.0652500009536743,111,0.00901000022888184,6.30511139933178,8.35210462404138,143.23836850271,3013.82964757299,126
"426",2021-04-30,24759,2453,516,178,178.7,153,4,3,139,13,27,109,82,3,1296,143,2122,0.0669199991226196,179,0,6.17141408684045,8.11539917126075,171.849447936648,2896.41745306711,153
"427",2021-05-01,24883,2398,520,138,166,124,3,5,113,7,29,110,81,4,1303,116,2051,0.089709997177124,70,0.0285700011253357,8.76921755252498,8.24253857096164,150.795411041823,3013.94306619217,124
"428",2021-05-02,24980,2337,520,128,164.4,97,0,4,91,8,27,108,81,0,1311,91,1279,0.0695900011062622,21,0,6.84658549345456,7.37029263524904,113.249290112083,2805.66583507624,97
"429",2021-05-03,25087,2220,523,102,154.3,107,4,3,100,10,22,98,76,3,1321,104,976,0.174179992675781,140,0.0071399998664856,15.3225154868163,7.9540963630867,153.676034876175,3216.35382139527,107
"430",2021-05-04,25192,2125,524,141,147.4,105,1,2,99,8,23,94,71,1,1329,100,2386,0.0389800000190735,57,0.0175399994850159,3.84797625935961,7.72138830331683,113.271012497357,2364.50901556883,105
"431",2021-05-05,25274,2010,525,114,137.1,82,1,2,75,8,23,88,65,1,1337,76,1904,0.0777299976348877,65,0.0307699990272522,7.61797691384447,7.84011388459603,94.95835771379,2458.5039342726,82
"432",2021-05-06,25380,1940,527,122,131.9,106,3,6,92,12,22,88,66,2,1349,95,2133,0.0534499979019165,246,0,4.79230119902429,7.62399814169496,114.335160851168,2212.31802159227,106
"433",2021-05-07,25492,1842,530,108,121.9,112,4,4,103,19,23,95,72,3,1368,107,2302,0.0469199991226196,82,0.0122000002861023,4.57257709747193,7.39559285749945,125.330962575289,2088.70685106246,112
"434",2021-05-08,25581,1767,534,136,121.6,89,1,3,85,4,21,86,65,4,1372,86,1901,0.0489200019836426,86,0.0116299998760223,4.73060411475805,6.81864808067561,100.916414570465,2011.84075053502,89
"435",2021-05-09,25664,1705,537,69,113.1,83,0,5,78,4,22,83,61,3,1376,78,1173,0.172210006713867,123,0.00813000023365021,15.6637598691439,8.0782444200598,118.786659959975,2487.25968245842,83
"436",2021-05-10,25757,1638,538,82,110.3,93,3,2,87,9,22,85,63,1,1385,90,715,0.104899997711182,14,0,10.2885457288745,7.35910588321097,119.122333327015,2131.62646655168,93
"437",2021-05-11,25889,1607,540,124,107.9,132,1,6,123,5,21,79,58,2,1390,124,1899,0.0458099985122681,86,0.0232599997520447,4.48330212360065,7.44986672095969,146.283593001804,1818.03011253144,132
"438",2021-05-12,25986,1547,541,115,108,97,3,3,90,8,22,80,58,1,1398,93,2118,0.0495800018310547,174,0.00574999988079071,4.62525933060347,7.02233563763954,108.599391875277,1756.58343259198,97
"439",2021-05-13,26079,1519,541,78,101.7,93,1,1,90,7,20,77,57,0,1405,91,1684,0.0795699977874756,54,0.0185199999809265,7.76731624125886,7.44733778653019,112.703459792409,1864.58852115021,93
"440",2021-05-14,26162,1440,541,128,104.6,83,2,4,75,7,21,70,49,0,1412,77,1738,0.0471799993515015,105,0,4.44920449663102,7.42971312926721,91.0346825969608,1627.66159661849,83
"441",2021-05-15,26236,1392,542,85,97.3,74,2,8,63,7,19,64,45,1,1419,65,1779,0.0522800016403198,61,0,5.05468059337657,7.47600976906985,82.623601289038,1598.09312298986,74
"442",2021-05-16,26305,1364,543,46,94,69,2,3,63,7,19,67,48,1,1426,65,805,0.0409899997711182,20,0,3.99963028069699,5.80970554214887,75.6148920617116,1523.79558111038,69
"443",2021-05-17,26379,1329,545,87,94.7,74,7,5,59,10,19,71,52,2,1436,66,774,0.229969997406006,19,0,22.4459997468157,7.54648468756904,114.392376553987,2202.76467333711,74
"444",2021-05-18,26458,1297,546,97,90.9,79,1,6,71,5,16,64,48,1,1441,72,1920,0.0265599989891052,56,0,2.58072864671468,7.27468847658533,83.4425870809969,1395.04215894518,79
"445",2021-05-19,26529,1283,550,91,87.4,71,2,5,64,4,14,57,43,4,1445,66,2042,0.0665999984741211,122,0.0163900005817413,6.37693054321293,7.52492722124382,83.3278167384357,1522.64528599111,71
"446",2021-05-20,26589,1238,553,73,86.7,60,5,8,45,11,15,63,48,3,1456,50,1487,0.0511100006103516,65,0.0307699990272522,5.02581319873481,7.13328392945467,65.3604928349723,1420.24580259391,60
"447",2021-05-21,26670,1203,554,77,79.4,81,4,11,63,4,13,59,46,1,1460,67,1682,0.0416200017929077,190,0,3.73957494741831,7.03190827956714,85.3388429123761,1334.77056751625,81
"448",2021-05-22,26729,1171,558,77,78.3,59,0,13,46,8,15,58,43,4,1468,46,1380,0.0623199987411499,101,0.00990000009536743,5.87451034925179,7.14902681612074,66.9151664526413,1372.4926068705,59
"449",2021-05-23,26784,1147,559,39,77.3,55,0,4,51,5,12,59,47,1,1473,51,826,0.0375300002098083,14,0.0714300012588501,3.80950002272923,7.12186535069678,60.6907394770995,1274.98584667124,55
"450",2021-05-24,26835,1101,561,65,74.1,51,2,11,38,5,11,57,46,2,1478,40,733,0.0832199954986572,30,0,7.99479117962198,5.05740698395482,60.3669383827511,1358.82497898522,51
"451",2021-05-25,26895,1034,563,56,68.3,60,1,12,46,3,11,54,43,2,1481,47,1035,0.0647300004959106,19,0.0526300001144409,6.45118790469088,5.61032973509427,67.8811273407061,1229.38480149553,60
"452",2021-05-26,26951,993,566,76,66.1,56,1,11,44,1,8,47,39,3,1482,45,1371,0.0320900011062622,61,0.0491800022125244,3.28179969634424,5.1681681855416,60.3256874014246,1088.45350199144,56
"453",2021-05-27,26998,947,566,62,64.6,47,0,8,38,3,9,42,33,0,1485,38,1368,0.0548199987411499,113,0.00884999990463257,5.13124971418748,5.18323054489199,51.7113305248952,1089.33236860726,47
"454",2021-05-28,27033,897,569,65,62.9,35,0,1,30,1,7,34,27,3,1486,30,1589,0.0346099996566772,197,0.0152300000190735,3.24723401221823,5.11289612557769,33.8534179527119,982.317196786086,35
"455",2021-05-29,27068,858,571,45,58.3,35,0,3,31,5,9,36,27,2,1491,31,1074,0.024210000038147,104,0.00962000012397766,2.29219185516668,4.60113634070839,36.0813408411124,915.606143279821,35
"456",2021-05-30,27095,809,573,46,59.3,27,0,3,22,5,8,36,28,2,1496,22,718,0.0905300045013428,34,0,8.6436892595697,5.29173480311417,30.5699638153433,1013.82276030058,27
"457",2021-05-31,27143,777,576,40,55.7,48,1,2,41,5,6,35,29,3,1501,42,783,0.0855700016021729,27,0.037039999961853,8.39523348808289,5.34894084718001,54.3279140975849,968.06641080532,48
"458",2021-06-01,27185,741,577,38,53.1,42,1,5,36,2,5,31,26,1,1503,37,1565,0.0172500002384186,27,0.037039999961853,1.75856346558387,4.67856592730758,43.9058570274228,779.168650197845,42
"459",2021-06-02,27216,702,577,48,49.1,31,0,0,30,1,6,30,24,0,1504,30,1688,0.042649998664856,43,0.0232599997520447,4.21683291366926,4.81214210121116,33.7054264319038,788.706978506548,31
"460",2021-06-03,27261,691,577,48,47.1,45,2,4,39,2,5,29,24,0,1506,41,1176,0.0136099994182587,186,0,1.17513651364701,4.24698307256252,46.4112460030572,714.784658246647,45
"461",2021-06-04,27291,644,579,43,44,30,0,0,27,3,6,29,23,2,1509,27,1195,0.0476999998092651,68,0.0147099995613098,4.59238161062873,4.43914701519259,30.6318866074172,730.627221302839,30
"462",2021-06-05,27310,612,582,39,43.1,19,1,0,18,2,4,30,26,3,1511,19,999,0.0160199999809265,90,0.0222199988365173,1.65323965805621,4.34786812989109,19.9200680779496,641.635877037113,19
"463",2021-06-06,27327,563,582,21,39.6,17,0,1,16,2,4,28,24,0,1513,16,608,0.106909999847412,22,0,10.3176634773375,4.58700730385793,21.8353942398156,733.145434813512,17
"464",2021-06-07,27354,530,583,17,36.3,27,1,3,23,1,4,26,22,1,1514,24,843,0.00949000000953674,30,0.0666699981689453,1.14549483998944,3.55133035413029,27.8052577741835,547.782775846552,27
"465",2021-06-08,27387,502,584,28,34.9,33,0,2,30,1,3,25,22,1,1515,30,1771,0.0299300003051758,100,0,2.83303209729911,3.70482587294676,34.4894493641745,543.656786027186,33
"466",2021-06-09,27414,476,585,33,32.7,27,1,0,24,2,4,23,19,1,1517,25,1194,0.0594600009918213,26,0,5.81928206428153,3.93374718017708,29.2612789458241,557.134751128491,27
"467",2021-06-10,27443,463,585,20,28.7,29,0,0,28,2,5,20,15,0,1519,28,1216,0.0304299998283386,136,0,2.73689939284465,4.1568561629196,30.2446436908242,500.1167867447,29
"468",2021-06-11,27465,453,585,36,27.7,22,0,1,20,1,4,15,11,0,1520,20,1055,0.017059999704361,96,0,1.56370979045186,3.72418876003719,21.9160447675608,473.748413985251,22
"469",2021-06-12,27483,430,585,29,26.3,18,0,0,18,2,6,16,10,0,1522,18,880,0.011360000371933,44,0,1.08190479732695,3.64256949421873,18.5704165256096,443.626617000673,18
"470",2021-06-13,27504,423,586,18,25.9,21,0,1,18,2,5,15,10,1,1524,18,583,0.132080001831055,17,0,12.8337735112508,4.00201378477777,25.7663961883103,582.010310425293,21
"471",2021-06-14,27523,386,589,22,26.6,19,2,1,16,2,4,14,10,3,1526,18,655,0.0564900016784668,29,0,5.40949577476546,4.61115677546006,21.8520677538033,447.161008498227,19
"472",2021-06-15,27550,372,589,22,25.7,27,1,0,24,0,4,14,10,0,1526,25,1518,0.0144900000095367,36,0,1.41543243336401,4.40864253775504,26.0364770706943,387.422778811932,27
"473",2021-06-16,27567,351,589,24,24.4,17,0,0,17,1,4,12,8,0,1527,17,1251,0.0223799991607666,42,0,2.16530386311825,3.88664565187458,18.0781974975056,373.261607154381,17
"474",2021-06-17,27578,308,590,12,23.3,11,0,0,11,0,5,11,6,1,1527,11,1101,0.0208899998664856,123,0.0243899989128113,2.12417154569252,3.79911310228141,11.6844044418875,327.163324372849,11
"475",2021-06-18,27592,278,590,26,21.9,14,1,0,13,1,4,12,8,0,1528,14,864,0.0196800005435944,63,0,1.83425247784958,3.83776205762395,14.7521729265145,292.936005255074,14
"476",2021-06-19,27601,245,590,18,20.3,9,0,0,9,0,3,10,7,0,1528,9,926,0.0194400000572205,37,0,1.86930841671715,3.9502482889654,9.49278107232308,258.414595857684,9
"477",2021-06-20,27613,232,590,7,18.7,12,0,0,10,0,3,10,7,0,1528,10,562,0.0266899991035461,15,0,2.59961516398491,2.48822566792741,10.7614468756226,249.665567514443,12
"478",2021-06-21,27624,222,591,13,17.4,11,0,0,11,2,2,9,7,1,1530,11,520,0.0230800008773804,7,0,2.27734354008308,2.04077534868707,11.7337561967146,236.808534151875,11
"479",2021-06-22,27635,199,591,13,16.1,11,0,0,10,0,2,6,4,0,1530,10,1297,0.0115699994564056,65,0,1.10178335498958,1.99596833749072,10.3227206491532,205.422140918149,11
"480",2021-06-23,27646,186,591,18,15.3,11,0,0,10,0,1,4,3,0,1530,10,1105,0.00814000010490417,18,0,0.800952815308914,1.80106104494653,10.2346051166293,190.363655169306,11
"481",2021-06-24,27652,174,591,8,14.7,6,1,0,5,1,0,4,4,0,1531,6,904,0.00995999991893768,51,0,0.942810463530855,1.63229517606629,6.16569377461071,178.805119463711,6
"482",2021-06-25,27656,153,591,7,12,4,0,0,4,2,0,6,6,0,1533,4,1024,0.00194999992847443,64,0,0.183529405032888,1.39647759423534,4.02150285842047,153.822484334583,4
"483",2021-06-26,27660,138,591,9,10.7,4,0,0,4,1,0,6,6,0,1534,4,764,0.00523999989032745,19,0,0.511284791342295,1.20247421918179,4.05990366763735,140.066676533489,4
"484",2021-06-27,27665,124,591,8,10.9,5,0,0,5,0,0,5,5,0,1534,5,398,0.0200999999046326,13,0,1.94642334842914,1.10916110267382,5.2850610347703,131.069513662303,5
"485",2021-06-28,27674,116,591,1,9.1,9,0,0,9,0,0,4,4,0,1534,9,555,0.00180000007152557,5,0,0.178392864231552,0.809311006123604,9.0470273530813,116.606130328603,9
"486",2021-06-29,27677,110,591,8,8.4,3,0,0,3,0,0,3,3,0,1534,3,929,0.00646000027656555,14,0,0.636409359165365,0.742829006720145,3.05592272943322,112.050500079218,3
"487",2021-06-30,27679,95,591,8,7,2,0,1,1,0,0,2,2,0,1534,1,1221,0.000820000022649765,51,0,0.0787122663251072,0.639651785436743,2.0023055416085,95.219026452807,2
"488",2021-07-01,27682,91,591,7,6.9,3,0,0,3,0,0,1,1,0,1534,3,884,0.00225999996066093,74,0,0.208542793864746,0.534756404055871,3.01832512685206,91.5558621811793,3
"489",2021-07-02,27686,80,591,6,6.7,4,0,0,4,2,0,2,2,0,1536,4,785,0.0140100002288818,29,0,1.35108724565998,0.701550381288312,4.15829745512398,83.1659491024796,4
"490",2021-07-03,27692,74,591,6,6.3,6,0,0,6,0,0,1,1,0,1536,6,627,0.00158999994397163,16,0,0.155043540415274,0.650658774013023,6.02724805295882,74.3360593198254,6
"491",2021-07-04,27694,69,592,2,5.4,2,0,0,2,1,0,2,2,1,1537,2,437,0.00685999989509583,34,0,0.636479820415473,0.463523984296785,2.0372859473484,70.2863651835197,2
"492",2021-07-05,27700,68,592,2,5.6,6,0,0,6,0,0,2,2,0,1537,6,505,0.00197999998927116,27,0,0.187951126801116,0.464889450378151,6.03303138101097,68.3743556514576,6
"493",2021-07-06,27705,64,592,12,6.1,5,0,2,3,0,0,2,2,0,1537,3,1174,0.00596000015735626,28,0,0.582116487914829,0.457133325913789,5.05115189206986,65.0912403641571,5
"494",2021-07-07,27711,63,592,6,5.9,6,0,0,6,0,0,2,2,0,1537,6,1218,0.0320199990272522,23,0,3.14265582717109,0.894839548891786,6.55230454735962,68.799197747276,6
"495",2021-07-08,27713,54,593,5,5.6,2,0,0,2,1,0,3,3,1,1538,2,933,0.00321999996900558,87,0,0.294535291282569,0.907124191380046,2.01725432136378,54.4658666768219,2
"496",2021-07-09,27715,52,593,3,5.1,2,0,0,2,0,0,2,2,0,1538,2,823,0.00486000001430511,56,0,0.455037544001491,0.77911709114312,2.02665678527892,52.693076417252,2
"497",2021-07-10,27716,48,593,0,4.3,1,0,0,1,0,0,2,2,0,1538,1,930,0,22,0,0,0.756968013940938,1,48,1
"498",2021-07-11,27721,50,593,0,4,5,0,0,5,0,0,2,2,0,1538,5,422,0.00237000003457069,8,0,0.23259070106717,0.699269568319752,5.03406378472477,50.3406378472477,5
"499",2021-07-12,27724,48,593,1,3.9,3,0,1,2,0,0,1,1,0,1538,2,460,0.00216999992728233,16,0,0.209705875325603,0.702377389537536,3.01228488629999,48.2948372711997,3
"500",2021-07-13,27726,47,593,2,2.4,2,0,0,2,0,0,1,1,0,1538,2,1188,0.000839999988675117,14,0,0.0830216294963427,0.63107812404918,2.00486353220776,47.1142930068823,2
"501",2021-07-14,27731,49,593,0,1.6,5,0,0,5,0,0,0,0,0,1538,5,1098,0,15,0,0,0.182127291596168,5,49,5
"502",2021-07-15,27742,55,593,1,1,11,0,0,11,0,0,0,0,0,1538,11,947,0.00105999998748302,31,0,0.102640080587569,0.154713690068311,11.033070458557,55.1653522927851,11
"503",2021-07-16,27745,55,593,8,1.7,3,0,0,3,0,0,0,0,0,1538,3,867,0.00460999995470047,34,0,0.443603769225894,0.153080293671797,3.0389804662749,55.7146418817065,3
"504",2021-07-17,27747,52,593,5,2.4,2,0,0,2,0,0,0,0,0,1538,2,761,0.00263000011444092,18,0,0.256922989356809,0.189783577865627,2.01505093601789,52.3913243364651,2
"505",2021-07-18,27755,57,593,4,3,8,0,0,8,0,0,0,0,0,1538,8,214,0.00467000007629395,17,0,0.432632041699959,0.21836091224174,8.10137694871472,57.7223107595924,8
"506",2021-07-19,27764,62,593,2,3.1,9,0,0,9,0,0,0,0,0,1538,9,367,0,10,0,0,0.188402930052368,9,62,9
"507",2021-07-20,27768,63,593,10,4.3,4,0,0,4,0,0,0,0,0,1538,4,1142,0.00437999993562698,22,0,0.429721643168901,0.237931503434162,4.05034748329084,63.7929728618307,4
"508",2021-07-21,27773,66,593,12,6,5,0,0,5,0,0,0,0,0,1538,5,1058,0.0103999996185303,8,0,1.03219508409053,0.385387944018523,5.15116886004945,67.9954289526527,5
"509",2021-07-22,27778,68,593,5,6.6,5,0,0,5,1,0,1,1,0,1539,5,1046,0.00477999985218048,28,0,0.46553816064998,0.437230526884582,5.06817981807865,68.9272455258697,5
"510",2021-07-23,27790,76,593,3,5.9,12,0,0,12,0,0,1,1,0,1539,12,928,0.00647000014781952,38,0,0.621548668444774,0.462651226772993,12.2184675477469,77.3836278023973,12
"511",2021-07-24,27793,78,593,2,5.4,3,0,0,3,0,0,1,1,0,1539,3,713,0.0028099998831749,16,0,0.274832636036173,0.465209747727188,3.02415016517769,78.6279042946199,3
"512",2021-07-25,27800,80,593,7,5.9,7,0,0,7,0,0,1,1,0,1539,7,410,0.00244000002741814,14,0,0.235943398877698,0.437111370181151,7.04837671993598,80.5528767992684,7
"513",2021-07-26,27809,84,593,5,6.3,9,0,0,9,1,0,2,2,0,1540,9,410,0,10,0,0,0.437111370181151,9,84,9
"514",2021-07-27,27817,91,593,7,5.9,8,0,0,8,0,0,2,2,0,1540,8,1125,0.0106700003147125,5,0,1.06227879239394,0.5274766772133,8.24891957200883,93.8314601316004,8
"515",2021-07-28,27823,91,593,8,5.3,6,0,0,6,0,0,1,1,0,1540,6,1074,0.00372000008821487,11,0,0.368228580160624,0.432624319509027,6.06471415594802,91.9814980318782,6
"516",2021-07-29,27827,87,593,9,5.9,4,0,0,4,0,0,1,1,0,1540,4,1234,0.00243000000715256,15,0,0.240081666038932,0.400416248850306,4.02812869182058,87.6117990470977,4
"517",2021-07-30,27830,82,593,4,6,3,0,0,3,0,0,1,1,0,1540,3,940,0.00745000004768372,21,0,0.72872008791079,0.415726451631166,3.06403428190031,83.7502703719417,3
"518",2021-07-31,27837,83,593,8,6.9,7,0,0,7,0,0,0,0,0,1540,7,936,0.00962000012397766,8,0,0.953847469919819,0.512728570757401,7.19557237936492,85.3189296410412,7
"519",2021-08-01,27846,85,593,1,6,9,0,0,7,0,0,0,0,0,1540,7,563,0.00178000003099442,13,0,0.173982641918378,0.503877034048927,7.03567257902465,85.4331670310135,9
"520",2021-08-02,27857,87,593,3,5.7,11,0,0,11,1,0,1,1,0,1541,11,462,0.0043299999833107,4,0,0.429283260147971,0.565203214070065,11.1383143327896,88.0939406320636,11
"521",2021-08-03,27874,99,593,10,6.1,17,0,0,16,0,0,1,1,0,1541,16,550,0.0109099996089935,3,0,1.08508133543335,0.568460720218552,16.5085256027792,102.146502167196,17
"522",2021-08-04,27886,108,593,15,7.1,12,0,0,10,2,0,3,3,0,1543,10,1289,0.00776000022888184,22,0,0.762977901985408,0.624853480479235,10.2234819782884,110.413605365515,12
"523",2021-08-05,27906,121,593,9,7.1,20,0,0,20,0,1,3,2,0,1543,20,1482,0.00472000002861023,19,0,0.466025319280504,0.657131145228031,20.2730046571841,122.651678175964,20
"524",2021-08-06,27920,123,593,15,8.7,14,0,0,12,1,1,4,3,0,1544,12,1109,0.00541000008583069,44,0,0.520354735055181,0.627364666248658,12.1828989887638,124.874714634829,14
"525",2021-08-07,27933,133,593,13,9.4,13,0,0,13,0,1,4,3,0,1544,13,846,0.01182000041008,14,0,1.16275817987531,0.657209053385157,13.4427548254325,137.529722444809,13
"526",2021-08-08,27953,145,593,5,10,20,0,0,19,1,1,3,2,0,1545,19,612,0.00653999984264374,4,0,0.6497532311198,0.725176280413932,19.3616034756877,147.759605472354,20
"527",2021-08-09,27967,153,593,13,11.4,14,0,0,14,1,1,3,2,0,1546,14,556,0.0143900001049042,9,0,1.41607788642951,0.866146941311295,14.5806918408838,159.346132261088,14
"528",2021-08-10,27987,168,593,18,12.6,20,3,0,17,1,1,4,3,0,1547,20,1264,0.0102799999713898,16,0,1.01514999717474,0.856156750131494,20.5946901713345,172.99539743921,20
"529",2021-08-11,28002,174,593,20,13.3,15,2,0,13,0,1,4,3,0,1547,15,1296,0.0108000004291534,8,0,1.07337427578089,0.900499089245134,15.4715991235877,179.470549833617,15
"530",2021-08-12,28021,188,593,18,14.6,19,3,0,16,0,1,3,2,0,1547,19,1053,0.0133000004291534,38,0,1.28367556845999,1.01730626769935,19.7143966739659,195.068767089768,19
"531",2021-08-13,28038,202,593,26,16.1,17,3,0,14,0,1,3,2,0,1547,17,1077,0.0213599991798401,14,0,2.10859020317945,1.24419704885996,18.0499573381165,214.475963664678,17
"532",2021-08-14,28055,210,593,16,16.6,17,2,0,15,1,1,4,3,0,1548,17,1005,0.0119400000572205,12,0,1.17991151007931,1.24664752460339,17.587528456913,217.257704467749,17
"533",2021-08-15,28073,207,593,8,17,18,1,0,17,0,1,4,3,0,1548,18,543,0.0221000003814697,2,0,2.20188994626386,1.46838134105254,19.1609102908367,220.350468344622,18
"534",2021-08-16,28092,210,593,21,18.1,19,0,0,19,0,1,3,2,0,1548,19,611,0.0114600002765656,8,0,1.1311890418387,1.42768293468242,19.6295342132948,216.95800972589,19
"535",2021-08-17,28113,206,593,18,18.1,21,0,0,21,0,1,3,2,0,1548,21,1323,0.0158700001239777,10,0,1.57509453593567,1.50767501164827,21.96884982924,215.503955467783,21
"536",2021-08-18,28144,219,593,24,18.7,31,0,0,31,0,1,2,1,0,1548,31,1295,0.015440000295639,12,0,1.52982405377601,1.57288212279043,32.3891006879128,228.81332421461,31
"537",2021-08-19,28167,227,593,19,18.9,23,0,0,23,3,1,5,4,0,1551,23,1279,0.0172000002861023,17,0,1.69743829983988,1.63199108441613,24.1435426859051,238.286269117411,23
"538",2021-08-20,28186,227,593,17,17.6,19,0,0,19,0,2,5,3,0,1551,19,1142,0.014889999628067,50,0,1.42654191067555,1.53455561405843,19.7939052680438,236.485078728734,19
"539",2021-08-21,28209,236,593,27,19.1,23,1,0,22,1,2,6,4,0,1552,23,879,0.0182000005245209,12,0,1.79548826723388,1.62249515079479,24.2095977072141,248.41152430011,23
"540",2021-08-22,28240,253,593,17,20.4,31,0,0,31,1,1,5,4,0,1553,31,520,0.0173099994659424,6,0,1.71125470005514,1.55240440133641,32.5538421396717,265.681356817321,31
"541",2021-08-23,28281,272,593,16,19.7,41,1,0,40,0,1,3,2,0,1553,41,575,0.0139100003242493,11,0.0909099960327148,1.53553927351591,1.61016872014743,42.8440612108643,284.23377193549,41
"542",2021-08-24,28313,286,593,26,20.9,32,1,0,31,0,1,3,2,0,1553,32,1233,0.0154100000858307,23,0,1.51278105938131,1.60126679492538,33.4179359186703,298.672802273115,32
"543",2021-08-25,28339,302,593,27,21.3,26,0,0,25,2,1,5,4,0,1555,25,1318,0.0197300004959106,68,0,1.8762006243586,1.65074916215147,26.3738832609257,318.596509791982,26
"544",2021-08-26,28367,310,593,44,24.9,28,2,0,24,3,1,8,7,0,1558,26,1198,0.0125199997425079,22,0,1.22942292553479,1.58388982296503,26.936278827703,321.163324484151,28
"545",2021-08-27,28400,327,593,24,25.9,33,0,0,33,2,1,9,8,0,1560,33,896,0.0278999996185303,9,0,2.7622541058788,1.7747058508512,35.6699806569564,353.457081055295,33
"546",2021-08-28,28432,331,593,38,27.4,32,0,0,29,2,1,11,10,0,1562,29,1115,0.0242199993133545,16,0,2.38773644866404,1.85931273391266,31.0282194084409,354.149676696343,32
"547",2021-08-29,28471,352,593,28,29,39,0,0,35,1,0,10,10,0,1563,35,537,0.0260700011253357,2,0,2.59732664272825,1.98589444000881,37.6627179267402,378.779334577502,39
"548",2021-08-30,28508,374,593,20,29.6,37,0,0,36,1,1,9,8,0,1564,36,627,0.0111600005626678,9,0,1.10020760264036,1.92370420131231,37.1601327578876,386.052490318054,37
"549",2021-08-31,28538,382,593,22,29,30,0,0,24,0,1,7,6,0,1564,24,553,0.0361700010299683,16,0,3.51529183999516,2.20977716997143,26.471173141824,421.332839174032,30
"550",2021-09-01,28577,393,593,55,33,39,0,0,37,2,1,9,8,0,1566,37,807,0.0309800004959106,5,0,3.07892369460589,2.38159475143533,40.3368078406627,428.442310307579,39
"551",2021-09-02,28622,420,593,34,31.6,45,0,1,39,1,1,10,9,0,1567,39,1298,0.0169500005245209,8,0,1.68461720373875,2.44662250546447,41.9244045981476,440.724357210821,45
"552",2021-09-03,28674,452,593,50,35.3,52,0,1,49,1,2,5,3,0,1568,49,1050,0.035239999294281,45,0.0222199988365173,3.47049307823181,2.5477995015149,54.9810145458103,497.947317851148,52
"553",2021-09-04,28729,483,593,38,35.3,55,0,0,52,0,2,5,3,0,1568,52,911,0.0318300008773804,8,0,3.1552917083018,2.65745025289172,56.8058853635331,527.639281357432,55
"554",2021-09-05,28755,477,593,23,34.6,26,0,0,25,2,1,7,6,0,1570,25,412,0.0388299989700317,6,0,3.82726305637633,2.83315545484145,27.8025854911504,530.473331171149,26
"555",2021-09-06,28815,494,593,29,35.9,60,0,1,53,1,1,8,7,0,1571,53,519,0.0346799993515015,2,0,3.45468707551426,3.169509665252,59.363090582269,543.988051842281,60
"556",2021-09-07,28880,519,593,50,39.9,65,1,2,56,1,1,8,7,0,1572,57,825,0.0460599994659424,11,0.0909099960327148,4.66501309997157,3.33375555953435,66.7885797420568,589.917068177675,65
"557",2021-09-08,28932,532,594,66,41.4,52,0,1,50,2,1,7,6,1,1574,50,1376,0.03125,17,0,3.08686288585786,3.3348897297132,55.5208270294683,580.101599593543,52
"558",2021-09-09,29002,577,594,58,44.9,70,0,3,63,3,2,10,8,0,1577,63,1485,0.0343400001525879,13,0,3.40419894703558,3.58054426446989,72.2818278394484,634.533566085107,70
"559",2021-09-10,29068,607,594,62,46.6,66,0,0,58,0,1,7,6,0,1577,58,1263,0.0332500004768372,35,0,3.23534288152892,3.54695137922662,63.4964066314351,664.522738366915,66
"560",2021-09-11,29122,629,594,44,47.4,54,0,0,49,1,1,7,6,0,1578,49,1162,0.0309800004959106,15,0,3.05851831573901,3.5331266088605,53.3897290315545,685.349786956077,54
"561",2021-09-12,29177,641,594,53,51.7,55,0,1,50,2,1,8,7,0,1580,50,585,0.0598299980163574,3,0,5.95247429244372,3.83672821401299,59.7176229293437,752.759925954187,55
"562",2021-09-13,29239,670,594,36,52.7,62,0,0,55,5,4,13,9,0,1585,55,530,0.0301900005340576,20,0,2.90921823328191,3.75880409369408,59.6867257150577,727.092840528884,62
"563",2021-09-14,29301,690,594,63,54.6,62,0,2,55,2,5,10,5,0,1587,55,1224,0.0334999990463257,29,0,3.27246598824443,3.55986879201878,62.2719147444139,756.138566793556,62
"564",2021-09-15,29348,702,594,58,53.4,47,0,1,42,2,6,11,5,0,1589,42,1537,0.0305800008773804,13,0,3.03235234506669,3.55208157190575,46.7304352020602,764.351559805863,47
"565",2021-09-16,29408,730,594,63,54.1,60,1,1,50,1,7,11,4,0,1590,51,1708,0.0316199994087219,39,0,3.09141150487104,3.50739765159653,56.6180384265034,796.101334340147,60
"566",2021-09-17,29468,727,595,90,58.1,60,1,2,46,0,7,9,2,1,1590,47,1417,0.0310500001907349,4,0,3.09625969530411,3.48752862499299,53.2625136703733,792.932924220454,60
"567",2021-09-18,29530,743,595,44,58.1,62,0,5,50,0,7,8,1,0,1590,50,1575,0.0298399996757507,28,0,2.93187769739909,3.46943710808728,59.2938453801175,806.806542348546,62
"568",2021-09-19,29573,734,595,60,59.1,43,2,1,39,3,7,9,2,0,1593,41,1058,0.0321399998664856,3,0,3.20491233352891,3.07692825681374,45.8488462134537,802.903734650611,43
"569",2021-09-20,29624,713,595,60,62.6,51,2,0,40,2,8,11,3,0,1595,42,1220,0.0385199999809265,66,0.0606099987030029,3.965370131503,3.22780709941675,46.8782445588233,795.814008820024,51
"570",2021-09-21,29684,712,595,36,58.7,60,0,0,51,1,7,12,5,0,1596,51,1196,0.0200699996948242,23,0,1.96913204552992,3.04161653617182,53.9415454522273,753.066281607565,60
"571",2021-09-22,29735,699,595,63,59.4,51,0,0,42,5,9,16,7,0,1601,42,2383,0.0180400002002716,29,0,1.7823101358726,2.86303907771552,44.1926187049683,735.491439875544,51
"572",2021-09-23,29771,671,595,44,56.7,36,0,0,29,3,9,17,8,0,1604,29,1528,0.0274900007247925,48,0,2.66527418194689,2.80216231729779,31.2639688009394,723.383553980356,36
"573",2021-09-24,29815,665,595,56,51.9,44,1,0,34,2,8,16,8,0,1606,35,2089,0.0181900000572205,48,0,1.77814272903761,2.61385989354543,36.8229099270848,699.635288614612,44
"574",2021-09-25,29859,660,595,62,54.4,44,0,1,35,2,10,16,6,0,1608,35,1935,0.0273900008201599,32,0,2.6944408534321,2.57994034440729,38.7622771217711,712.088654296256,44
"575",2021-09-26,29907,638,595,38,51.3,48,1,0,38,3,11,17,6,0,1611,39,1060,0.0339599990844727,4,0,3.38323299149822,2.60541472411719,42.8648003303032,701.224169505986,48
"576",2021-09-27,29948,619,595,31,47.1,41,0,0,29,0,11,17,6,0,1611,29,852,0.0164300000667572,15,0.0666699981689453,1.72992041861722,2.28606476513351,30.4694495156954,650.365146559154,41
"577",2021-09-28,29993,595,596,44,48.3,45,1,1,32,3,11,18,7,1,1614,33,1723,0.0203099989891052,35,0,1.99056474733949,2.28912657967773,35.9240696793624,629.691559370322,45
"578",2021-09-29,30038,583,596,65,48.6,45,1,0,37,0,11,18,7,0,1614,38,2041,0.0215599989891052,8,0,2.14758213454191,2.34130829377335,40.3903633779147,619.673206561164,45
"579",2021-09-30,30086,586,596,61,51,48,2,0,38,3,12,20,8,0,1617,40,1837,0.017960000038147,29,0,1.76808789228703,2.21313882382194,42.0715450810716,616.3481354377,48
"580",2021-10-01,30129,569,596,48,49.9,43,0,0,24,1,11,19,8,0,1618,24,1834,0.0196300005912781,13,0,1.94918359958874,2.23757323390067,25.3702333629842,601.485949314084,43
"581",2021-10-02,30165,551,596,60,49.6,36,0,0,28,0,9,14,5,0,1618,28,1477,0.0189600002765656,13,0,1.87945774553607,2.12114707562981,29.5414205511966,581.33295441819,36
"582",2021-10-03,30192,537,597,37,49.4,27,5,0,18,2,7,13,6,1,1620,23,1029,0.0213800001144409,12,0,2.11335447817096,1.9397358594402,24.4237401480013,570.241237368552,27
"583",2021-10-04,30236,534,598,25,48.6,44,1,0,40,0,4,9,5,1,1620,41,1256,0.0199000000953674,8,0,1.97740507276752,1.9750908100331,43.3747070854838,564.929111796301,44
"584",2021-10-05,30286,531,598,33,47,50,1,0,42,0,4,8,4,0,1620,43,1637,0.0116100001335144,13,0,1.15185274051897,1.85527480905874,44.4507613031209,548.915215161795,50
"585",2021-10-06,30327,522,598,28,41.7,41,1,0,33,0,4,7,3,0,1620,34,1958,0.0127699995040894,36,0,1.25394478580778,1.72761233066815,35.2487855890315,541.172531690425,41
"586",2021-10-07,30364,511,598,53,40.6,37,1,0,31,2,3,7,4,0,1622,32,1681,0.0184399998188019,9,0,1.83417986363349,1.7370540408605,33.7191843418579,538.453224959044,37
"587",2021-10-08,30392,493,600,58,42,28,0,0,19,0,2,5,3,2,1622,19,2154,0.0246099996566772,13,0,2.44623623721655,1.80806156052162,20.361389960626,528.324486873085,28
"588",2021-10-09,30421,473,600,37,38.7,29,1,0,26,3,3,6,3,0,1625,27,1520,0.0184200000762939,12,0,1.82757180913621,1.80064928389307,28.4453358062259,498.320142086846,29
"589",2021-10-10,30442,435,601,20,36.3,21,0,0,19,2,3,6,3,1,1627,19,1009,0.0178400003910065,24,0,1.7425518290925,1.74767747688186,19.9697724732818,457.202685572504,21
"590",2021-10-11,30461,413,601,18,35.3,19,0,0,17,1,4,7,3,0,1628,17,635,0.0220499992370605,7,0,2.18095786846315,1.77675644769552,18.0859922969683,439.383224626349,19
"591",2021-10-12,30495,413,601,31,35,34,0,0,27,2,5,7,2,0,1630,27,1118,0.0143099999427795,12,0,1.41580353416172,1.8144637039302,28.1196887215459,430.127090444388,34
"592",2021-10-13,30517,408,601,24,34.4,22,0,0,20,0,5,7,2,0,1630,20,1674,0.0203099989891052,9,0,2.02013893688426,1.92392001122684,21.1834278420319,432.14192797745,22
"593",2021-10-14,30537,395,601,39,32.4,20,0,0,17,0,5,6,1,0,1630,17,1288,0.0116499996185303,33,0,1.13589701049713,1.82416531792165,17.5656117531599,408.142155441068,20
"594",2021-10-15,30573,380,601,33,28.9,36,1,0,20,2,5,8,3,0,1632,21,1605,0.0155799996852875,15,0,1.54357404289422,1.6952135758756,21.9494613902581,397.180729918956,36
"595",2021-10-16,30603,374,602,22,26.7,30,0,0,24,1,4,8,4,1,1633,24,1409,0.0156099998950958,8,0,1.55218700438885,1.65587288948312,25.0911534549403,391.003808006152,30
"596",2021-10-17,30628,365,602,34,28.7,25,1,0,20,0,4,8,4,0,1633,21,815,0.0368099999427795,8,0,3.64521870636273,1.92768244337887,23.2421952718566,403.971489248937,25
"597",2021-10-18,30664,370,602,23,29.4,36,3,0,23,1,3,9,6,0,1634,26,812,0.0135500001907349,20,0,1.32242790323038,1.80503530548847,27.0071076610351,384.331916714731,36
"598",2021-10-19,30686,354,602,23,28.3,22,0,0,19,3,2,11,9,0,1637,19,1138,0.0105400002002716,9,0,1.04572974959975,1.75216762197962,19.5819740387187,364.843095247707,22
"599",2021-10-20,30712,349,602,35,29.9,26,1,0,20,1,3,11,8,0,1638,21,1788,0.0134200000762939,19,0,1.32788932686295,1.653274820548,21.8167924643435,362.574312859804,26
"600",2021-10-21,30730,338,602,44,30.6,18,0,0,15,0,3,11,8,0,1638,15,1305,0.0214599990844727,7,0,2.13455021381379,1.79593956387895,15.9378387695719,359.132633607686,18
"601",2021-10-22,30756,324,602,34,30.7,26,0,0,12,0,2,8,6,0,1638,12,1417,0.0218799996376038,19,0,2.15905010351564,1.8838647153963,12.7588824584857,344.489826379113,26
"602",2021-10-23,30780,325,602,22,30.7,24,0,1,20,0,1,6,5,0,1638,20,1331,0.0120200002193451,9,0,1.19392688745883,1.83268469869201,21.6994203686547,336.365580990638,24
"603",2021-10-24,30800,318,603,14,27.9,20,0,0,12,1,1,6,5,1,1639,12,822,0.00243000000715256,8,0,0.240657832033663,1.34631885950214,12.0845885914969,320.241597674667,20
"604",2021-10-25,30826,310,603,15,26.7,26,0,2,19,3,1,6,5,0,1642,19,815,0.0135000002384186,5,0,1.34176831637941,1.34908177566629,21.7467267010497,322.183435648706,26
"605",2021-10-26,30848,297,603,30,27.7,22,0,6,14,3,2,8,6,0,1645,14,1386,0.0180400002002716,10,0,1.79107738378055,1.45556000912069,20.7344680918472,312.581215948473,22
"606",2021-10-27,30874,306,603,35,27.7,26,1,5,19,2,2,9,7,0,1647,20,1365,0.014650000333786,9,0,1.45540396329097,1.47377638575326,25.8525975813419,319.044742994531,26
"607",2021-10-28,30899,298,603,26,25.1,25,1,6,17,4,3,13,10,0,1651,18,1856,0.0113100004196167,41,0,1.10655565518232,1.32692002023448,24.5834132853299,307.658731057129,25
"608",2021-10-29,30920,293,603,12,22,21,0,1,17,1,3,14,11,0,1652,17,1548,0.0148599994182587,18,0,1.46891948272442,1.22832993155002,18.7314378999121,305.606547333779,21
"609",2021-10-30,30943,284,603,28,22.9,23,0,2,20,1,2,15,13,0,1653,20,1178,0.0118799996376038,7,0,1.18098224245547,1.22648069654954,22.6918372004762,293.824088246763,23
"610",2021-10-31,30964,270,604,32,25.4,21,0,2,16,0,1,14,13,1,1653,16,936,0.0181599998474121,7,0,1.80251960309414,1.44960380670104,18.844754524617,284.255232602911,21
"611",2021-11-01,31015,296,604,13,25.1,51,0,10,37,1,1,13,12,0,1654,37,773,0.0116400003433228,14,0,1.14329355341659,1.42125026913492,48.2390534068457,305.912427254766,51
"612",2021-11-02,31065,324,604,31,25.3,50,1,6,37,2,0,14,14,0,1656,38,1531,0.0267799997329712,17,0,2.64859041286685,1.54375213043296,46.9480099616135,349.135663883231,50
"613",2021-11-03,31108,346,604,44,26.6,43,0,19,22,2,0,15,15,0,1658,22,1657,0.0169000005722046,11,0,1.67885497291025,1.57567370323572,42.0818484063349,363.014524935994,43
"614",2021-11-04,31141,365,604,33,27.6,33,2,5,23,4,0,18,18,0,1662,25,1511,0.0258100008964539,35,0,2.52256865165212,1.77796127415998,31.8471984285931,391.96909705746,33
"615",2021-11-05,31180,382,606,45,32.3,39,0,7,23,2,1,18,17,2,1664,23,1264,0.0213599991798401,15,0.0666699981689453,2.18913908802596,1.88084978920306,31.4747952799092,406.494425953275,39
"616",2021-11-06,31213,388,607,40,34,33,3,4,21,3,1,19,18,1,1667,24,1414,0.0212199997901917,10,0.1,2.17732301287437,2.02318418497718,29.5306103718825,412.744867678767,33
"617",2021-11-07,31251,407,608,39,35,38,3,3,27,6,3,23,20,1,1673,30,1016,0.0255900001525879,10,0,2.53405849464223,2.12768974091263,35.2267344991545,437.209364705196,38
"618",2021-11-08,31315,443,609,36,38.3,64,6,7,45,1,2,22,20,1,1674,51,849,0.0270900011062622,13,0.0769199991226196,2.7841497596068,2.36209777036837,62.1590420928258,479.126581316114,64
"619",2021-11-09,31357,459,609,39,39.4,42,0,9,29,3,2,24,22,0,1677,29,1627,0.0215100002288818,21,0.0476200008392334,2.18427126153001,2.29576646303454,39.855389596458,488.366338785318,42
"620",2021-11-10,31398,477,609,34,38,41,1,5,28,6,2,29,27,0,1683,29,1507,0.00995000004768372,72,0.0555600023269653,1.20297468267263,2.22778356442916,35.0218450200502,493.807588778067,41
"621",2021-11-11,31445,482,610,48,40.1,47,1,5,35,3,5,32,27,1,1686,36,1632,0.0208299994468689,24,0,2.05281153969143,2.16067540557763,43.1646223015095,510.981887481321,47
"622",2021-11-12,31504,503,610,50,40.9,59,1,2,36,1,5,33,28,0,1687,37,1517,0.0184599995613098,29,0.0344799995422363,1.87605040887657,2.11594845141344,41.0331844289564,530.640318047705,59
"623",2021-11-13,31540,520,611,43,41.3,36,1,5,28,1,3,31,28,1,1688,29,1627,0.0196700000762939,20,0,1.94311415447056,2.08249004307004,35.6505430668944,549.595944647761,36
"624",2021-11-14,31573,529,611,43,41.9,33,1,2,27,0,3,27,24,0,1688,28,912,0.037279999256134,8,0,3.69558253495589,2.24842204882913,33.0308991418157,586.262344500732,33
"625",2021-11-15,31613,527,613,41,42.6,40,1,3,34,1,2,23,21,2,1689,35,921,0.0217199993133545,18,0,2.1303641499041,2.15502410458589,40.1839990084866,559.884785070641,40
"626",2021-11-16,31663,543,614,42,43,50,1,3,37,1,1,23,22,1,1690,38,1729,0.0208200001716614,24,0,2.0534957385512,2.13634188701748,43.2856406426493,575.6606018147,50
"627",2021-11-17,31685,511,614,44,44.4,22,0,1,12,1,2,22,20,0,1691,12,1886,0.0148500001430511,19,0.0526300001144409,1.52268085417159,2.18201419723162,13.5352056389156,533.790840123821,22
"628",2021-11-18,31722,500,614,39,43.1,37,2,1,21,1,3,20,17,0,1692,23,1686,0.0183899998664856,42,0.0238100004196167,1.85217359910409,2.15335163429057,25.2477858974207,527.125780378711,37
"629",2021-11-19,31758,499,615,25,39.6,36,0,2,24,2,2,18,16,1,1694,24,1564,0.0140699994564056,40,0,1.37191266520065,2.08133195662258,26.9644245443863,519.051993652031,36
"630",2021-11-20,31800,483,616,50,40.6,42,1,0,37,1,2,15,13,1,1695,38,1680,0.0166700005531311,76,0.0131599998474121,1.65180870829519,2.03971689288324,39.8385434392113,506.368854766817,42
"631",2021-11-21,31842,485,616,25,38,42,2,2,30,1,1,15,14,0,1696,32,924,0.0238100004196167,5,0,2.36818518705337,1.85008870032574,36.2197097312675,518.642475614522,42
"632",2021-11-22,31897,479,616,31,36.6,55,2,2,42,2,0,17,17,0,1698,44,1048,0.0152699995040894,18,0,1.50121571109622,1.76021035192462,47.9347565463609,500.062463311519,55
"633",2021-11-23,31945,489,617,27,34.4,48,3,1,31,2,0,16,16,1,1700,34,1457,0.0102999997138977,9,0,1.0236766427796,1.61309333824296,36.0194648550716,503.662303356766,48
"634",2021-11-24,31994,499,617,46,34.7,49,1,1,36,0,0,13,13,0,1700,37,1743,0.0183599996566772,16,0,1.81929956802663,1.65546744022225,39.9716802575331,525.591039148893,49
"635",2021-11-25,32037,504,618,60,37.7,43,2,0,36,0,0,11,11,1,1700,38,1548,0.0219600009918213,6,0,2.18752133432042,1.70337425953887,40.434817649981,536.29337093659,43
"636",2021-11-26,32077,496,618,51,41.4,40,8,0,28,3,1,13,12,0,1703,36,1853,0.0221300005912781,40,0,2.16623830404851,1.81684935080285,38.2842270966736,527.471573331948,40
"637",2021-11-27,32106,495,618,43,40.4,29,6,0,18,1,1,13,12,0,1704,24,1818,0.0203500008583069,2,0,2.03276382200011,1.87127150990355,25.4289884280575,524.472886328687,29
"638",2021-11-28,32172,530,618,22,40,66,13,1,40,1,2,12,10,0,1705,53,1272,0.0117900002002716,46,0,1.13785130916127,1.69550952734754,55.7664116913619,547.664116913619,66
"639",2021-11-29,32221,535,618,26,39.3,49,7,0,34,1,2,13,11,0,1706,41,989,0.0161800003051758,16,0,1.59224082605163,1.70851311519831,42.9121552905341,559.951294644774,49
"640",2021-11-30,32289,566,618,61,44.1,68,6,1,49,2,2,14,12,0,1708,55,1907,0.0272699999809265,25,0,2.69171273103659,1.94680398494931,60.3363262094868,610.624738810355,68
"641",2021-12-01,32366,603,618,62,46.4,77,4,0,53,0,2,14,12,0,1708,57,1958,0.0194099998474121,72,0.0138900005817413,1.92142166222257,1.96139285554873,60.2079536570706,636.936772898483,77
"642",2021-12-02,32437,629,618,63,46.9,71,6,0,50,0,2,12,10,0,1708,56,2077,0.0245499992370605,19,0,2.43274563050452,1.99642489786074,59.99038937651,673.820623532586,71
"643",2021-12-03,32529,690,618,59,48,92,7,0,69,1,2,9,7,0,1709,76,1911,0.0245900011062622,12,0,2.44365533614493,2.03605590244594,81.4398145056394,739.387789590674,92
"644",2021-12-04,32583,710,618,70,51.9,54,2,0,45,0,2,9,7,0,1709,47,1446,0.0242000007629395,6,0.166669998168945,2.4788719760485,2.09978563873857,50.4125773432497,761.551700291644,54
"645",2021-12-05,32661,746,618,35,53.7,78,5,1,58,0,2,8,6,0,1709,63,1461,0.0246399998664856,10,0,2.44724947688208,2.28684251984155,68.5159522498944,799.474609181289,78
"646",2021-12-06,32769,805,618,69,59.9,108,4,3,82,0,2,7,5,0,1709,86,1178,0.0348000001907349,14,0,3.439127535628,2.55068347835246,97.6631788416608,886.091383343453,108
"647",2021-12-07,32867,850,618,68,60.9,98,4,2,72,2,1,8,7,0,1711,76,1905,0.0278200006484985,22,0.0454500007629395,2.80212772455497,2.56645704885508,84.2378089156942,919.764968136053,98
"648",2021-12-08,32976,904,618,44,58.3,109,6,3,87,0,1,7,6,0,1711,93,2324,0.0249600005149841,13,0,2.48211558394622,2.64655618052989,102.761382375892,969.723544815119,109
"649",2021-12-09,33099,990,618,147,70.3,123,5,2,93,1,1,8,7,0,1712,98,1969,0.0304699993133545,15,0,3.02396313749975,2.73101582438635,108.680267635949,1077.688417955,123
"650",2021-12-10,33268,1125,619,87,74.3,169,6,6,128,3,0,9,9,1,1715,134,2152,0.0399600005149841,23,0,3.95374349922969,2.94674270482703,155.518289038013,1255.28414304302,169
"651",2021-12-11,33395,1210,619,150,85.7,127,3,4,104,0,0,8,8,0,1715,107,1669,0.0437400007247925,12,0,4.34277580069475,3.21301467977649,124.610739883869,1363.91584354656,127
"652",2021-12-12,33581,1333,620,106,95.9,186,3,4,158,0,0,8,8,1,1715,161,1977,0.0364199995994568,14,0.0714300012588501,3.66661774112255,3.38721014609656,182.291077561913,1476.16153037286,186
"653",2021-12-13,33877,1568,620,100,100.3,296,7,7,261,0,0,8,8,0,1715,268,2090,0.0377999997138977,79,0.0126600003242493,3.68843427513425,3.42282539459745,303.953921361059,1737.4020473662,296
"654",2021-12-14,34184,1805,620,199,119,307,4,3,267,0,0,7,7,0,1715,271,2041,0.0494899988174438,12,0,4.9200724591526,3.7253889281114,313.054522929745,2065.12329848041,307
"655",2021-12-15,34509,2054,620,252,148.7,325,1,3,304,0,0,4,4,0,1715,305,2780,0.0460400009155273,20,0.05,4.60682866232735,4.02891936788013,349.155932567132,2331.16159177997,325
"656",2021-12-16,34921,2406,621,308,171.7,412,7,2,388,3,0,7,7,1,1718,395,2938,0.0871300029754639,58,0.0172399997711182,8.57769922325226,4.82231023727335,496.242673831291,3010.50094490655,412
"657",2021-12-17,35389,2803,621,354,209.9,468,9,7,427,2,0,9,9,0,1720,436,3115,0.102089996337891,10,0.1,10.208330834961,5.71582271380639,573.368231155862,3641.12420167404,468
"658",2021-12-18,35889,3256,621,308,232.4,500,23,14,434,1,0,9,9,0,1721,457,2657,0.086560001373291,3,0,8.64623773115918,6.33060298958702,586.737452775834,4080.59769417531,500
"659",2021-12-19,36431,3732,621,402,274.7,542,21,9,492,1,0,10,10,0,1722,513,2662,0.0894099998474121,46,0.0217400002479553,8.82605094553977,7.06766487593234,654.621624229716,4696.80292714484,542
"660",2021-12-20,37330,4505,621,387,315.7,899,8,19,846,1,0,9,9,0,1723,854,2480,0.102419996261597,11,0,10.1967720083806,7.99742740925325,1128.06515163264,5850.51347553286,899
"661",2021-12-21,38183,5252,621,487,356.9,853,6,17,806,3,0,10,10,0,1726,812,2720,0.110659999847412,96,0.0208299994468689,10.7597613470121,8.83166867894746,1084.91115408887,6907.22830206247,853
"662",2021-12-22,38984,5927,621,670,416.6,801,10,22,745,2,0,12,12,0,1728,755,3906,0.158219995498657,124,0.0161300003528595,15.3847995648017,10.3713788078724,1117.22744331007,8597.89808807786,801
"663",2021-12-23,39822,6647,621,734,477.4,838,1,40,781,2,1,12,11,0,1730,782,3490,0.194559993743896,98,0.0204099988937378,18.9803388533384,11.857470183599,1256.75167309975,10342.3892213479,838
"664",2021-12-24,40563,7238,621,859,549.6,741,0,28,696,3,1,14,13,0,1733,696,3699,0.246280002593994,68,0.0735300016403198,24.3161605974708,13.8728744353861,1219.71811552469,12393.1835059881,741
"665",2021-12-25,41075,7627,622,499,576.9,512,0,27,477,3,1,14,13,1,1736,477,2499,0.208479995727539,57,0.0175399994850159,20.422194416814,15.5551539619082,789.332559901391,12189.3300510858,512
"666",2021-12-26,41820,8191,622,428,580.6,745,0,42,691,7,1,17,16,0,1743,691,2033,0.217900009155273,55,0.01817999958992,21.2639185148523,17.3319921860957,1163.37981458914,13292.6513188128,745
"667",2021-12-27,42843,8916,622,542,602.7,1023,1,47,968,6,2,22,20,0,1749,969,1844,0.252709999084473,177,0.0565000009536743,23.5525847837985,19.2399654397268,1684.48689883891,15066.9073168707,1023
"668",2021-12-28,44023,9797,622,855,655.3,1180,0,55,1119,8,1,29,28,0,1757,1119,2377,0.33193000793457,91,0.0879100036621094,32.29325118289,22.3161782734237,2232.4550139929,19063.9202610263,1180
"669",2021-12-29,45313,10743,622,1232,735.6,1290,0,54,1229,5,4,33,29,0,1762,1229,3360,0.278269996643066,144,0.0277800011634827,26.7975887239795,23.9465767247348,2247.66861184579,19175.4124467529,1290
"670",2021-12-30,46622,11648,623,1329,820.6,1309,0,47,1259,12,5,40,35,1,1774,1259,3317,0.313229999542236,131,0.0610699987411499,30.3649674685814,25.5729522411981,2425.77069525204,22007.8801098457,1309
"671",2021-12-31,47431,11981,626,1335,888.6,809,0,36,772,11,5,45,40,3,1785,772,3290,0.356529998779297,180,0.0111099994182587,33.8611958466621,26.9365287053683,1573.68500029104,23863.9948037395,809
"672",2022-01-01,47810,11819,626,1174,985,379,0,41,337,13,6,57,51,0,1798,337,2483,0.397910003662109,164,0.0975599956512451,37.9301238526566,29.4376614819172,752.407645939387,24949.9316538802,395
"673",2022-01-02,48344,11704,627,499,995.1,534,0,49,485,8,5,61,56,1,1806,485,2196,0.306919994354248,63,0.0317499995231628,29.9245930753381,30.6749007048438,959.109234833198,21962.718524717,553
"674",2022-01-03,48974,11374,627,562,998,630,0,67,563,8,4,60,56,0,1814,563,1759,0.246730003356934,105,0.1428600025177,24.087895717232,30.7513736953343,1027.22612581357,19398.955515104,654
"675",2022-01-04,49595,11063,629,797,989.7,621,0,53,568,12,4,67,63,2,1826,568,2098,0.328409996032715,291,0.127150001525879,30.3894860661644,30.4794072500877,1126.5943809401,20910.5187259512,650
"676",2022-01-05,50115,10686,630,688,912,520,0,59,461,13,7,77,70,1,1839,461,2595,0.305970001220703,313,0.0511199998855591,27.8539447431879,30.6303152528318,896.112859547416,19404.3124015698,556
"677",2022-01-06,50580,10263,634,823,839.7,465,0,57,408,12,7,76,69,4,1851,408,2284,0.279769992828369,122,0.073769998550415,26.9324440333809,30.1399547620889,786.859606900814,18359.1890824094,512
"678",2022-01-07,51015,9993,635,643,740.9,435,2,74,359,13,8,77,69,1,1864,361,2289,0.294449996948242,441,0.0430800008773804,25.3844074506026,28.9289849912232,703.413762229779,17423.0795733024,486
"679",2022-01-08,51326,9800,636,684,670.9,311,0,50,261,21,10,90,80,1,1885,261,2346,0.303920001983643,273,0.0732600021362305,27.987640520688,27.5086302295134,524.962341442912,17833.8350426841,355
"680",2022-01-09,51572,9396,636,470,666.7,246,1,36,209,13,10,94,84,0,1898,210,1306,0.265699996948242,171,0.0584800004959106,24.1709056262156,26.6866748796388,394.676649269341,16048.2180787368,296
"681",2022-01-10,51995,8856,637,391,642.3,423,0,84,339,0,11,88,77,1,1898,339,1319,0.170580005645752,127,0.0787400007247925,16.2513836472196,25.5671731553513,584.369178628398,13071.5912859383,550
"682",2022-01-11,52306,8039,639,596,613.6,311,1,50,260,1,9,82,73,2,1899,261,2085,0.279139995574951,410,0.0902400016784668,24.80983132112,24.7700796203449,500.668350082841,13880.9305222834,433
"683",2022-01-12,52589,7032,643,475,583.1,283,0,54,229,0,9,71,62,4,1899,229,1487,0.290520000457764,162,0.20988000869751,28.259781812595,24.828056344546,472.554820886792,12852.7401767507,477
"684",2022-01-13,52736,5887,646,395,522,147,0,27,120,0,9,69,60,3,1899,120,1279,0.175139999389648,117,0.145299997329712,17.2639082311559,23.4468369442281,207.68074613089,8863.89627060457,456
"685",2022-01-14,52745,5103,646,243,464.9,9,0,2,7,0,9,67,58,0,1899,7,NA,NA,NA,NA,NA,NA,NA,NA,615
