"","date","observed_cumulative_cases","observed_active_cases","observed_cumulative_deaths","observed_new_cases","observed_daily_average_cases","observed_new_episodes","observed_new_cases_community_outbreak","observed_new_cases_institution_outbreak","observed_new_cases_sporadic","observed_new_ICU_p_acute_care","observed_census_ICU","observed_census_ICU_p_acute_care","observed_census_acute_care","observed_new_deaths","cumulative_hosp","observed_new_community_cases","num_non_ltch_tests","non_ltch_pct_positivity","num_ltch_tests","ltch_pct_positivity","observed_pct_positivity","pct_positivity_7_day","adjusted_new_episodes","adjusted_active_cases","adjusted_episode_cases"
"1",2020-03-01,7,7,0,0,0,2,0,0,2,0,0,1,1,0,0,2,NA,NA,NA,NA,NA,NA,NA,NA,2
"2",2020-03-02,10,10,0,0,0,3,2,0,1,0,0,1,1,0,0,3,NA,NA,NA,NA,NA,NA,NA,NA,3
"3",2020-03-03,11,11,0,0,0,1,0,0,1,0,0,1,1,0,0,1,NA,NA,NA,NA,NA,NA,NA,NA,1
"4",2020-03-04,12,12,0,0,0,1,0,0,1,0,0,1,1,0,0,1,NA,NA,NA,NA,NA,NA,NA,NA,1
"5",2020-03-05,18,18,0,0,0,6,2,0,4,0,0,1,1,0,0,6,NA,NA,NA,NA,NA,NA,NA,NA,6
"6",2020-03-06,23,23,0,0,0,5,0,1,4,0,0,1,1,0,0,4,NA,NA,NA,NA,NA,NA,NA,NA,5
"7",2020-03-07,27,27,0,0,0,4,0,0,4,0,0,1,1,0,0,4,NA,NA,NA,NA,NA,NA,NA,NA,4
"8",2020-03-08,36,36,0,0,0,9,1,0,8,0,0,1,1,0,0,9,NA,NA,NA,NA,NA,NA,NA,NA,9
"9",2020-03-09,45,45,0,1,0.1,9,0,0,9,0,0,1,1,0,0,9,NA,NA,NA,NA,NA,NA,NA,NA,9
"10",2020-03-10,52,52,0,0,0.1,7,1,0,6,0,0,1,1,0,0,7,NA,NA,NA,NA,NA,NA,NA,NA,7
"11",2020-03-11,61,61,0,0,0.1,9,0,0,9,0,0,1,1,0,0,9,NA,NA,NA,NA,NA,NA,NA,NA,9
"12",2020-03-12,75,75,0,3,0.6,14,1,0,13,0,0,1,1,0,0,14,NA,NA,NA,NA,NA,NA,NA,NA,14
"13",2020-03-13,97,97,0,1,0.7,22,2,2,18,0,0,1,1,0,0,20,NA,NA,NA,NA,NA,NA,NA,NA,22
"14",2020-03-14,115,115,0,4,1.3,18,1,1,16,1,0,2,2,0,1,17,NA,NA,NA,NA,NA,NA,NA,NA,18
"15",2020-03-15,142,142,0,4,1.9,27,1,0,26,0,0,2,2,0,1,27,NA,NA,NA,NA,NA,NA,NA,NA,27
"16",2020-03-16,157,157,0,0,1.7,15,0,0,15,0,0,2,2,0,1,15,NA,NA,NA,NA,NA,NA,NA,NA,15
"17",2020-03-17,180,179,0,5,2.4,23,1,0,22,2,0,4,4,0,3,23,127,0,4,0,0,0,23,179,23
"18",2020-03-18,196,194,0,4,3,16,0,0,16,0,0,3,3,0,3,16,210,0.01904999971,1,0,1.89597153511848,0.947985767559242,15.6929363994111,190.27685384286,16
"19",2020-03-19,221,219,0,1,2.7,25,0,0,25,4,0,7,7,0,7,25,110,0.02726999998,9,0,2.52075630067227,1.47224261193025,24.36210762237,213.412062771961,25
"20",2020-03-20,243,241,0,2,2.9,22,1,1,20,3,1,10,9,0,10,21,137,0.00730000019,4,0,0.709290798602837,1.2815046585984,21.8492281848832,239.269713931278,22
"21",2020-03-21,263,261,0,4,2.9,20,0,2,18,3,1,10,9,0,13,18,204,0.01470999956,3,0,1.44968111605797,1.31513995009031,19.7358676900856,257.170081506242,20
"22",2020-03-22,289,287,0,7,3.3,26,0,1,25,3,5,13,8,0,16,25,159,0.03144999981,2,0,3.10593165825466,1.61360523478437,25.21402551698,277.977012934931,26
"23",2020-03-23,310,308,0,9,4.6,21,1,0,20,4,5,17,12,0,20,21,138,0.03622999907,3,0,3.54591480259574,1.88964945875742,20.246255538504,296.945081231392,21
"24",2020-03-24,328,324,1,8,5,18,1,3,14,3,7,20,13,1,23,15,253,0.01975999951,4,0,1.94524508794942,2.16754161417877,17.7046464950473,317.620364293023,18
"25",2020-03-25,351,347,1,8,5.6,23,0,1,22,4,8,23,15,0,27,22,153,0.05881999969,2,0,5.80610319520645,2.72613185133419,21.7070433209068,326.606546925211,23
"26",2020-03-26,365,357,1,19,8.1,14,1,3,10,2,7,25,18,0,29,11,274,0.02555000067,3,0,2.52732858612996,2.72707074925672,13.7185955652323,347.867146980721,14
"27",2020-03-27,382,365,1,27,11.7,17,3,2,12,5,9,26,17,0,34,15,577,0.02946000099,4,0,2.92571782637349,3.04370318179539,16.5557778195277,354.190593608508,17
"28",2020-03-28,407,387,2,26,14.9,25,1,1,23,3,8,25,17,1,37,24,367,0.08173999786,3,0,8.10772411205946,3.99485218122417,23.0303604940926,355.239562967244,25
"29",2020-03-29,426,399,2,11,15.4,19,5,4,10,7,8,31,23,0,44,15,184,0.0434800005,0,0,4.34800005,4.17229052290208,18.3398276328997,381.439415035132,19
"30",2020-03-30,451,408,3,48,21,25,8,3,14,4,12,32,20,1,48,22,549,0.07831999779,0,0,7.831999779,4.78458837667411,23.2558979603953,375.654834901877,25
"31",2020-03-31,468,405,3,51,27.1,17,2,3,12,6,13,34,21,0,54,14,943,0.06468999863,0,0,6.468999863,5.4308390588242,16.0832694166659,378.480293839264,17
"32",2020-04-01,495,408,3,37,31.3,27,6,4,16,3,15,33,18,0,57,22,575,0.05738999844,4,0.25,5.87206374835924,5.44026199498888,24.6923546157825,383.74912196542,27
"33",2020-04-02,512,404,6,32,33.1,17,5,4,7,6,14,34,20,3,63,12,107,0.08411000252,9,0,7.75842264624138,6.18756114643337,15.0576087977122,372.272829522976,17
"34",2020-04-03,540,410,6,26,33,28,3,4,20,5,14,37,23,0,68,23,217,0.1106000042,2,0,10.9589958499543,7.3351722926592,24.448620033632,364.518878860396,28
"35",2020-04-04,557,417,7,18,31.9,17,3,7,6,7,14,43,29,1,75,9,315,0.02539999962,3,0,2.51603769820755,6.53635994782321,15.7707886094059,406.379872235808,17
"36",2020-04-05,584,428,8,40,36,27,4,8,13,4,13,43,30,1,79,17,422,0.06635000229,5,0.2,6.79149905535831,6.88543123430297,23.8313321181907,398.577067446214,27
"37",2020-04-06,603,428,9,40,34.9,19,3,7,9,4,12,44,32,1,83,12,238,0.1176500034,4,0.25,11.9837606649587,7.47853993229707,17.5443702752581,376.082539817537,19
"38",2020-04-07,626,426,9,25,31.1,23,2,11,10,4,14,45,31,0,87,12,285,0.1087699986,6,0,10.6527318216495,8.07621592638985,21.7060461634018,380.064638800765,23
"39",2020-04-08,646,429,11,26,29.6,20,1,10,8,5,16,44,28,2,92,9,368,0.0434800005,6,0.3333300018,4.81300005208556,7.92492111263647,18.5615350137028,408.099835653166,20
"40",2020-04-09,682,437,11,25,28.6,36,1,20,13,6,16,47,31,0,98,14,295,0.09491999626,5,0,9.33379963223333,8.14997496777818,32.677294827208,395.712702820708,36
"41",2020-04-10,716,454,11,37,30.1,34,0,20,13,4,16,49,33,0,102,13,331,0.09062999725,8,0,8.84912362529498,7.8485646499697,31.8355518444828,413.333887491939,34
"42",2020-04-11,760,484,11,31,32,44,0,34,8,6,19,54,35,0,108,8,225,0.1022200012,11,0.3636399841,11.4404830911441,9.1234854203892,41.0735736625331,427.951206583251,44
"43",2020-04-12,793,499,13,35,31.3,33,0,18,14,1,18,50,32,2,109,14,227,0.1013199997,12,0.5,12.1337405572803,9.88666277780663,30.2805114709121,437.712515998938,33
"44",2020-04-13,817,506,16,16,27.9,24,0,19,5,3,20,52,32,3,112,5,165,0.0606099987,26,0.03845999956,5.75948155709948,8.99748004811246,23.7085057858711,476.50078553016,24
"45",2020-04-14,850,506,18,32,28.9,33,0,26,7,5,20,51,31,2,117,7,208,0.06730999947,18,0.1666699982,7.52236276874336,8.55028446912587,32.4669979784292,467.471568155024,33
"46",2020-04-15,879,504,24,60,33.7,29,2,18,9,4,16,51,35,6,121,11,390,0.1,24,0.2083300018,10.6280000104348,9.38099874889005,27.8166294038453,449.780110867093,29
"47",2020-04-16,949,553,24,21,33.1,70,1,55,13,7,13,53,40,0,128,14,310,0.03548000097,11,0,3.42641753915888,8.53708702130798,68.5144378086348,533.820293441076,70
"48",2020-04-17,981,557,26,73,38.3,32,0,26,6,0,13,49,36,2,128,6,378,0.08465999603,66,0.5,14.6399726349865,9.36435116554963,31.1108642798914,474.458567316582,32
"49",2020-04-18,1021,579,31,31,38.3,40,0,31,9,1,11,46,35,5,129,9,421,0.06176000118,8,0,6.06082995262937,8.59582928861896,39.4478575330624,543.478834627013,40
"50",2020-04-19,1038,582,35,38,38.7,17,0,13,4,5,15,47,32,4,134,4,452,0.04425000191,47,0.1276599979,5.21062540373146,7.60681283811198,16.7890272390496,551.30346328171,17
"51",2020-04-20,1099,618,39,16,38.7,61,1,47,13,3,13,45,32,4,137,14,325,0.05230999947,43,0.02325999975,4.89155701548913,7.48282361788192,60.3068109427751,587.400654473928,61
"52",2020-04-21,1135,631,47,51,41.4,36,0,26,10,2,11,43,32,8,139,10,543,0.06998000145,25,0.36,8.2744966174912,7.59027131056019,35.1624357626931,578.149696625937,36
"53",2020-04-22,1176,647,54,35,37.9,41,1,31,9,4,9,45,36,7,143,10,656,0.02438999891,122,0.1065600014,3.72752692233419,6.60448944083153,40.6226908550369,622.588098320888,41
"54",2020-04-23,1221,662,57,50,42,45,0,35,10,5,11,48,37,3,148,10,775,0.03612999916,105,0.02857000113,3.52279539405114,6.61825770581614,44.6434142675012,638.394024508583,45
"55",2020-04-24,1262,669,65,38,37,41,0,36,5,7,10,48,38,8,155,5,517,0.04061999798,94,0.1063799953,5.07369206446154,5.25164619574115,40.7432144080331,634.642087794834,41
"56",2020-04-25,1363,741,78,53,40.1,101,0,95,6,4,9,48,39,13,159,6,557,0.0502699995,28,0.03571000099,4.95731106824274,5.09400064082877,100.698925506464,703.817300048262,101
"57",2020-04-26,1417,760,87,87,47.1,54,0,41,13,5,9,50,41,9,164,13,358,0.05027999878,81,0.01235000014,4.32815252268337,4.96793308639333,53.4304623333062,726.703951793285,54
"58",2020-04-27,1478,784,95,87,57.3,61,0,54,7,8,11,56,45,8,172,7,269,0.06320000172,80,0.1,7.16355314116905,5.29250396149046,60.4924216734484,727.151227426218,61
"59",2020-04-28,1498,779,103,65,59.3,20,0,13,7,7,13,61,48,8,179,7,503,0.06163000107,11,0.2727300072,6.61477054813424,5.05540023729661,19.5313060293991,726.841056700273,20
"60",2020-04-29,1523,768,111,28,58.3,25,0,17,8,7,13,62,49,8,186,8,668,0.03144000053,74,0.1486499977,4.31294072558491,5.13903078061814,24.6507471014744,734.471721741539,25
"61",2020-04-30,1543,758,122,30,55.4,20,0,10,10,2,11,56,45,11,188,10,603,0.04145999908,6,0.3333300018,4.43355656092611,5.26913951874314,19.5512248549768,723.982844007239,20
"62",2020-05-01,1566,741,135,43,56.1,23,0,16,7,6,11,57,46,13,194,7,516,0.03101000071,55,0.09090999603,3.67797025359194,5.06975068861891,22.7393949692791,713.413096033692,23
"63",2020-05-02,1587,742,139,22,51.7,21,0,15,6,4,12,57,45,4,198,6,508,0.05118000031,28,0.03571000099,5.03718660171642,5.08116147911515,20.6940743915234,704.16719975173,21
"64",2020-05-03,1606,723,148,23,42.6,19,0,13,6,3,12,52,40,9,201,6,826,0.02058000088,231,0.00432999998,1.702867618,4.7061207784461,18.8965790125754,710.53777101533,19
"65",2020-05-04,1624,720,152,14,32.1,18,0,11,7,6,10,52,42,4,207,7,637,0.01098999977,24,0.125,1.51295459205598,3.89889241428708,17.8927985952151,708.973569793557,18
"66",2020-05-05,1649,720,156,29,27,25,0,24,1,3,9,50,41,4,210,1,923,0.02924999952,29,0.1724099922,3.36109656835714,3.4340818457475,24.9659781807411,695.504290133556,25
"67",2020-05-06,1665,693,161,23,26.3,16,0,11,5,4,10,52,42,5,214,5,598,0.01672000051,149,0.01342000008,1.60617674925033,3.0474012776997,15.9187094837212,681.73313444376,16
"68",2020-05-07,1688,671,167,32,26.6,23,0,16,7,6,10,54,44,6,220,7,813,0.03566999912,234,0.01281999946,3.05631224051576,2.85065208906965,22.7834429616296,650.241461036213,23
"69",2020-05-08,1701,638,173,16,22.7,13,0,8,5,4,8,54,46,6,224,5,715,0.00978999972,127,0.04723999977,1.54386339318171,2.54577968043962,12.9218632368111,628.029749017099,13
"70",2020-05-09,1718,622,179,12,21.3,17,0,12,5,5,6,51,45,6,229,5,1100,0.01544999957,164,0.03049000025,1.74013920632911,2.07477290967001,16.9119294843824,611.044027857173,17
"71",2020-05-10,1730,553,185,25,21.6,12,0,8,4,3,5,52,47,6,232,4,907,0.01764000058,316,0.01266000032,1.63532629821586,2.06512414970084,11.9337873522932,543.846101454532,12
"72",2020-05-11,1750,534,188,14,21.6,20,0,14,6,1,5,51,46,3,233,6,517,0.00967000008,197,0.01523000002,1.12040616880952,2.00904580352278,19.9319538929098,527.943896468968,20
"73",2020-05-12,1773,517,193,13,19.3,23,0,17,6,4,6,51,45,5,237,6,835,0.01317000031,322,0.0031099999,1.03702422010804,1.67703546805862,22.9370179644658,511.57304793814,23
"74",2020-05-13,1794,499,195,21,19,21,0,15,6,2,7,47,40,2,239,6,1249,0.01440999985,224,0.01338999987,1.42548878367481,1.65122290154783,20.9134251799658,491.79986080049,21
"75",2020-05-14,1808,471,198,25,18,14,0,10,4,2,6,45,39,3,241,4,1046,0.02677000046,127,0.02361999989,2.64289518049361,1.59216332154467,13.8929919443581,458.399801448172,14
"76",2020-05-15,1828,457,201,17,18.1,20,0,12,8,1,5,44,39,3,242,8,1163,0.01203999996,137,0.01460000038,1.23097846196462,1.54746547422794,19.9003179447115,451.305662591645,20
"77",2020-05-16,1844,438,207,19,19.1,16,0,6,10,1,4,42,38,6,243,10,967,0.01343999982,25,0.04,1.4109354663246,1.50043636851301,15.8571817546891,431.744560855381,16
"78",2020-05-17,1856,398,212,15,17.7,12,0,9,3,1,2,42,40,5,244,3,353,0.02549999952,10,0.1,2.75523411310193,1.66042319921102,11.9163325940458,386.900124143404,12
"79",2020-05-18,1871,390,213,26,19.4,15,0,8,7,2,1,43,42,1,246,7,376,0.03989000082,17,0.05881999969,4.07088557329517,2.08192025699468,14.7115546927402,373.929475738383,15
"80",2020-05-19,1883,353,219,23,20.9,12,0,8,4,0,1,40,39,6,246,4,359,0.03900000095,31,0.2258099937,5.3849000373718,2.70304537374665,11.7819710418038,333.758944439181,12
"81",2020-05-20,1898,339,223,17,20.3,15,0,9,6,3,1,41,40,4,249,6,675,0.02963000059,36,0.05556000233,3.09429120705063,2.94144571994319,14.8120730885772,328.382129504614,15
"82",2020-05-21,1906,325,229,11,18.3,8,0,1,7,0,1,38,37,6,249,7,478,0.02092000008,36,0,1.94547860666148,2.84181478082432,7.86215181823163,318.599905846469,8
"83",2020-05-22,1913,309,233,7,16.9,7,0,3,4,1,1,36,35,4,250,4,514,0.00583999991,14,0,0.568515142753788,2.7471771637942,6.97698141777319,307.221814522979,7
"84",2020-05-23,1922,305,236,6,15,9,1,3,5,1,0,35,35,3,251,6,582,0.00859000027,43,0,0.7999008251424,2.65988650076817,8.9514192810389,302.530480119477,9
"85",2020-05-24,1932,302,237,8,14,10,0,3,7,1,1,36,35,1,252,7,332,0.01506000042,25,0.04,1.6806498990028,2.50637447018258,9.88091643260766,296.862394663931,10
"86",2020-05-25,1947,298,240,6,11.1,15,1,7,7,0,1,35,34,3,252,8,401,0.01746000051,8,0,1.71184846076039,2.1693691683919,14.8613781002807,292.836334235457,15
"87",2020-05-26,1953,288,243,16,10.1,6,0,2,4,1,1,35,34,3,253,4,1123,0.00800999999,41,0.07316999912,1.03051545985309,1.54731422874637,5.95827550919096,284.995836661749,6
"88",2020-05-27,1958,261,243,8,8.9,5,0,1,4,1,1,33,32,0,254,4,1150,0.00957000017,13,0.07691999912,1.0322837647515,1.25274173698935,4.95820391237912,258.272805282738,5
"89",2020-05-28,1962,236,244,4,7.9,4,0,2,2,1,1,31,30,1,255,2,1403,0.00284999996,88,0,0.268179070682763,1.01312751756382,3.99457085526331,235.359360921071,4
"90",2020-05-29,1969,226,247,7,7.9,7,0,3,4,2,1,32,31,3,257,4,1380,0.0065200001,37,0,0.634975309668313,1.02262182712304,6.9742905152767,224.547414113133,7
"91",2020-05-30,1972,208,248,15,9.1,3,1,1,1,0,1,31,30,1,257,2,1020,0.01274999976,119,0,1.14179102328358,1.07146328400035,2.97688503913196,205.596044069723,3
"92",2020-05-31,1976,193,249,10,9.4,4,0,1,3,3,1,34,33,1,260,3,1309,0.00535000026,11,0.09090999603,0.606300022475,0.917984730210664,3.98158866069883,191.815537171625,4
"93",2020-06-01,1987,184,250,5,9.3,11,0,5,6,0,1,31,30,1,260,6,763,0.00130999997,20,0,0.127653892351213,0.691671220437924,10.9922471415535,183.762245674306,11
"94",2020-06-02,1990,165,251,8,8.1,3,0,1,2,0,1,26,25,1,260,2,858,0.01049000025,9,0,1.03811075138408,0.692756262085208,2.97898399189903,163.26617933167,3
"95",2020-06-03,2000,156,251,8,8.1,10,0,7,3,0,0,22,22,0,260,3,1110,0.00449999988,141,0,0.399280564892086,0.602327233533863,9.98787516133253,155.369508389292,10
"96",2020-06-04,2007,146,254,8,8.7,7,0,2,5,0,0,20,20,3,260,5,1430,0.00559000015,21,0,0.550909732219159,0.642717328039062,6.97211780299023,145.185839847315,7
"97",2020-06-05,2011,137,256,15,9.9,4,0,1,3,1,0,21,21,2,261,3,1366,0.00952000022,29,0,0.932209340539068,0.68517933244917,3.97169186568999,135.707261866509,4
"98",2020-06-06,2014,128,257,2,8,3,0,0,3,0,0,21,21,1,261,3,1404,0.00071000002,68,0,0.0677201106032609,0.531740630637696,2.99794356277814,127.912258678534,3
"99",2020-06-07,2015,118,258,4,7.1,1,0,0,1,0,0,20,20,1,261,1,870,0.00230000004,22,0,0.224327358161435,0.477173107164329,0.997729305100586,117.732058001869,1
"100",2020-06-08,2018,110,258,0,6.4,3,0,0,3,0,0,19,19,0,261,3,701,0.00143000007,12,0,0.140593274764376,0.47902159036621,2.99573064425335,109.843456955956,3
"101",2020-06-09,2028,107,259,3,5.7,10,0,3,7,0,0,18,18,1,261,7,1338,0.00224000007,10,0,0.222338285879822,0.362482666722744,9.98424607274473,106.759189969098,10
"102",2020-06-10,2038,105,259,7,5.6,10,0,4,6,0,0,17,17,0,261,6,1281,0.00233999997,12,0,0.231828303292343,0.338560915065638,9.98592027249444,104.753604768653,10
"103",2020-06-11,2045,104,260,5,5.1,7,0,2,5,0,0,16,16,1,261,5,1529,0.00326999992,6,0,0.325721816135505,0.306391212767973,6.98351483134762,103.657108492031,7
"104",2020-06-12,2049,107,260,10,4.4,4,0,2,2,0,0,16,16,0,261,2,1596,0.00814999998,13,0,0.80841516271473,0.288706330221639,3.98363405871107,106.124422141042,4
"105",2020-06-13,2052,105,260,6,5,3,0,3,0,0,0,16,16,0,261,0,1479,0.00270000011,23,0.0434800005,0.332446083501331,0.326524326349935,3,104.646664671692,3
"106",2020-06-14,2055,102,260,1,4.6,3,0,1,2,0,0,16,16,0,261,2,768,0,13,0,0,0.294477560898301,3,102,3
"107",2020-06-15,2060,100,260,2,4.9,5,0,2,3,0,0,14,14,0,261,3,720,0.00555999994,17,0,0.543175028059701,0.35198923994049,4.98350555934221,99.450185311407,5
"108",2020-06-16,2064,99,260,3,4.9,4,0,1,3,1,0,14,14,0,262,3,1250,0.00079999998,14,0,0.0791139220727848,0.331528616539485,3.99759757016537,98.9207198154573,4
"109",2020-06-17,2067,89,260,8,5,3,0,0,3,1,1,6,5,0,263,3,1098,0.00911000013,26,0,0.889927058962633,0.425542724492384,2.97297583963634,88.1982832425448,3
"110",2020-06-18,2069,75,260,2,4.6,2,0,0,2,0,1,6,5,0,263,2,1304,0.00230000004,122,0,0.210322584302945,0.409057119944875,1.99574212950821,74.8403298565579,2
"111",2020-06-19,2072,73,260,5,3.9,3,0,0,3,0,1,5,4,0,263,3,1875,0.00107000001,19,0,0.105926611338437,0.308701612605405,2.99678335690239,72.9217283512915,3
"112",2020-06-20,2078,73,261,1,3.1,6,0,0,6,1,1,5,4,1,264,6,1792,0.00056000002,158,0,0.0514625659405128,0.268561110096716,5.99687450197026,72.9619731073048,6
"113",2020-06-21,2084,77,261,1,3.1,6,0,0,6,0,1,4,3,0,264,6,1102,0.00363000005,86,0,0.336722226860269,0.316664285362469,5.97954970496731,76.7375545470805,6
"114",2020-06-22,2086,76,262,6,3.7,2,0,1,1,0,1,1,0,1,264,1,509,0.00393000007,10,0,0.385427752529865,0.294128960286778,1.99609860857394,75.7034942516193,2
"115",2020-06-23,2095,81,262,4,3.9,9,0,0,9,0,1,1,0,0,264,9,1255,0.00158999994,20,0,0.156505876447059,0.305184953768817,8.98574229249342,80.8716806324408,9
"116",2020-06-24,2097,75,263,3,3.1,2,0,0,2,1,1,2,1,1,265,2,1733,0.00289000005,24,0,0.285052366912351,0.21877428347592,1.99422926422422,74.7835974084084,2
"117",2020-06-25,2103,73,263,6,3.7,6,0,0,6,0,1,2,1,0,265,6,1796,0.00277999997,21,0.04762000084,0.329823883531095,0.23584589765137,5.9799686650034,72.7562854242081,6
"118",2020-06-26,2107,67,263,6,3.9,4,0,0,4,0,1,2,1,0,265,4,2028,0.00196999997,23,0,0.194790830773281,0.248540786142062,3.99211312343684,66.8678948175671,4
"119",2020-06-27,2110,69,263,3,4.1,3,0,0,3,0,1,1,0,0,265,3,1574,0.00064000003,80,0,0.0609044768573156,0.249889630558748,2.99815053117794,68.9574622170927,3
"120",2020-06-28,2112,68,263,2,4.3,2,0,0,2,0,1,1,0,0,265,2,880,0.00114,12,0,0.112466367713004,0.217853079251996,1.99772317732786,67.9225880291473,2
"121",2020-06-29,2116,69,263,1,3.6,4,0,0,4,2,1,3,2,0,267,4,854,0.00351000011,8,0,0.347742470294664,0.21246946750411,3.98592027187269,68.7571246898039,4
"122",2020-06-30,2119,68,263,10,4.4,3,0,0,3,0,1,3,2,0,267,3,1605,0.0043599999,11,0,0.433032168285891,0.251973223481086,2.98685023604966,67.7019386837922,3
"123",2020-07-01,2121,67,263,4,4.6,2,0,0,2,0,2,3,1,0,267,2,1601,0.00312000006,15,0,0.309103966340347,0.255409166256514,1.99374235219895,66.7903687986647,2
"124",2020-07-02,2127,66,263,4,4.3,6,0,1,5,0,1,3,2,0,267,5,1012,0.00197999999,12,0,0.195679686511719,0.23624570953946,5.99009641824959,65.8692727208946,6
"125",2020-07-03,2135,74,263,4,4,8,0,0,8,0,1,3,2,0,267,8,1334,0.00300000012,14,0,0.296884284872404,0.250830488696478,7.97595893298433,73.777620130105,8
"126",2020-07-04,2138,74,263,4,4.1,3,0,0,3,0,1,3,2,0,267,3,1257,0.00317999989,40,0,0.308192741845027,0.286157383694722,2.99064119919194,73.7691495800678,3
"127",2020-07-05,2140,71,263,5,4.6,2,0,0,2,0,1,2,1,0,267,2,734,0.00272000015,47,0,0.25563125609475,0.3066095106064,1.99482487919349,70.816283211369,2
"128",2020-07-06,2146,71,263,0,4.4,6,0,1,5,0,1,2,1,0,267,5,602,0,10,0,0,0.25693201485002,6,71,6
"129",2020-07-07,2153,72,263,6,3.9,7,0,1,6,0,1,1,0,0,267,6,1272,0.00393000007,21,0,0.386617176259861,0.250301301703444,6.97651941366347,71.7182329639617,7
"130",2020-07-08,2166,78,263,5,4,13,0,1,12,0,1,1,0,0,267,12,1684,0.00296999991,39,0,0.29027741430296,0.247611794269531,12.9647409152691,77.7708159492491,13
"131",2020-07-09,2174,82,263,5,4.1,8,0,0,8,1,0,2,2,0,268,8,1504,0.00266000003,41,0,0.258941103244013,0.256649139517002,7.97903149229042,81.7850727959768,8
"132",2020-07-10,2190,95,263,12,5.3,16,0,0,16,0,0,2,2,0,268,16,1900,0.00684000015,14,0.07143000126,0.731244529918495,0.318700603095015,15.881570701823,94.296826042074,16
"133",2020-07-11,2197,100,263,7,5.7,7,0,0,7,1,1,2,1,0,269,7,1571,0.00381999999,25,0,0.376016289742481,0.32838968136608,6.97335711547852,99.6193873639789,7
"134",2020-07-12,2220,120,263,9,6.3,23,0,2,21,1,1,3,2,0,270,21,1068,0.00842999995,13,0,0.832862159722479,0.410851239027184,22.8229609917246,118.988348524141,23
"135",2020-07-13,2243,138,263,6,7.1,23,0,2,21,0,0,3,3,0,270,21,808,0.00619000018,65,0,0.572911815056128,0.492695784035203,22.8782178558808,137.199717338645,23
"136",2020-07-14,2262,148,263,4,6.9,19,0,2,17,1,0,4,4,0,271,17,1406,0.00356000006,66,0,0.340038049209239,0.486041623027971,18.9414869171791,147.490591984854,19
"137",2020-07-15,2283,168,263,15,8.3,21,0,0,21,1,0,5,5,0,272,21,1404,0.00782999992,46,0,0.758159992253793,0.552881991306661,20.838840207139,166.710721657112,21
"138",2020-07-16,2305,186,263,7,8.6,22,0,1,21,0,0,5,5,0,272,21,1695,0.00708000004,25,0.04,0.755848841151163,0.623868811007683,21.8393314815887,184.576935979785,22
"139",2020-07-17,2335,213,263,17,9.3,30,0,0,29,0,1,5,4,0,272,29,1787,0.00726999998,21,0,0.718555860855089,0.622056143998625,28.7890715911548,211.450767203999,30
"140",2020-07-18,2361,232,263,16,10.6,26,0,0,24,2,1,6,5,0,274,24,1551,0.00708999991,81,0,0.673810653211397,0.664598195922755,23.8363086775372,230.417650549526,26
"141",2020-07-19,2379,250,263,28,13.3,18,0,0,18,0,1,6,5,0,274,18,2025,0.02122999907,22,0,2.10018310291891,0.845644044950816,17.6173460438489,244.685361720124,18
"142",2020-07-20,2409,275,263,47,19.1,30,0,0,27,2,3,8,5,0,276,27,1548,0.01485999942,35,0.02857000113,1.51631264319078,0.980415591827195,26.5855911104567,270.779168717614,30
"143",2020-07-21,2433,294,263,23,21.9,24,0,0,23,0,3,8,5,0,276,23,1428,0.01610999942,15,0,1.59425358085655,1.15958923920538,22.6288394755141,289.255600252224,24
"144",2020-07-22,2460,314,263,13,21.6,27,0,1,23,2,3,9,6,0,278,23,1771,0.00902999997,16,0,0.894914938269166,1.17912566006472,23.7916535350168,311.155617825882,27
"145",2020-07-23,2479,322,263,29,24.7,19,0,1,17,1,3,10,7,0,279,17,1667,0.01019999981,32,0,1.0007886805927,1.21411706569923,17.8277862401285,318.73806878361,19
"146",2020-07-24,2502,337,263,34,27.1,23,0,1,18,0,3,7,4,0,279,18,2036,0.01228000045,83,0,1.1798999960453,1.2800233707264,18.7850218865575,332.975131987215,23
"147",2020-07-25,2514,336,263,26,28.6,12,0,1,10,0,3,7,4,0,279,10,2126,0.00800000012,320,0,0.69533933994767,1.28309889740301,10.9296160974069,333.635100872871,12
"148",2020-07-26,2521,338,263,21,27.6,7,0,0,6,2,4,9,5,0,281,6,1816,0.01210999966,73,0,1.1642011319513,1.14938718726478,5.92929407468051,334.016899540335,7
"149",2020-07-27,2536,340,264,22,24,15,0,1,13,1,4,9,5,1,282,13,1601,0.00874000013,24,0,0.861091705115692,1.0557841961112,13.8866897231623,337.036500451937,15
"150",2020-07-28,2556,330,264,14,22.7,20,0,2,17,1,4,10,6,0,283,17,1488,0.00739000022,24,0,0.727269862920635,0.93192937926321,18.8748528236145,327.570672458398,20
"151",2020-07-29,2572,324,264,20,23.7,16,2,2,12,2,4,11,7,0,285,14,2254,0.00620999992,52,0,0.606996522969644,0.890798177077563,15.9139817145821,322.009291108901,16
"152",2020-07-30,2592,334,264,19,22.3,20,1,0,18,1,4,12,8,0,286,19,1891,0.00898999989,134,0,0.839510607011852,0.867758452280299,18.8385432035111,331.161759472247,20
"153",2020-07-31,2602,321,264,18,20,10,0,1,9,1,3,13,10,0,287,9,2129,0.00797999978,207,0,0.727286795017979,0.80309942356211,9.93374406998531,318.636871829476,10
"154",2020-08-01,2620,309,264,15,18.4,18,0,0,18,1,2,13,11,0,288,18,1629,0.00551999986,83,0.01205000043,0.583658283155958,0.78714498687758,17.8936572955093,307.174450239577,18
"155",2020-08-02,2628,294,264,2,15.7,8,0,0,8,0,2,13,11,0,288,8,1340,0.00149000004,11,0,0.147786828541821,0.641942943533369,7.98803253243756,293.56019556708,8
"156",2020-08-03,2637,280,264,10,14,9,0,1,7,0,1,12,11,0,288,7,1046,0.01146999955,47,0,1.09767790752973,0.675740972449661,7.92222330114442,276.888932045777,9
"157",2020-08-04,2649,268,264,20,14.9,12,0,1,11,1,1,11,10,0,289,11,1699,0.00588999987,12,0,0.584869069499123,0.655398001960873,11.9348779771579,266.41339071621,12
"158",2020-08-05,2658,248,264,12,13.7,9,1,0,8,1,1,12,11,0,290,9,1599,0.005,70,0,0.479029358897543,0.637116978522002,8.95636035757075,246.797485408616,9
"159",2020-08-06,2668,224,264,13,12.9,10,0,0,10,1,2,10,8,0,291,10,1639,0.00305000007,10,0,0.30315040113584,0.560494091968286,9.96931439503161,223.312642448708,10
"160",2020-08-07,2680,225,264,6,11.1,12,0,3,9,1,2,10,8,0,292,9,1689,0,39,0,0,0.456595978394289,12,225,12
"161",2020-08-08,2686,208,264,14,11,6,1,1,4,0,1,10,9,0,292,5,1518,0.00725000024,95,0,0.682300084582765,0.470687664312404,5.96546798093131,206.563468006743,6
"162",2020-08-09,2688,199,264,16,13,2,0,1,1,2,2,12,10,0,294,1,1589,0.00441000015,102,0,0.414399186182732,0.508775143975391,1.99580535282857,198.165265212885,2
"163",2020-08-10,2700,200,264,8,12.7,12,2,0,10,0,1,12,11,0,294,12,1384,0.00578000009,27,0,0.566939767863926,0.432955409737419,11.9311356091536,198.852260152561,12
"164",2020-08-11,2713,204,264,8,11,13,2,1,10,0,1,12,11,0,294,12,1460,0.00342000008,41,0,0.33265823562958,0.396925290613198,12.9595930501701,203.313081852892,13
"165",2020-08-12,2720,187,264,12,11,7,3,0,4,0,2,10,8,0,294,7,1486,0.00268999994,7,0,0.267738775006028,0.366740921485839,6.98102919086486,186.493208384533,7
"166",2020-08-13,2742,190,264,11,10.7,22,0,0,22,0,2,9,7,0,294,22,1689,0.00532999992,56,0,0.515895121196562,0.397133024351656,21.8851157101008,189.007817496325,22
"167",2020-08-14,2753,185,264,6,10.7,11,4,1,6,1,2,10,8,0,295,10,1882,0.00477999985,36,0,0.469028139608968,0.464137044295794,10.9525238556269,184.121691329097,11
"168",2020-08-15,2757,177,264,2,9,4,0,0,4,1,2,11,9,0,296,4,2044,0.00734000027,21,0,0.726535619945763,0.470456406490508,3.97058333428478,175.698312542102,4
"169",2020-08-16,2761,158,264,26,10.4,4,0,1,3,0,2,11,9,0,296,3,1196,0.00501999974,22,0,0.492932650988506,0.481675472891333,3.98503125523082,157.211646108823,4
"170",2020-08-17,2785,173,265,8,10.4,24,1,4,19,1,1,9,8,1,297,20,1358,0.00662999988,32,0,0.647736678923741,0.493217888757021,23.8688691040585,171.865717750106,24
"171",2020-08-18,2811,192,265,15,11.4,26,1,1,24,0,1,7,6,0,297,25,1888,0.00583000004,77,0.05195000172,0.763724692517048,0.554798811169516,25.8067349232314,190.515724210417,26
"172",2020-08-19,2835,201,265,23,13,24,4,3,15,2,1,7,6,0,299,19,1519,0.01184999943,25,0.04,1.23057960713536,0.692347501473707,21.7633318274562,198.496299858878,24
"173",2020-08-20,2852,209,266,24,14.9,17,1,0,16,3,0,6,6,1,302,17,1607,0.00995999992,103,0,0.936007010025731,0.75236348559216,16.8389337433681,207.019832491997,17
"174",2020-08-21,2873,216,266,16,16.3,21,3,2,16,0,0,6,6,0,302,19,1804,0.00721000016,116,0.00861999989,0.72951876436875,0.789576431986414,20.8596971119963,214.404977694273,21
"175",2020-08-22,2892,226,266,16,18.3,19,1,0,18,1,0,7,7,0,303,19,1864,0.00589999974,73,0,0.567764559388745,0.766894851906841,18.8908060885078,224.70116715804,19
"176",2020-08-23,2909,236,266,13,16.4,17,0,1,15,0,0,7,7,0,303,15,694,0.01728999972,5,0,1.716632304103,0.941709088066055,15.7393575900165,231.899226082926,17
"177",2020-08-24,2928,252,266,19,18,19,2,0,17,1,1,8,7,0,304,19,1142,0.00963,58,0,0.916455,0.980097419648377,18.8237450638618,249.662302952272,19
"178",2020-08-25,2942,254,266,23,19.1,14,0,1,13,4,2,11,9,0,308,13,1647,0.01457000017,73,0,1.39516222558081,1.07030278151463,13.8164118675457,250.412970335124,14
"179",2020-08-26,2960,262,266,15,18,18,1,4,13,0,2,11,9,0,308,14,1832,0.00490999997,41,0,0.480251999201281,0.963113123238332,17.9319428497915,260.726359046098,18
"180",2020-08-27,2973,265,266,16,16.9,13,1,3,9,1,2,9,7,0,309,10,1469,0.00612999976,9,0,0.609267229190798,0.916436011690485,12.9383285212717,263.365705813699,13
"181",2020-08-28,3001,275,266,20,17.4,28,0,3,21,1,1,9,8,0,310,21,2137,0.0060799998,35,0,0.59820255859116,0.897676553722258,23.8728418784736,273.334834122868,28
"182",2020-08-29,3022,289,266,12,16.9,21,0,2,18,0,1,9,8,0,310,18,1790,0.00726000011,11,0.09090999603,0.777091069029983,0.927580340813863,19.8584137871404,286.726754693532,21
"183",2020-08-30,3042,303,267,16,17.3,20,0,6,12,2,1,10,9,1,312,12,1402,0.00428000003,33,0,0.418157494220209,0.742083939402035,17.9492077240836,301.717495033111,20
"184",2020-08-31,3063,313,267,13,16.4,21,1,3,17,1,1,11,10,0,313,18,1353,0.0051700002,54,0,0.497157801748401,0.682184339651807,20.9094177077199,311.42487458424,21
"185",2020-09-01,3088,317,267,18,15.7,25,1,2,22,0,1,11,10,0,313,23,1361,0.01542999983,22,0.09090999603,1.66306939127187,0.720456791893387,24.612818365326,311.663627035145,25
"186",2020-09-02,3124,327,267,15,15.7,36,1,9,26,0,1,9,8,0,313,27,1528,0.00261999995,51,0,0.253537677238759,0.688069031613026,35.9307080451029,326.160797435135,36
"187",2020-09-03,3146,328,267,24,16.9,22,1,4,17,1,1,8,7,0,314,18,1493,0.00938000023,133,0.00751999974,0.922785996851783,0.732857426993167,21.8318681300286,324.936263702743,22
"188",2020-09-04,3168,332,267,24,17.4,22,0,3,19,3,1,11,10,0,317,19,2705,0.00813000023,258,0.00774999976,0.809691210267634,0.763070091518377,21.8442781450727,329.278965482323,22
"189",2020-09-05,3193,339,267,17,18.1,25,1,11,13,2,1,13,12,0,319,14,2256,0.00398999989,164,0,0.371960320323967,0.705194270274661,24.9472890077834,337.723640974184,25
"190",2020-09-06,3214,341,267,27,19.7,21,1,3,16,1,1,14,13,0,320,17,1310,0.00611000001,192,0.03125,0.932363516185087,0.7786522734125,19.8395607086661,337.78177656795,21
"191",2020-09-07,3255,366,267,29,22,41,2,6,33,0,1,12,11,0,320,35,1290,0.0147300005,44,0,1.42441534070465,0.911117636120536,40.4953605140484,360.722912804049,41
"192",2020-09-08,3307,403,267,24,22.9,52,0,14,36,3,1,14,13,0,323,36,1097,0.01276000023,4,0,1.27136423726703,0.855159756976987,49.536714151806,397.813772310495,52
"193",2020-09-09,3352,434,267,15,22.9,45,2,10,31,0,1,13,12,0,323,33,1587,0.01449000001,29,0,1.42299690692265,1.02222536121754,42.5246708610036,427.748701626532,45
"194",2020-09-10,3429,496,267,33,24.1,77,1,21,52,2,2,14,12,0,325,53,1959,0.01276000023,61,0,1.23746734903812,1.0671798401013,73.3361252345851,489.787134270835,77
"195",2020-09-11,3459,510,267,60,29.3,30,0,1,25,0,1,12,11,0,325,25,2314,0.01555999994,93,0.0752699995,1.78670335748484,1.20675300398948,25.5478640864563,500.776427363709,30
"196",2020-09-12,3508,535,269,47,33.6,49,0,4,42,1,0,12,12,2,326,42,1900,0.01684000015,26,0,1.66126688914849,1.39093965667869,45.2937389720442,526.003579762945,49
"197",2020-09-13,3543,548,270,31,34.1,35,1,5,29,1,1,11,10,1,327,30,1199,0.01667999983,44,0,1.60895573581416,1.48759568805428,34.511413015429,539.07514441517,35
"198",2020-09-14,3611,598,272,59,38.4,68,0,19,49,1,1,11,10,2,328,49,2394,0.01419999957,218,0.04127999783,1.64601219362634,1.5192523813288,67.1835949719616,588.03652639251,68
"199",2020-09-15,3683,646,273,41,40.9,72,0,14,55,1,1,11,10,1,329,55,2961,0.01215999961,28,0,1.20460886066276,1.50971589895677,68.329366435747,638.12310395441,72
"200",2020-09-16,3759,684,274,41,44.6,76,0,7,66,1,0,11,11,1,330,66,1887,0.01907999992,162,0.00616999984,1.80592971318302,1.56442058556539,71.7935166809157,671.496445602217,76
"201",2020-09-17,3809,709,278,57,48,50,2,4,38,2,2,11,9,4,332,40,2512,0.01911000013,208,0.00481000006,1.80164707128824,1.64501768874398,43.2705319852474,696.07017943851,50
"202",2020-09-18,3897,777,278,46,46,88,1,6,78,0,2,11,9,0,332,79,2409,0.01286999941,281,0.0213499999,1.37558284574684,1.58628618706712,83.900005825435,766.181069953962,88
"203",2020-09-19,3967,828,280,46,45.9,70,2,4,60,0,2,10,8,2,332,62,2101,0.0214199996,161,0,1.98954107690539,1.63318249960382,64.7514062913376,811.325232406896,70
"204",2020-09-20,4010,860,280,76,52.3,43,1,4,34,2,2,11,9,0,334,35,2847,0.01861999989,112,0,1.79152212527307,1.65926341238366,38.3653025360415,844.404576599878,43
"205",2020-09-21,4119,940,280,56,51.9,109,2,22,82,1,3,12,9,0,335,84,2949,0.01899000049,73,0,1.85312744688981,1.68885130570702,104.424345053618,922.36767083811,109
"206",2020-09-22,4228,1019,280,85,58.1,109,0,27,81,3,3,15,12,0,338,81,2507,0.01355999947,64,0.03125,1.40003573206107,1.71676943019249,106.852108918995,1004.55924677107,109
"207",2020-09-23,4334,1078,281,67,61.9,106,0,26,75,2,3,16,13,1,340,75,1896,0.01687999964,7,0.5714300156,1.89198578174672,1.72906315427302,99.5636652280445,1057.35508154443,106
"208",2020-09-24,4435,1131,282,38,59.1,101,2,18,75,2,3,18,15,1,342,77,2730,0.01281999946,55,0,1.25668217327828,1.65121102598588,94.0205264285129,1116.61318689153,101
"209",2020-09-25,4554,1194,284,57,60.7,119,5,16,86,3,3,20,17,2,345,91,3291,0.01337000012,59,0.03390000105,1.37315732707075,1.65086452331787,105.735152305342,1177.40408629207,119
"210",2020-09-26,4639,1241,286,75,64.9,85,3,14,66,3,4,21,17,2,348,69,3437,0.02996999979,12,0,2.98657260882082,1.79329759930579,80.9140748952066,1203.48357891234,85
"211",2020-09-27,4721,1271,287,109,69.6,82,2,12,64,2,4,22,18,1,350,66,2684,0.03315999985,13,0,3.30001629949574,2.00879676705188,75.7953656839553,1228.54408764102,82
"212",2020-09-28,4836,1341,288,86,73.9,115,3,11,97,6,4,27,23,1,356,100,3135,0.02584000111,192,0.01042000055,2.49501183004058,2.10049453607342,108.474489655259,1307.13290627703,115
"213",2020-09-29,4943,1372,291,58,70,107,5,18,74,4,3,27,24,3,360,79,2165,0.02632999897,79,0.02532000065,2.62944419881462,2.27612431703821,94.8973470700201,1335.48304025402,107
"214",2020-09-30,5026,1402,291,107,75.7,83,1,10,67,5,5,30,25,0,365,68,3170,0.03059999943,281,0.01422999978,2.92670611797392,2.42394150792781,75.9855125287121,1360.46600831256,83
"215",2020-10-01,5127,1438,293,105,85.3,101,2,11,78,3,5,29,24,2,368,80,3844,0.02263000011,120,0.00833000004,2.21971040432997,2.56151696950663,89.2025250474672,1405.69038772822,101
"216",2020-10-02,5223,1488,294,115,93.6,96,0,13,79,1,5,29,24,1,369,79,3362,0.02171000004,197,0,2.05082945025232,2.65832727281828,90.360040287447,1457.11063224963,96
"217",2020-10-03,5296,1501,295,65,92.1,73,2,6,64,5,6,31,25,1,374,66,3113,0.03019999981,485,0.01031000018,2.75188853518149,2.62480097658409,70.1615521415703,1459.18923885602,73
"218",2020-10-04,5353,1482,295,77,87.6,57,1,7,47,3,6,32,26,0,377,48,3118,0.0291899991,102,0,2.82653469545963,2.55716074743607,53.626678874602,1439.59871025334,57
"219",2020-10-05,5431,1483,295,82,87,78,3,13,59,3,6,33,27,0,380,62,3821,0.01779999971,238,0.00839999974,1.72488294727839,2.4471423356129,73.9175001103769,1457.10730102724,78
"220",2020-10-06,5506,1455,296,139,98.6,75,5,15,52,2,7,34,27,1,382,57,2158,0.0194599998,55,0,1.89763576901943,2.34259827421359,70.9051257139232,1427.05189322383,75
"221",2020-10-07,5607,1469,296,174,108.1,101,12,22,63,3,10,36,26,0,385,75,2268,0.03131000042,76,0,3.02948297579181,2.35728068247329,94.70011393259,1423.95289822633,101
"222",2020-10-08,5687,1428,296,85,105.3,80,5,14,55,2,9,36,27,0,387,60,2434,0.02711999893,182,0,2.52332100136162,2.40065362490638,72.4675006630482,1391.52651578055,80
"223",2020-10-09,5770,1429,296,96,102.6,83,5,19,57,2,9,37,28,0,389,62,2508,0.02072999954,247,0.00810000002,1.95976547554483,2.38764448566246,79.770092826118,1400.65262336327,83
"224",2020-10-10,5835,1414,297,68,103,65,5,7,51,6,9,43,34,1,395,56,2628,0.03006000042,21,0,2.98216991709173,2.42054182593535,61.3095709224956,1371.31666579301,65
"225",2020-10-11,5899,1379,297,139,111.9,64,6,6,48,5,10,46,36,0,400,54,2660,0.0233100009,238,0.01680999994,2.27761843960386,2.34212521795595,58.7550518257587,1347.20771236521,64
"226",2020-10-12,5960,1350,297,62,109,61,2,13,43,3,10,46,36,0,403,45,1994,0.01504999995,237,0.01266000032,1.47961093573017,2.30708635916335,57.3260361711621,1329.78108513486,61
"227",2020-10-13,6045,1371,298,74,99.7,85,4,10,68,1,7,45,38,1,404,72,2117,0.03023000002,18,0,2.99751335092927,2.46421172800761,79.8154088741031,1329.40174397771,85
"228",2020-10-14,6112,1376,300,84,86.9,67,1,16,49,2,7,45,38,2,406,50,3004,0.02963000059,110,0.03635999918,2.98677333597174,2.45811035089046,64.488358478591,1334.39962533082,67
"229",2020-10-15,6198,1401,300,107,90,86,3,25,52,5,8,49,41,0,411,55,2119,0.02171000004,105,0.00952000022,2.11344829621673,2.39955710729833,78.8233945390569,1371.0286499858,86
"230",2020-10-16,6273,1421,301,77,87.3,75,2,10,59,4,8,47,39,1,415,61,3126,0.02142999887,280,0.00356999993,1.99617664263124,2.40475870259639,69.7674477262515,1392.28759375415,75
"231",2020-10-17,6320,1402,302,64,86.7,47,1,10,36,6,8,49,41,1,421,37,3037,0.02140000105,149,0,2.03991849305869,2.27015135630596,46.2360040052682,1373.05074636178,47
"232",2020-10-18,6377,1370,305,74,77.4,57,1,11,40,2,6,48,42,3,423,41,1144,0.02710000038,37,0.0540500021,2.79443272755461,2.34398196887035,50.8402775661338,1331.24829916106,57
"233",2020-10-19,6441,1349,307,69,78.4,64,1,6,57,3,6,47,41,2,426,58,1334,0.03747999907,27,0,3.67364575748567,2.65741551483542,61.8432400415876,1298.83673820865,64
"234",2020-10-20,6519,1353,309,46,74.4,78,3,14,57,4,5,45,40,2,430,60,1595,0.02507999897,48,0.02082999945,2.49558358677724,2.5857112628137,72.4843465456911,1318.82201460534,78
"235",2020-10-21,6607,1377,312,69,72.3,88,1,46,40,4,4,44,40,3,434,41,2258,0.03055999994,446,0.00897000015,2.69989274894305,2.5447283218096,85.8795127686892,1339.36802640207,88
"236",2020-10-22,6672,1363,312,88,69.6,65,1,24,36,1,3,43,40,0,435,37,2238,0.02680999994,87,0.01149000049,2.62367354444516,2.6176176429851,60.0173744263505,1326.80219846259,65
"237",2020-10-23,6751,1365,313,92,71.7,79,1,13,64,2,3,36,33,1,437,65,2768,0.02457000017,65,0.01537999988,2.4359145945203,2.68043735039782,76.3973010341508,1331.34332171717,79
"238",2020-10-24,6816,1356,317,63,71.6,65,2,17,41,2,3,36,33,4,439,43,2358,0.02119999886,191,0,1.96114544181561,2.66918405736309,59.1463992243559,1329.08179879597,65
"239",2020-10-25,6886,1337,319,69,70.9,70,1,24,42,3,3,38,35,2,442,43,1751,0.03084000111,77,0,2.95409419822812,2.69199283888788,65.7142120899515,1297.02096661082,70
"240",2020-10-26,6959,1297,320,77,72,73,1,16,51,4,3,39,36,1,446,52,995,0.03920000076,121,0.01652999997,3.6742052645672,2.69207276847095,66.0660586406152,1248.76303955535,73
"241",2020-10-27,7037,1268,322,61,74.1,78,0,15,60,1,3,31,28,2,447,60,1354,0.02880000114,116,0,2.65273479888163,2.71452294162872,73.3889032278488,1233.95215488187,78
"242",2020-10-28,7149,1274,325,93,77.6,112,2,69,38,2,2,29,27,3,449,40,1900,0.04052999973,166,0.01807000041,3.87253724855082,2.88204358442984,107.432050259024,1224.06080074992,112
"243",2020-10-29,7213,1258,326,65,74.3,64,0,18,42,9,2,37,35,1,458,42,2190,0.02921999931,96,0,2.79929127248031,2.907131831292,58.8099261205026,1222.35445379982,64
"244",2020-10-30,7263,1227,328,122,78.6,50,1,9,36,4,2,40,38,2,462,37,2789,0.03585999966,105,0.05714000225,3.66320799198307,3.08245945950097,44.6280450698065,1181.50300812575,50
"245",2020-10-31,7302,1157,329,83,81.4,39,0,5,32,2,2,39,37,1,464,32,2352,0.02763999939,322,0,2.43116225001047,3.14960471781452,36.2125183102421,1128.52761515469,39
"246",2020-11-01,7352,1116,332,50,78.7,50,1,6,40,1,2,37,35,3,465,41,1714,0.02566999912,104,0,2.42015283232563,3.07332737982845,45.995608122766,1088.66094304895,50
"247",2020-11-02,7416,1069,332,56,75.7,64,3,8,47,6,2,42,40,0,471,50,1030,0.01748000026,14,0.07143000126,1.82034677063602,2.80849045212399,57.0787008412338,1049.30262398558,64
"248",2020-11-03,7487,996,333,36,72.1,71,1,36,33,1,2,43,41,1,472,34,1456,0.02197999954,13,0,2.17854862697345,2.74074957042283,69.2502392215472,974.036419548852,71
"249",2020-11-04,7552,920,337,53,66.4,65,5,1,51,1,1,40,39,4,473,56,1466,0.02729000092,295,0.00338999987,2.32863096594946,2.5201915300512,55.6800264220166,898.314719790272,65
"250",2020-11-05,7599,877,337,45,63.6,47,0,6,34,5,2,43,41,0,478,34,2536,0.02404999971,41,0,2.36673648678929,2.4583979892382,39.1854732234308,855.990000498495,47
"251",2020-11-06,7673,871,341,79,57.4,74,1,12,58,4,3,46,43,4,482,59,2342,0.0234800005,116,0.02585999966,2.35923194188609,2.2721156963672,69.5910382805201,850.199904107339,74
"252",2020-11-07,7708,838,346,75,56.3,35,3,4,25,3,4,46,42,5,485,28,2499,0.02760999918,142,0,2.61254782093222,2.29802792078459,31.2595447399621,815.839231860295,35
"253",2020-11-08,7745,776,346,47,55.9,37,1,5,29,1,4,47,43,0,486,30,1176,0.02040999889,92,0.01087000012,1.97178223230915,2.2339749779251,34.401234531398,760.511933212162,37
"254",2020-11-09,7816,746,350,31,52.3,71,3,24,42,7,4,46,42,4,493,45,711,0.02109999895,20,0.1,2.32586857092339,2.30619237796615,67.9405652191535,728.436925633079,71
"255",2020-11-10,7883,755,350,52,54.6,67,0,11,54,3,5,47,42,0,496,54,1374,0.0334800005,17,0,3.30708272372394,2.46741153464479,63.1923457733855,729.726315905668,67
"256",2020-11-11,7939,753,353,77,58,56,0,6,48,2,5,46,41,3,498,48,2375,0.02611000061,241,0.02904999971,2.63808491509404,2.51161924166545,52.7182404835461,732.892397585629,56
"257",2020-11-12,7981,743,355,60,60.1,42,1,8,31,3,3,43,40,2,501,32,2318,0.02157000065,214,0.00467000008,2.01416435718088,2.46125179457853,39.3475887709938,727.851826776512,42
"258",2020-11-13,8020,720,357,79,60.1,39,1,7,27,0,3,36,33,2,501,28,2719,0.02170000076,200,0,2.02131901563686,2.41297851940007,34.4271123822687,705.268604115481,39
"259",2020-11-14,8041,697,357,50,56.6,21,3,2,14,3,3,37,34,0,504,17,1710,0.01578999996,245,0.01633000016,1.5857672619335,2.26629558240025,18.7271242693343,685.812095042706,21
"260",2020-11-15,8071,653,360,30,54.1,30,1,1,25,0,2,35,33,3,504,26,984,0.01524000049,306,0.00653999984,1.31762794055814,2.17284496929297,26.6532290676435,644.290714660431,30
"261",2020-11-16,8115,615,363,11,51.3,44,0,3,39,3,2,33,31,3,507,39,735,0.01223999977,53,0,1.14167510545051,2.00367447422541,41.5493040236409,607.892871142029,44
"262",2020-11-17,8156,592,363,40,49.6,41,1,10,29,1,2,32,30,0,508,30,1828,0.02078999996,38,0,2.03666237550268,1.82218585305094,39.3815325639567,579.795575928746,41
"263",2020-11-18,8198,585,363,66,48,42,3,6,31,1,2,32,30,0,509,34,2684,0.02049000025,20,0.05,2.07082694789201,1.74114900059351,39.2873122934834,572.737579167288,42
"264",2020-11-19,8218,566,364,53,47,20,2,1,17,0,2,30,28,1,509,19,2476,0.01212000012,187,0.01603999972,1.23952685860909,1.63048650079754,19.7616110694952,558.89851922812,20
"265",2020-11-20,8243,523,364,28,39.7,25,1,2,20,1,2,30,28,0,510,21,2643,0.00757000029,222,0.02252000093,0.872842965896335,1.46641849369175,22.8144623918154,518.379230043783,25
"266",2020-11-21,8272,491,365,27,36.4,29,4,4,19,2,2,31,29,1,512,23,1495,0.01873000026,71,0,1.78808112316092,1.4953204738671,26.5837141998833,482.11320313664,29
"267",2020-11-22,8299,478,368,26,35.9,27,3,4,19,3,4,31,27,3,515,22,1220,0.01475000024,36,0,1.43272295324841,1.51176261853714,25.6809480215195,471.067870649378,27
"268",2020-11-23,8339,461,370,20,37.1,40,2,10,25,1,3,27,24,2,516,27,922,0.01735000014,13,0,1.71087701915294,1.59307717763748,36.5324165838514,453.016446116871,40
"269",2020-11-24,8382,470,370,21,34.4,43,2,7,33,1,3,23,20,0,517,35,1403,0.00855000019,41,0.09755999565,1.10772923048615,1.46037244263512,41.6075555398262,464.730031534809,43
"270",2020-11-25,8437,478,371,38,30.4,55,4,10,39,2,2,23,21,1,519,43,2618,0.01222000003,72,0.01389000058,1.22646989294796,1.33975000621454,52.4661713355868,472.065811590941,55
"271",2020-11-26,8482,493,372,60,31.4,45,3,4,37,3,2,23,21,1,522,40,3059,0.01437999964,224,0.0044600001,1.37031553217058,1.35843410243761,43.4451736043273,486.161764673334,45
"272",2020-11-27,8530,505,374,56,35.4,48,2,3,42,3,1,24,23,2,525,44,3154,0.01776000023,336,0.00298000008,1.63370546568195,1.46712874526413,46.2723827591392,496.648938485575,48
"273",2020-11-28,8574,507,375,60,40.1,44,2,3,39,2,1,25,24,1,527,41,2597,0.01194000006,191,0,1.11220158378121,1.37057452535274,43.5384232674582,501.292209673202,44
"274",2020-11-29,8619,519,377,22,39.6,45,0,4,38,5,1,28,27,2,532,38,898,0.02450000048,12,0,2.41769235505934,1.51128443989716,41.0700466217263,506.298794649367,45
"275",2020-11-30,8662,525,378,47,43.4,43,1,7,34,1,1,25,24,1,533,35,1135,0.02290999889,61,0,2.17415123245401,1.57746647036874,41.2297453355256,513.446180032884,43
"276",2020-12-01,8716,547,378,34,45.3,54,2,12,39,3,1,27,26,0,536,41,1906,0.01417000055,113,0.01769999981,1.43675686116048,1.62447041760793,52.4037290118066,539.04487242581,54
"277",2020-12-02,8758,561,379,49,46.9,42,1,5,34,6,1,31,30,1,542,35,2859,0.01014000058,81,0.01235000014,1.02008883229796,1.59498740894365,39.6386046336027,555.207348555747,42
"278",2020-12-03,8796,560,380,38,43.7,38,0,5,32,3,1,33,32,1,545,32,3327,0.01021999955,202,0,0.963500665991783,1.53687099948953,36.6879109436095,554.538441513166,38
"279",2020-12-04,8839,564,382,55,43.6,43,1,5,33,2,1,31,30,2,547,34,2994,0.01101999998,165,0.01212000012,1.10774548781007,1.46173385979355,38.6187626436313,557.675945029648,43
"280",2020-12-05,8874,553,382,46,41.6,35,3,2,29,1,1,31,30,0,548,32,2277,0.01845000029,209,0,1.68988940709292,1.54426069169522,33.4526251936514,543.540679127789,35
"281",2020-12-06,8913,547,383,33,43.1,39,0,7,30,1,2,31,29,1,549,30,1397,0.01575000048,20,0,1.55276998380804,1.42070035294504,36.5284747819757,538.402523524691,39
"282",2020-12-07,8967,550,384,23,39.7,54,0,4,45,2,1,30,29,1,551,45,1068,0.01684999943,25,0.04,1.73795053899726,1.3583859681655,48.2083622989611,540.324428098413,54
"283",2020-12-08,9014,554,384,57,43,47,1,1,44,0,1,27,26,0,551,45,2367,0.01942999959,69,0,1.88796424587562,1.42284416598195,45.1400309492634,543.412825464265,47
"284",2020-12-09,9067,563,386,36,41.1,53,2,3,46,1,3,24,21,2,552,48,2911,0.00962000012,167,0.00598999977,0.94230507832716,1.41173220112898,50.5421646609485,557.629973002375,53
"285",2020-12-10,9112,562,386,60,44.3,45,2,0,43,1,3,23,20,0,553,45,3091,0.01391000032,252,0.00397000015,1.31607092512474,1.46209938100511,44.4005287617845,554.513270313842,45
"286",2020-12-11,9151,546,386,48,43.3,39,6,2,30,1,2,23,21,0,554,36,3047,0.01180999994,32,0,1.16872587908996,1.47081086547367,37.5741156276628,539.540753686219,39
"287",2020-12-12,9184,535,387,59,45.1,33,2,5,26,0,2,20,18,1,554,28,2616,0.01567000031,24,0,1.55275457617273,1.45122017534222,32.5599141633837,526.591217050368,33
"288",2020-12-13,9223,532,388,30,44.7,39,5,2,32,0,2,19,17,1,554,37,1502,0.01197999954,47,0,1.16165005223241,1.39534589940284,38.564935564727,525.744478930669,39
"289",2020-12-14,9266,529,388,16,43.7,43,4,4,35,2,2,20,18,0,556,39,917,0.01745000005,20,0,1.70775347340982,1.39103203289035,42.3258348058878,519.855554161913,43
"290",2020-12-15,9312,537,389,54,43.3,46,1,7,37,1,1,20,19,1,557,38,2079,0.01347000003,49,0,1.3159835555625,1.30932050570276,44.4938134495537,529.846784800272,46
"291",2020-12-16,9367,555,389,53,45.7,55,3,4,47,0,1,18,17,0,557,50,2312,0.01687000036,94,0,1.62109064140981,1.40628987185742,53.1795467389475,545.892968802317,55
"292",2020-12-17,9404,550,390,61,45.9,37,1,5,29,1,0,17,17,1,558,30,3207,0.01340999961,83,0.02410000086,1.36796865716261,1.41370383357712,34.584592872064,542.384202654506,37
"293",2020-12-18,9445,537,390,25,42.6,41,3,4,34,0,0,16,16,0,558,37,3298,0.00727999985,170,0.00588,0.721137240637255,1.34976259951245,40.729917658292,533.080156283859,41
"294",2020-12-19,9484,534,390,46,40.7,39,1,7,28,3,0,19,19,0,561,29,2799,0.0117900002,140,0,1.12283805919701,1.2883459542302,35.6703966133747,527.930751432487,39
"295",2020-12-20,9528,528,390,24,39.9,44,5,2,34,0,0,16,16,0,561,39,1360,0.01618000031,51,0,1.55951810216868,1.34518424707824,40.3843532802361,519.665090563197,44
"296",2020-12-21,9603,550,390,22,40.7,75,7,8,60,1,0,15,15,0,562,67,1365,0.00658999979,32,0.03125,0.715486736818182,1.20343185613658,74.5147640906894,546.01672014745,75
"297",2020-12-22,9687,594,390,73,43.4,84,5,7,70,2,0,15,15,0,564,75,3021,0.02250999928,48,0,2.21579367301662,1.33197615863002,80.3178406884778,580.677298252744,84
"298",2020-12-23,9787,661,390,52,43.3,100,5,6,88,1,1,13,12,0,565,93,2652,0.01998000026,199,0.01508000016,1.9637979909281,1.38093435141835,97.1513431577117,647.860621798359,100
"299",2020-12-24,9862,688,390,49,41.6,75,11,6,56,2,1,13,12,0,567,67,3469,0.01557000041,144,0,1.49494413014918,1.39907370470214,71.9861439254801,677.5890600109,75
"300",2020-12-25,9927,719,390,47,44.7,65,6,2,56,0,1,10,9,0,567,62,2537,0.0295600009,161,0,2.77960423585248,1.69314041830432,62.2555794390258,698.770348655799,65
"301",2020-12-26,10019,761,390,95,51.7,92,5,4,82,2,2,12,10,0,569,87,951,0.01998000026,50,0,1.8981998249011,1.80390638483348,89.3283793624889,746.378122929357,92
"302",2020-12-27,10129,825,391,37,53.6,110,8,6,94,2,4,12,8,1,571,102,1480,0.02703000069,32,0.0625,2.77806885060847,1.97798506318202,105.131732055591,801.800773979048,110
"303",2020-12-28,10260,918,391,65,59.7,131,15,6,108,1,2,13,11,0,572,123,1188,0.04125,39,0.02563999891,4.07538385961614,2.45797036643887,123.926003361603,880.130659235378,131
"304",2020-12-29,10381,996,391,112,65.3,121,5,15,101,3,4,12,8,0,575,106,1880,0.05052999973,25,0.04,5.03918107571654,2.86131142396743,115.593174264962,945.196241206623,121
"305",2020-12-30,10518,1087,391,88,70.4,137,12,10,115,3,5,13,8,0,578,127,2458,0.05736000061,62,0,5.5948762499754,3.38003688954561,129.807651070249,1025.44028908158,137
"306",2020-12-31,10643,1174,391,147,84.4,125,0,9,116,2,5,13,8,0,580,116,2652,0.03318000078,144,0,3.14711595381116,3.61606143578304,121.304720638984,1136.60122439799,125
"307",2021-01-01,10760,1229,392,87,90.1,117,0,5,111,2,6,13,7,1,582,111,2759,0.03914000034,134,0.01493000031,3.80186246040788,3.76209832500524,111.728347428356,1181.7039548599,117
"308",2021-01-02,10873,1289,392,134,95.7,113,2,8,101,2,6,15,9,0,584,103,2369,0.02954999924,431,0,2.50014100712714,3.8480899224661,108.393376713565,1256.37924838627,113
"309",2021-01-03,10996,1316,393,106,105.6,123,0,5,118,3,5,18,13,1,587,118,1516,0.06002999783,126,0.02381000042,5.72506314026797,4.26908910670317,116.161846732378,1239.73720593059,123
"310",2021-01-04,11171,1427,393,117,113,175,4,30,140,5,8,21,13,0,592,144,1386,0.05339000225,155,0.00644999981,4.86685873387735,4.38215694588335,166.906055682637,1356.70098235502,175
"311",2021-01-05,11312,1500,395,105,112,141,2,19,120,6,8,23,15,2,598,122,2417,0.05750999928,97,0.01031000018,5.5688837819101,4.45782876105386,134.122912851453,1415.44564981295,141
"312",2021-01-06,11495,1594,395,132,118.3,183,11,42,129,7,7,28,21,0,605,140,2627,0.05138999939,211,0.01422000051,4.86264793887033,4.35322471661028,175.109076865119,1515.54191802143,183
"313",2021-01-07,11613,1631,395,186,123.9,118,2,7,108,6,9,32,23,0,611,110,2311,0.04889999866,91,0.01098999977,4.74637747220358,4.58169064780919,111.715164157563,1552.64029764532,118
"314",2021-01-08,11743,1661,395,185,137.9,130,6,13,110,0,11,30,19,0,611,116,2661,0.03683000088,249,0,3.36785678150103,4.51968983653679,125.045531261577,1604.37609849551,130
"315",2021-01-09,11841,1670,397,155,140.9,98,6,2,90,4,11,30,19,2,615,96,3020,0.03244999886,375,0.0026699999,2.91606028040353,4.57910687557627,95.1663626189021,1620.70651639132,98
"316",2021-01-10,11933,1653,397,114,142,92,5,3,82,5,11,34,23,0,620,87,1824,0.05098999977,78,0,4.88989272242271,4.45979681588409,85.6937907786168,1571.18202479372,92
"317",2021-01-11,12097,1706,397,66,134.7,164,2,25,135,3,13,34,21,0,623,137,1608,0.03420000076,115,0,3.19173541625537,4.22049348479524,157.573871763375,1650.88339582714,164
"318",2021-01-12,12237,1734,398,161,142.7,140,1,22,115,4,13,35,22,1,627,116,2211,0.07056000233,74,0.01350999951,6.87124311227002,4.4065448177038,129.931926490809,1613.39621150916,140
"319",2021-01-13,12325,1722,402,172,148.4,88,0,9,75,2,11,34,23,4,629,75,2532,0.03752000093,173,0.01156000018,3.58597125271349,4.22416243396711,81.2776459256739,1659.49475045347,88
"320",2021-01-14,12417,1710,402,129,140.3,92,2,14,75,9,10,41,31,0,638,77,2581,0.03371000051,146,0,3.1905211337114,4.00189724275394,88.5132685127624,1654.77518385485,92
"321",2021-01-15,12510,1679,404,144,134.4,93,6,7,78,5,11,41,30,2,643,84,2923,0.03729000092,206,0.00485000014,3.51542897788431,4.02297898509441,88.0109432748658,1619.25444950595,93
"322",2021-01-16,12571,1631,405,119,129.3,61,0,0,59,2,9,39,30,1,645,59,2470,0.03239000082,289,0,2.89972098678507,4.02064480029177,57.2682517157315,1583.12743302302,61
"323",2021-01-17,12651,1572,407,72,123.3,80,2,3,72,2,9,39,30,2,647,74,2036,0.02602999926,32,0,2.56272139716441,3.6881917538263,75.0804047909665,1531.22157204594,80
"324",2021-01-18,12772,1592,408,63,122.9,121,2,45,72,7,10,43,33,1,654,74,1021,0.03917999983,48,0,3.74207482005893,3.76681166865538,116.197015288366,1531.69795052808,121
"325",2021-01-19,12846,1537,415,81,111.4,74,3,24,47,8,9,45,36,7,662,50,2337,0.04107999802,89,0,3.95729412088788,3.35053324131507,71.9971663622691,1475.43289397615,74
"326",2021-01-20,12907,1498,415,166,110.6,61,1,8,50,2,7,37,30,0,664,51,3065,0.02250999928,163,0.00612999976,2.16828803451301,3.14800706728643,57.8806557004021,1465.12200469024,61
"327",2021-01-21,12977,1464,417,81,103.7,70,1,9,59,3,7,37,30,2,667,60,2636,0.02427999973,117,0,2.32481217901489,3.02433435947264,67.5880618752211,1429.54870975539,70
"328",2021-01-22,13056,1434,418,95,96.7,79,1,3,74,5,6,37,31,1,672,75,2311,0.03072000027,111,0.00901000023,2.97250332987201,2.94677355261374,75.7433710476899,1390.85325443183,79
"329",2021-01-23,13104,1367,418,84,91.7,48,1,4,40,4,9,39,30,0,676,41,2122,0.03299000025,276,0,2.9192986042744,2.94957035511222,43.7884567593459,1326.60537536649,48
"330",2021-01-24,13150,1286,419,44,87.7,46,2,9,35,2,8,37,29,1,678,37,1247,0.02244999886,36,0,2.18200690400779,2.89518257037556,45.1827886551293,1257.59638406747,46
"331",2021-01-25,13213,1227,419,29,82.9,63,1,18,43,4,7,38,31,0,682,44,825,0.02061000109,48,0,1.94768051537801,2.63884052684971,61.1325450318634,1202.80983532037,63
"332",2021-01-26,13275,1166,420,74,81.9,62,1,19,40,8,5,40,35,1,690,41,2354,0.02421000004,79,0,2.34238964628689,2.408139887621,59.0278807591722,1138.35387719987,62
"333",2021-01-27,13353,1126,422,80,69.6,78,0,27,50,1,4,30,26,2,691,50,2800,0.01963999987,175,0.0057099998,1.88205881011765,2.36724999842166,76.0474676438137,1104.54897133869,78
"334",2021-01-28,13391,1065,422,66,67.4,38,1,3,33,3,5,30,25,0,694,34,2355,0.02122999907,209,0.02871000051,2.18397183761466,2.3471299496502,36.2483727905749,1041.45638299889,38
"335",2021-01-29,13420,963,422,73,64.3,29,1,2,26,3,4,31,27,0,697,27,2847,0.01228999972,180,0.00555999994,1.18898015170268,2.09234092419744,28.6750512194376,951.410160159941,29
"336",2021-01-30,13439,866,423,42,58.3,19,1,6,12,2,5,33,28,1,699,13,2155,0.01577999949,216,0,1.43424288911641,1.8801901077463,18.8112692784604,853.427630395899,19
"337",2021-01-31,13481,807,424,25,55.6,42,3,5,34,4,6,32,26,1,703,37,922,0.01952000022,24,0,1.90247782271036,1.84025738184666,41.2874786705632,791.459332084987,42
"338",2021-02-01,13521,716,424,26,55.1,40,6,7,25,4,5,29,24,0,707,31,548,0.02920000076,29,0,2.77324097339341,1.95819459013458,37.1297864436733,695.900873989358,40
"339",2021-02-02,13563,652,425,59,53,42,4,5,31,3,5,27,22,1,710,35,2439,0.02213999987,107,0.02803999901,2.23879574143755,1.94339546087039,39.2068431869381,637.224621653819,42
"340",2021-02-03,13626,637,425,54,49.3,63,4,22,36,2,4,26,22,0,712,40,2865,0.01291000009,212,0,1.20205233207182,1.84625167829241,61.5133016103547,629.249328144898,63
"341",2021-02-04,13708,639,425,51,47.1,82,3,43,33,2,5,25,20,0,714,36,2814,0.01279000044,90,0,1.2393616128843,1.71130736047379,78.5483759262582,630.983672691083,82
"342",2021-02-05,13766,638,427,72,47,58,1,8,48,2,5,21,16,2,716,49,2435,0.01601999998,149,0,1.50962461111842,1.7571137118189,56.2512418026185,628.250862654502,58
"343",2021-02-06,13791,607,427,61,49.7,25,1,4,19,3,6,21,15,0,719,20,2369,0.01434999943,205,0.01463000059,1.43722994446853,1.75754043401206,23.7090403300839,598.169374018048,25
"344",2021-02-07,13816,562,429,33,50.9,25,1,2,19,3,4,23,19,2,722,20,1004,0.0249000001,75,0,2.31692308622799,1.81674690022886,21.530951063896,548.819724895478,25
"345",2021-02-08,13863,559,431,24,50.6,47,1,7,38,2,5,21,16,2,724,39,852,0.01407999992,29,0,1.36165265968672,1.61509142684219,45.4624640828291,551.29531852055,47
"346",2021-02-09,13918,578,431,43,48.3,55,5,8,39,0,2,19,17,0,724,44,2244,0.01782999992,149,0,1.67198160553615,1.53411797885628,51.2553353905305,568.217814902878,55
"347",2021-02-10,13975,595,432,40,46.3,57,0,6,50,3,4,20,16,1,727,50,2791,0.01253999949,100,0,1.21062395629851,1.53534249660295,55.3872888119386,587.70873686207,57
"348",2021-02-11,14035,621,433,51,46.3,60,1,11,46,1,3,16,13,1,728,47,2563,0.01521999955,58,0,1.48831968129149,1.57090793494683,57.2919390794547,611.644556773221,60
"349",2021-02-12,14086,624,435,52,43.4,51,0,8,41,3,2,16,14,2,731,41,2612,0.01570000052,173,0,1.47247401645386,1.56560070713761,48.3889059724616,614.699446995513,51
"350",2021-02-13,14118,622,435,46,41.3,32,0,3,28,6,2,21,19,0,737,28,2099,0.02191999912,46,0.02174000025,2.1916139004373,1.67336984370457,30.3788469525615,608.201528731901,32
"351",2021-02-14,14159,597,437,48,43.4,41,0,4,35,4,2,21,19,2,741,35,1175,0.01702000022,10,0,1.68763715261603,1.58347185318858,38.4021067305076,586.801649088944,41
"352",2021-02-15,14221,620,438,34,44.9,62,2,8,51,4,2,23,21,1,745,53,867,0.02653000116,26,0,2.5757571115028,1.75691534630516,59.6181614007887,603.835095631867,62
"353",2021-02-16,14272,615,438,60,47.3,51,3,13,32,3,2,24,22,0,748,35,1561,0.0333100009,23,0,3.28263329576389,1.98700844490913,46.8370341629974,594.565028864097,51
"354",2021-02-17,14329,630,439,49,48.6,57,5,6,44,2,2,25,23,1,750,49,2063,0.01842000008,222,0,1.66303983216805,2.05163928431906,54.1751494393131,619.394778505454,57
"355",2021-02-18,14401,646,439,68,51,72,3,12,53,3,3,26,23,0,753,56,2348,0.02128999949,116,0,2.02877105529708,2.12884662346272,66.8500006106902,632.733935616176,72
"356",2021-02-19,14455,650,440,58,51.9,54,2,16,33,1,3,26,23,1,754,35,2576,0.01514000058,96,0,1.45960484633533,2.12700817058864,50.4828936348139,640.396596075115,54
"357",2021-02-20,14504,629,440,66,54.7,49,0,3,45,4,3,26,23,0,758,45,2384,0.02559000015,68,0,2.48803264101142,2.16935370495637,46.866699370411,613.158975644189,49
"358",2021-02-21,14546,618,440,53,55.4,42,0,7,33,2,4,24,20,0,760,33,1000,0.03,28,0,2.91828793774319,2.34516095997454,39.0251930372842,599.744524152778,42
"359",2021-02-22,14611,633,440,32,55.1,65,0,11,54,1,6,23,17,0,761,54,863,0.01506000042,66,0,1.399007574,2.17705388318842,64.2353012714,624.0360315703,65
"360",2021-02-23,14666,639,440,47,53.3,55,0,7,47,3,6,25,19,0,764,47,2036,0.01965000033,84,0,1.88714154112641,1.97769791824021,53.1022015003862,626.7937608244,55
"361",2021-02-24,14712,646,441,60,54.9,46,2,10,34,1,6,24,18,1,765,36,2874,0.01878999949,41,0,1.85257147630394,2.00477386740248,45.32492190469,633.886098623048,46
"362",2021-02-25,14745,642,441,43,51.3,33,1,5,25,1,6,23,17,0,766,26,2376,0.01851999998,128,0.00781000018,1.7972523951885,1.97169977310126,30.5270023732986,630.320597063757,33
"363",2021-02-26,14810,645,441,57,51.1,65,5,12,43,1,6,21,15,0,767,48,2639,0.01819000006,181,0,1.70224858717518,2.00636316464981,59.1729328675138,633.886285407216,65
"364",2021-02-27,14856,650,442,71,51.9,46,0,4,34,3,6,23,17,1,770,34,2535,0.0209100008,47,0.02128000021,2.09167358783385,1.9497404427673,37.2801377953807,636.237928441101,46
"365",2021-02-28,14921,661,442,49,51.3,65,2,8,54,7,6,28,22,0,777,56,1552,0.02576999903,94,0,2.42983222931713,1.87996105584929,62.6226609589367,644.742480247449,65
"366",2021-03-01,14998,676,442,54,54.4,77,4,7,64,3,6,29,23,0,780,68,996,0.02911999941,45,0,2.78612098101441,2.0781201139942,73.0822789909526,656.935597027706,77
"367",2021-03-02,15061,685,443,61,56.4,63,1,6,54,3,4,29,25,1,783,55,2006,0.02592000008,41,0,2.54008403324279,2.17139761286797,59.5858765742612,667.387735515799,63
"368",2021-03-03,15120,695,443,65,57.1,59,0,5,51,6,5,32,27,0,789,51,2676,0.02092999935,109,0,2.01108360002154,2.19404220197049,54.961809995781,680.852116609173,59
"369",2021-03-04,15177,691,443,61,59.7,57,3,3,50,1,5,31,26,0,790,53,2414,0.02029999971,225,0.00444000006,1.89477829910724,2.20797447395888,54.9834919686481,677.747036798789,57
"370",2021-03-05,15250,694,444,51,58.9,73,1,10,57,1,2,28,26,1,791,58,2440,0.0188499999,154,0,1.77309174078643,2.21809492447477,66.9590359219237,681.544326376122,73
"371",2021-03-06,15306,707,446,46,55.3,56,3,3,47,0,2,26,24,2,791,50,1957,0.02095000029,25,0,2.06857470068264,2.21479508345317,51.9530697324674,692.196406017089,56
"372",2021-03-07,15346,698,447,54,56,40,1,0,38,2,5,25,20,1,793,39,1752,0.01940999985,16,0.0625,1.97999546024887,2.15053268787199,38.2183625771612,684.010694329706,40
"373",2021-03-08,15429,740,448,38,53.7,83,1,9,65,6,4,29,25,1,799,66,1170,0.02051000118,142,0,1.82901687352134,2.01380352965869,73.7780928946908,726.299829425322,83
"374",2021-03-09,15486,747,448,70,55,57,0,8,47,1,3,27,24,0,800,47,2105,0.03183000088,57,0,3.09908195432007,2.09366037552688,53.5256266855808,723.56687519423,57
"375",2021-03-10,15566,770,448,76,56.6,80,5,8,64,0,2,24,22,0,800,69,2655,0.01807999969,173,0,1.69739742492751,2.04884806479916,75.8144792157369,756.770275306049,80
"376",2021-03-11,15627,767,451,73,58.3,61,1,7,52,1,2,20,18,3,801,53,2321,0.02801000118,86,0,2.70092283916826,2.16401157052216,58.5510126649804,746.030692717736,61
"377",2021-03-12,15709,772,451,93,64.3,82,5,4,67,2,2,17,15,0,803,72,2361,0.02286999941,133,0,2.16503883749038,2.22000401290844,74.422117242568,755.081590434201,82
"378",2021-03-13,15777,790,451,56,65.7,68,5,3,54,5,4,22,18,0,808,59,2353,0.01870000005,99,0,1.79449837347675,2.18085025187903,60.9283039666391,775.650171756693,68
"379",2021-03-14,15845,815,451,65,67.3,68,2,10,51,2,3,23,20,0,810,53,1535,0.02996999979,36,0,2.9283227038606,2.31632557239499,61.4290175012734,790.842438934676,68
"380",2021-03-15,15952,862,452,58,70.1,107,4,3,97,4,5,25,20,1,814,101,1000,0.03200000048,13,0,3.15893390720632,2.50631372006427,100.770476449613,834.437135639267,107
"381",2021-03-16,16038,880,453,85,72.3,86,7,4,72,5,6,27,21,1,819,79,1583,0.03411000013,9,0,3.39171672146922,2.54811868679986,80.2877906649344,849.788047913193,86
"382",2021-03-17,16126,907,454,77,72.4,88,3,5,76,3,5,27,22,1,822,79,2842,0.02674000025,175,0,2.51889561519722,2.66547557112411,81.9857479964794,883.874347250719,88
"383",2021-03-18,16219,945,455,63,71,93,6,3,80,2,5,24,19,1,824,86,2566,0.02845000029,161,0,2.67703339729153,2.66206279371314,86.6696090604706,919.392797234241,93
"384",2021-03-19,16344,993,457,117,74.4,125,7,6,104,2,4,24,20,2,826,111,2615,0.03823999882,97,0,3.68722702486357,2.87951824905217,112.857148182761,955.938271580913,125
"385",2021-03-20,16447,1047,458,83,78.3,103,5,6,87,4,4,27,23,1,830,92,1997,0.04356999874,151,0.00662,4.09724895175885,3.20848261737819,94.1844537452641,1003.57742468795,103
"386",2021-03-21,16532,1075,459,87,81.4,85,5,1,77,4,4,29,25,1,834,82,1306,0.04210999966,87,0,3.94800140387365,3.35415100309434,79.7230660077374,1032.04019461363,85
"387",2021-03-22,16681,1151,460,56,81.1,149,6,7,133,4,7,30,23,1,838,139,1150,0.05478000164,131,0,4.9177987420765,3.60541740807579,139.080701056713,1093.70422241926,149
"388",2021-03-23,16805,1190,461,108,84.4,124,2,0,120,5,9,31,22,1,843,122,1966,0.0350999999,153,0,3.25656440789995,3.58610993470875,117.97842617748,1150.77317337051,124
"389",2021-03-24,16958,1280,461,85,85.6,153,7,2,137,4,9,33,24,0,847,144,3106,0.04572000027,47,0,4.50384779063178,3.8696745311994,139.435181255987,1221.64605560878,153
"390",2021-03-25,17107,1362,462,123,94.1,149,7,4,132,8,10,40,30,1,855,139,3005,0.0379399991,282,0,3.46850311212352,3.98274163331826,138.119847074431,1314.18152313219,149
"391",2021-03-26,17256,1446,463,103,92.1,149,10,2,130,4,11,42,31,1,859,140,2390,0.06736000061,117,0,6.42163547897487,4.37337141247702,132.899814865865,1352.00808782886,149
"392",2021-03-27,17372,1499,465,138,100,116,7,3,100,5,13,44,31,2,864,107,2476,0.06260000229,117,0,5.97753974816969,4.64198438339285,103.525849469521,1408.30138649357,116
"393",2021-03-28,17509,1558,466,139,107.4,137,3,5,124,5,13,45,32,1,869,127,2480,0.08265999794,157,0,7.77386404593098,5.18853618940104,122.006509482489,1435.40269113163,137
"394",2021-03-29,17718,1706,466,111,115.3,209,7,1,189,4,12,47,35,0,873,196,1644,0.08394000053,40,0,8.19461762893824,5.65665317323843,180.742217558234,1564.49093446096,209
"395",2021-03-30,17927,1837,467,170,124.1,209,9,6,186,6,12,48,36,1,879,195,1968,0.04065000057,64,0,3.93696855914173,5.75385376627297,193.229068146504,1763.79383684681,209
"396",2021-03-31,18134,1940,468,163,135.3,207,7,5,190,8,14,54,40,1,887,197,3023,0.0793900013,224,0,7.39131425715738,6.16634897577663,187.261121581042,1794.85571506204,207
"397",2021-04-01,18371,2075,469,144,138.3,237,12,4,203,4,15,53,38,1,891,215,2634,0.07212999821,100,0.01,6.98575037619386,6.66881287064382,203.797043063632,1928.27378770715,237
"398",2021-04-02,18569,2168,470,242,158.1,198,15,7,162,6,15,57,42,1,897,177,3130,0.09392999649,99,0,9.10501359596469,7.05215260164237,167.687128784206,1968.19036838508,198
"399",2021-04-03,18820,2346,470,222,170.1,251,16,3,223,11,14,61,47,0,908,239,2885,0.1019099998,36,0,10.0654005280041,7.63613271304728,217.649633354534,2106.97924623321,251
"400",2021-04-04,19050,2505,471,152,172,230,9,2,215,12,15,64,49,1,920,224,1818,0.09295999527,139,0,8.63573180382524,7.75925667846075,206.419503177133,2286.03060472642,230
"401",2021-04-05,19335,2650,472,184,182.4,285,8,4,269,5,17,67,50,1,925,277,2045,0.1056200027,162,0,9.78671977895333,7.98669984274862,253.559408723321,2387.48170800289,285
"402",2021-04-06,19609,2787,473,156,180.4,274,7,6,245,10,19,70,51,1,935,252,1749,0.1286400032,83,0,12.2811880784279,9.17873120264665,226.673096754847,2440.53936768158,274
"403",2021-04-07,19917,2928,474,219,188.4,308,3,6,290,12,23,76,53,1,947,293,3364,0.0981000042,44,0,9.683345485,9.5061642351956,270.28098172687,2641.00585152313,308
"404",2021-04-08,20211,3099,475,170,192.1,294,22,5,255,10,29,83,54,1,957,277,3366,0.08586000443,194,0.01031000018,8.17429536366011,9.6759563762622,259.080420905539,2842.58203749554,294
"405",2021-04-09,20508,3252,477,261,194.9,297,13,2,276,14,30,88,58,2,971,289,3418,0.1102999973,158,0,10.5426563414821,9.88133391133612,260.159285184045,2904.96192186338,297
"406",2021-04-10,20795,3416,480,381,217.6,287,12,2,262,14,26,92,66,3,985,274,3187,0.0875399971,97,0,8.49543150906516,9.65705262291627,252.437978478364,3122.24866599304,287
"407",2021-04-11,21064,3554,480,205,225.1,269,8,4,249,13,28,100,72,0,998,257,2714,0.145909996,29,0,14.4367382115931,10.485767824026,223.444050430999,3034.64651841156,269
"408",2021-04-12,21379,3649,481,264,236.6,315,16,4,291,16,27,100,73,1,1014,307,2125,0.08046999931,107,0,7.66123425330421,10.1821270346475,287.192507301719,3366.0242968859,315
"409",2021-04-13,21615,3675,483,245,249.3,236,10,0,219,12,28,104,76,2,1026,229,2670,0.07677999973,178,0,7.1981249746875,9.45597516268461,212.314800352281,3407.23533316433,236
"410",2021-04-14,21888,3748,485,389,273.6,273,10,11,248,12,28,101,73,2,1038,258,3971,0.1714900017,97,0.01031000018,16.7646722411052,10.4675932706996,225.218431565652,3111.97938569016,273
"411",2021-04-15,22110,3751,485,313,294,222,15,3,202,19,29,107,78,0,1057,217,3902,0.1309599972,98,0.01019999981,12.8001377263945,11.1284278939474,191.884169333078,3264.99778418607,222
"412",2021-04-16,22346,3790,487,348,306.4,236,1,10,219,20,24,114,90,2,1077,220,2970,0.120539999,244,0.00409999996,11.1700123528388,11.2180501812841,205.125584937793,3361.48166779199,236
"413",2021-04-17,22527,3737,490,405,309.9,181,5,7,167,16,23,123,100,3,1093,172,2935,0.1018700027,121,0.00825999975,9.81635856983802,11.4067540471088,161.909475023011,3365.67853581972,181
"414",2021-04-18,22689,3679,490,294,322.6,162,5,8,146,11,22,122,100,0,1104,151,1949,0.06465000153,188,0.01595999956,6.0366557276205,10.2067422636841,149.773225673997,3454.1966705605,162
"415",2021-04-19,22916,3618,491,258,321.7,227,5,4,218,22,22,115,93,1,1126,223,2084,0.1122799969,88,0.0340899992,10.9112078024494,10.6710241992763,202.370577285999,3218.40694448765,227
"416",2021-04-20,23105,3506,492,188,313.6,189,9,2,178,17,27,118,91,1,1143,187,2775,0.100539999,221,0,9.31236639602804,10.9730586880392,171.373008132423,3175.51746798008,189
"417",2021-04-21,23300,3407,493,207,287.6,195,3,2,185,12,25,110,85,1,1155,188,2521,0.1368500042,236,0.02118999958,12.6949474243409,10.3916694285015,165.841759609729,2969.19614356568,195
"418",2021-04-22,23476,3299,496,239,277,176,7,4,161,14,22,106,84,3,1169,168,2358,0.1632699966,213,0.0093900001,15.0521478803617,10.7133851647825,146.403281003511,2796.35966684871,176
"419",2021-04-23,23684,3223,499,189,254.3,208,5,8,186,21,29,112,83,3,1190,191,2507,0.0805700016,86,0.01162999988,7.82835225610798,10.2360051509638,183.865075130695,2967.60804788602,208
"420",2021-04-24,23841,3103,500,227,228.9,157,2,2,151,18,31,118,87,1,1208,153,2464,0.08522999763,214,0.00467000008,7.87924175419866,9.95927417730103,142.797399327488,2855.51849747186,157
"421",2021-04-25,23989,2972,505,139,206.7,148,2,6,136,21,30,124,94,5,1229,138,1621,0.1357199955,93,0.02151000023,12.9523070435758,10.9472243652946,125.907325911052,2582.35197541772,148
"422",2021-04-26,24152,2836,510,173,194.6,163,4,7,148,12,31,123,92,5,1241,152,1304,0.1150300026,31,0,11.2358893925393,10.9936074495932,141.712683395577,2513.4550665122,163
"423",2021-04-27,24312,2743,511,189,194.7,160,3,5,148,10,31,120,89,1,1251,151,2425,0.06103000164,332,0.00903999984,5.47693267768879,10.4456883469733,147.628738809052,2590.93132816708,160
"424",2021-04-28,24478,2640,513,186,191.7,166,2,7,155,13,27,115,88,2,1264,157,2408,0.06894000053,38,0,6.7868978444906,9.60168126413756,153.214320590196,2458.63570928738,166
"425",2021-04-29,24604,2544,513,159,180.3,126,2,7,113,13,29,113,84,0,1277,115,2728,0.06525000095,111,0.00901000023,6.30511139898309,8.35210462394061,114.660488639043,2381.63724432805,126
"426",2021-04-30,24757,2453,516,178,178.7,153,4,3,139,13,27,109,82,3,1290,143,2122,0.06691999912,179,0,6.17141408659887,8.1153991711536,137.067001366685,2299.76471575159,153
"427",2021-05-01,24881,2398,520,138,166,124,3,5,113,7,29,110,81,4,1297,116,2051,0.08970999718,70,0.02857000113,8.76921755281848,8.24253857095643,110.703363615837,2185.14367198947,124
"428",2021-05-02,24978,2337,520,128,164.4,97,0,4,91,8,27,108,81,0,1305,91,1279,0.06959000111,21,0,6.84658549382231,7.37029263527735,88.6934481523595,2175.03943222048,97
"429",2021-05-03,25085,2220,523,102,154.3,107,4,3,100,10,22,98,76,3,1315,104,976,0.1741799927,140,0.00713999987,15.3225154889785,7.95409636334009,90.8697926217033,1875.68211173251,107
"430",2021-05-04,25190,2125,524,141,147.4,105,1,2,99,8,23,94,71,1,1323,100,2386,0.03898000002,57,0.01753999949,3.84797625946173,7.72138830359337,98.1049868651609,2042.23097088467,105
"431",2021-05-05,25272,2010,525,114,137.1,82,1,2,75,8,23,88,65,1,1331,76,1904,0.07772999763,65,0.03076999903,7.6179769133809,7.84011388486341,72.1395658952352,1855.00694012398,82
"432",2021-05-06,25378,1940,527,122,131.9,106,3,6,92,12,22,88,66,2,1343,95,2133,0.0534499979,246,0,4.79230119885246,7.62399814198761,96.3916627561694,1845.89290259967,106
"433",2021-05-07,25490,1842,530,108,121.9,112,4,4,103,19,23,95,72,3,1362,107,2302,0.04691999912,82,0.01220000029,4.57257709723238,7.39559285779239,106.047535660676,1756.74355782211,112
"434",2021-05-08,25579,1766,534,136,121.6,89,1,3,85,4,21,86,65,4,1366,86,1901,0.04892000198,86,0.01162999988,4.73060411442677,6.81864808087929,84.8819501550058,1681.43632527605,89
"435",2021-05-09,25662,1705,537,69,113.1,83,0,5,78,4,22,83,61,3,1370,78,1173,0.1722100067,123,0.00813000023,15.6637598678542,8.0782444200267,70.6329202355481,1434.66832053346,83
"436",2021-05-10,25755,1638,538,82,110.3,93,3,2,87,9,22,85,63,1,1379,90,715,0.1048999977,14,0,10.2885457277778,7.35910588271231,82.6271202727422,1467.41358896391,93
"437",2021-05-11,25887,1607,540,124,107.9,132,1,6,123,5,21,79,58,2,1384,124,1899,0.04580999851,86,0.02325999975,4.48330212337481,7.44986672041418,124.372749685585,1534.07265116722,132
"438",2021-05-12,25984,1547,541,115,108,97,3,3,90,8,22,80,58,1,1392,93,2118,0.04958000183,174,0.00574999988,4.6252593305,7.02233563714548,91.6459282735869,1474.57259181977,97
"439",2021-05-13,26077,1519,541,78,101.7,93,1,1,90,7,20,77,57,0,1399,91,1684,0.07956999779,54,0.01851999998,7.76731624150057,7.44733778609521,84.8453412816881,1399.57223524049,93
"440",2021-05-14,26160,1440,541,128,104.6,83,2,4,75,7,21,70,49,0,1406,77,1738,0.04717999935,105,0,4.44920449648942,7.42971312884622,77.5322351895193,1375.14829445335,83
"441",2021-05-15,26234,1391,542,85,97.3,74,2,8,63,7,19,64,45,1,1413,65,1779,0.05228000164,61,0,5.05468059334565,7.47600976869177,69.6742958156755,1319.82993045546,74
"442",2021-05-16,26303,1363,543,46,94,69,2,3,63,7,19,67,48,1,1420,65,805,0.04098999977,20,0,3.99963028058788,5.80970554193945,65.3684613865783,1307.81865953702,69
"443",2021-05-17,26377,1328,545,87,94.7,74,7,5,59,10,19,71,52,2,1430,66,774,0.2299699974,19,0,22.4459997462295,7.54648468743255,56.0045524605352,1026.27341920592,74
"444",2021-05-18,26456,1296,546,97,90.9,79,1,6,71,5,16,64,48,1,1435,72,1920,0.02655999899,56,0,2.58072864680162,7.27468847649352,76.1191620386268,1262.14491669528,79
"445",2021-05-19,26527,1282,550,91,87.4,71,2,5,64,4,14,57,43,4,1439,66,2042,0.06659999847,122,0.01639000058,6.37693054281423,7.52492722110984,66.7397786465874,1199.24842765038,71
"446",2021-05-20,26587,1237,553,73,86.7,60,5,8,45,11,15,63,48,3,1450,50,1487,0.05111000061,65,0.03076999903,5.02581319871263,7.13328392928299,55.4563761439407,1174.07074580109,60
"447",2021-05-21,26668,1202,554,77,79.4,81,4,11,63,3,13,58,45,1,1453,67,1682,0.04162000179,190,0,3.73957494715705,7.03190827937837,75.4638578794785,1156.5008533005,81
"448",2021-05-22,26727,1170,558,77,78.3,59,0,13,46,8,15,57,42,4,1461,46,1380,0.06231999874,101,0.0099000001,5.87451034917623,7.14902681592559,56.2646931849742,1100.42806579173,59
"449",2021-05-23,26782,1146,559,39,77.3,55,0,4,51,5,12,58,46,1,1466,51,826,0.03753000021,14,0.07143000126,3.80950002275,7.12186535052018,53.0334060480386,1101.80947707946,55
"450",2021-05-24,26833,1100,561,65,74.1,51,2,11,38,5,11,56,45,2,1471,40,733,0.0832199955,30,0,7.99479117975098,5.05740698388039,47.7629928507114,1010.98230339456,51
"451",2021-05-25,26893,1032,563,56,68.3,60,1,12,46,3,11,53,42,2,1474,47,1035,0.0647300005,19,0.05263000011,6.45118790508444,5.61032973506365,55.9308784234306,964.609926233625,60
"452",2021-05-26,26949,991,566,76,66.1,56,1,11,44,1,8,46,38,3,1475,45,1371,0.03209000111,61,0.04918000221,3.28179969669134,5.16816818561753,54.5051379145358,958.079814962333,56
"453",2021-05-27,26996,945,566,62,64.6,47,0,8,38,3,9,41,32,0,1478,38,1368,0.05481999874,113,0.0088499999,5.13124971404592,5.18323054495085,44.0262902364905,895.916954565357,47
"454",2021-05-28,27031,895,569,65,62.9,35,0,1,30,1,7,33,26,3,1479,30,1589,0.03460999966,197,0.01523000002,3.24723401252408,5.11289612571757,30.0139217387651,865.581998539825,35
"455",2021-05-29,27066,857,571,45,58.3,35,0,3,31,4,9,35,26,2,1483,31,1074,0.02421000004,104,0.00962000012,2.29219185530051,4.60113634087818,33.2807345465752,837.115790529514,35
"456",2021-05-30,27093,808,573,46,59.3,27,0,3,22,5,8,35,27,2,1488,22,718,0.0905300045,34,0,8.64368925944149,5.29173480326268,23.0751434509073,737.305268560595,27
"457",2021-05-31,27141,776,576,40,55.7,48,1,2,41,5,6,34,28,3,1493,42,783,0.0855700016,27,0.03703999996,8.39523348786667,5.34894084727921,40.4309008553656,710.056644375327,48
"458",2021-06-01,27183,740,577,38,53.1,42,1,5,36,2,5,30,25,1,1495,37,1565,0.01725000024,27,0.03703999996,1.75856346573618,4.67856592737231,41.3413778791281,726.827557582562,42
"459",2021-06-02,27215,702,577,48,49.1,32,0,1,30,1,6,29,23,0,1496,30,1688,0.04264999866,43,0.02325999975,4.21683291319064,4.81214210115793,29.7194864149242,672.035982109227,32
"460",2021-06-03,27260,691,577,48,47.1,45,2,4,39,2,5,28,23,0,1498,41,1176,0.01360999942,186,0,1.17513651379736,4.24698307255099,44.5123045316254,682.780547106174,45
"461",2021-06-04,27290,644,579,44,44.1,30,0,0,27,3,6,28,22,2,1501,27,1195,0.04769999981,68,0.01470999956,4.59238161069121,4.43914701514629,25.7449001548645,614.063544434545,30
"462",2021-06-05,27309,612,582,39,43.3,19,1,0,18,2,4,29,25,3,1503,19,999,0.01601999998,90,0.02221999884,1.653239658,4.34786812981765,18.6820447808763,601.758495047174,19
"463",2021-06-06,27326,563,582,21,39.7,17,0,1,16,2,4,27,23,0,1505,16,608,0.1069099998,22,0,10.3176634727619,4.58700730314914,15.3289944828141,504.201493364019,17
"464",2021-06-07,27353,531,583,17,36.4,27,1,3,23,1,4,26,22,1,1506,24,843,0.00949000001,30,0.06666999817,1.1454948400378,3.5513303534593,26.7217206876347,524.843070213918,27
"465",2021-06-08,27386,503,584,28,35,33,0,2,30,1,3,25,22,1,1507,30,1771,0.02993000031,100,0,2.83303209775575,3.70482587231924,31.1397012490621,488.575657609274,33
"466",2021-06-09,27413,477,585,33,32.9,27,1,0,24,2,4,23,19,1,1509,25,1194,0.05946000099,26,0,5.81928206410328,3.93374717959247,23.5273960553108,448.902716735329,27
"467",2021-06-10,27442,464,585,20,28.9,29,0,0,28,2,5,20,15,0,1511,28,1216,0.03042999983,136,0,2.73689939299408,4.15685616233486,27.224300686288,451.145554229915,29
"468",2021-06-11,27464,454,585,36,27.7,22,0,1,20,1,4,15,11,0,1512,20,1055,0.0170599997,96,0,1.56370979005213,3.72418875938642,20.6834351482105,446.813977864379,22
"469",2021-06-12,27482,431,585,29,26.3,18,0,0,18,2,6,16,10,0,1514,18,880,0.01136000037,44,0,1.08190479714286,3.64256949354969,17.802876639551,426.279990647027,18
"470",2021-06-13,27503,423,586,18,25.9,21,0,1,18,2,5,15,10,1,1516,18,583,0.1320800018,17,0,12.8337735082333,4.00201378433132,16.6616828321077,368.049546554531,21
"471",2021-06-14,27522,386,589,22,26.6,19,2,1,16,2,4,14,10,3,1518,18,655,0.05649000168,29,0,5.40949577491228,4.61115677502767,18.0143883377712,364.864105465537,19
"472",2021-06-15,27549,372,589,22,25.7,27,1,0,24,0,4,14,10,0,1518,25,1518,0.01449000001,36,0,1.41543243340927,4.40864253726389,24.6418164024498,366.670228068454,27
"473",2021-06-16,27566,351,589,24,24.4,17,0,0,17,1,4,12,8,0,1519,17,1251,0.02237999916,42,0,2.16530386304408,3.88664565139829,16.6273987438604,343.306879946765,17
"474",2021-06-17,27577,308,590,12,23.3,11,0,0,11,0,5,11,6,1,1519,11,1101,0.02088999987,123,0.02438999891,2.12417154598039,3.79911310182491,10.7634849316679,301.377578086701,11
"475",2021-06-18,27591,278,590,26,21.9,14,1,0,13,1,4,12,8,0,1520,14,864,0.01968000054,63,0,1.83425247751456,3.83776205717668,13.7400656393098,272.838446266295,14
"476",2021-06-19,27600,245,590,18,20.3,9,0,0,9,0,3,10,7,0,1520,9,926,0.01944000006,37,0,1.86930841698442,3.95024828858262,8.82970573850645,240.364211770453,9
"477",2021-06-20,27612,232,590,7,18.7,12,0,0,10,0,3,10,7,0,1520,10,562,0.0266899991,15,0,2.59961516363951,2.48822566792636,9.73686076718885,225.895169798781,12
"478",2021-06-21,27623,222,591,13,17.4,11,0,0,11,2,2,9,7,1,1522,11,520,0.02308000088,7,0,2.27734354034156,2.04077534870197,10.7464300545411,216.882497464375,11
"479",2021-06-22,27634,199,591,13,16.1,11,0,0,10,0,2,6,4,0,1522,10,1297,0.01156999946,65,0,1.10178335533186,1.99596833754806,9.88847486701061,196.780649853511,11
"480",2021-06-23,27645,186,591,18,15.3,11,0,0,10,0,1,4,3,0,1522,10,1105,0.0081400001,18,0,0.800952814826358,1.80106104494552,9.91892565016575,184.492017093083,11
"481",2021-06-24,27651,174,591,8,14.7,6,1,0,5,1,0,4,4,0,1523,6,904,0.00995999992,51,0,0.942810463631414,1.63229517603853,5.94273988883671,172.339456776265,6
"482",2021-06-25,27655,153,591,7,12,4,0,0,4,2,0,6,6,0,1525,4,1024,0.00194999993,64,0,0.183529405176471,1.39647759427594,3.99256908675532,152.715767568391,4
"483",2021-06-26,27659,138,591,9,10.7,4,0,0,4,1,0,6,6,0,1526,4,764,0.00523999989,19,0,0.511284791310345,1.20247421917965,3.97929861471572,137.285802207692,4
"484",2021-06-27,27664,124,591,8,10.9,5,0,0,5,0,0,5,5,0,1526,5,398,0.0200999999,13,0,1.94642334798053,1.10916110265693,4.9014891985404,121.556932123802,5
"485",2021-06-28,27673,116,591,1,9.1,9,0,0,9,0,0,4,4,0,1526,9,555,0.00180000007,5,0,0.178392864080357,0.809311006048192,8.98374838482069,115.790534737689,9
"486",2021-06-29,27676,110,591,8,8.4,3,0,0,3,0,0,3,3,0,1526,3,929,0.00646000028,14,0,0.636409359503712,0.74282900664417,2.9806743390765,109.291392432805,3
"487",2021-06-30,27678,95,591,8,7,2,0,1,1,0,0,2,2,0,1526,1,1221,0.00082000002,51,0,0.0787122660707547,0.63965178539337,1.99920325571275,94.9243092927116,2
"488",2021-07-01,27681,91,591,7,6.9,3,0,0,3,0,0,1,1,0,1526,3,884,0.00225999996,74,0,0.208542793803758,0.534756403989419,2.99366724065115,90.8079062997516,3
"489",2021-07-02,27685,80,591,6,6.7,4,0,0,4,2,0,2,2,0,1528,4,785,0.01401000023,29,0,1.35108724576781,0.701550381216753,3.94529589359457,78.9059178718914,4
"490",2021-07-03,27691,74,591,6,6.3,6,0,0,6,0,0,1,1,0,1528,6,627,0.00158999994,16,0,0.155043540027994,0.650658773890703,5.99058367436551,73.8838653171747,6
"491",2021-07-04,27693,69,592,2,5.4,2,0,0,2,1,0,2,2,1,1529,2,437,0.0068599999,34,0,0.636479820870488,0.463523984303554,1.98711479959756,68.5554605861157,2
"492",2021-07-05,27699,68,592,2,5.6,6,0,0,6,0,0,2,2,0,1529,6,505,0.00197999999,27,0,0.187951126870301,0.464889450416403,5.98858508381801,67.8706309499374,6
"493",2021-07-06,27704,64,592,12,6.1,5,0,2,3,0,0,2,2,0,1529,3,1174,0.00596000016,28,0,0.582116488173045,0.457133325940593,4.98232303516531,63.62289141686,5
"494",2021-07-07,27710,63,592,6,5.9,6,0,0,6,0,0,2,2,0,1529,6,1218,0.03201999903,23,0,3.14265582744077,0.894839548993453,5.80913573939971,60.995925263697,6
"495",2021-07-08,27712,54,593,5,5.6,2,0,0,2,1,0,3,3,1,1530,2,933,0.00321999997,87,0,0.294535291373529,0.90712419150342,1.99403728738839,53.8390067594865,2
"496",2021-07-09,27714,52,593,3,5.1,2,0,0,2,0,0,2,2,0,1530,2,823,0.00486000001,56,0,0.455037543598407,0.779117091193505,1.99078800340931,51.7604880886421,2
"497",2021-07-10,27715,48,593,0,4.3,1,0,0,1,0,0,2,2,0,1530,1,930,0,22,0,0,0.756968014046649,1,48,1
"498",2021-07-11,27720,50,593,0,4,5,0,0,5,0,0,2,2,0,1530,5,422,0.00237000003,8,0,0.232590700618605,0.69926956829638,4.9882283079096,49.882283079096,5
"499",2021-07-12,27723,48,593,1,3.9,3,0,1,2,0,0,1,1,0,1530,2,460,0.00216999993,16,0,0.209705875588235,0.702377389541799,2.99575461445293,47.8981107468704,3
"500",2021-07-13,27725,47,593,2,2.4,2,0,0,2,0,0,1,1,0,1530,2,1188,0.00083999999,14,0,0.0830216296272879,0.631078124035263,1.99831927061879,46.9605028595415,2
"501",2021-07-14,27730,49,593,0,1.6,5,0,0,5,0,0,0,0,0,1530,5,1098,0,15,0,0,0.182127291543724,5,49,5
"502",2021-07-15,27741,55,593,1,1,11,0,0,11,0,0,0,0,0,1530,11,947,0.00105999999,31,0,0.102640080831288,0.154713690037689,10.9885715794577,54.9428578972886,11
"503",2021-07-16,27744,55,593,8,1.7,3,0,0,3,0,0,0,0,0,1530,3,867,0.00460999995,34,0,0.443603768773585,0.153080293634143,2.98652921128251,54.7530355401794,3
"504",2021-07-17,27746,52,593,5,2.4,2,0,0,2,0,0,0,0,0,1530,2,761,0.00263000011,18,0,0.256922988922978,0.189783577765997,1.99479872873937,51.8647669472235,2
"505",2021-07-18,27754,57,593,4,3,8,0,0,8,0,0,0,0,0,1530,8,214,0.00467000008,17,0,0.43263204204329,0.218360912255238,7.96496636418341,56.7503853448068,8
"506",2021-07-19,27762,61,593,2,3.1,8,0,0,8,0,0,0,0,0,1530,8,367,0,10,0,0,0.188402930028347,8,61,8
"507",2021-07-20,27766,62,593,10,4.3,4,0,0,4,0,0,0,0,0,1530,4,1142,0.00437999994,22,0,0.429721643597938,0.237931503452726,3.98260102107415,61.7303158266493,4
"508",2021-07-21,27771,65,593,12,6,5,0,0,5,0,0,0,0,0,1530,5,1058,0.01039999962,8,0,1.0321950842364,0.385387944057925,4.94775937870028,64.3208719231036,5
"509",2021-07-22,27776,67,593,5,6.6,5,0,0,5,1,0,1,1,0,1531,5,1046,0.00477999985,28,0,0.465538160437616,0.437230526858829,4.97643855981161,66.6842767014755,5
"510",2021-07-23,27788,75,593,3,5.9,12,0,0,12,0,0,1,1,0,1531,12,928,0.00647000015,38,0,0.621548668654244,0.462651226841781,11.9245024376937,74.5281402355854,12
"511",2021-07-24,27791,77,593,2,5.4,3,0,0,3,0,0,1,1,0,1531,3,713,0.00280999988,16,0,0.274832635725652,0.465209747813591,2.9916542359891,76.7857920570536,3
"512",2021-07-25,27798,79,593,7,5.9,7,0,0,7,0,0,1,1,0,1531,7,410,0.00244000003,14,0,0.235943399127358,0.437111370254172,6.98328207338873,78.8113262568157,7
"513",2021-07-26,27807,83,593,5,6.3,9,0,0,9,1,0,2,2,0,1532,9,410,0,10,0,0,0.437111370254172,9,83,9
"514",2021-07-27,27815,90,593,7,5.9,8,0,0,8,0,0,2,2,0,1532,8,1125,0.01067000031,5,0,1.06227879192478,0.527476677158007,7.91397889033782,89.0322625163004,8
"515",2021-07-28,27821,90,593,8,5.3,6,0,0,6,0,0,1,1,0,1532,6,1074,0.00372000009,11,0,0.368228580337327,0.43262431945814,5.97763621612513,89.664543241877,6
"516",2021-07-29,27825,86,593,9,5.9,4,0,0,4,0,0,1,1,0,1532,4,1234,0.00243000001,15,0,0.240081666320256,0.400416248869945,3.99027934497826,85.7910059170327,4
"517",2021-07-30,27828,81,593,4,6,3,0,0,3,0,0,1,1,0,1532,3,940,0.00745000005,21,0,0.728720088137357,0.415726451653247,2.97787116559306,80.4025214710125,3
"518",2021-07-31,27835,82,593,8,6.9,7,0,0,7,0,0,0,0,0,1532,7,936,0.00962000012,8,0,0.953847469525424,0.5127285707675,6.93241450257627,81.2082841730363,7
"519",2021-08-01,27844,84,593,1,6,9,0,0,7,0,0,0,0,0,1532,7,563,0.00178000003,13,0,0.173982641821181,0.503877034009475,6.98767234409457,83.8520681291348,9
"520",2021-08-02,27855,87,593,3,5.7,11,0,0,11,1,0,1,1,0,1533,11,462,0.00432999998,4,0,0.429283259819742,0.565203213983724,10.952201619628,86.6219582643307,11
"521",2021-08-03,27872,99,593,10,6.1,17,0,0,16,0,0,1,1,0,1533,16,550,0.01090999961,3,0,1.08508133553345,0.568460720213534,15.824264776317,97.9126383034613,17
"522",2021-08-04,27884,108,593,15,7.1,12,0,0,10,2,0,3,3,0,1535,10,1289,0.00776000023,22,0,0.762977902095347,0.62485348046468,9.92276956119607,107.165911260918,12
"523",2021-08-05,27904,121,593,9,7.1,20,0,0,20,0,1,3,2,0,1535,20,1482,0.00472000003,19,0,0.466025319417722,0.657131145192889,19.905655616464,120.429216479607,20
"524",2021-08-06,27918,123,593,15,8.7,14,0,0,12,1,1,4,3,0,1536,12,1109,0.00541000009,44,0,0.520354735456201,0.627364666238439,11.9367941465524,122.352140002162,14
"525",2021-08-07,27931,133,593,13,9.4,13,0,0,13,0,1,4,3,0,1536,13,846,0.01182000041,14,0,1.16275817986744,0.657209053430156,12.846993705231,131.434627907363,13
"526",2021-08-08,27951,145,593,5,10,20,0,0,19,1,1,3,2,0,1537,19,612,0.00653999984,4,0,0.649753230857143,0.725176280435293,18.8750378205036,144.046341261738,20
"527",2021-08-09,27965,153,593,13,11.4,14,0,0,14,1,1,3,2,0,1538,14,556,0.0143900001,9,0,1.4160778859469,0.866146941310602,13.7993257174335,150.806916769094,14
"528",2021-08-10,27985,168,593,18,12.6,20,3,0,17,1,1,4,3,0,1539,20,1264,0.01027999997,16,0,1.0151499970375,0.856156750096894,19.7944882033734,166.273700908336,20
"529",2021-08-11,28000,174,593,20,13.3,15,2,0,13,0,1,4,3,0,1539,15,1296,0.01080000043,8,0,1.07337427586503,0.900499089206849,14.8370257524532,172.109498728457,15
"530",2021-08-12,28019,188,593,18,14.6,19,3,0,16,0,1,3,2,0,1539,19,1053,0.01330000043,38,0,1.2836755685417,1.01730626765313,18.7531202782946,185.557190122073,19
"531",2021-08-13,28036,202,593,26,16.1,17,3,0,14,0,1,3,2,0,1539,17,1077,0.02135999918,14,0,2.10859020319523,1.24419704875871,16.6371579195866,197.688582338617,17
"532",2021-08-14,28053,211,593,16,16.6,17,2,0,15,1,1,4,3,0,1540,17,1005,0.01194000006,12,0,1.17991151035398,1.2466475245425,16.7969631337223,208.479954189142,17
"533",2021-08-15,28071,208,593,8,17,18,1,0,17,0,1,4,3,0,1540,18,543,0.02210000038,2,0,2.20188994611743,1.46838134100826,17.5988150282134,203.364084770466,18
"534",2021-08-16,28090,211,593,21,18.1,19,0,0,19,0,1,3,2,0,1540,19,611,0.01146000028,8,0,1.13118904217771,1.42768293475551,18.7824468714893,208.584015257065,19
"535",2021-08-17,28111,207,593,18,18.1,21,0,0,21,0,1,3,2,0,1540,21,1323,0.01587000012,10,0,1.57509453554089,1.50767501168457,20.66518688446,203.699699289677,21
"536",2021-08-18,28142,219,593,24,18.7,31,0,0,31,0,1,2,1,0,1540,31,1295,0.0154400003,12,0,1.52982405420811,1.57288212287644,30.519957463654,215.608731759362,31
"537",2021-08-19,28165,227,593,19,18.9,23,0,0,23,3,1,5,4,0,1543,23,1279,0.01720000029,17,0,1.69743830022454,1.63199108454541,22.6048168890075,223.099714513248,23
"538",2021-08-20,28184,227,593,17,17.6,19,0,0,19,0,2,5,3,0,1543,19,1142,0.01488999963,50,0,1.42654191086074,1.53455561421191,18.7256438631495,223.722166154471,19
"539",2021-08-21,28207,236,593,27,19.1,23,1,0,22,1,2,6,4,0,1544,23,879,0.01820000052,12,0,1.79548826678788,1.62249515084533,22.5819897318649,231.710851161744,23
"540",2021-08-22,28238,253,593,17,20.4,31,0,0,31,1,1,5,4,0,1545,31,520,0.01730999947,6,0,1.71125470045627,1.55240440146516,30.4630264542635,248.617602997699,31
"541",2021-08-23,28279,272,593,16,19.7,41,1,0,40,0,1,3,2,0,1545,41,575,0.01391000032,11,0.09090999603,1.53553927309386,1.61016872016747,40.3627331495477,267.772278455536,41
"542",2021-08-24,28311,286,593,26,20.9,32,1,0,31,0,1,3,2,0,1545,32,1233,0.01541000009,23,0,1.51278105979061,1.60126679506029,31.5099926443854,281.620559259195,32
"543",2021-08-25,28337,302,593,27,21.3,26,0,0,25,2,1,5,4,0,1547,25,1318,0.0197300005,68,0,1.87620062474747,1.65074916228019,24.5252162705646,296.26461254842,26
"544",2021-08-26,28365,310,593,44,24.9,28,2,0,24,3,1,8,7,0,1550,26,1198,0.01251999974,22,0,1.22942292528852,1.58388982300362,25.6764427036344,306.14220146641,28
"545",2021-08-27,28398,327,593,24,25.9,33,0,0,33,2,1,9,8,0,1552,33,896,0.02789999962,9,0,2.76225410602431,1.77470585088413,32.0773136192226,317.857016772296,33
"546",2021-08-28,28430,331,593,38,27.4,32,0,0,29,2,1,11,10,0,1554,29,1115,0.02421999931,16,0,2.38773644833333,1.85931273396205,28.2990921412995,322.999982716211,32
"547",2021-08-29,28469,352,593,28,29,39,0,0,35,1,0,10,10,0,1555,35,537,0.02607000113,2,0,2.59732664319295,1.98589444006729,34.0798234583595,342.745653066929,39
"548",2021-08-30,28506,374,593,20,29.6,37,0,0,36,1,1,9,8,0,1556,36,627,0.01116000056,9,0,1.10020760237736,1.92370420139351,35.5990837265074,369.834925380938,37
"549",2021-08-31,28537,383,593,22,29,31,0,0,25,0,1,7,6,0,1556,25,553,0.03617000103,16,0,3.51529183999824,2.2097771699946,24.1104344877441,369.37185635224,31
"550",2021-09-01,28575,393,593,55,33,38,0,0,36,2,1,9,8,0,1558,36,807,0.0309800005,5,0,3.07892369501232,2.38159475146101,34.8780384615548,380.751919871973,38
"551",2021-09-02,28620,420,593,34,31.6,45,0,1,39,1,1,10,9,0,1559,39,1298,0.01695000052,8,0,1.68461720328943,2.44662250546113,39.3349682483193,412.838119597285,45
"552",2021-09-03,28672,452,593,50,35.3,52,0,1,49,1,2,5,3,0,1560,49,1050,0.03523999929,45,0.02221999884,3.47049307783562,2.54779950143418,48.2786713187856,436.121621144716,52
"553",2021-09-04,28727,483,593,38,35.3,55,0,0,52,0,2,5,3,0,1560,52,911,0.03183000088,8,0,3.15529170856148,2.65745025289534,50.339192098232,467.573649681655,55
"554",2021-09-05,28753,477,593,23,34.6,26,0,0,25,2,1,7,6,0,1562,25,412,0.03882999897,6,0,3.82726305637321,2.83315545477824,24.0314883155527,458.520797060746,26
"555",2021-09-06,28813,494,593,29,35.9,60,0,1,53,1,1,8,7,0,1563,53,519,0.03467999935,2,0,3.45468707536468,3.169509665205,52.1466342740096,476.725232667184,60
"556",2021-09-07,28878,519,593,50,39.9,65,1,2,56,1,1,8,7,0,1564,57,825,0.04605999947,11,0.09090999603,4.66501310036842,3.33375555954359,56.3084387577475,494.492626583701,65
"557",2021-09-08,28930,532,594,66,41.4,52,0,1,50,2,1,7,6,1,1566,50,1376,0.03125,17,0,3.08686288585786,3.33488972966439,49.4377019665468,515.377148924058,52
"558",2021-09-09,29000,577,594,58,44.9,70,0,3,63,3,2,10,8,0,1569,63,1485,0.03434000015,13,0,3.40419894677904,3.58054426444862,63.8291389572415,557.117669497275,70
"559",2021-09-10,29066,607,594,62,46.6,66,0,0,58,0,1,7,6,0,1569,58,1263,0.03325000048,35,0,3.23534288183667,3.54695137930591,56.1005631898336,587.121411314293,66
"560",2021-09-11,29120,629,594,44,47.4,54,0,0,49,1,1,7,6,0,1570,49,1162,0.0309800005,15,0,3.05851831614274,3.53312660896037,47.4830065407076,609.526757430717,54
"561",2021-09-12,29175,641,594,53,51.7,55,0,1,50,2,1,8,7,0,1572,50,585,0.05982999802,3,0,5.95247429280612,3.83672821416508,47.9873819389786,602.378236457706,55
"562",2021-09-13,29237,670,594,36,52.7,62,0,0,55,5,4,13,9,0,1577,55,530,0.03019000053,20,0,2.90921823289091,3.75880409381168,53.380371042896,650.269974522551,62
"563",2021-09-14,29299,688,594,63,54.6,62,0,2,55,2,5,10,5,0,1579,55,1224,0.03349999905,29,0,3.27246598860335,3.55986879213096,55.1781426307737,665.210220544951,62
"564",2021-09-15,29346,701,594,58,53.4,47,0,1,42,2,6,11,5,0,1581,42,1537,0.03058000088,13,0,3.03235234532645,3.55208157205504,41.7108439357194,679.483371403317,47
"565",2021-09-16,29406,729,594,63,54.1,60,1,1,50,1,7,11,4,0,1582,51,1708,0.03161999941,39,0,3.09141150499599,3.50739765180032,50.404107853408,706.188129904596,60
"566",2021-09-17,29465,725,595,90,58.1,59,1,2,45,0,7,9,2,1,1582,46,1417,0.03105000019,4,0,3.09625969523082,3.48752862514234,46.5583104391599,702.277718878064,59
"567",2021-09-18,29527,741,595,44,58.1,62,0,5,50,0,7,8,1,0,1582,50,1575,0.02983999968,28,0,2.93187769781659,3.46943710823861,53.5161418141994,719.009221686435,62
"568",2021-09-19,29570,732,595,60,59.1,43,2,1,39,3,7,9,2,0,1585,41,1058,0.03213999987,3,0,3.20491233387936,3.07692825696335,40.6699237038256,708.253271980496,43
"569",2021-09-20,29621,711,595,60,62.6,51,2,0,40,2,8,11,3,0,1587,42,1220,0.03851999998,66,0.0606099987,3.96537013139969,3.22780709960747,40.3141863577003,682.461583341069,51
"570",2021-09-21,29681,710,595,36,58.7,60,0,0,51,1,7,12,5,0,1588,51,1196,0.02006999969,23,0,1.9691320450566,3.04161653624364,49.9834668205026,695.848263579546,60
"571",2021-09-22,29732,697,595,63,59.4,51,0,0,42,4,9,15,6,0,1592,42,2383,0.0180400002,29,0,1.78231013584577,2.8630390777464,41.2422793731093,684.425445787075,51
"572",2021-09-23,29768,669,595,44,56.7,36,0,0,29,3,9,16,7,0,1595,29,1528,0.02749000072,48,0,2.66527418148223,2.80216231724444,28.2176223549729,650.951357085408,36
"573",2021-09-24,29812,663,595,56,51.9,44,1,0,34,2,8,16,8,0,1597,35,2089,0.01819000006,48,0,1.77814272930931,2.61385989354137,34.3700425660795,651.066806323164,44
"574",2021-09-25,29855,658,595,62,54.4,43,0,0,35,2,10,16,6,0,1599,35,1935,0.02739000082,32,0,2.69444085341637,2.57994034434133,34.0454179982908,640.053858367868,43
"575",2021-09-26,29903,636,595,38,51.3,48,1,0,38,3,11,17,6,0,1602,39,1060,0.03395999908,4,0,3.38323299105263,2.60541472393752,37.664410313518,614.219614343524,48
"576",2021-09-27,29945,618,595,31,47.1,42,0,1,29,1,11,18,7,0,1603,29,852,0.01643000007,15,0.06666999817,1.72992041893772,2.28606476501438,29.4921906823484,607.178408334184,42
"577",2021-09-28,29989,593,596,44,48.3,44,1,0,32,3,11,19,8,1,1606,33,1723,0.02030999899,35,0,1.99056474742719,2.28912657963875,32.3350839886522,581.051660765781,44
"578",2021-09-29,30034,581,596,65,48.6,45,1,0,37,0,11,19,8,0,1606,38,2041,0.02155999899,8,0,2.14758213463104,2.34130829375093,37.1739431788991,568.370025972115,45
"579",2021-09-30,30082,584,596,61,51,48,2,0,38,3,12,21,9,0,1609,40,1837,0.01796000004,29,0,1.76808789246945,2.21313882389196,39.2841197449922,573.548148276886,48
"580",2021-10-01,30125,568,596,48,49.9,43,0,0,24,1,11,20,9,0,1610,24,1834,0.01963000059,13,0,1.94918359946183,2.23757323391375,23.5264775948584,556.793303078316,43
"581",2021-10-02,30161,550,596,60,49.6,36,0,0,28,0,9,15,6,0,1610,28,1477,0.01896000028,13,0,1.87945774587651,2.12114707569377,27.467319081089,539.536624807105,36
"582",2021-10-03,30188,536,597,37,49.4,27,5,0,18,2,7,14,7,1,1612,23,1025,0.02145999908,11,0,2.12321419469112,1.94114439049927,22.5056913758512,524.480459889402,27
"583",2021-10-04,30232,533,598,25,48.6,44,1,0,40,0,4,10,6,1,1612,41,1255,0.01991999984,8,0,1.9793824069042,1.97678181735162,40.1785330311044,522.320929404358,44
"584",2021-10-05,30282,530,598,33,47,50,1,0,42,0,4,9,5,0,1612,43,1637,0.01161000013,13,0,1.1518527401703,1.85696581631492,42.4986489163563,523.820556410903,50
"585",2021-10-06,30322,520,598,28,41.7,40,1,0,32,0,4,8,4,0,1612,33,1958,0.0127699995,36,0,1.25394478540622,1.72930333785423,32.5811399924367,513.399781699002,40
"586",2021-10-07,30359,509,598,53,40.6,37,1,0,31,2,3,8,5,0,1614,32,1681,0.01843999982,9,0,1.83417986375266,1.73874504803755,31.4058878388633,499.549903436919,37
"587",2021-10-08,30387,491,600,59,42.1,28,0,0,19,0,2,6,4,2,1614,19,2153,0.02414999962,13,0,2.40050550239427,1.80321960559933,18.5383287296987,479.069442435897,28
"588",2021-10-09,30415,470,600,37,38.9,28,1,0,25,3,3,7,4,0,1617,26,1520,0.01907999992,12,0,1.89305482234987,1.80516204509552,25.5017892642211,460.993882853228,28
"589",2021-10-10,30436,432,601,20,36.4,21,0,0,19,2,3,7,4,1,1619,19,1008,0.01687000036,24,0,1.64776747702326,1.73724108542868,18.6830972045181,424.794631176411,21
"590",2021-10-11,30455,409,601,18,35.4,19,0,0,17,1,4,8,4,0,1620,17,635,0.02204999924,7,0,2.18095786875389,1.76603757997864,16.6247050331575,399.970844621259,19
"591",2021-10-12,30489,408,601,31,35.1,34,0,0,27,2,5,8,3,0,1622,27,1118,0.01430999994,12,0,1.41580353388673,1.80374483622384,26.6130602927277,402.152911090107,34
"592",2021-10-13,30511,403,601,24,34.6,22,0,0,20,0,5,8,3,0,1622,20,1674,0.02030999899,9,0,2.02013893697326,1.91320114359056,19.5910334595042,394.759324209009,22
"593",2021-10-14,30531,390,601,39,32.6,20,0,0,17,0,5,7,2,0,1622,17,1287,0.01166000009,34,0,1.13598941073656,1.81345965030255,16.8045211627681,385.515485498797,20
"594",2021-10-15,30567,374,601,33,28.9,36,1,0,20,2,5,9,4,0,1624,21,1605,0.01557999969,14,0,1.5445274553706,1.69117707215631,20.6716844369013,368.152856161957,36
"595",2021-10-16,30597,367,602,21,26.6,30,0,0,24,1,4,9,5,1,1625,24,1409,0.0156099999,8,0,1.5521870048765,1.64248166966011,23.6229214508158,361.233840518726,30
"596",2021-10-17,30622,358,602,34,28.6,25,1,0,20,0,4,9,5,0,1625,21,815,0.03680999994,8,0,3.64521870608748,1.92783184524072,20.2251468059402,344.790597929838,25
"597",2021-10-18,30658,363,602,23,29.3,36,3,0,23,1,3,10,7,0,1626,26,812,0.01355000019,20,0,1.32242790315865,1.80518470729854,25.6519658221893,358.140907440566,36
"598",2021-10-19,30679,344,602,23,28.1,21,1,0,18,3,2,12,10,0,1629,19,1138,0.0105400002,9,0,1.0457297495728,1.75231702382512,18.7988826181004,340.358716875081,22
"599",2021-10-20,30704,340,602,35,29.7,25,1,0,21,1,3,12,9,0,1630,22,1787,0.01343000054,19,0,1.32887103903544,1.65356446697686,21.7040747248528,335.426609384089,26
"600",2021-10-21,30722,329,602,44,30.4,18,0,0,15,0,3,12,9,0,1630,15,1308,0.02369999886,7,0,2.35738391702509,1.82804939644665,14.6420699855634,321.149401683358,20
"601",2021-10-22,30747,314,602,34,30.6,25,0,0,11,0,2,9,7,0,1630,11,1413,0.01911000013,19,0,1.88564456590014,1.87678041223659,10.7900436270329,308.006699898939,27
"602",2021-10-23,30765,309,602,22,30.7,18,0,0,16,0,1,7,6,0,1630,16,1329,0.01203999996,9,0,1.19590134131839,1.82588246029971,15.806316832815,305.25949383374,22
"603",2021-10-24,30782,299,603,14,27.9,17,0,0,10,1,1,7,6,1,1631,10,822,0.0036500001,8,0,0.361481937614458,1.35677720766071,9.96340993810569,297.90595714936,21
"604",2021-10-25,30802,284,603,15,26.7,20,0,2,15,3,1,7,6,0,1634,15,814,0.01350999951,5,0,1.34275208805128,1.35968066264537,16.7961251577268,280.13996965296,24
"605",2021-10-26,30817,266,603,30,27.7,15,0,3,12,3,2,9,7,0,1637,12,1379,0.01450000048,10,0,1.43956088278762,1.41594225310463,14.8251410663024,262.123960303037,21
"606",2021-10-27,30830,262,603,34,27.6,13,0,3,9,1,2,9,7,0,1638,9,1363,0.01761000037,9,0,1.74944828748615,1.47602471716902,11.8406250132767,257.360417053167,23
"607",2021-10-28,30840,239,603,26,25,10,0,3,7,2,2,11,9,0,1640,7,1685,0.0136500001,38,0,1.33489554082995,1.32995494914114,9.90541508782259,235.770600855657,22
"608",2021-10-29,30854,230,603,12,21.9,14,0,0,14,0,2,11,9,0,1640,14,NA,NA,NA,NA,NA,NA,NA,NA,24
"609",2021-10-30,30854,197,603,19,21.4,0,0,0,0,0,2,11,9,0,1640,0,NA,NA,NA,NA,NA,NA,NA,NA,23
