"","date","observed_cumulative_cases","observed_active_cases","observed_cumulative_deaths","observed_new_cases","observed_daily_average_cases","observed_new_episodes","observed_new_cases_community_outbreak","observed_new_cases_institution_outbreak","observed_new_cases_sporadic","observed_new_ICU_p_acute_care","observed_census_ICU","observed_census_ICU_p_acute_care","observed_census_acute_care","observed_new_deaths","cumulative_hosp","observed_new_community_cases","num_non_ltch_tests","non_ltch_pct_positivity","num_ltch_tests","ltch_pct_positivity","observed_pct_positivity","pct_positivity_7_day","adjusted_new_episodes","adjusted_active_cases","adjusted_episode_cases"
"1",2020-03-01,7,7,0,0,0,2,0,0,2,0,0,1,1,0,0,2,NA,NA,NA,NA,NA,NA,NA,NA,2
"2",2020-03-02,10,10,0,0,0,3,2,0,1,0,0,1,1,0,0,3,NA,NA,NA,NA,NA,NA,NA,NA,3
"3",2020-03-03,11,11,0,0,0,1,0,0,1,0,0,1,1,0,0,1,NA,NA,NA,NA,NA,NA,NA,NA,1
"4",2020-03-04,12,12,0,0,0,1,0,0,1,0,0,1,1,0,0,1,NA,NA,NA,NA,NA,NA,NA,NA,1
"5",2020-03-05,18,18,0,0,0,6,2,0,4,0,0,1,1,0,0,6,NA,NA,NA,NA,NA,NA,NA,NA,6
"6",2020-03-06,23,23,0,0,0,5,0,1,4,0,0,1,1,0,0,4,NA,NA,NA,NA,NA,NA,NA,NA,5
"7",2020-03-07,27,27,0,0,0,4,0,0,4,0,0,1,1,0,0,4,NA,NA,NA,NA,NA,NA,NA,NA,4
"8",2020-03-08,36,36,0,0,0,9,1,0,8,0,0,1,1,0,0,9,NA,NA,NA,NA,NA,NA,NA,NA,9
"9",2020-03-09,45,45,0,1,0.1,9,0,0,9,0,0,1,1,0,0,9,NA,NA,NA,NA,NA,NA,NA,NA,9
"10",2020-03-10,52,52,0,0,0.1,7,1,0,6,0,0,1,1,0,0,7,NA,NA,NA,NA,NA,NA,NA,NA,7
"11",2020-03-11,61,61,0,0,0.1,9,0,0,9,0,0,1,1,0,0,9,NA,NA,NA,NA,NA,NA,NA,NA,9
"12",2020-03-12,75,75,0,3,0.6,14,1,0,13,0,0,1,1,0,0,14,NA,NA,NA,NA,NA,NA,NA,NA,14
"13",2020-03-13,97,97,0,1,0.7,22,2,2,18,0,0,1,1,0,0,20,NA,NA,NA,NA,NA,NA,NA,NA,22
"14",2020-03-14,115,115,0,4,1.3,18,1,1,16,1,0,2,2,0,1,17,NA,NA,NA,NA,NA,NA,NA,NA,18
"15",2020-03-15,142,142,0,4,1.9,27,1,0,26,0,0,2,2,0,1,27,NA,NA,NA,NA,NA,NA,NA,NA,27
"16",2020-03-16,157,157,0,0,1.7,15,0,0,15,0,0,2,2,0,1,15,NA,NA,NA,NA,NA,NA,NA,NA,15
"17",2020-03-17,180,179,0,5,2.4,23,1,0,22,2,0,4,4,0,3,23,127,0,4,0,0,0,23,179,23
"18",2020-03-18,196,194,0,4,3,16,0,0,16,0,0,3,3,0,3,16,210,0.0190499997138977,1,0,1.89597153550641,0.947985767753204,15.6923629144725,190.269900337979,16
"19",2020-03-19,221,219,0,1,2.7,25,0,0,25,4,0,7,7,0,7,25,110,0.0272699999809265,9,0,2.52075630075791,1.47224261208811,24.3609162677553,213.401626505537,25
"20",2020-03-20,243,241,0,2,2.9,22,1,1,20,3,1,10,9,0,10,21,137,0.00730000019073486,4,0,0.709290798674238,1.28150465873464,21.8489465970943,239.266482376178,22
"21",2020-03-21,263,261,0,4,2.9,20,0,2,18,3,1,10,9,0,13,18,204,0.0147099995613098,3,0,1.44968111618705,1.31513995022512,19.7353743854677,257.162928589282,20
"22",2020-03-22,289,287,0,7,3.3,26,0,1,25,3,5,13,8,0,16,25,159,0.0314499998092651,2,0,3.10593165818208,1.61360523488462,25.2125575980466,277.960161225575,26
"23",2020-03-23,310,308,0,9,4.6,21,1,0,20,4,5,17,12,0,20,21,138,0.0362299990653992,3,0,3.54591480214545,1.88964945877902,20.2448478137898,296.924434602251,21
"24",2020-03-24,328,324,1,8,5,18,1,3,14,3,7,20,13,1,23,15,253,0.0197599995136261,4,0,1.94524508830638,2.16754161425136,17.7040948803837,317.608449416288,18
"25",2020-03-25,351,347,1,8,5.6,23,0,1,22,4,8,23,15,0,27,22,153,0.0588199996948242,2,0,5.80610319568265,2.7261318514194,21.7046285406085,326.568459254142,23
"26",2020-03-26,365,357,1,19,8.1,14,1,3,10,2,7,25,18,0,29,11,274,0.025550000667572,3,0,2.5273285858898,2.72707074929538,13.718070002519,347.850090081754,14
"27",2020-03-27,382,365,1,27,11.7,17,3,2,12,5,9,26,17,0,34,15,577,0.0294600009918213,4,0,2.92571782655437,3.04370318184968,16.5549481715007,354.170405506517,17
"28",2020-03-28,407,387,2,26,14.9,25,1,1,23,3,8,25,17,1,37,24,367,0.0817399978637695,3,0,8.10772411243336,3.99485218131344,23.0266819125447,355.180245839783,25
"29",2020-03-29,426,399,2,11,15.4,19,5,4,10,7,8,31,23,0,44,15,184,0.0434800004959106,0,0,4.34800004959107,4.1722905229433,18.3385946673249,381.406618150843,19
"30",2020-03-30,451,408,3,48,21,25,8,3,14,4,12,32,20,1,48,22,549,0.0783199977874756,0,0,7.83199977874756,4.7845883767436,23.2526406022383,375.594425714237,25
"31",2020-03-31,468,405,3,51,27.1,17,2,3,12,6,13,34,21,0,54,14,943,0.064689998626709,0,0,6.4689998626709,5.43083905879567,16.0815572921768,378.430764523686,17
"32",2020-04-01,495,408,3,37,31.3,27,6,4,16,3,15,33,18,0,57,22,575,0.0573899984359741,4,0.25,5.87206374795943,5.44026199483521,24.6899124024371,383.703830008833,27
"33",2020-04-02,512,404,6,32,33.1,17,5,4,7,6,14,34,20,3,63,12,107,0.0841100025177002,9,0,7.75842264602924,6.1875611462837,15.0558487483525,372.213574527868,17
"34",2020-04-03,540,410,6,26,33,28,3,4,20,5,14,37,23,0,68,23,217,0.110600004196167,2,0,10.9589958495745,7.33517229242944,24.4438549693492,364.433936410139,28
"35",2020-04-04,557,417,7,18,31.9,17,3,7,6,7,14,43,29,1,75,9,315,0.0253999996185303,3,0,2.51603769806196,6.53635994751924,15.7703605246003,406.360037639815,17
"36",2020-04-05,584,428,8,40,36,27,4,8,13,4,13,43,30,1,79,17,422,0.0663500022888184,5,0.2,6.79149905524153,6.88543123404074,23.8291494649962,398.522115942256,27
"37",2020-04-06,603,428,9,40,34.9,19,3,7,9,4,12,44,32,1,83,12,238,0.117650003433228,4,0.25,11.9837606682265,7.47853993253773,17.5416516796567,375.985576574424,19
"38",2020-04-07,626,426,9,25,31.1,23,2,11,10,4,14,45,31,0,87,12,285,0.108769998550415,6,0,10.6527318167932,8.07621592598378,21.7036295214675,379.978848012097,23
"39",2020-04-08,646,429,11,26,29.6,20,1,10,8,5,16,44,28,2,92,9,368,0.0434800004959106,6,0.333330001831055,4.81300005173301,7.92492111223715,18.5607161181131,408.060801630056,20
"40",2020-04-09,682,437,11,25,28.6,36,1,20,13,6,16,47,31,0,98,14,295,0.0949199962615967,5,0,9.33379963239034,8.14997496743159,32.6748244874576,395.635592929925,36
"41",2020-04-10,716,454,11,37,30.1,34,0,20,13,4,16,49,33,0,102,13,331,0.090629997253418,8,0,8.84912362562872,7.84856464972504,31.8333770721622,413.257937750894,34
"42",2020-04-11,760,484,11,31,32,44,0,34,8,6,19,54,35,0,108,8,225,0.102220001220703,11,0.363639984130859,11.4404830932617,9.12348542046786,41.0718434296278,427.846527492482,44
"43",2020-04-12,793,499,13,35,31.3,33,0,18,14,1,18,50,32,2,109,14,227,0.101319999694824,12,0.5,12.1337405567887,9.88666277783175,30.2773000819944,437.598052922514,33
"44",2020-04-13,817,506,16,16,27.9,24,0,19,5,3,20,52,32,3,112,5,165,0.0606099987030029,26,0.0384599995613098,5.75948155737672,8.99748004771035,23.7079613790214,476.445691556963,24
"45",2020-04-14,850,506,18,32,28.9,33,0,26,7,5,20,51,31,2,117,7,208,0.0673099994659424,18,0.166669998168945,7.52236276812258,8.55028446932883,32.4660025215142,467.39961084088,33
"46",2020-04-15,879,504,24,60,33.7,29,2,18,9,4,16,51,35,6,121,11,390,0.1,24,0.208330001831055,10.6280000106148,9.38099874916909,27.8144192912037,449.678847524244,29
"47",2020-04-16,949,553,24,21,33.1,70,1,55,13,7,13,53,40,0,128,14,310,0.0354800009727478,11,0,3.42641753942424,8.5370870216025,68.5135309522572,533.78447261416,70
"48",2020-04-17,981,557,26,73,38.3,32,0,26,6,0,13,49,36,2,128,6,378,0.0846599960327148,66,0.5,14.6399726352176,9.36435116582949,31.1092036926669,474.304409469239,32
"49",2020-04-18,1021,579,31,31,38.3,40,0,31,9,1,11,46,35,5,129,9,421,0.0617600011825562,8,0,6.06082995288022,8.59582928863213,39.4468263285808,543.412493805366,40
"50",2020-04-19,1038,582,35,38,38.7,17,0,13,4,5,15,47,32,4,134,4,452,0.0442500019073486,47,0.127659997940063,5.21062540386865,7.60681283821498,16.7886332174558,551.246133139813,17
"51",2020-04-20,1099,618,39,16,38.7,61,1,47,13,3,13,45,32,4,137,14,325,0.0523099994659424,43,0.0232599997520447,4.89155701515467,7.48282361789754,60.3055163138285,587.343505853289,61
"52",2020-04-21,1135,631,47,51,41.4,36,0,26,10,2,11,43,32,8,139,10,543,0.069980001449585,25,0.36,8.27449661745152,7.59027131065882,35.1608714925538,578.050991180142,36
"53",2020-04-22,1176,647,54,35,37.9,41,1,31,9,4,9,45,36,7,143,10,656,0.0243899989128113,122,0.106560001373291,3.7275269221524,6.60448944087848,40.621986176651,622.542505629318,41
"54",2020-04-23,1221,662,57,50,42,45,0,35,10,5,11,48,37,3,148,10,775,0.0361299991607666,105,0.0285700011253357,3.522795394063,6.61825770582687,44.6427482930111,638.349936997333,45
"55",2020-04-24,1262,669,65,38,37,41,0,36,5,7,10,48,38,8,155,5,517,0.0406199979782104,94,0.106379995346069,5.07369206501887,5.25164619579848,40.7427348244495,634.577919511345,41
"56",2020-04-25,1363,741,78,53,40.1,101,0,95,6,4,9,48,39,13,159,6,557,0.0502699995040894,28,0.0357100009918213,4.95731106864081,5.09400064090713,100.698363207072,703.747856073339,101
"57",2020-04-26,1417,760,87,87,47.1,54,0,41,13,5,9,50,41,9,164,13,358,0.0502799987792969,81,0.0123500001430511,4.32815252268233,4.96793308645194,53.4293986408421,726.641766695382,54
"58",2020-04-27,1478,784,95,87,57.3,61,0,54,7,8,11,56,45,8,172,7,269,0.0632000017166138,80,0.1,7.16355314090805,5.29250396155957,60.4914736988683,727.045054273249,61
"59",2020-04-28,1498,779,103,65,59.3,20,0,13,7,7,13,61,48,8,179,7,503,0.0616300010681152,11,0.272730007171631,6.61477054788909,5.05540023733637,19.530430676874,726.743642469269,20
"60",2020-04-29,1523,768,111,28,58.3,25,0,17,8,7,13,62,49,8,186,8,668,0.0314400005340576,74,0.148649997711182,4.31294072606172,5.13903078075198,24.6500948220554,734.409102917317,25
"61",2020-04-30,1543,758,122,30,55.4,20,0,10,10,2,11,56,45,11,188,10,603,0.0414599990844727,6,0.333330001831055,4.43355656139956,5.26913951894292,19.5503867036214,723.919312134504,20
"62",2020-05-01,1566,741,135,43,56.1,23,0,16,7,6,11,57,46,13,194,7,516,0.031010000705719,55,0.0909099960327148,3.67797025323123,5.06975068868754,22.7389082524052,713.361573576033,23
"63",2020-05-02,1587,742,139,22,51.7,21,0,15,6,4,12,57,45,4,198,6,508,0.0511800003051758,28,0.0357100009918213,5.03718660126871,5.08116147906296,20.6935030320368,704.096541628553,21
"64",2020-05-03,1606,723,148,23,42.6,19,0,13,6,3,12,52,40,9,201,6,826,0.0205800008773804,231,0.0043299999833107,1.70286761786764,4.70612077837514,18.8963858592041,710.514496034093,19
"65",2020-05-04,1624,720,152,14,32.1,18,0,11,7,6,10,52,42,4,207,7,637,0.0109899997711182,24,0.125,1.51295459216373,3.89889241426881,17.8925983813619,708.952976368657,18
"66",2020-05-05,1649,720,156,29,27,25,0,24,1,3,9,50,41,4,210,1,923,0.0292499995231628,29,0.172409992218018,3.36109656871868,3.4340818458159,24.965914640159,695.458540914464,25
"67",2020-05-06,1665,693,161,23,26.3,16,0,11,5,4,10,52,42,5,214,5,598,0.0167200005054474,149,0.0134200000762939,1.60617674881196,3.04740127763736,15.9185576621614,681.712091975572,16
"68",2020-05-07,1688,671,167,32,26.6,23,0,16,7,6,10,54,44,6,220,7,813,0.0356699991226196,234,0.0128199994564056,3.05631224063884,2.85065208895726,22.7830385106016,650.202691516244,23
"69",2020-05-08,1701,638,173,16,22.7,13,0,8,5,4,8,54,46,6,224,5,715,0.00978999972343445,127,0.0472399997711182,1.54386339349022,2.54577968042283,12.9217173052952,628.011128155663,13
"70",2020-05-09,1718,622,179,12,21.3,17,0,12,5,5,6,51,45,6,229,5,1100,0.0154499995708466,164,0.0304900002479553,1.74013920637626,2.0747729097239,16.9117650001865,611.023566023201,17
"71",2020-05-10,1730,553,185,25,21.6,12,0,8,4,3,5,52,47,6,232,4,907,0.0176400005817413,316,0.0126600003242493,1.6353262984548,2.06512414980778,11.933663690762,543.829005247847,12
"72",2020-05-11,1750,534,188,14,21.6,20,0,14,6,1,5,51,46,3,233,6,517,0.00967000007629394,197,0.0152300000190735,1.12040616851561,2.00904580357234,19.9318268071604,527.932585837277,20
"73",2020-05-12,1773,517,193,13,19.3,23,0,17,6,4,6,51,45,5,237,6,835,0.0131700003147125,322,0.00310999989509583,1.03702422031165,1.67703546808562,22.9369003365589,511.562912333495,23
"74",2020-05-13,1794,499,195,21,19,21,0,15,6,2,7,47,40,2,239,6,1249,0.0144099998474121,224,0.0133899998664856,1.42548878340193,1.65122290159847,20.9132634892128,491.786413519529,21
"75",2020-05-14,1808,471,198,25,18,14,0,10,4,2,6,45,39,3,241,4,1046,0.0267700004577637,127,0.0236199998855591,2.6428951802461,1.59216332154237,13.8927920916296,458.376268789388,14
"76",2020-05-15,1828,457,201,17,18.1,20,0,12,8,1,5,44,39,3,242,8,1163,0.012039999961853,137,0.0146000003814697,1.23097846214588,1.54746547420746,19.9001317743042,451.295027607125,20
"77",2020-05-16,1844,438,207,19,19.1,16,0,6,10,1,4,42,38,6,243,10,967,0.0134399998188019,25,0.04,1.4109354662078,1.50043636846911,15.8569150213483,431.732877935054,16
"78",2020-05-17,1856,398,212,15,17.7,12,0,9,3,1,2,42,40,5,244,3,353,0.0254999995231628,10,0.1,2.7552341134095,1.66042319917693,11.9161763332754,386.87939354787,12
"79",2020-05-18,1871,390,213,26,19.4,15,0,8,7,2,1,43,42,1,246,7,376,0.0398900008201599,17,0.0588199996948242,4.07088557333133,2.08192025700774,14.7110159801684,373.899461752242,15
"80",2020-05-19,1883,353,219,23,20.9,12,0,8,4,0,1,40,39,6,246,4,359,0.0390000009536743,31,0.225809993743896,5.38490003805894,2.70304537382879,11.7815638417373,333.723009033321,12
"81",2020-05-20,1898,339,223,17,20.3,15,0,9,6,3,1,41,40,4,249,6,675,0.0296300005912781,36,0.0555600023269653,3.0942912071566,2.94144572007945,14.811722108379,328.362299123411,15
"82",2020-05-21,1906,325,229,11,18.3,8,0,1,7,0,1,38,37,6,249,7,478,0.0209200000762939,36,0,1.94547860631683,2.8418147809467,7.86189436720284,318.587952762989,8
"83",2020-05-22,1913,309,233,7,16.9,7,0,3,4,1,1,36,35,4,250,4,514,0.00583999991416931,14,0,0.568515143159664,2.74717716394867,6.97693842728588,307.218493507835,7
"84",2020-05-23,1922,305,236,6,15,9,1,3,5,1,0,35,35,3,251,6,582,0.00859000027179718,43,0,0.799900825309753,2.65988650096323,8.95132854963782,302.525867939923,9
"85",2020-05-24,1932,302,237,8,14,10,0,3,7,1,1,36,35,1,252,7,332,0.0150600004196167,25,0.04,1.68064989896716,2.50637447032861,9.88069402713877,296.852799456558,10
"86",2020-05-25,1947,298,240,6,11.1,15,1,7,7,0,1,35,34,3,252,8,401,0.0174600005149841,8,0,1.71184846124906,2.16936916860257,14.8611192041597,292.826690354948,15
"87",2020-05-26,1953,288,243,16,10.1,6,0,2,4,1,1,35,34,3,253,4,1123,0.00800999999046326,41,0.0731699991226196,1.03051545990701,1.54731422886658,5.95819758277751,284.99022595998,6
"88",2020-05-27,1958,261,243,8,8.9,5,0,1,4,1,1,33,32,0,254,4,1150,0.00957000017166138,13,0.0769199991226196,1.03228376491871,1.25274173711831,4.95812585224385,258.267711858911,5
"89",2020-05-28,1962,236,244,4,7.9,4,0,2,2,1,1,31,30,1,255,2,1403,0.00284999996423721,88,0,0.268179071081476,1.01312751779898,3.99456071555651,235.358164435669,4
"90",2020-05-29,1969,226,247,7,7.9,7,0,3,4,2,1,32,31,3,257,4,1380,0.0065200001001358,37,0,0.634975309681539,1.0226218273021,6.97424249916281,224.544701202699,7
"91",2020-05-30,1972,208,248,15,9.1,3,1,1,1,0,1,31,30,1,257,2,1020,0.0127499997615814,119,0,1.1417910234252,1.07146328417574,2.97684186865745,205.591554340374,3
"92",2020-05-31,1976,193,249,10,9.4,4,0,1,3,3,1,34,33,1,260,3,1309,0.00535000026226044,11,0.0909099960327148,0.606300022701422,0.917984730423489,3.98155427490147,191.813325018661,4
"93",2020-06-01,1987,184,250,5,9.3,11,0,5,6,0,1,31,30,1,260,6,763,0.00130999997258186,20,0,0.127653892602805,0.691671220616882,10.9922326619741,183.761801633873,11
"94",2020-06-02,1990,165,251,8,8.1,3,0,1,2,0,1,26,25,1,260,2,858,0.0104900002479553,9,0,1.03811075118174,0.692756262227556,2.97894474152383,163.262941175716,3
"95",2020-06-03,2000,156,251,8,8.1,10,0,7,3,0,0,22,22,0,260,3,1110,0.00449999988079071,141,0,0.399280564962245,0.602327233662347,9.98785251647251,155.368330856571,10
"96",2020-06-04,2007,146,254,8,8.7,7,0,2,5,0,0,20,20,3,260,5,1430,0.00559000015258789,21,0,0.550909732474203,0.642717328147022,6.97206572901524,145.184319287245,7
"97",2020-06-05,2011,137,256,15,9.9,4,0,1,3,1,0,21,21,2,261,3,1366,0.00952000021934509,29,0,0.932209340474939,0.685179332546079,3.97163899623149,135.704847494571,4
"98",2020-06-06,2014,128,257,2,8,3,0,0,3,0,0,21,21,1,261,3,1404,0.000710000023245811,68,0,0.0677201109128478,0.5317406307586,2.99793972208021,127.912094808756,3
"99",2020-06-07,2015,118,258,4,7.1,1,0,0,1,0,0,20,20,1,261,1,870,0.00230000004172325,22,0,0.22432735832951,0.477173107276898,0.997725064253729,117.73155758194,1
"100",2020-06-08,2018,110,258,0,6.4,3,0,0,3,0,0,19,19,0,261,3,701,0.0014300000667572,12,0,0.140593274445554,0.479021590397291,2.99572267063496,109.843164589949,3
"101",2020-06-09,2028,107,259,3,5.7,10,0,3,7,0,0,18,18,1,261,7,1338,0.00224000006914139,10,0,0.222338285794598,0.362482666770557,9.98421665005464,106.758740222264,10
"102",2020-06-10,2038,105,259,7,5.6,10,0,4,6,0,0,17,17,0,261,6,1281,0.00233999997377396,12,0,0.231828303666236,0.338560915156841,9.98589397658132,104.753144590173,10
"103",2020-06-11,2045,104,260,5,5.1,7,0,2,5,0,0,16,16,1,261,5,1529,0.00326999992132187,6,0,0.325721816267175,0.306391212841551,6.98348404294767,103.656468093312,7
"104",2020-06-12,2049,107,260,10,4.4,4,0,2,2,0,0,16,16,0,261,2,1596,0.00814999997615814,13,0,0.808415162333648,0.288706330249938,3.98360349299956,106.122786875476,4
"105",2020-06-13,2052,105,260,6,5,3,0,3,0,0,0,16,16,0,261,0,1479,0.00270000010728836,23,0.0434800004959106,0.332446083228058,0.326524326294968,3,104.646004768086,3
"106",2020-06-14,2055,102,260,1,4.6,3,0,1,2,0,0,16,16,0,261,2,768,0,13,0,0,0.294477560819324,3,102,3
"107",2020-06-15,2060,100,260,2,4.9,5,0,2,3,0,0,14,14,0,261,3,720,0.00555999994277954,17,0,0.543175028331244,0.351989239945851,4.98347475362389,99.4491584541296,5
"108",2020-06-16,2064,99,260,3,4.9,4,0,1,3,1,0,14,14,0,262,3,1250,0.000799999982118607,14,0,0.0791139222822989,0.331528616586951,3.99759308328015,98.9205717482449,4
"109",2020-06-17,2067,89,260,8,5,3,0,0,3,1,1,6,5,0,263,3,1098,0.0091100001335144,26,0,0.889927059305944,0.425542724535481,2.97292536816911,88.1967859223503,3
"110",2020-06-18,2069,75,260,2,4.6,2,0,0,2,0,1,6,5,0,263,2,1304,0.00230000004172325,122,0,0.210322584460527,0.409057119991674,1.99573417732727,74.8400316497728,2
"111",2020-06-19,2072,73,260,5,3.9,3,0,0,3,0,1,5,4,0,263,3,1875,0.0010700000077486,19,0,0.105926611115556,0.308701612674804,2.99677734937144,72.9215821680383,3
"112",2020-06-20,2078,73,261,1,3.1,6,0,0,6,1,1,5,4,1,264,6,1792,0.000560000017285347,158,0,0.0514625656910432,0.268561110169516,5.99686866467406,72.9619020868677,6
"113",2020-06-21,2084,77,261,1,3.1,6,0,0,6,0,1,4,3,0,264,6,1102,0.00363000005483627,86,0,0.336722227308887,0.316664285499357,5.97951151111019,76.7370643925808,6
"114",2020-06-22,2086,76,262,6,3.7,2,0,1,1,0,1,1,0,1,264,1,509,0.0039300000667572,10,0,0.385427752211834,0.294128960339441,1.9960913221747,75.7029404852769,2
"115",2020-06-23,2095,81,262,4,3.9,9,0,0,9,0,1,1,0,0,264,9,1255,0.00158999994397163,20,0,0.156505876837992,0.305184953847398,8.98571566416444,80.87144097748,9
"116",2020-06-24,2097,75,263,3,3.1,2,0,0,2,1,1,2,1,1,265,2,1733,0.00289000004529953,24,0,0.285052366448724,0.218774283439223,1.99421848656515,74.7831932461931,2
"117",2020-06-25,2103,73,263,6,3.7,6,0,0,6,0,1,2,1,0,265,6,1796,0.00277999997138977,21,0.0476200008392334,0.32982388366758,0.235845897611659,5.97993125363263,72.7558302525304,6
"118",2020-06-26,2107,67,263,6,3.9,4,0,0,4,0,1,2,1,0,265,4,2028,0.00196999996900558,23,0,0.194790830674955,0.248540786120145,3.99209839357895,66.8676480924475,4
"119",2020-06-27,2110,69,263,3,4.1,3,0,0,3,0,1,1,0,0,265,3,1574,0.000640000030398369,80,0,0.0609044768952257,0.249889630577885,2.99814707703115,68.9573827717164,3
"120",2020-06-28,2112,68,263,2,4.3,2,0,0,2,0,1,1,0,0,265,2,880,0.00114000000059605,12,0,0.112466367771807,0.217853079215445,1.99771892503703,67.922443451259,2
"121",2020-06-29,2116,69,263,1,3.6,4,0,0,4,2,1,3,2,0,267,4,854,0.00351000010967255,8,0,0.347742470262222,0.212469467508358,3.98589397598247,68.7566710856976,4
"122",2020-06-30,2119,68,263,10,4.4,3,0,0,3,0,1,3,2,0,267,3,1605,0.00435999989509583,11,0,0.433032167798812,0.251973223359904,2.98682567701309,67.7013820122968,3
"123",2020-07-01,2121,67,263,4,4.6,2,0,0,2,0,2,3,1,0,267,2,1601,0.00312000006437302,15,0,0.309103966773589,0.255409166263456,1.99373066514433,66.7899772823352,2
"124",2020-07-02,2127,66,263,4,4.3,6,0,1,5,0,1,3,2,0,267,5,1012,0.00197999998927116,12,0,0.195679686439689,0.236245709516614,5.99007792190806,65.8690285691864,6
"125",2020-07-03,2135,74,263,4,4,8,0,0,8,0,1,3,2,0,267,8,1334,0.00300000011920929,14,0,0.296884284794154,0.2508304886765,7.97591403288431,73.7772048041798,8
"126",2020-07-04,2138,74,263,4,4.1,3,0,0,3,0,1,3,2,0,267,3,1257,0.00317999988794327,40,0,0.308192741645697,0.286157383640853,2.99062372030859,73.7687184342785,3
"127",2020-07-05,2140,71,263,5,4.6,2,0,0,2,0,1,2,1,0,267,2,734,0.00272000014781952,47,0,0.255631255889824,0.306609510514855,1.9948152139247,70.8159400943268,2
"128",2020-07-06,2146,71,263,0,4.4,6,0,1,5,0,1,2,1,0,267,5,602,0,10,0,0,0.256932014763109,6,71,6
"129",2020-07-07,2153,72,263,6,3.9,7,0,1,6,0,1,1,0,0,267,6,1272,0.0039300000667572,21,0,0.386617175940848,0.250301301640543,6.97647556035377,71.7177067242452,7
"130",2020-07-08,2166,78,263,5,4,13,0,1,12,0,1,1,0,0,267,12,1684,0.00296999990940094,39,0,0.29027741424441,0.247611794136374,12.9646750639289,77.7703879155376,13
"131",2020-07-09,2174,82,263,5,4.1,8,0,0,8,1,0,2,2,0,268,8,1504,0.00266000002622604,41,0,0.258941102876632,0.256649139341652,7.97899233065464,81.7846713892101,8
"132",2020-07-10,2190,95,263,12,5.3,16,0,0,16,0,0,2,2,0,268,16,1900,0.00684000015258789,14,0.0714300012588501,0.73124453017455,0.318700602967423,15.8813495182507,94.2955127646134,16
"133",2020-07-11,2197,100,263,7,5.7,7,0,0,7,1,1,2,1,0,269,7,1571,0.00381999999284744,25,0,0.376016290022765,0.328389681307004,6.97330735608861,99.6186765155516,7
"134",2020-07-12,2220,120,263,9,6.3,23,0,2,21,1,1,3,2,0,270,21,1068,0.00842999994754791,13,0,0.832862159480219,0.410851238962775,22.8226303462896,118.986459121655,23
"135",2020-07-13,2243,138,263,6,7.1,23,0,2,21,0,0,3,3,0,270,21,808,0.00619000017642975,65,0,0.572911814725686,0.492695783923587,22.8779904105045,137.198222697601,23
"136",2020-07-14,2262,148,263,4,6.9,19,0,2,17,1,0,4,4,0,271,17,1406,0.00356000006198883,66,0,0.340038049399205,0.486041622989067,18.9413776356556,147.489640592767,19
"137",2020-07-15,2283,168,263,15,8.3,21,0,0,21,1,0,5,5,0,272,21,1404,0.00782999992370606,46,0,0.758159992612641,0.552881991327386,20.8385392182654,166.708313746124,21
"138",2020-07-16,2305,186,263,7,8.6,22,0,1,21,0,0,5,5,0,272,21,1695,0.00708000004291534,25,0.04,0.75584884143846,0.623868811121932,21.8390314102552,184.574278205117,22
"139",2020-07-17,2335,213,263,17,9.3,30,0,0,29,0,1,5,4,0,272,29,1787,0.00726999998092651,21,0,0.718555860946664,0.622056144089377,28.7886776523735,211.447873791571,30
"140",2020-07-18,2361,232,263,16,10.6,26,0,0,24,2,1,6,5,0,274,24,1551,0.00708999991416931,81,0,0.673810653607635,0.664598196030073,23.8360029606527,230.414695286309,26
"141",2020-07-19,2379,250,263,28,13.3,18,0,0,18,0,1,6,5,0,274,18,2025,0.0212299990653992,22,0,2.10018310246377,0.845644045027723,17.6166313833338,244.675435879636,18
"142",2020-07-20,2409,275,263,47,19.1,30,0,0,27,2,3,8,5,0,276,27,1548,0.0148599994182587,35,0.0285700011253357,1.51631264301018,0.980415591925508,26.5848171430607,270.771285716359,30
"143",2020-07-21,2433,294,263,23,21.9,24,0,0,23,0,3,8,5,0,276,23,1428,0.0161099994182587,15,0,1.59425358068423,1.15958923925194,22.6281462805717,289.246739412526,24
"144",2020-07-22,2460,314,263,13,21.6,27,0,1,23,2,3,9,6,0,278,23,1771,0.00902999997138977,16,0,0.894914938406899,1.17912566007969,23.7912644183771,311.150305537844,27
"145",2020-07-23,2479,322,263,29,24.7,19,0,1,17,1,3,10,7,0,279,17,1667,0.0101999998092651,32,0,1.0007886805206,1.21411706566285,17.8274646064908,318.73197666412,19
"146",2020-07-24,2502,337,263,34,27.1,23,0,1,18,0,3,7,4,0,279,18,2036,0.0122800004482269,83,0,1.17989999587494,1.28002337065261,18.7846203844358,332.967614975271,23
"147",2020-07-25,2514,336,263,26,28.6,12,0,1,10,0,3,7,4,0,279,10,2126,0.00800000011920929,320,0,0.695339339878943,1.28309889726279,10.9294846454816,333.63068408818,12
"148",2020-07-26,2521,338,263,21,27.6,7,0,0,6,2,4,9,5,0,281,6,1816,0.0121099996566772,73,0,1.16420113163186,1.14938718714395,5.92916202134449,334.00946053574,7
"149",2020-07-27,2536,340,264,22,24,15,0,1,13,1,4,9,5,1,282,13,1601,0.00874000012874603,24,0,0.861091704992148,1.05578419599852,13.8864781001471,337.030965696154,15
"150",2020-07-28,2556,330,264,14,22.7,20,0,2,17,1,4,10,6,0,283,17,1488,0.00739000022411346,24,0,0.727269863325452,0.931929379232978,18.8746190934224,327.566135342906,20
"151",2020-07-29,2572,324,264,20,23.7,16,2,2,12,2,4,11,7,0,285,14,2254,0.00620999991893768,52,0,0.606996522865808,0.890798177012822,15.9138210632347,322.005573177716,16
"152",2020-07-30,2592,334,264,19,22.3,20,1,0,18,1,4,12,8,0,286,19,1891,0.00898999989032745,134,0,0.839510607042431,0.867758452230227,18.8382416600116,331.156458654941,20
"153",2020-07-31,2602,321,264,18,20,10,0,1,9,1,3,13,10,0,287,9,2129,0.00797999978065491,207,0,0.727286795077667,0.803099423544901,9.93362032762252,318.63245835187,10
"154",2020-08-01,2620,309,264,15,18.4,18,0,0,18,1,2,13,11,0,288,18,1629,0.00551999986171722,83,0.0120500004291534,0.583658283315251,0.787144986892945,17.8934586853795,307.171040765681,18
"155",2020-08-02,2628,294,264,2,15.7,8,0,0,8,0,2,13,11,0,288,8,1340,0.00149000003933907,11,0,0.147786828476266,0.641942943585003,7.98801018149789,293.559374170047,8
"156",2020-08-03,2637,280,264,10,14,9,0,1,7,0,1,12,11,0,288,7,1046,0.0114699995517731,47,0,1.09767790769942,0.675740972543185,7.92207804210333,276.883121684133,9
"157",2020-08-04,2649,268,264,20,14.9,12,0,1,11,1,1,11,10,0,289,11,1699,0.0058899998664856,12,0,0.584869069150148,0.655398001946712,11.9347563525721,266.41042749903,12
"158",2020-08-05,2658,248,264,12,13.7,9,1,0,8,1,1,12,11,0,290,9,1599,0.005,70,0,0.479029358897543,0.637116978522675,8.95627885434189,246.795239541865,9
"159",2020-08-06,2668,224,264,13,12.9,10,0,0,10,1,2,10,8,0,291,10,1639,0.00305000007152557,10,0,0.303150401287472,0.560494091986252,9.96925708529174,223.311358710535,10
"160",2020-08-07,2680,225,264,6,11.1,12,0,3,9,1,2,10,8,0,292,9,1689,0,39,0,0,0.456595978403728,12,225,12
"161",2020-08-08,2686,208,264,14,11,6,1,1,4,0,1,10,9,0,292,5,1518,0.00725000023841858,95,0,0.682300084433937,0.470687664277826,5.96540348748986,206.560785079578,6
"162",2020-08-09,2688,199,264,16,13,2,0,1,1,2,2,12,10,0,294,1,1589,0.00441000014543533,102,0,0.414399185753799,0.508775143888902,1.99579751873371,198.163706228007,2
"163",2020-08-10,2700,200,264,8,12.7,12,2,0,10,0,1,12,11,0,294,12,1384,0.00578000009059906,27,0,0.566939767922686,0.432955409635084,11.9310069951182,198.850116585303,12
"164",2020-08-11,2713,204,264,8,11,13,2,1,10,0,1,12,11,0,294,12,1460,0.00342000007629395,41,0,0.332658235269098,0.396925290509219,12.9595175844976,203.311798936458,13
"165",2020-08-12,2720,187,264,12,11,7,3,0,4,0,2,10,8,0,294,7,1486,0.00268999993801117,7,0,0.267738774808078,0.366740921353581,6.98099376019909,186.492261879604,7
"166",2020-08-13,2742,190,264,11,10.7,22,0,0,22,0,2,9,7,0,294,22,1689,0.00532999992370605,56,0,0.515895121555274,0.397133024248982,21.8849011472964,189.005964453923,22
"167",2020-08-14,2753,185,264,6,10.7,11,4,1,6,1,2,10,8,0,295,10,1882,0.00477999985218048,36,0,0.469028139822923,0.464137044223685,10.9524351871642,184.120050962537,11
"168",2020-08-15,2757,177,264,2,9,4,0,0,4,1,2,11,9,0,296,4,2044,0.00734000027179718,21,0,0.726535620123653,0.470456406465073,3.97052839447731,175.695881455621,4
"169",2020-08-16,2761,158,264,26,10.4,4,0,1,3,0,2,11,9,0,296,3,1196,0.00501999974250793,22,0,0.492932651234769,0.481675472962354,3.98500329896698,157.210173745594,4
"170",2020-08-17,2785,173,265,8,10.4,24,1,4,19,1,1,9,8,1,297,20,1358,0.00662999987602234,32,0,0.647736678535132,0.493217888764132,23.8686241985691,171.863599317623,24
"171",2020-08-18,2811,192,265,15,11.4,26,1,1,24,0,1,7,6,0,297,25,1888,0.00583000004291534,77,0.0519500017166138,0.76372469278389,0.554798811266246,25.8063739731901,190.5129521141,26
"172",2020-08-19,2835,201,265,23,13,24,4,3,15,2,1,7,6,0,299,19,1519,0.0118499994277954,25,0.04,1.23057960691847,0.692347501567731,21.7628898160799,198.491623843793,24
"173",2020-08-20,2852,209,266,24,14.9,17,1,0,16,3,0,6,6,1,302,17,1607,0.00995999991893768,103,0,0.936007009925898,0.752363485620677,16.8386329292804,207.016134248212,17
"174",2020-08-21,2873,216,266,16,16.3,21,3,2,16,0,0,6,6,0,302,19,1804,0.00721000015735626,116,0.00861999988555908,0.729518764093518,0.789576431945048,20.8594350764836,214.401998764234,21
"175",2020-08-22,2892,226,266,16,18.3,19,1,0,18,1,0,7,7,0,303,19,1864,0.00589999973773956,73,0,0.567764559171221,0.766894851808986,18.8906021534149,224.698741403778,19
"176",2020-08-23,2909,236,266,13,16.4,17,0,1,15,0,0,7,7,0,303,15,694,0.0172899997234344,5,0,1.71663230444399,0.941709087981732,15.7388708032539,231.891567304529,17
"177",2020-08-24,2928,252,266,19,18,19,2,0,17,1,1,8,7,0,304,19,1142,0.00962999999523163,58,0,0.91645499954621,0.980097419554743,18.8234158828286,249.657936972253,19
"178",2020-08-25,2942,254,266,23,19.1,14,0,1,13,4,2,11,9,0,308,13,1647,0.0145700001716614,73,0,1.3951622257399,1.0703027814056,13.8160689906187,250.406271047474,14
"179",2020-08-26,2960,262,266,15,18,18,1,4,13,0,2,11,9,0,308,14,1832,0.0049099999666214,41,0,0.480251998870817,0.96311312311308,17.9318157434466,260.723980341643,18
"180",2020-08-27,2973,265,266,16,16.9,13,1,3,9,1,2,9,7,0,309,10,1469,0.00612999975681305,9,0,0.609267228874044,0.916436011534243,12.9382133410602,263.362653538095,13
"181",2020-08-28,3001,275,266,20,17.4,28,0,3,21,1,1,9,8,0,310,21,2137,0.00607999980449677,35,0,0.598202559033591,0.897676553668539,23.8726043925315,273.331724187913,28
"182",2020-08-29,3022,289,266,12,16.9,21,0,2,18,0,1,9,8,0,310,18,1790,0.00726000010967255,11,0.0909099960327148,0.777091068999096,0.927580340786807,19.8581493547889,286.722509085222,21
"183",2020-08-30,3042,303,267,16,17.3,20,0,6,12,2,1,10,9,1,312,12,1402,0.00428000003099442,33,0,0.418157494317364,0.742083939340146,17.9491128622842,301.715099772677,20
"184",2020-08-31,3063,313,267,13,16.4,21,1,3,17,1,1,11,10,0,313,18,1353,0.00517000019550324,54,0,0.497157801315983,0.682184339592971,20.9092485325057,311.421932815238,21
"185",2020-09-01,3088,317,267,18,15.7,25,1,2,22,0,1,11,10,0,313,23,1361,0.0154299998283386,22,0.0909099960327148,1.6630693911127,0.720456791789084,24.6120952486824,311.653660601405,25
"186",2020-09-02,3124,327,267,15,15.7,36,1,9,26,0,1,9,8,0,313,27,1528,0.00261999994516373,51,0,0.253537676770752,0.688069031489075,35.9305786326661,326.159230106734,36
"187",2020-09-03,3146,328,267,24,16.9,22,1,4,17,1,1,8,7,0,314,18,1493,0.00938000023365021,133,0.00751999974250793,0.922785997207461,0.732857426965278,21.8315541198225,324.930541738988,22
"188",2020-09-04,3168,332,267,24,17.4,22,0,3,19,3,1,11,10,0,317,19,2705,0.00813000023365021,258,0.00774999976158142,0.809691210614641,0.763070091476856,21.84398731233,329.273883562818,22
"189",2020-09-05,3193,339,267,17,18.1,25,1,11,13,2,1,13,12,0,319,14,2256,0.00398999989032745,164,0,0.371960320354493,0.705194270241913,24.9471905625164,337.721257192361,25
"190",2020-09-06,3214,341,267,27,19.7,21,1,3,16,1,1,14,13,0,320,17,1310,0.00611000001430511,192,0.03125,0.932363516560566,0.778652273419513,19.8392610654432,337.77576607742,21
"191",2020-09-07,3255,366,267,29,22,41,2,6,33,0,1,12,11,0,320,35,1290,0.0147300004959106,44,0,1.4244153403092,0.91111763613283,40.4944180282923,360.713057095856,41
"192",2020-09-08,3307,403,267,24,22.9,52,0,14,36,3,1,14,13,0,323,36,1097,0.0127600002288818,4,0,1.27136423715562,0.855159756996105,49.5358488997407,397.80408629432,52
"193",2020-09-09,3352,434,267,15,22.9,45,2,10,31,0,1,13,12,0,323,33,1587,0.0144900000095367,29,0,1.42299690687715,1.02222536129702,42.5237831163572,427.737026439364,45
"194",2020-09-10,3429,496,267,33,24.1,77,1,21,52,2,2,14,12,0,325,53,1959,0.0127600002288818,61,0,1.23746734892968,1.06717984011448,73.3348853542519,489.775530862433,77
"195",2020-09-11,3459,510,267,60,29.3,30,0,1,25,0,1,12,11,0,325,25,2314,0.0155599999427795,93,0.0752699995040894,1.78670335776785,1.20675300399351,25.5470196583648,500.759201030642,30
"196",2020-09-12,3508,535,269,47,33.6,49,0,4,42,1,0,12,12,2,326,42,1900,0.0168400001525879,26,0,1.66126688940379,1.39093965671484,45.29241992918,525.986777669317,49
"197",2020-09-13,3543,548,270,31,34.1,35,1,5,29,1,1,11,10,1,327,30,1199,0.0166799998283386,44,0,1.6089557356539,1.48759568801389,34.510500509907,539.058475980967,35
"198",2020-09-14,3611,598,272,59,38.4,68,0,19,49,1,1,11,10,2,328,49,2394,0.0141999995708466,218,0.0412799978256226,1.6460121936674,1.51925238135077,67.1820702196256,588.017918190532,68
"199",2020-09-15,3683,646,273,41,40.9,72,0,14,55,1,1,11,10,1,329,55,2961,0.0121599996089935,28,0,1.20460886056306,1.5097158989804,68.3281139323945,638.108392733216,72
"200",2020-09-16,3759,684,274,41,44.6,76,0,7,66,1,0,11,11,1,330,66,1887,0.0190799999237061,162,0.00616999983787537,1.80592971350752,1.56442058564189,71.791263401785,671.473093436681,76
"201",2020-09-17,3809,709,278,57,48,50,2,4,38,2,2,11,9,4,332,40,2512,0.0191100001335144,208,0.00481000006198883,1.80164707162801,1.6450176888845,43.2691696000109,696.046031160193,50
"202",2020-09-18,3897,777,278,46,46,88,1,6,78,0,2,11,9,0,332,79,2409,0.0128699994087219,281,0.0213499999046326,1.37558284568078,1.58628618715778,83.8979514301729,766.160864066384,88
"203",2020-09-19,3967,828,280,46,45.9,70,2,4,60,0,2,10,8,2,332,62,2101,0.0214199995994568,161,0,1.98954107685494,1.6331824996508,64.7490743653239,811.2940899111,70
"204",2020-09-20,4010,860,280,76,52.3,43,1,4,34,2,2,11,9,0,334,35,2847,0.0186199998855591,112,0,1.79152212484578,1.6592634123925,38.3641171485552,844.375449935927,43
"205",2020-09-21,4119,940,280,56,51.9,109,2,22,82,1,3,12,9,0,335,84,2949,0.0189900004863739,73,0,1.85312744653596,1.68885130565944,104.421402294572,922.334739963065,109
"206",2020-09-22,4228,1019,280,85,58.1,109,0,27,81,3,3,15,12,0,338,81,2507,0.0135599994659424,64,0.03125,1.4000357316654,1.71676943010263,106.849965069731,1004.53227661798,109
"207",2020-09-23,4334,1078,281,67,61.9,106,0,26,75,2,3,16,13,1,340,75,1896,0.0168799996376038,7,0.571430015563965,1.89198578149472,1.7290631541008,99.5609826690966,1057.31652423048,106
"208",2020-09-24,4435,1131,282,38,59.1,101,2,18,75,2,3,18,15,1,342,77,2730,0.0128199994564056,55,0,1.25668217292594,1.65121102571479,94.0186971228126,1116.58631747923,101
"209",2020-09-25,4554,1194,284,57,60.7,119,5,16,86,3,3,20,17,2,345,91,3291,0.0133700001239777,59,0.0339000010490417,1.37315732745982,1.65086452311179,105.732790022311,1177.37309106197,119
"210",2020-09-26,4639,1241,286,75,64.9,85,3,14,66,3,4,21,17,2,348,69,3437,0.0299699997901916,12,0,2.98657260883992,1.79329759910965,80.9101791338683,1203.41351166856,85
"211",2020-09-27,4721,1271,287,109,69.6,82,2,12,64,2,4,22,18,1,350,66,2684,0.0331599998474121,13,0,3.30001629923819,2.00879676687999,75.7912482164946,1228.46479519947,82
"212",2020-09-28,4836,1341,288,86,73.9,115,3,11,97,6,4,27,23,1,356,100,3135,0.0258400011062622,192,0.0104200005531311,2.49501182970644,2.10049453590435,108.469772906419,1307.06965467507,115
"213",2020-09-29,4943,1372,291,58,70,107,5,18,74,4,3,27,24,3,360,79,2165,0.0263299989700317,79,0.0253200006484985,2.62944419881239,2.27612431692535,94.8934200671082,1335.41483964649,107
"214",2020-09-30,5026,1402,291,107,75.7,83,1,10,67,5,5,30,25,0,365,68,3170,0.0305999994277954,281,0.0142299997806549,2.92670611777675,2.42394150782278,75.9817501874475,1360.38843768826,83
"215",2020-10-01,5127,1438,293,105,85.3,101,2,11,78,3,5,29,24,2,368,80,3844,0.0226300001144409,120,0.00833000004291534,2.21971040476944,2.56151696951471,89.1991680074037,1405.63004493308,101
"216",2020-10-02,5223,1488,294,115,93.6,96,0,13,79,1,5,29,24,1,369,79,3362,0.021710000038147,197,0,2.05082945007727,2.65832727274577,90.3569774299574,1457.05294197186,96
"217",2020-10-03,5296,1501,295,65,92.1,73,2,6,64,5,6,31,25,1,374,66,3113,0.0301999998092651,485,0.0103100001811981,2.75188853513406,2.62480097650208,70.1581185791754,1459.11115132337,73
"218",2020-10-04,5353,1482,295,77,87.6,57,1,7,47,3,6,32,26,0,377,48,3118,0.0291899991035461,102,0,2.82653469580301,2.55716074743991,53.6241140022279,1439.51951981879,57
"219",2020-10-05,5431,1483,295,82,87,78,3,13,59,3,6,33,27,0,380,62,3821,0.0177999997138977,238,0.00839999973773956,1.72488294763206,2.447142335715,73.9154783879007,1457.05894272995,78
"220",2020-10-06,5506,1455,296,139,98.6,75,5,15,52,2,7,34,27,1,382,57,2158,0.0194599997997284,55,0,1.89763576899295,2.34259827431222,70.9030808807422,1426.99969616631,75
"221",2020-10-07,5607,1469,296,174,108.1,101,12,22,63,3,10,36,26,0,385,75,2268,0.0313100004196167,76,0,3.02948297575472,2.35728068259479,94.6958185688142,1423.86876636784,101
"222",2020-10-08,5687,1428,296,85,105.3,80,5,14,55,2,9,36,27,0,387,60,2434,0.0271199989318848,182,0,2.52332100153698,2.40065362499015,72.464638502822,1391.45839636716,80
"223",2020-10-09,5770,1429,296,96,102.6,83,5,19,57,2,9,37,28,0,389,62,2508,0.0207299995422363,247,0.00810000002384186,1.95976547578285,2.38764448580523,79.76779579968,1400.59968060875,83
"224",2020-10-10,5835,1414,297,68,103,65,5,7,51,6,9,43,34,1,395,56,2628,0.0300600004196167,21,0,2.98216991705371,2.42054182607947,61.3064138061818,1371.23694860609,65
"225",2020-10-11,5899,1379,297,139,111.9,64,6,6,48,5,10,46,36,0,400,54,2660,0.0233100008964539,238,0.0168099999427795,2.2776184393012,2.34212521800778,58.7527267084322,1347.14833575793,64
"226",2020-10-12,5960,1350,297,62,109,61,2,13,43,3,10,46,36,0,403,45,1994,0.0150499999523163,237,0.0126600003242493,1.47961093598233,2.30708635920068,57.3247774478969,1329.74332343691,61
"227",2020-10-13,6045,1371,298,74,99.7,85,4,10,68,1,7,45,38,1,404,72,2117,0.0302300000190735,18,0,2.9975133508374,2.4642117280356,79.8113288400408,1329.32405332911,85
"228",2020-10-14,6112,1376,300,84,86.9,67,1,16,49,2,7,45,38,2,406,50,3004,0.0296300005912781,110,0.0363599991798401,2.98677333609447,2.45811035094128,64.4855352733414,1334.32193072236,67
"229",2020-10-15,6198,1401,300,107,90,86,3,25,52,5,8,49,41,0,411,55,2119,0.021710000038147,105,0.00952000021934509,2.11344829603708,2.39955710729843,78.8211970613863,1370.9726742364,86
"230",2020-10-16,6273,1421,301,77,87.3,75,2,10,59,4,8,47,39,1,415,61,3126,0.0214299988746643,280,0.0035699999332428,1.99617664308598,2.40475870262745,69.7651457595823,1392.23396925191,75
"231",2020-10-17,6320,1402,302,64,86.7,47,1,10,36,6,8,49,41,1,421,37,3037,0.0214000010490417,149,0,2.03991849296735,2.2701513563294,46.2345771342984,1372.99667952125,47
"232",2020-10-18,6377,1370,305,74,77.4,57,1,11,40,2,6,48,42,3,423,41,1144,0.0271000003814697,37,0.0540500020980835,2.79443272769098,2.34398196895651,50.8381116197567,1331.17592485528,57
"233",2020-10-19,6441,1349,307,69,78.4,64,1,6,57,3,6,47,41,2,426,58,1334,0.0374799990653992,27,0,3.67364575703472,2.65741551482114,61.8392119863806,1298.74305120047,64
"234",2020-10-20,6519,1353,309,46,74.4,78,3,14,57,4,5,45,40,2,430,60,1595,0.0250799989700317,48,0.0208299994468689,2.49558358677117,2.58571126281168,72.4815158476531,1318.75818236458,78
"235",2020-10-21,6607,1377,312,69,72.3,88,1,46,40,4,4,44,40,3,434,41,2258,0.0305599999427795,446,0.00897000014781952,2.69989274913919,2.54472832181807,85.8774200995992,1339.29774334508,88
"236",2020-10-22,6672,1363,312,88,69.6,65,1,24,36,1,3,43,40,0,435,37,2238,0.0268099999427795,87,0.0114900004863739,2.62367354469915,2.61761764305551,60.0155392334681,1326.73459392479,65
"237",2020-10-23,6751,1365,313,92,71.7,79,1,13,64,2,3,36,33,1,437,65,2768,0.0245700001716614,65,0.0153799998760223,2.4359145946735,2.68043735042515,76.3943077661552,1331.28046308926,79
"238",2020-10-24,6816,1356,317,63,71.6,65,2,17,41,2,3,36,33,4,439,43,2358,0.0211999988555908,191,0,1.96114544140773,2.6691840573452,59.1448050038779,1329.03152523857,65
"239",2020-10-25,6886,1337,319,69,70.9,70,1,24,42,3,3,38,35,2,442,43,1751,0.0308400011062622,77,0,2.95409419787008,2.69199283879936,65.7118106986097,1296.94630009398,70
"240",2020-10-26,6959,1297,320,77,72,73,1,16,51,4,3,39,36,1,446,52,995,0.0392000007629395,121,0.0165299999713898,3.67420526484435,2.69207276848645,66.0624467303697,1248.67295017864,73
"241",2020-10-27,7037,1268,322,61,74.1,78,0,15,60,1,3,31,28,2,447,60,1354,0.0288000011444092,116,0,2.65273479928776,2.71452294170311,73.3858942756114,1233.88856569125,78
"242",2020-10-28,7149,1274,325,93,77.6,112,2,69,38,2,2,29,27,3,449,40,1900,0.0405299997329712,166,0.01807000041008,3.87253724882471,2.88204358451532,107.42912189013,1223.96753220065,112
"243",2020-10-29,7213,1258,326,65,74.3,64,0,18,42,9,2,37,35,1,458,42,2190,0.0292199993133545,96,0,2.79929127280168,2.90713183138712,58.8077034884108,1222.28788067669,64
"244",2020-10-30,7263,1227,328,122,78.6,50,1,9,36,4,2,40,38,2,462,37,2789,0.0358599996566772,105,0.0571400022506714,3.66320799166528,3.0824594595288,44.6254827492824,1181.41803603701,50
"245",2020-10-31,7302,1157,329,83,81.4,39,0,5,32,2,2,39,37,1,464,32,2352,0.0276399993896484,322,0,2.43116224997955,3.1496047178962,36.2110475763778,1128.47443893341,39
"246",2020-11-01,7352,1116,332,50,78.7,50,1,6,40,1,2,37,35,3,465,41,1714,0.0256699991226196,104,0,2.42015283257261,3.07332737999656,45.9937322782135,1088.60988347528,50
"247",2020-11-02,7416,1069,332,56,75.7,64,3,8,47,6,2,42,40,0,471,50,1030,0.0174800002574921,14,0.0714300012588501,1.82034677038704,2.80849045221695,57.0769801843608,1049.26583634163,64
"248",2020-11-03,7487,996,333,36,72.1,71,1,36,33,1,2,43,41,1,472,34,1456,0.0219799995422363,13,0,2.17854862719511,2.74074957048943,69.2488389367544,973.995399441394,71
"249",2020-11-04,7552,920,337,53,66.4,65,5,1,51,1,1,40,39,4,473,56,1466,0.0272900009155273,295,0.0033899998664856,2.32863096551825,2.52019153001707,55.6775611841744,898.274219454294,65
"250",2020-11-05,7599,877,337,45,63.6,47,0,6,34,5,2,43,41,0,478,34,2536,0.0240499997138977,41,0,2.36673648717286,2.45839798921296,39.1839519788843,855.950761337692,47
"251",2020-11-06,7673,871,341,79,57.4,74,1,12,58,4,3,46,43,4,482,59,2342,0.0234800004959106,116,0.0258599996566772,2.35923194148077,2.27211569632945,69.5884068446854,850.161056978322,74
"252",2020-11-07,7708,838,346,75,56.3,35,3,4,25,3,4,46,42,5,485,28,2499,0.0276099991798401,142,0,2.61254782091709,2.2980279207491,31.2581618346271,815.797843479196,35
"253",2020-11-08,7745,776,346,47,55.9,37,1,5,29,1,4,47,43,0,486,30,1176,0.0204099988937378,92,0.0108700001239777,1.97178223268467,2.23397497790797,34.4001162517492,760.483007045247,37
"254",2020-11-09,7816,746,350,31,52.3,71,3,24,42,7,4,46,42,4,493,45,711,0.0210999989509583,20,0.1,2.3258685710166,2.30619237799791,67.938586574223,728.404124097118,71
"255",2020-11-10,7883,755,350,52,54.6,67,0,11,54,3,5,47,42,0,496,54,1374,0.0334800004959106,17,0,3.30708272332,2.46741153458718,63.18896972266,729.679113714968,67
"256",2020-11-11,7939,753,353,77,58,56,0,6,48,2,5,46,41,3,498,48,2375,0.0261100006103516,241,0.0290499997138977,2.63808491516186,2.51161924167912,52.7158466156122,732.854843782416,56
"257",2020-11-12,7981,743,355,60,60.1,42,1,8,31,3,3,43,40,2,501,32,2318,0.0215700006484985,214,0.00467000007629395,2.01416435701211,2.4612517945133,39.346370300439,727.823535413318,42
"258",2020-11-13,8020,720,357,79,60.1,39,1,7,27,0,3,36,33,2,501,28,2719,0.0217000007629395,200,0,2.02131901591067,2.41297851943186,34.4260424332175,705.241091139878,39
"259",2020-11-14,8041,697,357,50,56.6,21,3,2,14,3,3,37,34,0,504,17,1710,0.015789999961853,245,0.0163300001621246,1.58576726212221,2.26629558246116,18.7266146351277,685.791200040234,21
"260",2020-11-15,8071,653,360,30,54.1,30,1,1,25,0,2,35,33,3,504,26,984,0.0152400004863739,306,0.00653999984264374,1.31762794034426,2.17284496926967,26.6525814237438,644.274448834797,30
"261",2020-11-16,8115,615,363,11,51.3,44,0,3,39,3,2,33,31,3,507,39,735,0.0122399997711182,53,0,1.1416751055548,2.0036744742037,41.548462284867,607.879597569057,44
"262",2020-11-17,8156,592,363,40,49.6,41,1,10,29,1,2,32,30,0,508,30,1828,0.020789999961853,38,0,2.03666237568421,1.82218585311287,39.3803774881452,579.772782432732,41
"263",2020-11-18,8198,585,363,66,48,42,3,6,31,1,2,32,30,0,509,34,2684,0.0204900002479553,20,0.05,2.07082694768906,1.74114900061676,39.2859812480631,572.71467735638,42
"264",2020-11-19,8218,566,364,53,47,20,2,1,17,0,2,30,28,1,509,19,2476,0.0121200001239777,187,0.0160399997234344,1.23952685900304,1.63048650090118,19.7611658442414,558.88525620214,20
"265",2020-11-20,8243,523,364,28,39.7,25,1,2,20,1,2,30,28,0,510,21,2643,0.00757000029087067,222,0.0225200009346008,0.872842966012306,1.46641849377284,22.8141158739619,518.370600099146,25
"266",2020-11-21,8272,491,365,27,36.4,29,4,4,19,2,2,31,29,1,512,23,1495,0.0187300002574921,71,0,1.7880811229215,1.49532047388702,26.5829367270968,482.096605782805,29
"267",2020-11-22,8299,478,368,26,35.9,27,3,4,19,3,4,31,27,3,515,22,1220,0.0147500002384186,36,0,1.4327229530948,1.51176261856567,25.68035214668,471.05492391423,27
"268",2020-11-23,8339,461,370,20,37.1,40,2,10,25,1,3,27,24,2,516,27,922,0.0173500001430511,13,0,1.71087701945381,1.5930771776941,36.5315433053447,453.00153569496,40
"269",2020-11-24,8382,470,370,21,34.4,43,2,7,33,1,3,23,20,0,517,35,1403,0.00855000019073486,41,0.0975599956512451,1.10772923056108,1.46037244267651,41.6068225940449,464.720189120032,43
"270",2020-11-25,8437,478,371,38,30.4,55,4,10,39,2,2,23,21,1,519,43,2618,0.0122200000286102,72,0.0138900005817413,1.22646989281736,1.33975000626627,52.4651743348117,472.054728652093,55
"271",2020-11-26,8482,493,372,60,31.4,45,3,4,37,3,2,23,21,1,522,40,3059,0.0143799996376038,224,0.00446000009775162,1.37031553193196,1.35843410239897,43.4441373873474,486.148993299056,45
"272",2020-11-27,8530,505,374,56,35.4,48,2,3,42,3,1,24,23,2,525,44,3154,0.0177600002288818,336,0.00298000007867813,1.63370546556817,1.46712874519267,46.2710238306744,496.633341692967,48
"273",2020-11-28,8574,507,375,60,40.1,44,2,3,39,2,1,25,24,1,527,41,2597,0.0119400000572205,191,0,1.11220158352229,1.3705745252785,43.5375612074761,501.281549565619,44
"274",2020-11-29,8619,519,377,22,39.6,45,0,4,38,5,1,28,27,2,532,38,898,0.0245000004768372,12,0,2.41769235474723,1.51128443980027,41.0683098018636,506.275073346506,45
"275",2020-11-30,8662,525,378,47,43.4,43,1,7,34,1,1,25,24,1,533,35,1135,0.0229099988937378,61,0,2.17415123280873,1.57746647027955,41.2283067754412,513.424601631618,43
"276",2020-12-01,8716,547,378,34,45.3,54,2,12,39,3,1,27,26,0,536,41,1906,0.0141700005531311,113,0.0176999998092651,1.43675686145195,1.62447041754967,52.4026153909472,539.030015093857,54
"277",2020-12-02,8758,561,379,49,46.9,42,1,5,34,6,1,31,30,1,542,35,2859,0.0101400005817413,81,0.0123500001430511,1.0200888324757,1.59498740892943,39.6379296763764,555.196529955634,42
"278",2020-12-03,8796,560,380,38,43.7,38,0,5,32,3,1,33,32,1,545,32,3327,0.0102199995517731,202,0,0.963500666158941,1.53687099953329,36.6873280729272,554.528241276226,38
"279",2020-12-04,8839,564,382,55,43.6,43,1,5,33,2,1,31,30,2,547,34,2994,0.0110199999809265,165,0.0121200001239777,1.10774548791865,1.46173385986907,38.6180506286969,557.664133958383,43
"280",2020-12-05,8874,553,382,46,41.6,35,3,2,29,1,1,31,30,0,548,32,2277,0.0184500002861023,209,0,1.68988940673592,1.54426069175673,33.4516028935917,543.523012504882,35
"281",2020-12-06,8913,547,383,33,43.1,39,0,7,30,1,2,31,29,1,549,30,1397,0.0157500004768372,20,0,1.55276998349623,1.42070035300659,36.5275941417716,538.386466518301,39
"282",2020-12-07,8967,550,384,23,39.7,54,0,4,45,2,1,30,29,1,551,45,1068,0.0168499994277954,25,0.04,1.73795053878184,1.3583859681456,48.2068838032438,540.306357595202,54
"283",2020-12-08,9014,554,384,57,43,47,1,1,44,0,1,27,26,0,551,45,2367,0.01942999958992,69,0,1.88796424586785,1.4228441659193,45.138424834953,543.393052412533,47
"284",2020-12-09,9067,563,386,36,41.1,53,2,3,46,1,3,24,21,2,552,48,2911,0.00962000012397766,167,0.00598999977111816,0.942305078709412,1.41173220109555,50.5413095882563,557.619943712256,53
"285",2020-12-10,9112,562,386,60,44.3,45,2,0,43,1,3,23,20,0,553,45,3091,0.0139100003242493,252,0.00397000014781952,1.3160709255012,1.46209938100158,44.3994091639532,554.499287780927,45
"286",2020-12-11,9151,546,386,48,43.3,39,6,2,30,1,2,23,21,0,554,36,3047,0.0118099999427795,32,0,1.16872587936503,1.47081086549392,37.5733202280234,539.528690125022,39
"287",2020-12-12,9184,535,387,59,45.1,33,2,5,26,0,2,20,18,1,554,28,2616,0.0156700003147125,24,0,1.5527545766397,1.45122017548018,32.5590922404611,526.575512451667,33
"288",2020-12-13,9223,532,388,30,44.7,39,5,2,32,0,2,19,17,1,554,37,1502,0.0119799995422363,47,0,1.16165005244926,1.39534589961632,38.5641230200356,525.732795855647,39
"289",2020-12-14,9266,529,388,16,43.7,43,4,4,35,2,2,20,18,0,556,39,917,0.0174500000476837,20,0,1.70775347318313,1.39103203310222,42.3245757067491,519.838475612058,43
"290",2020-12-15,9312,537,389,54,43.3,46,1,7,37,1,1,20,19,1,557,38,2079,0.0134700000286102,49,0,1.31598355542672,1.30932050589635,44.4928680743469,529.833425155902,46
"291",2020-12-16,9367,555,389,53,45.7,55,3,4,47,0,1,18,17,0,557,50,2312,0.0168700003623962,94,0,1.62109064164007,1.4062898720293,53.1780144258652,545.875960127103,55
"292",2020-12-17,9404,550,390,61,45.9,37,1,5,29,1,0,17,17,1,558,30,3207,0.0134099996089935,83,0.0241000008583069,1.36796865706023,1.41370383368059,34.5838170402978,542.369979072127,37
"293",2020-12-18,9445,537,390,25,42.6,41,3,4,34,0,0,16,16,0,558,37,3298,0.00727999985218048,170,0.00587999999523163,0.72113724082124,1.34976259960291,40.7294132410993,533.072835418118,41
"294",2020-12-19,9484,534,390,46,40.7,39,1,7,28,3,0,19,19,0,561,29,2799,0.0117900002002716,140,0,1.12283805922287,1.28834595425765,35.6697810322405,527.919416248842,39
"295",2020-12-20,9528,528,390,24,39.9,44,5,2,34,0,0,16,16,0,561,39,1360,0.0161800003051758,51,0,1.55951810170369,1.34518424700828,40.3832034727519,519.649523938795,44
"296",2020-12-21,9603,550,390,22,40.7,75,7,8,60,1,0,15,15,0,562,67,1365,0.00658999979496002,32,0.03125,0.715486737302823,1.20343185616824,74.5138578433982,546.009280804015,75
"297",2020-12-22,9687,594,390,73,43.4,84,5,7,70,2,0,15,15,0,564,75,3021,0.0225099992752075,48,0,2.21579367254487,1.33197615861369,80.3146990174636,580.652416218311,84
"298",2020-12-23,9787,661,390,52,43.3,100,5,6,88,1,1,13,12,0,565,93,2652,0.0199800002574921,199,0.0150800001621246,1.96379799070964,1.38093435133791,97.147890528764,647.836082145301,100
"299",2020-12-24,9862,688,390,49,41.6,75,11,6,56,2,1,13,12,0,567,67,3469,0.01557000041008,144,0,1.49494413015686,1.39907370463743,71.9842504052928,677.569616102111,75
"300",2020-12-25,9927,719,390,47,44.7,65,6,2,56,0,1,10,9,0,567,62,2537,0.0295600008964539,161,0,2.77960423551903,1.69314041816568,62.2523214861382,698.732566911828,65
"301",2020-12-26,10019,761,390,95,51.7,92,5,4,82,2,2,12,10,0,569,87,951,0.0199800002574921,50,0,1.89819982466283,1.80390638465711,89.3252573737962,746.350814499528,92
"302",2020-12-27,10129,825,391,37,53.6,110,8,6,94,2,4,12,8,1,571,102,1480,0.0270300006866455,32,0.0625,2.77806885028012,1.97798506302517,105.126375158264,801.757446133018,110
"303",2020-12-28,10260,918,391,65,59.7,131,15,6,108,1,2,13,11,0,572,123,1188,0.04125,39,0.0256399989128113,4.07538385962507,2.45797036621406,123.916526952386,880.059932864146,131
"304",2020-12-29,10381,996,391,112,65.3,121,5,15,101,3,4,12,8,0,575,106,1880,0.0505299997329712,25,0.04,5.03918107600976,2.8613114238519,115.583076249842,945.101357970217,121
"305",2020-12-30,10518,1087,391,88,70.4,137,12,10,115,3,5,13,8,0,578,127,2458,0.0573600006103516,62,0,5.59487625000969,3.38003688946619,129.794218337299,1025.32531757987,137
"306",2020-12-31,10643,1174,391,147,84.4,125,0,9,116,2,5,13,8,0,580,116,2652,0.0331800007820129,144,0,3.14711595400209,3.6160614357298,121.29781917984,1136.53137687183,125
"307",2021-01-01,10760,1229,392,87,90.1,117,0,5,111,2,6,13,7,1,582,111,2759,0.0391400003433228,134,0.0149300003051758,3.80186246070242,3.76209832504171,111.720369510292,1181.61562277611,117
"308",2021-01-02,10873,1289,392,134,95.7,113,2,8,101,2,6,15,9,0,584,103,2369,0.0295499992370605,431,0,2.50014100687844,3.84808992250108,108.388508474709,1256.31832450388,113
"309",2021-01-03,10996,1316,393,106,105.6,123,0,5,118,3,5,18,13,1,587,118,1516,0.0600299978256226,126,0.0238100004196167,5.72506313986087,4.26908910672691,116.149075510652,1239.59477433914,123
"310",2021-01-04,11171,1427,393,117,113,175,4,30,140,5,8,21,13,0,592,144,1386,0.0533900022506714,155,0.00644999980926514,4.86685873393035,4.38215694591337,166.89280673424,1356.56968895667,175
"311",2021-01-05,11312,1500,395,105,112,141,2,19,120,6,8,23,15,2,598,122,2417,0.0575099992752075,97,0.0103100001811981,5.56888378145397,4.45782876097683,134.110068915253,1415.28773256459,141
"312",2021-01-06,11495,1594,395,132,118.3,183,11,42,129,7,7,28,21,0,605,140,2627,0.0513899993896484,211,0.0142200005054474,4.86264793880394,4.35322471651887,175.09620708778,1515.39538641372,183
"313",2021-01-07,11613,1631,395,186,123.9,118,2,7,108,6,9,32,23,0,611,110,2311,0.048899998664856,91,0.0109899997711182,4.74637747267502,4.58169064775786,111.705293975679,1552.49394976666,118
"314",2021-01-08,11743,1661,395,185,137.9,130,6,13,110,0,11,30,19,0,611,116,2661,0.0368300008773804,249,0,3.36785678126148,4.51968983640915,125.038145729973,1604.27034532315,130
"315",2021-01-09,11841,1670,397,155,140.9,98,6,2,90,4,11,30,19,2,615,96,3020,0.0324499988555908,375,0.00266999989748001,2.91606027998348,4.57910687542416,95.1610703991384,1620.61445381835,98
"316",2021-01-10,11933,1653,397,114,142,92,5,3,82,5,11,34,23,0,620,87,1824,0.0509899997711182,78,0,4.88989272252994,4.45979681580545,85.6857483213395,1571.02921810545,92
"317",2021-01-11,12097,1706,397,66,134.7,164,2,25,135,3,13,34,21,0,623,137,1608,0.0342000007629395,115,0,3.1917354165297,4.22049348474822,157.565605340022,1650.78045773779,164
"318",2021-01-12,12237,1734,398,161,142.7,140,1,22,115,4,13,35,22,1,627,116,2211,0.0705600023269653,74,0.0135099995136261,6.87124311198813,4.40654481768167,129.916858218233,1613.17096681394,140
"319",2021-01-13,12325,1722,402,172,148.4,88,0,9,75,2,11,34,23,4,629,75,2532,0.0375200009346008,173,0.0115600001811981,3.58597125315181,4.22416243401708,81.272561542545,1659.37801301683,88
"320",2021-01-14,12417,1710,402,129,140.3,92,2,14,75,9,10,41,31,0,638,77,2581,0.0337100005149841,146,0,3.19052113418313,4.00189724280395,88.5086241882372,1654.67204366085,92
"321",2021-01-15,12510,1679,404,144,134.4,93,6,7,78,5,11,41,30,2,643,84,2923,0.0372900009155273,206,0.00485000014305115,3.51542897748658,4.02297898512182,88.0053607873382,1619.14286621358,93
"322",2021-01-16,12571,1631,405,119,129.3,61,0,0,59,2,9,39,30,1,645,59,2470,0.0323900008201599,289,0,2.89972098679938,4.02064480038124,57.2650174299018,1583.03802420627,61
"323",2021-01-17,12651,1572,407,72,123.3,80,2,3,72,2,9,39,30,2,647,74,2036,0.026029999256134,32,0,2.5627213967838,3.68819175384607,75.0768196746256,1531.14541254745,80
"324",2021-01-18,12772,1592,408,63,122.9,121,2,45,72,7,10,43,33,1,654,74,1021,0.0391799998283386,48,0,3.74207481990026,3.7668116686133,116.191780316525,1531.58532789064,121
"325",2021-01-19,12846,1537,415,81,111.4,74,3,24,47,8,9,45,36,7,662,50,2337,0.0410799980163574,89,0,3.95729412053699,3.35053324126313,71.9934257862355,1475.31790866888,74
"326",2021-01-20,12907,1498,415,166,110.6,61,1,8,50,2,7,37,30,0,664,51,3065,0.0225099992752075,163,0.00612999975681305,2.16828803404187,3.14800706710457,57.8785651662245,1465.06060037263,61
"327",2021-01-21,12977,1464,417,81,103.7,70,1,9,59,3,7,37,30,2,667,60,2636,0.0242799997329712,117,0,2.32481217929938,3.02433435926404,67.5854248801113,1429.48436707472,70
"328",2021-01-22,13056,1434,418,95,96.7,79,1,3,74,5,6,37,31,1,672,75,2311,0.0307200002670288,111,0.00901000022888184,2.97250332958338,2.94677355242072,75.7391564729101,1390.77267176204,79
"329",2021-01-23,13104,1367,418,84,91.7,48,1,4,40,4,9,39,30,0,676,41,2122,0.0329900002479553,276,0,2.91929860409346,2.9495703548913,43.7861940303857,1326.52993267164,48
"330",2021-01-24,13150,1286,419,44,87.7,46,2,9,35,2,8,37,29,1,678,37,1247,0.0224499988555908,36,0,2.18200690357925,2.8951825701478,45.1812623970633,1257.54333628712,46
"331",2021-01-25,13213,1227,419,29,82.9,63,1,18,43,4,7,38,31,0,682,44,825,0.0206100010871887,48,0,1.94768051511234,2.63884052660667,61.1309249366544,1202.76465675625,63
"332",2021-01-26,13275,1166,420,74,81.9,62,1,19,40,8,5,40,35,1,690,41,2354,0.024210000038147,79,0,2.3423896461076,2.40813988740247,59.0260651885281,1138.30224414204,62
"333",2021-01-27,13353,1126,422,80,69.6,78,0,27,50,1,4,30,26,2,691,50,2800,0.0196399998664856,175,0.00570999979972839,1.88205880978528,2.36724999822296,76.0456886545519,1104.50890850051,78
"334",2021-01-28,13391,1065,422,66,67.4,38,1,3,33,3,5,30,25,0,694,34,2355,0.0212299990653992,209,0.0287100005149841,2.18397183723271,2.34712994935629,36.2469690201654,1041.41241195518,38
"335",2021-01-29,13420,963,422,73,64.3,29,1,2,26,3,4,31,27,0,697,27,2847,0.0122899997234344,180,0.00555999994277954,1.18898015204223,2.09234092399327,28.6744443313557,951.388514485021,29
"336",2021-01-30,13439,866,423,42,58.3,19,1,6,12,2,5,33,28,1,699,13,2155,0.0157799994945526,216,0,1.43424288953019,1.88019010762709,18.8109167969845,853.404149706811,19
"337",2021-01-31,13481,807,424,25,55.6,42,3,5,34,4,6,32,26,1,703,37,922,0.0195200002193451,24,0,1.90247782264653,1.84025738177955,41.2861479358297,791.430307681475,42
"338",2021-02-01,13521,716,424,26,55.1,40,6,7,25,4,5,29,24,0,707,31,548,0.0292000007629395,29,0,2.77324097367259,1.9581945901453,37.1281611962028,695.863336015523,40
"339",2021-02-02,13563,652,425,59,53,42,4,5,31,3,5,27,22,1,710,35,2439,0.0221399998664856,107,0.0280399990081787,2.23879574109322,1.94339546085754,39.2053618540874,637.197026538999,42
"340",2021-02-03,13626,637,425,54,49.3,63,4,22,36,2,4,26,22,0,712,40,2865,0.0129100000858307,212,0,1.20205233168362,1.84625167827158,61.5123926321606,629.234852667157,63
"341",2021-02-04,13708,639,425,51,47.1,82,3,43,33,2,5,25,20,0,714,36,2814,0.0127900004386902,90,0,1.23936161275738,1.71130736048939,78.5475324542183,630.968701062375,82
"342",2021-02-05,13766,638,427,72,47,58,1,8,48,2,5,21,16,2,716,49,2435,0.0160199999809265,149,0,1.50962461120573,1.75711371179847,56.2498433903213,628.232654755612,58
"343",2021-02-06,13791,607,427,61,49.7,25,1,4,19,3,6,21,15,0,719,20,2369,0.0143499994277954,205,0.0146300005912781,1.43722994427581,1.75754043390498,23.7084969216245,598.152881571305,25
"344",2021-02-07,13816,562,429,33,50.9,25,1,2,19,3,4,23,19,2,722,20,1004,0.0249000000953674,75,0,2.31692308579693,1.81674690006933,21.5300750484925,548.795108862639,25
"345",2021-02-08,13863,559,431,24,50.6,47,1,7,38,2,5,21,16,2,724,39,852,0.0140799999237061,29,0,1.36165266004513,1.61509142669397,45.4614601580344,551.280928931827,47
"346",2021-02-09,13918,578,431,43,48.3,55,5,8,39,0,2,19,17,0,724,44,2244,0.0178299999237061,149,0,1.67198160588368,1.5341179788069,51.2539446234783,568.199545281147,55
"347",2021-02-10,13975,595,432,40,46.3,57,0,6,50,3,4,20,16,1,727,50,2791,0.0125399994850159,100,0,1.21062395581734,1.53534249654028,55.3861444870367,587.695119395737,57
"348",2021-02-11,14035,621,433,51,46.3,60,1,11,46,1,3,16,13,1,728,47,2563,0.0152199995517731,58,0,1.48831968146488,1.57090793492707,57.2906166750616,611.627084153473,60
"349",2021-02-12,14086,624,435,52,43.4,51,0,8,41,3,2,16,14,2,731,41,2612,0.0157000005245209,173,0,1.47247401687786,1.56560070716595,48.3877646674163,614.682076889458,51
"350",2021-02-13,14118,622,435,46,41.3,32,0,3,28,6,2,21,19,0,737,28,2099,0.0219199991226196,46,0.0217400002479553,2.19161390068926,1.67336984379644,30.377686860973,608.1757581259,32
"351",2021-02-14,14159,597,437,48,43.4,41,0,4,35,4,2,21,19,2,741,35,1175,0.0170200002193451,10,0,1.6876371525511,1.58347185333275,38.4009900799518,586.782602220892,41
"352",2021-02-15,14221,620,438,34,44.9,62,2,8,51,4,2,23,21,1,745,53,867,0.0265300011634827,26,0,2.57575711184093,1.75691534644643,59.6155806208082,603.804905375493,62
"353",2021-02-16,14272,615,438,60,47.3,51,3,13,32,3,2,24,22,0,748,35,1561,0.0333100008964539,23,0,3.28263329541442,1.98700844495083,46.834862159285,594.526863656009,51
"354",2021-02-17,14329,630,439,49,48.6,57,5,6,44,2,2,25,23,1,750,49,2063,0.0184200000762939,222,0,1.66303983183345,2.0516392843817,54.1736089139323,619.374971750558,57
"355",2021-02-18,14401,646,439,68,51,72,3,12,53,3,3,26,23,0,753,56,2348,0.0212899994850159,116,0,2.02877105482213,2.12884662343274,66.8478528238058,632.709159360331,72
"356",2021-02-19,14455,650,440,58,51.9,54,2,16,33,1,3,26,23,1,754,35,2576,0.0151400005817413,96,0,1.45960484650321,2.12700817052207,50.4819278651906,640.378660353539,54
"357",2021-02-20,14504,629,440,66,54.7,49,0,3,45,4,3,26,23,0,758,45,2384,0.0255900001525879,68,0,2.48803264126303,2.16935370488975,46.864582770447,613.129390280248,49
"358",2021-02-21,14546,618,440,53,55.4,42,0,7,33,2,4,24,20,0,760,33,1000,0.03,28,0,2.91828793774319,2.34516095991719,39.0233724468633,599.71042945944,42
"359",2021-02-22,14611,633,440,32,55.1,65,0,11,54,1,6,23,17,0,761,54,863,0.0150600004196167,66,0,1.39900757396439,2.17705388307769,64.2338730879601,624.019290086644,65
"360",2021-02-23,14666,639,440,47,53.3,55,0,7,47,3,6,25,19,0,764,47,2036,0.019650000333786,84,0,1.88714154149001,1.97769791823135,53.1005247340316,626.770963937154,55
"361",2021-02-24,14712,646,441,60,54.9,46,2,10,34,1,6,24,18,1,765,36,2874,0.0187899994850159,41,0,1.85257147581254,2.00477386737122,45.3236611006684,633.863474195328,46
"362",2021-02-25,14745,642,441,43,51.3,33,1,5,25,1,6,23,17,0,766,26,2376,0.0185199999809265,128,0.00781000018119812,1.79725239528254,1.97169977315127,30.5261189830424,630.29878411974,33
"363",2021-02-26,14810,645,441,57,51.1,65,5,12,43,1,6,21,15,0,767,48,2639,0.0181900000572205,181,0,1.70224858691506,2.00636316463868,59.1713882023308,633.86552896882,65
"364",2021-02-27,14856,650,442,71,51.9,46,0,4,34,3,6,23,17,1,770,34,2535,0.0209100008010864,47,0.0212800002098083,2.09167358794017,1.94974044273542,37.2787933504598,636.212225817613,46
"365",2021-02-28,14921,661,442,49,51.3,65,2,8,54,7,6,28,22,0,777,56,1552,0.0257699990272522,94,0,2.42983222905804,1.87996105578039,62.6200885828489,644.712117022555,65
"366",2021-03-01,14998,676,442,54,54.4,77,4,7,64,3,6,29,23,0,780,68,996,0.0291199994087219,45,0,2.78612098089213,2.07812011391293,73.0786973747451,656.899991548936,77
"367",2021-03-02,15061,685,443,61,56.4,63,1,6,54,3,4,29,25,1,783,55,2006,0.0259200000762939,41,0,2.54008403287961,2.17139761268287,59.5832354981672,667.354842113537,63
"368",2021-03-03,15120,695,443,65,57.1,59,0,5,51,6,5,32,27,0,789,51,2676,0.0209299993515015,109,0,2.01108360016581,2.19404220187619,54.9598710284554,680.82569342699,59
"369",2021-03-04,15177,691,443,61,59.7,57,3,3,50,1,5,31,26,0,790,53,2414,0.0202999997138977,225,0.00444000005722046,1.89477829944008,2.2079744738987,54.9815934953812,677.722285005819,57
"370",2021-03-05,15250,694,444,51,58.9,73,1,10,57,1,2,28,26,1,791,58,2440,0.0188499999046326,154,0,1.77309174122218,2.218094924514,66.9570917734395,681.521063633915,73
"371",2021-03-06,15306,707,446,46,55.3,56,3,3,47,0,2,26,24,2,791,50,1957,0.0209500002861023,25,0,2.06857470029779,2.21479508342224,51.9511144417287,692.168758206044,56
"372",2021-03-07,15346,698,447,54,56,40,1,0,38,2,5,25,20,1,793,39,1752,0.0194099998474121,16,0.0625,1.97999545999242,2.15053268784143,38.2169027583866,683.984567316765,40
"373",2021-03-08,15429,740,448,38,53.7,83,1,9,65,6,4,29,25,1,799,66,1170,0.0205100011825562,142,0,1.82901687374929,2.01380352967817,73.775810809514,726.274242409702,83
"374",2021-03-09,15486,747,448,70,55,57,0,8,47,1,3,27,24,0,800,47,2105,0.0318300008773804,57,0,3.09908195406502,2.0936603755618,53.5228730841835,723.523110508193,57
"375",2021-03-10,15566,770,448,76,56.6,80,5,8,64,0,2,24,22,0,800,69,2655,0.0180799996852875,173,0,1.69739742448509,2.04884806475027,75.8122650876434,756.745566920078,80
"376",2021-03-11,15627,767,451,73,58.3,61,1,7,52,1,2,20,18,3,801,53,2321,0.0280100011825562,86,0,2.70092283941474,2.16401157046093,58.5483064752503,745.991529556924,61
"377",2021-03-12,15709,772,451,93,64.3,82,5,4,67,2,2,17,15,0,803,72,2361,0.0228699994087219,133,0,2.16503883736938,2.22000401276768,74.4191703225548,755.049992902948,82
"378",2021-03-13,15777,790,451,56,65.7,68,5,3,54,5,4,22,18,0,808,59,2353,0.0187000000476837,99,0,1.79449837325448,2.18085025176149,60.9263024222539,775.62337141662,68
"379",2021-03-14,15845,815,451,65,67.3,68,2,10,51,2,3,23,20,0,810,53,1535,0.0299699997901916,36,0,2.92832270387932,2.31632557231676,61.4260834683747,790.79732125897,68
"380",2021-03-15,15952,862,452,58,70.1,107,4,3,97,4,5,25,20,1,814,101,1000,0.0320000004768372,13,0,3.15893390689409,2.50631371990887,100.764444856125,834.385658079004,107
"381",2021-03-16,16038,880,453,85,72.3,86,7,4,72,5,6,27,21,1,819,79,1583,0.0341100001335144,9,0,3.39171672181867,2.54811868673083,80.2827252286,849.731622799595,86
"382",2021-03-17,16126,907,454,77,72.4,88,3,5,76,3,5,27,22,1,822,79,2842,0.0267400002479553,175,0,2.51889561500461,2.66547557109076,81.9819860950027,883.831156812246,88
"383",2021-03-18,16219,945,455,63,71,93,6,3,80,2,5,24,19,1,824,86,2566,0.0284500002861023,161,0,2.67703339692477,2.66206279359219,86.6652567248062,919.344972150486,93
"384",2021-03-19,16344,993,457,117,74.4,125,7,6,104,2,4,24,20,2,826,111,2615,0.0382399988174438,97,0,3.6872270246171,2.87951824891329,112.849410819004,955.869053542979,125
"385",2021-03-20,16447,1047,458,83,78.3,103,5,6,87,4,4,27,23,1,830,92,1997,0.0435699987411499,151,0.00662000000476837,4.09724895189927,3.20848261729112,94.1773276707125,1003.49632686126,103
"386",2021-03-21,16532,1075,459,87,81.4,85,5,1,77,4,4,29,25,1,834,82,1306,0.0421099996566772,87,0,3.94800140356213,3.35415100296009,79.7169458684564,1031.95996108037,85
"387",2021-03-22,16681,1151,460,56,81.1,149,6,7,133,4,7,30,23,1,838,139,1150,0.0547800016403198,131,0,4.91779874210521,3.60541740799025,139.067778283387,1093.59721441855,149
"388",2021-03-23,16805,1190,461,108,84.4,124,2,0,120,5,9,31,22,1,843,122,1966,0.0350999999046326,153,0,3.25656440832976,3.58610993463469,117.97091531679,1150.69991169656,124
"389",2021-03-24,16958,1280,461,85,85.6,153,7,2,137,4,9,33,24,0,847,144,3106,0.0457200002670288,47,0,4.50384779033909,3.86967453111105,139.422920525236,1221.53707133543,153
"390",2021-03-25,17107,1362,462,123,94.1,149,7,4,132,8,10,40,30,1,855,139,3005,0.0379399991035461,282,0,3.46850311244771,3.98274163332861,138.110732695426,1314.09221533216,149
"391",2021-03-26,17256,1446,463,103,92.1,149,10,2,130,4,11,42,31,1,859,140,2390,0.0673600006103516,117,0,6.42163547900839,4.37337141252737,132.882818977895,1351.83254458598,149
"392",2021-03-27,17372,1499,465,138,100,116,7,3,100,5,13,44,31,2,864,107,2476,0.0626000022888184,117,0,5.97753974805686,4.64198438340702,103.513758074229,1408.13199395578,116
"393",2021-03-28,17509,1558,466,139,107.4,137,3,5,124,5,13,45,32,1,869,127,2480,0.0826599979400635,157,0,7.77386404593695,5.18853618946057,121.98784521991,1435.17372324897,137
"394",2021-03-29,17718,1706,466,111,115.3,209,7,1,189,4,12,47,35,0,873,196,1644,0.0839400005340576,40,0,8.19461762933437,5.65665317335045,180.711853840207,1564.22664618058,209
"395",2021-03-30,17927,1837,467,170,124.1,209,9,6,186,6,12,48,36,1,879,195,1968,0.0406500005722046,64,0,3.93696855935525,5.75385376635409,193.21455482741,1763.65711393821,209
"396",2021-03-31,18134,1940,468,163,135.3,207,7,5,190,8,14,54,40,1,887,197,3023,0.0793900012969971,224,0,7.3913142568778,6.16634897585962,187.233594633301,1794.5846375056,207
"397",2021-04-01,18371,2075,469,144,138.3,237,12,4,203,4,15,53,38,1,891,215,2634,0.0721299982070923,100,0.01,6.98575037591372,6.66881287064048,203.768649383415,1927.99975567715,237
"398",2021-04-02,18569,2168,470,242,158.1,198,15,7,162,6,15,57,42,1,897,177,3130,0.0939299964904785,99,0,9.10501359601108,7.05215260164086,167.656662180775,1967.81719552497,198
"399",2021-04-03,18820,2346,470,222,170.1,251,16,3,223,11,14,61,47,0,908,239,2885,0.101909999847412,36,0,10.0654005326869,7.63613271373086,217.604155575835,2106.5328409243,251
"400",2021-04-04,19050,2505,471,152,172,230,9,2,215,12,15,64,49,1,920,224,1818,0.0929599952697754,139,0,8.63573180380438,7.7592566791405,206.382933819024,2285.62164828864,230
"401",2021-04-05,19335,2650,472,184,182.4,285,8,4,269,5,17,67,50,1,925,277,2045,0.105620002746582,162,0,9.78671978326961,7.98669984398839,253.50815951055,2386.99141770021,285
"402",2021-04-06,19609,2787,473,156,180.4,274,7,6,245,10,19,70,51,1,935,252,1749,0.128640003204346,83,0,12.2811880788428,9.17873120391518,226.614589313701,2439.8923032432,274
"403",2021-04-07,19917,2928,474,219,188.4,308,3,6,290,12,23,76,53,1,947,293,3364,0.098100004196167,44,0,9.68334548462165,9.50616423645002,270.227344883402,2640.46984921024,308
"404",2021-04-08,20211,3099,475,170,192.1,294,22,5,255,10,29,83,54,1,957,277,3366,0.0858600044250488,194,0.0103100001811981,8.1742953631985,9.6759563774907,259.037615338402,2842.1031405549,294
"405",2021-04-09,20508,3252,477,261,194.9,297,13,2,276,14,30,88,58,2,971,289,3418,0.110299997329712,158,0,10.542656344322,9.8813339129637,260.101685761565,2904.313778881,297
"406",2021-04-10,20795,3416,480,381,217.6,287,12,2,262,14,26,92,66,3,985,274,3187,0.0875399971008301,97,0,8.49543150914572,9.65705262388639,252.393973057251,3121.70004366266,287
"407",2021-04-11,21064,3554,480,205,225.1,269,8,4,249,13,28,100,72,0,998,257,2714,0.145909996032715,29,0,14.43673821483,10.4857678254615,223.373909353972,3033.67655192224,269
"408",2021-04-12,21379,3649,481,264,236.6,315,16,4,291,16,27,100,73,1,1014,307,2125,0.0804699993133545,107,0,7.66123425362358,10.182127035512,287.148043427557,3365.49579956728,315
"409",2021-04-13,21615,3675,483,245,249.3,236,10,0,219,12,28,104,76,2,1026,229,2670,0.0767799997329712,178,0,7.19812497496605,9.45597516352965,212.283638372071,3406.7352446173,236
"410",2021-04-14,21888,3748,485,389,273.6,273,10,11,248,12,28,101,73,2,1038,258,3971,0.171490001678467,97,0.0103100001811981,16.7646722390061,10.4675932712989,225.136663275313,3110.79152696074,273
"411",2021-04-15,22110,3751,485,313,294,222,15,3,202,19,29,107,78,0,1057,217,3902,0.130959997177124,98,0.0101999998092651,12.8001377241611,11.1284278942935,191.831659031905,3264.09010612293,222
"412",2021-04-16,22346,3790,487,348,306.4,236,1,10,219,20,24,114,90,2,1077,220,2970,0.120539999008179,244,0.00409999996423721,11.1700123536268,11.2180501813371,205.079128433855,3360.68134892869,236
"413",2021-04-17,22527,3737,490,405,309.9,181,5,7,167,16,23,123,100,3,1093,172,2935,0.101870002746582,121,0.00825999975204468,9.81635857431989,11.4067540477905,161.877556033023,3364.98504008958,181
"414",2021-04-18,22689,3679,490,294,322.6,162,5,8,146,11,22,122,100,0,1104,151,1949,0.0646500015258789,188,0.0159599995613098,6.03665572725616,10.2067422638514,149.755993363342,3453.77681843533,162
"415",2021-04-19,22916,3618,491,258,321.7,227,5,4,218,22,22,115,93,1,1126,223,2084,0.112279996871948,88,0.0340899991989136,10.9112077997534,10.6710241990128,202.324578347914,3217.66064781503,227
"416",2021-04-20,23105,3506,492,188,313.6,189,9,2,178,17,27,118,91,1,1143,187,2775,0.100539999008179,221,0,9.31236639678558,10.9730586878442,171.340087220723,3174.90024489761,189
"417",2021-04-21,23300,3407,493,207,287.6,195,3,2,185,12,25,110,85,1,1155,188,2521,0.136850004196167,236,0.0211899995803833,12.6949474239937,10.3916694285567,165.796640666104,2968.37848270967,195
"418",2021-04-22,23476,3299,496,239,277,176,7,4,161,14,22,106,84,3,1169,168,2358,0.163269996643066,213,0.00939000010490417,15.0521478843522,10.7133851657268,146.355475489371,2795.42091452045,176
"419",2021-04-23,23684,3223,499,189,254.3,208,5,8,186,21,29,112,83,3,1190,191,2507,0.0805700016021729,86,0.0116299998760223,7.82835225630487,10.2360051518237,183.836808509031,2967.13106714453,208
"420",2021-04-24,23841,3103,500,227,228.9,157,2,2,151,18,31,118,87,1,1208,153,2464,0.0852299976348877,214,0.00467000007629395,7.87924175461875,9.95927417758068,142.774609237367,2855.05629061144,157
"421",2021-04-25,23989,2972,505,139,206.7,148,2,6,136,21,30,124,94,5,1229,138,1621,0.135719995498657,93,0.0215100002288818,12.9523070434428,10.9472243656073,125.873535273301,2581.62425240761,148
"422",2021-04-26,24152,2836,510,173,194.6,163,4,7,148,12,31,123,92,5,1241,152,1304,0.115030002593994,31,0,11.2358893919527,10.9936074502072,141.680396878003,2512.8526680659,163
"423",2021-04-27,24312,2743,511,189,194.7,160,3,5,148,10,31,120,89,1,1251,151,2425,0.0610300016403198,332,0.00903999984264374,5.47693267774876,10.4456883474877,147.613104290005,2590.64731832771,160
"424",2021-04-28,24478,2640,513,186,191.7,166,2,7,155,13,27,115,88,2,1264,157,2408,0.0689400005340576,38,0,6.78689784489006,9.60168126475859,153.194176801746,2458.29698571089,166
"425",2021-04-29,24604,2544,513,159,180.3,126,2,7,113,13,29,113,84,0,1277,115,2728,0.0652500009536743,111,0.00901000022888184,6.30511139933179,8.35210462404138,114.646781058993,2381.33400881807,126
"426",2021-04-30,24757,2453,516,178,178.7,153,4,3,139,13,27,109,82,3,1290,143,2122,0.0669199991226196,179,0,6.17141408684045,8.11539917126075,137.050317722942,2299.47852709354,153
"427",2021-05-01,24881,2398,520,138,166,124,3,5,113,7,29,110,81,4,1297,116,2051,0.089709997177124,70,0.0285700011253357,8.76921755252498,8.24253857096164,110.684133185661,2184.74613257943,124
"428",2021-05-02,24978,2337,520,128,164.4,97,0,4,91,8,27,108,81,0,1305,91,1279,0.0695900011062622,21,0,6.84658549345457,7.37029263524904,88.6816697716222,2174.73694787122,97
"429",2021-05-03,25085,2220,523,102,154.3,107,4,3,100,10,22,98,76,3,1315,104,976,0.174179992675781,140,0.0071399998664856,15.3225154868164,7.95409636308671,90.83966717129,1875.0390492333,107
"430",2021-05-04,25190,2125,524,141,147.4,105,1,2,99,8,23,94,71,1,1323,100,2386,0.0389800000190735,57,0.0175399994850159,3.84797625935961,7.72138830331683,98.0977123751614,2042.07638797218,105
"431",2021-05-05,25272,2010,525,114,137.1,82,1,2,75,8,23,88,65,1,1331,76,1904,0.0777299976348877,65,0.0307699990272522,7.61797691384447,7.84011388459603,72.1286207020328,1854.71746856692,82
"432",2021-05-06,25378,1940,527,122,131.9,106,3,6,92,12,22,88,66,2,1343,95,2133,0.0534499979019165,246,0,4.79230119902429,7.62399814169496,96.3830560318384,1845.71714422912,106
"433",2021-05-07,25490,1842,530,108,121.9,112,4,4,103,19,23,95,72,3,1362,107,2302,0.0469199991226196,82,0.0122000002861023,4.57257709747193,7.39559285749946,106.038286230035,1756.58432930584,112
"434",2021-05-08,25579,1766,534,136,121.6,89,1,3,85,4,21,86,65,4,1366,86,1901,0.0489200019836426,86,0.0116299998760223,4.73060411475805,6.81864808067561,84.8742591118873,1681.27839059992,89
"435",2021-05-09,25662,1705,537,69,113.1,83,0,5,78,4,22,83,61,3,1370,78,1173,0.172210006713867,123,0.00813000023365021,15.6637598691439,8.0782444200598,70.6098229569997,1434.1634377139,83
"436",2021-05-10,25755,1638,538,82,110.3,93,3,2,87,9,22,85,63,1,1379,90,715,0.104899997711182,14,0,10.2885457288745,7.35910588321096,82.6096150879451,1467.0949946006,93
"437",2021-05-11,25887,1607,540,124,107.9,132,1,6,123,5,21,79,58,2,1384,124,1899,0.0458099985122681,86,0.0232599997520447,4.48330212360065,7.44986672095968,124.362239996296,1533.93644898425,132
"438",2021-05-12,25984,1547,541,115,108,97,3,3,90,8,22,80,58,1,1392,93,2118,0.0495800018310547,174,0.00574999988079071,4.62525933060347,7.02233563763954,91.6377964262823,1474.43732334902,97
"439",2021-05-13,26077,1519,541,78,101.7,93,1,1,90,7,20,77,57,0,1399,91,1684,0.0795699977874756,54,0.0185199999809265,7.76731624125886,7.44733778653019,84.8319789408263,1399.34918693533,93
"440",2021-05-14,26160,1440,541,128,104.6,83,2,4,75,7,21,70,49,0,1406,77,1738,0.0471799993515015,105,0,4.44920449663101,7.4297131292672,77.5257586462186,1375.02717468253,83
"441",2021-05-15,26234,1391,542,85,97.3,74,2,8,63,7,19,64,45,1,1413,65,1779,0.0522800016403198,61,0,5.05468059337657,7.47600976906985,69.6680845908563,1319.69701024432,74
"442",2021-05-16,26303,1363,543,46,94,69,2,3,63,7,19,67,48,1,1420,65,805,0.0409899997711182,20,0,3.99963028069698,5.80970554214886,65.3635466144796,1307.7156005467,69
"443",2021-05-17,26377,1328,545,87,94.7,74,7,5,59,10,19,71,52,2,1430,66,774,0.229969997406006,19,0,22.4459997468157,7.54648468756904,55.9765463325788,1025.70990196462,74
"444",2021-05-18,26456,1296,546,97,90.9,79,1,6,71,5,16,64,48,1,1435,72,1920,0.0265599989891052,56,0,2.58072864671468,7.27468847658533,76.1156493067272,1262.08168752109,79
"445",2021-05-19,26527,1282,550,91,87.4,71,2,5,64,4,14,57,43,4,1439,66,2042,0.0665999984741211,122,0.0163900005817413,6.37693054321293,7.52492722124382,66.7318220780113,1199.09387733349,71
"446",2021-05-20,26587,1237,553,73,86.7,60,5,8,45,11,15,63,48,3,1450,50,1487,0.0511100006103516,65,0.0307699990272522,5.0258131987348,7.13328392945467,55.4516255651955,1173.95321648294,60
"447",2021-05-21,26668,1202,554,77,79.4,81,4,11,63,3,13,58,45,1,1453,67,1682,0.0416200017929077,190,0,3.73957494741831,7.03190827956714,75.4591212737705,1156.41587718018,81
"448",2021-05-22,26727,1170,558,77,78.3,59,0,13,46,8,15,57,42,4,1461,46,1380,0.0623199987411499,101,0.00990000009536743,5.87451034925179,7.14902681612074,56.259584611061,1100.29813032481,59
"449",2021-05-23,26782,1146,559,39,77.3,55,0,4,51,5,12,58,46,1,1466,51,826,0.0375300002098084,14,0.0714300012588501,3.80950002272924,7.12186535069678,53.0297331545969,1101.72694500329,55
"450",2021-05-24,26833,1100,561,65,74.1,51,2,11,38,5,11,56,45,2,1471,40,733,0.0832199954986572,30,0,7.99479117962199,5.05740698395482,47.7569472802725,1010.81605020749,51
"451",2021-05-25,26893,1032,563,56,68.3,60,1,12,46,3,11,53,42,2,1474,47,1035,0.0647300004959106,19,0.0526300001144409,6.45118790469088,5.61032973509428,55.9251464032729,964.484065705907,60
"452",2021-05-26,26949,991,566,76,66.1,56,1,11,44,1,8,46,38,3,1475,45,1371,0.0320900011062622,61,0.0491800022125244,3.28179969634424,5.16816818554161,54.5023460474861,958.01833184575,56
"453",2021-05-27,26996,945,566,62,64.6,47,0,8,38,3,9,41,32,0,1478,38,1368,0.0548199987411499,113,0.00884999990463257,5.13124971418748,5.18323054489199,44.022604053195,895.825285007086,47
"454",2021-05-28,27031,895,569,65,62.9,35,0,1,30,1,7,33,26,3,1479,30,1589,0.0346099996566772,197,0.0152300000190735,3.24723401221823,5.11289612557769,30.0120800976867,865.527056247654,35
"455",2021-05-29,27066,857,571,45,58.3,35,0,3,31,4,9,35,26,2,1483,31,1074,0.024210000038147,104,0.00962000012397766,2.29219185516668,4.60113634070839,33.2793912162506,837.078653946025,35
"456",2021-05-30,27093,808,573,46,59.3,27,0,3,22,5,8,35,27,2,1488,22,718,0.0905300045013428,34,0,8.6436892595697,5.29173480311417,23.0715485079525,737.173236110257,27
"457",2021-05-31,27141,776,576,40,55.7,48,1,2,41,5,6,34,28,3,1493,42,783,0.0855700016021728,27,0.037039999961853,8.39523348808288,5.34894084718001,40.4242350558254,709.933485793345,48
"458",2021-06-01,27183,740,577,38,53.1,42,1,5,36,2,5,30,25,1,1495,37,1565,0.0172500002384186,27,0.037039999961853,1.75856346558386,4.67856592730758,41.3401478088532,726.802956177064,42
"459",2021-06-02,27215,702,577,48,49.1,32,0,1,30,1,6,29,23,0,1496,30,1688,0.042649998664856,43,0.0232599997520447,4.21683291366925,4.81214210121116,29.7170948738315,671.980020047657,32
"460",2021-06-03,27260,691,577,48,47.1,45,2,4,39,2,5,28,23,0,1498,41,1176,0.0136099994182587,186,0,1.175136513647,4.24698307256252,44.5113936911502,682.765196111824,45
"461",2021-06-04,27290,644,579,44,44.1,30,0,0,27,3,6,28,22,2,1501,27,1195,0.0476999998092651,68,0.0147099995613098,4.59238161062873,4.43914701519259,25.7425560777024,614.007633853347,30
"462",2021-06-05,27309,612,582,39,43.3,19,1,0,18,2,4,29,25,3,1503,19,999,0.0160199999809265,90,0.0222199988365173,1.65323965805621,4.34786812989109,18.6814509543456,601.739367582079,19
"463",2021-06-06,27326,563,582,21,39.7,17,0,1,16,2,4,27,23,0,1505,16,608,0.106909999847412,22,0,10.3176634773375,4.58700730385793,15.3258736419932,504.091678777637,17
"464",2021-06-07,27353,531,583,17,36.4,27,1,3,23,1,4,26,22,1,1506,24,843,0.00949000000953674,30,0.0666699981689453,1.14549483998944,3.55133035413029,26.7212009615162,524.831571273547,27
"465",2021-06-08,27386,503,584,28,35,33,0,2,30,1,3,25,22,1,1507,30,1771,0.0299300003051758,100,0,2.83303209729911,3.70482587294676,31.1380945191252,488.548718103999,33
"466",2021-06-09,27413,477,585,33,32.9,27,1,0,24,2,4,23,19,1,1509,25,1194,0.0594600009918213,26,0,5.81928206428153,3.93374718017708,23.5246457582959,448.850241068286,27
"467",2021-06-10,27442,464,585,20,28.9,29,0,0,28,2,5,20,15,0,1511,28,1216,0.0304299998283386,136,0,2.73689939284466,4.1568561629196,27.2228519577163,451.121546727871,29
"468",2021-06-11,27464,454,585,36,27.7,22,0,1,20,1,4,15,11,0,1512,20,1055,0.017059999704361,96,0,1.56370979045185,3.72418876003719,20.682843918318,446.800556945819,22
"469",2021-06-12,27482,431,585,29,26.3,18,0,0,18,2,6,16,10,0,1514,18,880,0.011360000371933,44,0,1.08190479732695,3.64256949421873,17.8025084836512,426.271175358536,18
"470",2021-06-13,27503,423,586,18,25.9,21,0,1,18,2,5,15,10,1,1516,18,583,0.132080001831055,17,0,12.8337735112508,4.00201378477776,16.6573156922156,367.946918767068,21
"471",2021-06-14,27522,386,589,22,26.6,19,2,1,16,2,4,14,10,3,1518,18,655,0.0564900016784668,29,0,5.40949577476546,4.61115677546005,18.0125475680665,364.82463118187,19
"472",2021-06-15,27549,372,589,22,25.7,27,1,0,24,0,4,14,10,0,1518,25,1518,0.0144900000095367,36,0,1.41543243336401,4.40864253775504,24.6411474437325,366.660273962739,27
"473",2021-06-16,27566,351,589,24,24.4,17,0,0,17,1,4,12,8,0,1519,17,1251,0.0223799991607666,42,0,2.16530386311825,3.88664565187457,16.6267028580942,343.292511952415,17
"474",2021-06-17,27577,308,590,12,23.3,11,0,0,11,0,5,11,6,1,1519,11,1101,0.0208899998664856,123,0.0243899989128113,2.12417154569252,3.79911310228141,10.7630432062258,301.365209774324,11
"475",2021-06-18,27591,278,590,26,21.9,14,1,0,13,1,4,12,8,0,1520,14,864,0.0196800005435944,63,0,1.83425247784957,3.83776205762394,13.7395801749342,272.828806330836,14
"476",2021-06-19,27600,245,590,18,20.3,9,0,0,9,0,3,10,7,0,1520,9,926,0.0194400000572205,37,0,1.86930841671715,3.9502482889654,8.82938768981651,240.355553778338,9
"477",2021-06-20,27612,232,590,7,18.7,12,0,0,10,0,3,10,7,0,1520,10,562,0.0266899991035461,15,0,2.59961516398491,2.48822566792741,9.736369317272,225.88376816071,12
"478",2021-06-21,27623,222,591,13,17.4,11,0,0,11,2,2,9,7,1,1522,11,520,0.0230800008773804,7,0,2.27734354008307,2.04077534868707,10.745956476691,216.87293980231,11
"479",2021-06-22,27634,199,591,13,16.1,11,0,0,10,0,2,6,4,0,1522,10,1297,0.0115699994564056,65,0,1.10178335498958,1.99596833749072,9.88826657802342,196.776504902666,11
"480",2021-06-23,27645,186,591,18,15.3,11,0,0,10,0,1,4,3,0,1522,10,1105,0.00814000010490418,18,0,0.800952815308915,1.80106104494653,9.91877423225631,184.489200719967,11
"481",2021-06-24,27651,174,591,8,14.7,6,1,0,5,1,0,4,4,0,1523,6,904,0.00995999991893768,51,0,0.942810463530855,1.63229517606629,5.94263294745456,172.336355476182,6
"482",2021-06-25,27655,153,591,7,12,4,0,0,4,2,0,6,6,0,1525,4,1024,0.00194999992847443,64,0,0.183529405032887,1.39647759423534,3.9925552084755,152.715236724188,4
"483",2021-06-26,27659,138,591,9,10.7,4,0,0,4,1,0,6,6,0,1526,4,764,0.00523999989032745,19,0,0.511284791342296,1.20247421918179,3.9792599519379,137.284468341858,4
"484",2021-06-27,27664,124,591,8,10.9,5,0,0,5,0,0,5,5,0,1526,5,398,0.0200999999046326,13,0,1.94642334842914,1.10916110267382,4.90130521560785,121.552369347075,5
"485",2021-06-28,27673,116,591,1,9.1,9,0,0,9,0,0,4,4,0,1526,9,555,0.00180000007152557,5,0,0.178392864231552,0.809311006123604,8.98371803260788,115.79014353139,9
"486",2021-06-29,27676,110,591,8,8.4,3,0,0,3,0,0,3,3,0,1526,3,929,0.00646000027656555,14,0,0.636409359165366,0.742829006720144,2.98063824567086,109.290069007932,3
"487",2021-06-30,27678,95,591,8,7,2,0,1,1,0,0,2,2,0,1526,1,1221,0.000820000022649765,51,0,0.0787122663251072,0.639651785436743,1.99920176767708,94.924167929323,2
"488",2021-07-01,27681,91,591,7,6.9,3,0,0,3,0,0,1,1,0,1526,3,884,0.00225999996066093,74,0,0.208542793864746,0.53475640405587,2.99365541332199,90.8075475374337,3
"489",2021-07-02,27685,80,591,6,6.7,4,0,0,4,2,0,2,2,0,1528,4,785,0.0140100002288818,29,0,1.35108724565998,0.701550381288312,3.9451937259125,78.90387451825,4
"490",2021-07-03,27691,74,591,6,6.3,6,0,0,6,0,0,1,1,0,1528,6,627,0.00158999994397163,16,0,0.155043540415274,0.650658774013024,5.99056608801675,73.8836484188733,6
"491",2021-07-04,27693,69,592,2,5.4,2,0,0,2,1,0,2,2,1,1529,2,437,0.00685999989509583,34,0,0.636479820415472,0.463523984296785,1.98709073466539,68.5546303459561,2
"492",2021-07-05,27699,68,592,2,5.6,6,0,0,6,0,0,2,2,0,1529,6,505,0.00197999998927116,27,0,0.187951126801116,0.464889450378152,5.98856376484538,67.8703893349143,6
"493",2021-07-06,27704,64,592,12,6.1,5,0,2,3,0,0,2,2,0,1529,3,1174,0.00596000015735626,28,0,0.58211648791483,0.457133325913789,4.98229002093129,63.6221871132009,5
"494",2021-07-07,27710,63,592,6,5.9,6,0,0,6,0,0,2,2,0,1529,6,1218,0.0320199990272522,23,0,3.14265582717109,0.894839548891786,5.80877927330761,60.9921823697299,6
"495",2021-07-08,27712,54,593,5,5.6,2,0,0,2,1,0,3,3,1,1530,2,933,0.00321999996900558,87,0,0.29453529128257,0.907124191380047,1.99402615117775,53.8387060817994,2
"496",2021-07-09,27714,52,593,3,5.1,2,0,0,2,0,0,2,2,0,1530,2,823,0.00486000001430511,56,0,0.455037544001491,0.77911709114312,1.99077079868944,51.7600407659255,2
"497",2021-07-10,27715,48,593,0,4.3,1,0,0,1,0,0,2,2,0,1530,1,930,0,22,0,0,0.756968013940938,1,48,1
"498",2021-07-11,27720,50,593,0,4,5,0,0,5,0,0,2,2,0,1530,5,422,0.00237000003457069,8,0,0.23259070106717,0.699269568319752,4.98820632258035,49.8820632258035,5
"499",2021-07-12,27723,48,593,1,3.9,3,0,1,2,0,0,1,1,0,1530,2,460,0.00216999992728233,16,0,0.209705875325604,0.702377389537536,2.99574668559792,47.8979204543502,3
"500",2021-07-13,27725,47,593,2,2.4,2,0,0,2,0,0,1,1,0,1530,2,1188,0.000839999988675117,14,0,0.0830216294963427,0.631078124049181,1.99831613162067,46.9604290930857,2
"501",2021-07-14,27730,49,593,0,1.6,5,0,0,5,0,0,0,0,0,1530,5,1098,0,15,0,0,0.182127291596168,5,49,5
"502",2021-07-15,27741,55,593,1,1,11,0,0,11,0,0,0,0,0,1530,11,947,0.00105999998748302,31,0,0.102640080587569,0.154713690068311,10.9885502352868,54.9427511764338,11
"503",2021-07-16,27744,55,593,8,1.7,3,0,0,3,0,0,0,0,0,1530,3,867,0.00460999995470047,34,0,0.443603769225894,0.153080293671797,2.98650405265803,54.7525742987306,3
"504",2021-07-17,27746,52,593,5,2.4,2,0,0,2,0,0,0,0,0,1530,2,761,0.00263000011444092,18,0,0.256922989356809,0.189783577865627,1.99478901461793,51.8645143800662,2
"505",2021-07-18,27754,57,593,4,3,8,0,0,8,0,0,0,0,0,1530,8,214,0.00467000007629395,17,0,0.432632041699959,0.21836091224174,7.96490093392176,56.7499191541926,8
"506",2021-07-19,27762,61,593,2,3.1,8,0,0,8,0,0,0,0,0,1530,8,367,0,10,0,0,0.188402930052368,8,61,8
"507",2021-07-20,27766,62,593,10,4.3,4,0,0,4,0,0,0,0,0,1530,4,1142,0.00437999993562698,22,0,0.429721643168902,0.237931503434162,3.98256852602784,61.7298121534315,4
"508",2021-07-21,27771,65,593,12,6,5,0,0,5,0,0,0,0,0,1530,5,1058,0.0103999996185303,8,0,1.03219508409053,0.385387944018523,4.94766181192947,64.3196035550831,5
"509",2021-07-22,27776,67,593,5,6.6,5,0,0,5,1,0,1,1,0,1531,5,1046,0.00477999985218048,28,0,0.46553816064998,0.437230526884582,4.97639455546567,66.68368704324,5
"510",2021-07-23,27788,75,593,3,5.9,12,0,0,12,0,0,1,1,0,1531,12,928,0.00647000014781952,38,0,0.621548668444774,0.462651226772993,11.9243614353012,74.5272589706328,12
"511",2021-07-24,27791,77,593,2,5.4,3,0,0,3,0,0,1,1,0,1531,3,713,0.0028099998831749,16,0,0.274832636036173,0.465209747727188,2.9916386490803,76.7853919930611,3
"512",2021-07-25,27798,79,593,7,5.9,7,0,0,7,0,0,1,1,0,1531,7,410,0.00244000002741814,14,0,0.235943398877697,0.43711137018115,6.98325085030464,78.8109738820095,7
"513",2021-07-26,27807,83,593,5,6.3,9,0,0,9,1,0,2,2,0,1532,9,410,0,10,0,0,0.43711137018115,9,83,9
"514",2021-07-27,27815,90,593,7,5.9,8,0,0,8,0,0,2,2,0,1532,8,1125,0.0106700003147125,5,0,1.06227879239395,0.5274766772133,7.91381823366286,89.0304551287072,8
"515",2021-07-28,27821,90,593,8,5.3,6,0,0,6,0,0,1,1,0,1532,6,1074,0.00372000008821487,11,0,0.368228580160624,0.432624319509028,5.97759444859394,89.6639167289092,6
"516",2021-07-29,27825,86,593,9,5.9,4,0,0,4,0,0,1,1,0,1532,4,1234,0.00243000000715256,15,0,0.240081666038932,0.400416248850307,3.99026119028613,85.7906155911519,4
"517",2021-07-30,27828,81,593,4,6,3,0,0,3,0,0,1,1,0,1532,3,940,0.00745000004768372,21,0,0.72872008791079,0.415726451631166,2.9778298368595,80.4014055952065,3
"518",2021-07-31,27835,82,593,8,6.9,7,0,0,7,0,0,0,0,0,1532,7,936,0.00962000012397766,8,0,0.953847469919819,0.512728570757401,6.93228827703501,81.2068055309815,7
"519",2021-08-01,27844,84,593,1,6,9,0,0,7,0,0,0,0,0,1532,7,563,0.00178000003099442,13,0,0.173982641918378,0.503877034048927,6.98764932043979,83.8517918452775,9
"520",2021-08-02,27855,87,593,3,5.7,11,0,0,11,1,0,1,1,0,1533,11,462,0.0043299999833107,4,0,0.429283260147971,0.565203214070066,10.9521123493289,86.6212522174196,11
"521",2021-08-03,27872,99,593,10,6.1,17,0,0,16,0,0,1,1,0,1533,16,550,0.0109099996089935,3,0,1.08508133543335,0.568460720218552,15.8239365658494,97.9106075011932,17
"522",2021-08-04,27884,108,593,15,7.1,12,0,0,10,2,0,3,3,0,1535,10,1289,0.00776000022888184,22,0,0.762977901985407,0.624853480479236,9.92262532239639,107.164353481881,12
"523",2021-08-05,27904,121,593,9,7.1,20,0,0,20,0,1,3,2,0,1535,20,1482,0.00472000002861023,19,0,0.466025319280504,0.657131145228032,19.9054794149592,120.428150460503,20
"524",2021-08-06,27918,123,593,15,8.7,14,0,0,12,1,1,4,3,0,1536,12,1109,0.00541000008583069,44,0,0.520354735055181,0.627364666248659,11.936676100695,122.350930032123,14
"525",2021-08-07,27931,133,593,13,9.4,13,0,0,13,0,1,4,3,0,1536,13,846,0.01182000041008,14,0,1.16275817987531,0.657209053385157,12.8467079442483,131.431704352694,13
"526",2021-08-08,27951,145,593,5,10,20,0,0,19,1,1,3,2,0,1537,19,612,0.00653999984264374,4,0,0.6497532311198,0.725176280413932,18.8748044358388,144.044560168243,20
"527",2021-08-09,27965,153,593,13,11.4,14,0,0,14,1,1,3,2,0,1538,14,556,0.0143900001049042,9,0,1.41607788642951,0.866146941311294,13.7989509296474,150.802820874004,14
"528",2021-08-10,27985,168,593,18,12.6,20,3,0,17,1,1,4,3,0,1539,20,1264,0.0102799999713898,16,0,1.01514999717474,0.856156750131492,19.7941043808836,166.270476799422,20
"529",2021-08-11,28000,174,593,20,13.3,15,2,0,13,0,1,4,3,0,1539,15,1296,0.0108000004291534,8,0,1.07337427578089,0.900499089245133,14.8367213749171,172.105967949038,15
"530",2021-08-12,28019,188,593,18,14.6,19,3,0,16,0,1,3,2,0,1539,19,1053,0.0133000004291534,38,0,1.28367556846,1.01730626769935,18.7526591953743,185.552627827914,19
"531",2021-08-13,28036,202,593,26,16.1,17,3,0,14,0,1,3,2,0,1539,17,1077,0.0213599991798401,14,0,2.10859020317945,1.24419704885996,16.6364802604822,197.680530153965,17
"532",2021-08-14,28053,211,593,16,16.6,17,2,0,15,1,1,4,3,0,1540,17,1005,0.0119400000572205,12,0,1.17991151007931,1.24664752460339,16.7965839335916,208.475247646343,17
"533",2021-08-15,28071,208,593,8,17,18,1,0,17,0,1,4,3,0,1540,18,543,0.0221000003814697,2,0,2.20188994626386,1.46838134105254,17.5980657582855,203.355426540188,18
"534",2021-08-16,28090,211,593,21,18.1,19,0,0,19,0,1,3,2,0,1540,19,611,0.0114600002765656,8,0,1.1311890418387,1.42768293468242,18.7820405601956,208.579503063224,19
"535",2021-08-17,28111,207,593,18,18.1,21,0,0,21,0,1,3,2,0,1540,21,1323,0.0158700001239777,10,0,1.57509453593567,1.50767501164827,20.6645615733407,203.693535508644,21
"536",2021-08-18,28142,219,593,24,18.7,31,0,0,31,0,1,2,1,0,1540,31,1295,0.015440000295639,12,0,1.52982405377602,1.57288212279043,30.5190609161894,215.602398085338,31
"537",2021-08-19,28165,227,593,19,18.9,23,0,0,23,3,1,5,4,0,1543,23,1279,0.0172000002861023,17,0,1.69743829983988,1.63199108441613,22.6040788285233,223.092430177165,23
"538",2021-08-20,28184,227,593,17,17.6,19,0,0,19,0,2,5,3,0,1543,19,1142,0.014889999628067,50,0,1.42654191067555,1.53455561405843,18.7251314641424,223.716044334753,19
"539",2021-08-21,28207,236,593,27,19.1,23,1,0,22,1,2,6,4,0,1544,23,879,0.0182000005245209,12,0,1.79548826723388,1.62249515079479,22.5812090382296,231.702840566182,23
"540",2021-08-22,28238,253,593,17,20.4,31,0,0,31,1,1,5,4,0,1545,31,520,0.0173099994659424,6,0,1.71125470005514,1.5524044013364,30.4620235800452,248.609418250046,31
"541",2021-08-23,28279,272,593,16,19.7,41,1,0,40,0,1,3,2,0,1545,41,575,0.0139100003242493,11,0.0909099960327148,1.5355392735159,1.61016872014743,40.3615429630401,267.764382584071,41
"542",2021-08-24,28311,286,593,26,20.9,32,1,0,31,0,1,3,2,0,1545,32,1233,0.0154100000858307,23,0,1.51278105938131,1.60126679492538,31.5090774862029,281.612380032938,32
"543",2021-08-25,28337,302,593,27,21.3,26,0,0,25,2,1,5,4,0,1547,25,1318,0.0197300004959106,68,0,1.8762006243586,1.65074916215147,24.5243295446314,296.253900899147,26
"544",2021-08-26,28365,310,593,44,24.9,28,2,0,24,3,1,8,7,0,1550,26,1198,0.0125199997425079,22,0,1.2294229255348,1.58388982296503,25.6758384143749,306.134996479085,28
"545",2021-08-27,28398,327,593,24,25.9,33,0,0,33,2,1,9,8,0,1552,33,896,0.0278999996185303,9,0,2.7622541058788,1.7747058508512,32.075590371438,317.83994095334,33
"546",2021-08-28,28430,331,593,38,27.4,32,0,0,29,2,1,11,10,0,1554,29,1115,0.0242199993133545,16,0,2.38773644866404,1.85931273391266,28.2977830962504,322.985041546858,32
"547",2021-08-29,28469,352,593,28,29,39,0,0,35,1,0,10,10,0,1555,35,537,0.0260700011253357,2,0,2.59732664272825,1.98589444000881,34.0781048981721,342.728369261616,39
"548",2021-08-30,28506,374,593,20,29.6,37,0,0,36,1,1,9,8,0,1556,36,627,0.0111600005626678,9,0,1.10020760264037,1.92370420131231,35.5983349583424,369.827146511668,37
"549",2021-08-31,28537,383,593,22,29,31,0,0,25,0,1,7,6,0,1556,25,553,0.0361700010299683,16,0,3.51529183999516,2.20977716997143,24.1087730978366,369.346403858857,31
"550",2021-09-01,28575,393,593,55,33,38,0,0,36,2,1,9,8,0,1558,36,807,0.0309800004959106,5,0,3.0789236946059,2.38159475143533,34.8759430392167,380.729044844783,38
"551",2021-09-02,28620,420,593,34,31.6,45,0,1,39,1,1,10,9,0,1559,39,1298,0.0169500005245209,8,0,1.68461720373875,2.44662250546447,39.3337262069139,412.824743766766,45
"552",2021-09-03,28672,452,593,50,35.3,52,0,1,49,1,2,5,3,0,1560,49,1050,0.035239999294281,45,0.0222199988365173,3.47049307823181,2.5477995015149,48.2754564928559,436.091966015732,52
"553",2021-09-04,28727,483,593,38,35.3,55,0,0,52,0,2,5,3,0,1560,52,911,0.0318300008773804,8,0,3.1552917083018,2.65745025289172,50.3360903037853,467.544838783237,55
"554",2021-09-05,28753,477,593,23,34.6,26,0,0,25,2,1,7,6,0,1562,25,412,0.0388299989700317,6,0,3.82726305637633,2.83315545484145,24.029679482457,458.48628452528,26
"555",2021-09-06,28813,494,593,29,35.9,60,0,1,53,1,1,8,7,0,1563,53,519,0.0346799993515015,2,0,3.45468707551425,3.169509665252,52.1431728502665,476.692969585503,60
"556",2021-09-07,28878,519,593,50,39.9,65,1,2,56,1,1,8,7,0,1564,57,825,0.0460599994659424,11,0.0909099960327148,4.66501309997157,3.33375555953435,56.3034118851678,494.446855586001,65
"557",2021-09-08,28930,532,594,66,41.4,52,0,1,50,2,1,7,6,1,1566,50,1376,0.03125,17,0,3.08686288585786,3.3348897297132,49.4347841531302,515.346103389305,52
"558",2021-09-09,29000,577,594,58,44.9,70,0,3,63,3,2,10,8,0,1569,63,1485,0.0343400001525879,13,0,3.40419894703558,3.58054426446989,63.825084565828,557.080536420361,70
"559",2021-09-10,29066,607,594,62,46.6,66,0,0,58,0,1,7,6,0,1569,58,1263,0.0332500004768372,35,0,3.23534288152892,3.54695137922662,56.0970157220604,587.08428522915,66
"560",2021-09-11,29120,629,594,44,47.4,54,0,0,49,1,1,7,6,0,1570,49,1162,0.0309800004959106,15,0,3.05851831573901,3.5331266088605,47.480173340217,609.490388387683,54
"561",2021-09-12,29175,641,594,53,51.7,55,0,1,50,2,1,8,7,0,1572,50,585,0.0598299980163574,3,0,5.95247429244372,3.83672821401299,47.9817554471556,602.306104832535,55
"562",2021-09-13,29237,670,594,36,52.7,62,0,0,55,5,4,13,9,0,1577,55,530,0.0301900005340576,20,0,2.90921823328192,3.75880409369408,53.3773461556207,650.233125895743,62
"563",2021-09-14,29299,688,594,63,54.6,62,0,2,55,2,5,10,5,0,1579,55,1224,0.0334999990463257,29,0,3.27246598824442,3.55986879201878,55.1747400536415,665.16765739828,62
"564",2021-09-15,29346,701,594,58,53.4,47,0,1,42,2,6,11,5,0,1581,42,1537,0.0305800008773804,13,0,3.03235234506669,3.55208157190575,41.7084362538258,679.443186045998,47
"565",2021-09-16,29406,729,594,63,54.1,60,1,1,50,1,7,11,4,0,1582,51,1708,0.0316199994087219,39,0,3.09141150487104,3.50739765159653,50.4011272982795,706.145525498937,60
"566",2021-09-17,29465,725,595,90,58.1,59,1,2,45,0,7,9,2,1,1582,46,1417,0.0310500001907349,4,0,3.0962596953041,3.48752862499299,46.5556178791576,702.235281791071,59
"567",2021-09-18,29527,741,595,44,58.1,62,0,5,50,0,7,8,1,0,1582,50,1575,0.0298399996757507,28,0,2.93187769739909,3.46943710808728,53.5133704985481,718.968150788483,62
"568",2021-09-19,29570,732,595,60,59.1,43,2,1,39,3,7,9,2,0,1585,41,1058,0.0321399998664856,3,0,3.20491233352891,3.07692825681374,40.6674395976235,708.208921596596,43
"569",2021-09-20,29621,711,595,60,62.6,51,2,0,40,2,8,11,3,0,1587,42,1220,0.0385199999809265,66,0.0606099987030029,3.965370131503,3.22780709941675,40.3110378613015,682.40828379489,51
"570",2021-09-21,29681,710,595,36,58.7,60,0,0,51,1,7,12,5,0,1588,51,1196,0.0200699996948242,23,0,1.96913204552992,3.04161653617182,49.9815683002021,695.821833198891,60
"571",2021-09-22,29732,697,595,63,59.4,51,0,0,42,4,9,15,6,0,1592,42,2383,0.0180400002002716,29,0,1.78231013587261,2.86303907771552,41.2408642222343,684.401961021365,51
"572",2021-09-23,29768,669,595,44,56.7,36,0,0,29,3,9,16,7,0,1595,29,1528,0.0274900007247925,48,0,2.66527418194689,2.80216231729779,28.2161611534901,650.917648678789,36
"573",2021-09-24,29812,663,595,56,51.9,44,1,0,34,2,8,16,8,0,1597,35,2089,0.0181900000572205,48,0,1.7781427290376,2.61385989354543,34.3688660312171,651.044519391341,44
"574",2021-09-25,29855,658,595,62,54.4,43,0,0,35,2,10,16,6,0,1599,35,1935,0.0273900008201599,32,0,2.6944408534321,2.57994034440729,34.0436351808508,640.020341399996,43
"575",2021-09-26,29903,636,595,38,51.3,48,1,0,38,3,11,17,6,0,1602,39,1060,0.0339599990844727,4,0,3.38323299149822,2.60541472411719,37.6619159099547,614.178936377723,48
"576",2021-09-27,29944,617,595,31,47.1,41,0,0,29,1,11,18,7,0,1603,29,852,0.0164300000667572,15,0.0666699981689453,1.72992041861722,2.28606476513351,28.4912422764354,606.175740846919,41
"577",2021-09-28,29988,592,596,44,48.3,44,1,0,32,3,11,19,8,1,1606,33,1723,0.0203099989891052,35,0,1.99056474733949,2.28912657967773,32.3338421636154,580.049532147282,44
"578",2021-09-29,30033,580,596,65,48.6,45,1,0,37,0,11,19,8,0,1606,38,2041,0.0215599989891052,8,0,2.14758213454191,2.34130829377335,37.1724004005238,567.368216639573,45
"579",2021-09-30,30081,583,596,61,51,48,2,0,38,3,12,21,9,0,1609,40,1837,0.017960000038147,29,0,1.76808789228703,2.21313882382194,39.2827827370383,572.546558392333,48
"580",2021-10-01,30124,567,596,48,49.9,43,0,0,24,1,11,20,9,0,1610,24,1834,0.0196300005912781,13,0,1.94918359958874,2.23757323390067,23.5255932244979,555.792139928764,43
"581",2021-10-02,30160,549,596,60,49.6,36,0,0,28,0,9,15,6,0,1610,28,1477,0.0189600002765656,13,0,1.87945774553606,2.12114707562981,27.4663242239313,538.536142819225,36
"582",2021-10-03,30187,535,597,37,49.4,27,5,0,18,2,7,14,7,1,1612,23,1029,0.0213800001144409,12,0,2.11335447817096,1.9397358594402,22.5070679265208,523.533971334289,27
"583",2021-10-04,30231,532,598,25,48.6,44,1,0,40,0,4,10,6,1,1612,41,1255,0.0199199998378754,8,0,1.97938240669308,1.97537328630818,40.1769988249833,521.321057924174,44
"584",2021-10-05,30281,529,598,33,47,50,1,0,42,0,4,9,5,0,1612,43,1637,0.0116100001335144,13,0,1.15185274051897,1.85555728533382,42.497712571866,522.820696523654,50
"585",2021-10-06,30321,519,598,28,41.7,40,1,0,32,0,4,8,4,0,1612,33,1958,0.0127699995040894,36,0,1.25394478580777,1.72789480694323,32.580357711762,512.400171284984,40
"586",2021-10-07,30358,508,598,53,40.6,37,1,0,31,2,3,8,5,0,1614,32,1681,0.0184399998188019,9,0,1.83417986363349,1.73733651713558,31.4047782500798,498.550854720017,37
"587",2021-10-08,30386,490,600,59,42.1,28,0,0,19,0,2,6,4,2,1614,19,2155,0.0245900011062622,13,0,2.44425518376361,1.80806102916056,18.5290367295936,477.854105131624,28
"588",2021-10-09,30414,469,600,37,38.9,28,1,0,25,3,3,7,4,0,1617,26,1519,0.0184300005435944,12,0,1.82855459345002,1.80078915029113,25.517865541545,460.303036114792,28
"589",2021-10-10,30435,431,601,20,36.4,21,0,0,19,2,3,7,4,1,1619,19,1009,0.0178400003910065,24,0,1.7425518290925,1.74781734327992,18.6642421324363,423.383597846318,21
"590",2021-10-11,30454,409,601,18,35.4,19,0,0,17,1,4,8,4,0,1620,17,636,0.0220099997520447,7,0,2.17703885572324,1.77605397885566,16.6246797521115,399.970236389036,19
"591",2021-10-12,30488,408,601,31,35.1,34,0,0,27,2,5,8,3,0,1622,27,1118,0.0143099999427795,12,0,1.41580353416173,1.81376123509034,26.6123376278054,402.141990820171,34
"592",2021-10-13,30510,403,601,24,34.6,22,0,0,20,0,5,8,3,0,1622,20,1673,0.0203200006484985,9,0,2.02112729399156,1.92335873625945,19.5900691950278,394.739894279809,22
"593",2021-10-14,30530,390,601,39,32.6,20,0,0,17,0,5,7,2,0,1622,17,1287,0.0116600000858307,33,0,1.13685000836849,1.82374018550731,16.8040077117452,385.503706328271,20
"594",2021-10-15,30566,375,601,33,28.9,36,1,0,20,2,5,9,4,0,1624,21,1605,0.0155799996852875,15,0,1.54357404289422,1.69507145109739,20.6712743034989,369.129898276766,36
"595",2021-10-16,30596,368,602,21,26.6,30,0,0,24,1,4,9,5,1,1625,24,1409,0.0156099998950958,8,0,1.55218700438885,1.6555903669458,23.6222172032005,362.207330449075,30
"596",2021-10-17,30621,359,602,34,28.6,25,1,0,20,0,4,9,5,0,1625,21,815,0.0368099999427795,8,0,3.64521870636274,1.92739992084155,20.2236996575161,345.728960811824,25
"597",2021-10-18,30657,364,602,23,29.3,36,3,0,23,1,3,10,7,0,1626,26,812,0.0135500001907349,20,0,1.32242790323037,1.80531264191399,25.6513158189241,359.118421464937,36
"598",2021-10-19,30678,347,602,23,28.1,21,1,0,18,3,2,12,10,0,1629,19,1138,0.0105400002002716,9,0,1.04572974959975,1.75244495840514,18.7985070028268,343.320101577941,21
"599",2021-10-20,30704,343,602,35,29.7,26,1,0,22,1,3,12,9,0,1630,23,1787,0.0128699994087219,19,0,1.27346007438461,1.64563535560415,22.7029701730386,338.570381276184,26
"600",2021-10-21,30722,332,602,44,30.4,18,0,0,15,0,3,12,9,0,1630,15,1308,0.0236999988555908,7,0,2.35738391658652,1.81999734249244,14.6414015005038,324.063019877817,18
"601",2021-10-22,30747,317,602,34,30.6,25,0,0,11,0,2,9,7,0,1630,11,1413,0.018400000333786,19,0,1.8155866251145,1.85885628280962,10.7974666469953,311.163357008863,26
"602",2021-10-23,30766,313,602,22,30.7,19,0,0,16,0,1,7,6,0,1630,16,1329,0.012039999961853,9,0,1.19590134150244,1.8079583309687,15.8059551019683,309.203996682256,20
"603",2021-10-24,30785,305,603,14,27.9,19,0,0,11,1,1,7,6,1,1631,11,821,0.00244000002741814,8,0,0.241645358565777,1.32173356699771,10.9730438393677,304.252579182469,21
"604",2021-10-25,30807,292,603,15,26.7,22,0,2,16,3,1,7,6,0,1634,16,812,0.0123199999332428,5,0,1.22446021368337,1.30773818277671,17.8013211884105,288.374111688491,23
"605",2021-10-26,30827,278,603,30,27.7,20,0,5,14,3,2,9,7,0,1637,14,1381,0.0159300005435944,10,0,1.5815478613015,1.38428362730553,18.7754581649216,273.541240703444,22
"606",2021-10-27,30846,280,603,34,27.6,19,0,4,14,1,2,9,7,0,1638,14,1357,0.0132599997520447,9,0,1.31726351855964,1.39054126218768,17.8129801980853,276.259603961707,23
"607",2021-10-28,30865,266,603,26,25,19,0,5,13,3,2,12,10,0,1641,13,1855,0.0118599998950958,42,0,1.15974168715882,1.21944951512658,17.8471056231274,262.871545827069,23
"608",2021-10-29,30885,261,603,12,21.9,20,0,1,19,1,2,13,11,0,1642,19,1518,0.0144900000095367,8,0,1.44140367067345,1.16599480734928,19.7222678748007,257.184837648578,22
"609",2021-10-30,30897,241,603,28,22.7,12,0,2,10,0,2,13,11,0,1642,10,1108,0.01625,3,0,1.62061206120612,1.22666776730695,11.8356514186976,237.039199190613,22
"610",2021-10-31,30903,212,604,32,25.3,6,0,0,6,0,1,12,11,1,1642,6,868,0.0241899991035461,4,0,2.4079035804906,1.53613322758193,5.85348663748487,206.823194524465,22
"611",2021-11-01,30903,188,604,8,24.3,0,0,0,0,0,1,11,10,0,1642,0,NA,NA,NA,NA,NA,NA,NA,NA,22
