"","date","observed_cumulative_cases","observed_active_cases","observed_cumulative_deaths","observed_new_cases","observed_daily_average_cases","observed_new_episodes","observed_new_cases_community_outbreak","observed_new_cases_institution_outbreak","observed_new_cases_sporadic","observed_new_ICU_p_acute_care","observed_census_ICU","observed_census_ICU_p_acute_care","observed_census_acute_care","observed_new_deaths","cumulative_hosp","observed_new_community_cases","num_non_ltch_tests","non_ltch_pct_positivity","num_ltch_tests","ltch_pct_positivity","observed_pct_positivity","pct_positivity_7_day","adjusted_new_episodes","adjusted_active_cases","adjusted_episode_cases"
"1",2020-03-01,7,7,0,0,0,2,0,0,2,0,0,1,1,0,0,2,NA,NA,NA,NA,NA,NA,NA,NA,2
"2",2020-03-02,10,10,0,0,0,3,2,0,1,0,0,1,1,0,0,3,NA,NA,NA,NA,NA,NA,NA,NA,3
"3",2020-03-03,11,11,0,0,0,1,0,0,1,0,0,1,1,0,0,1,NA,NA,NA,NA,NA,NA,NA,NA,1
"4",2020-03-04,12,12,0,0,0,1,0,0,1,0,0,1,1,0,0,1,NA,NA,NA,NA,NA,NA,NA,NA,1
"5",2020-03-05,18,18,0,0,0,6,2,0,4,0,0,1,1,0,0,6,NA,NA,NA,NA,NA,NA,NA,NA,6
"6",2020-03-06,23,23,0,0,0,5,0,1,4,0,0,1,1,0,0,4,NA,NA,NA,NA,NA,NA,NA,NA,5
"7",2020-03-07,27,27,0,0,0,4,0,0,4,0,0,1,1,0,0,4,NA,NA,NA,NA,NA,NA,NA,NA,4
"8",2020-03-08,36,36,0,0,0,9,1,0,8,0,0,1,1,0,0,9,NA,NA,NA,NA,NA,NA,NA,NA,9
"9",2020-03-09,45,45,0,1,0.1,9,0,0,9,0,0,1,1,0,0,9,NA,NA,NA,NA,NA,NA,NA,NA,9
"10",2020-03-10,52,52,0,0,0.1,7,1,0,6,0,0,1,1,0,0,7,NA,NA,NA,NA,NA,NA,NA,NA,7
"11",2020-03-11,61,61,0,0,0.1,9,0,0,9,0,0,1,1,0,0,9,NA,NA,NA,NA,NA,NA,NA,NA,9
"12",2020-03-12,75,75,0,3,0.6,14,1,0,13,0,0,1,1,0,0,14,NA,NA,NA,NA,NA,NA,NA,NA,14
"13",2020-03-13,97,97,0,1,0.7,22,2,2,18,0,0,1,1,0,0,20,NA,NA,NA,NA,NA,NA,NA,NA,22
"14",2020-03-14,115,115,0,4,1.3,18,1,1,16,1,0,2,2,0,1,17,NA,NA,NA,NA,NA,NA,NA,NA,18
"15",2020-03-15,142,142,0,4,1.9,27,1,0,26,0,0,2,2,0,1,27,NA,NA,NA,NA,NA,NA,NA,NA,27
"16",2020-03-16,156,156,0,0,1.7,14,0,0,14,0,0,2,2,0,1,14,NA,NA,NA,NA,NA,NA,NA,NA,14
"17",2020-03-17,179,178,0,5,2.4,23,1,0,22,2,0,4,4,0,3,23,127,0,4,0,0,0,23,178,23
"18",2020-03-18,195,193,0,4,3,16,0,0,16,0,0,3,3,0,3,16,210,0.0190499997138977,1,0,1.89597153550641,0.947985767753203,16.4377991004593,198.280951649291,16
"19",2020-03-19,220,218,0,1,2.7,25,0,0,25,4,0,7,7,0,7,25,110,0.0272699999809265,9,0,2.52075630075791,1.47224261208811,25.9094816465809,225.930679958185,25
"20",2020-03-20,242,240,0,2,2.9,22,1,1,20,3,1,10,9,0,10,21,137,0.00730000019073486,4,0,0.709290798674238,1.28150465873464,22.2149644728301,242.456736832344,22
"21",2020-03-21,262,260,0,4,2.9,20,0,2,18,3,1,10,9,0,13,18,204,0.0147099995613098,3,0,1.44968111618705,1.31513995022512,20.376589369263,265.439624222688,20
"22",2020-03-22,288,286,0,6,3.1,26,0,1,25,3,5,13,8,0,16,25,159,0.0314499998092651,2,0,3.10593165818208,1.61360523488461,27.1206112379058,298.819792561642,26
"23",2020-03-23,309,307,0,9,4.4,21,1,0,20,4,5,17,12,0,20,21,138,0.0362299990653992,3,0,3.54591480214545,1.88964945877902,22.074658951686,322.710490388933,21
"24",2020-03-24,327,323,1,8,4.9,18,1,3,14,3,7,20,13,1,23,15,253,0.0197599995136261,4,0,1.94524508830638,2.16754161425136,18.4211033106336,332.067757955645,18
"25",2020-03-25,350,346,1,8,5.4,23,0,1,22,4,8,23,15,0,27,22,153,0.0588199996948242,2,0,5.80610319568265,2.7261318514194,24.8434463410349,374.992383363548,23
"26",2020-03-26,364,356,1,19,8,14,1,3,10,2,7,25,18,0,29,11,274,0.025550000667572,3,0,2.52732858588979,2.72707074929538,14.4012152796144,368.984785412974,14
"27",2020-03-27,381,364,1,27,11.6,17,3,2,12,5,9,26,17,0,34,15,577,0.0294600009918213,4,0,2.92571782655437,3.04370318184968,17.6333543624647,379.369399195811,17
"28",2020-03-28,406,386,2,26,14.7,25,1,1,23,3,8,25,17,1,37,24,367,0.0817399978637695,3,0,8.10772411243335,3.99485218131344,27.8082338711756,431.165761428074,25
"29",2020-03-29,425,398,2,11,15.4,19,5,4,10,7,8,31,23,0,44,15,184,0.0434800004959106,0,0,4.34800004959106,4.17229052294329,19.9412475715912,422.974435566219,19
"30",2020-03-30,450,407,3,48,21,25,8,3,14,4,12,32,20,1,48,22,549,0.0783199977874756,0,0,7.83199977874756,4.78458837674359,27.4866714986833,453.003422725641,25
"31",2020-03-31,467,404,3,51,27.1,17,2,3,12,6,13,34,21,0,54,14,943,0.064689998626709,0,0,6.4689998626709,5.43083905879567,18.3070380985406,441.717385129314,17
"32",2020-04-01,494,407,3,37,31.3,27,6,4,16,3,15,33,18,0,57,22,575,0.0573899984359741,4,0.25,5.87206374795943,5.44026199483521,27.8643889138155,441.491194905586,27
"33",2020-04-02,511,403,6,32,33.1,17,5,4,7,6,14,34,20,3,63,12,107,0.0841100025177002,9,0,7.75842264602924,6.1875611462837,17.3436239911064,448.123372367991,17
"34",2020-04-03,538,409,6,26,33,27,3,4,19,5,14,37,23,0,68,22,217,0.110600004196167,2,0,10.9589958495745,7.33517229242944,29.4794973701702,473.687019290891,27
"35",2020-04-04,555,416,7,18,31.9,17,3,7,6,7,14,43,29,1,75,9,315,0.0253999996185303,3,0,2.51603769806196,6.53635994751924,16.3268005077721,431.105445692579,17
"36",2020-04-05,582,427,8,40,36,27,4,8,13,4,13,43,30,1,79,17,422,0.0663500022888184,5,0.2,6.79149905524154,6.88543123404074,26.6662403042795,468.852035878079,27
"37",2020-04-06,601,427,9,40,34.9,19,3,7,9,4,12,44,32,1,83,12,238,0.117650003433228,4,0.25,11.9837606682266,7.47853993253774,21.0753791166233,500.848906899847,19
"38",2020-04-07,624,425,9,25,31.1,23,2,11,10,4,14,45,31,0,87,12,285,0.108769998550415,6,0,10.6527318167932,8.07621592598378,24.8448680476555,490.339076687798,23
"39",2020-04-08,644,428,11,26,29.6,20,1,11,7,5,16,44,28,2,92,8,368,0.0434800004959106,6,0.333330001831055,4.813000051733,7.92492111223715,19.5556853185026,457.729164539889,20
"40",2020-04-09,680,436,11,25,28.6,36,1,20,13,6,16,47,31,0,98,14,295,0.0949199962615967,5,0,9.33379963239034,8.14997496743159,35.885860563095,494.731086107817,36
"41",2020-04-10,714,452,11,37,30.1,34,0,20,13,4,16,48,32,0,102,13,331,0.090629997253418,8,0,8.84912362562872,7.84856464972505,34.6602239860219,509.724710898607,34
"42",2020-04-11,757,481,11,31,32,43,0,34,7,5,19,52,33,0,107,7,225,0.102220001220703,11,0.363639984130859,11.4404830932617,9.12348542046787,42.1557541804019,560.416822967616,43
"43",2020-04-12,790,496,13,35,31.3,33,0,18,14,1,18,48,30,2,108,14,227,0.101319999694824,12,0.5,12.1337405567887,9.88666277783175,34.4515785317982,582.855925126567,33
"44",2020-04-13,814,503,16,16,27.9,24,0,19,5,3,20,50,30,3,111,5,165,0.0606099987030029,26,0.0384599995613098,5.75948155737672,8.99748004771035,24.4156008868196,544.809449214051,24
"45",2020-04-14,847,504,18,32,28.9,33,0,26,7,5,20,50,30,2,116,7,208,0.0673099994659424,18,0.166669998168945,7.52236276812258,8.55028446932883,33.7599331378653,558.715185926302,33
"46",2020-04-15,876,502,24,60,33.7,29,2,18,9,4,16,50,34,6,120,11,390,0.1,24,0.208330001831055,10.6280000106148,9.38099874916909,30.6872028511872,578.997802845091,29
"47",2020-04-16,946,551,24,21,33.1,70,1,55,13,7,13,52,39,0,127,14,310,0.0354800009727478,11,0,3.42641753942424,8.5370870216025,69.6922953100336,578.246765416323,70
"48",2020-04-17,978,555,26,73,38.3,32,0,26,6,0,13,49,36,2,127,6,378,0.0846599960327148,66,0.5,14.6399726352176,9.36435116582948,33.2676944373408,672.261735454021,32
"49",2020-04-18,1018,577,31,31,38.3,40,0,31,9,1,11,46,35,5,128,9,421,0.0617600011825562,8,0,6.06082995288022,8.59582928863213,40.7872228256546,627.469730044744,40
"50",2020-04-19,1035,580,35,37,38.6,17,0,13,4,4,15,47,32,4,132,4,452,0.0442500019073486,47,0.127659997940063,5.21062540386864,7.60681283821498,17.3007965931876,623.615506012209,17
"51",2020-04-20,1096,617,39,16,38.6,61,1,47,13,3,13,45,32,4,135,14,325,0.0523099994659424,43,0.0232599997520447,4.89155701515467,7.48282361789754,61.988321458605,660.556738568521,61
"52",2020-04-21,1132,628,47,51,41.3,36,0,26,10,2,11,43,32,8,137,10,543,0.069980001449585,25,0.36,8.27449661745152,7.59027131065882,37.194165863,702.993616196398,36
"53",2020-04-22,1173,645,54,35,37.7,41,1,31,9,4,9,45,36,7,141,10,656,0.0243899989128113,122,0.106560001373291,3.72752692215241,6.60448944087848,41.5379524108403,679.697930499198,41
"54",2020-04-23,1218,661,57,50,41.9,45,0,35,10,5,11,48,37,3,146,10,775,0.0361299991607666,105,0.0285700011253357,3.522795394063,6.61825770582687,45.5084057914836,694.605622817064,45
"55",2020-04-24,1259,668,65,38,36.9,41,0,36,5,7,10,48,38,8,153,5,517,0.0406199979782104,94,0.106379995346069,5.07369206501886,5.25164619579848,41.3661147102677,716.91292529177,41
"56",2020-04-25,1360,742,78,53,40,101,0,95,6,5,9,49,40,13,158,6,557,0.0502699995040894,28,0.0357100009918213,4.95731106864082,5.09400064090713,101.429260069159,795.085161886034,101
"57",2020-04-26,1414,759,87,87,47.1,54,0,41,13,5,9,50,41,9,163,13,358,0.0502799987792969,81,0.0123500001430511,4.32815252268233,4.96793308645194,54.8120242113589,806.409721263184,54
"58",2020-04-27,1475,782,95,87,57.3,61,0,54,7,8,11,54,43,8,171,7,269,0.0632000017166138,80,0.1,7.16355314090806,5.29250396155957,61.7236850421126,862.845957561722,61
"59",2020-04-28,1494,776,103,65,59.3,19,0,12,7,7,13,60,47,8,178,7,503,0.0616300010681152,11,0.272730007171631,6.61477054788908,5.05540023733636,19.6682452699594,850.079761355495,19
"60",2020-04-29,1519,765,111,27,58.1,25,0,17,8,7,13,61,48,8,185,8,668,0.0314400005340576,74,0.148649997711182,4.31294072606172,5.13903078075198,25.4979509277548,812.616557466555,25
"61",2020-04-30,1539,755,122,30,55.3,20,0,10,10,2,11,55,44,11,187,10,603,0.0414599990844727,6,0.333330001831055,4.43355656139957,5.26913951894292,20.6398457987325,803.308357804306,20
"62",2020-05-01,1562,738,135,43,56,23,0,16,7,6,11,57,46,13,193,7,516,0.031010000705719,55,0.0909099960327148,3.67797025323123,5.06975068868754,23.3715603144477,777.173073151771,23
"63",2020-05-02,1583,739,139,22,51.6,21,0,15,6,4,12,57,45,4,197,6,508,0.0511800003051758,28,0.0357100009918213,5.03718660126871,5.08116147906296,21.436176596322,792.722417446988,21
"64",2020-05-03,1602,720,148,23,42.4,19,0,13,6,3,12,52,40,9,200,6,826,0.0205800008773804,231,0.0043299999833107,1.70286761786764,4.70612077837514,19.147453541102,737.694424932234,19
"65",2020-05-04,1620,717,152,14,32,18,0,11,7,6,10,51,41,4,206,7,637,0.0109899997711182,24,0.125,1.51295459216374,3.89889241426881,18.1528435102257,732.655542404543,18
"66",2020-05-05,1645,716,156,29,26.9,25,0,24,1,3,9,49,40,4,209,1,923,0.0292499995231628,29,0.172409992218018,3.36109656871868,3.4340818458159,25.0485069602439,750.730983534633,25
"67",2020-05-06,1661,690,161,23,26.3,16,0,11,5,4,10,52,42,5,213,5,598,0.0167200005054474,149,0.0134200000762939,1.60617674881196,3.04740127763736,16.1159007932477,705.994309468178,16
"68",2020-05-07,1684,668,167,32,26.6,23,0,16,7,6,10,54,44,6,219,7,813,0.0356699991226196,234,0.0128199994564056,3.05631224063884,2.85065208895726,23.3087584344067,697.464376311954,23
"69",2020-05-08,1697,635,173,16,22.7,13,0,8,5,4,8,54,46,6,223,5,715,0.00978999972343445,127,0.0472399997711182,1.54386339349022,2.54577968042283,13.1114042972568,649.148345751609,13
"70",2020-05-09,1714,618,179,12,21.3,17,0,12,5,5,6,51,45,6,228,5,1100,0.0154499995708466,164,0.0304900002479553,1.74013920637626,2.0747729097239,17.1255674473744,633.520136495471,17
"71",2020-05-10,1726,549,185,25,21.6,12,0,8,4,3,5,52,47,6,231,4,907,0.0176400005817413,316,0.0126600003242493,1.63532629845479,2.06512414980778,12.0944033664289,561.956862042372,12
"72",2020-05-11,1746,529,188,14,21.6,20,0,14,6,1,5,51,46,3,232,6,517,0.00967000007629395,197,0.0152300000190735,1.12040616851561,2.00904580357234,20.0970174400444,537.553704297252,20
"73",2020-05-12,1769,512,193,13,19.3,23,0,17,6,4,6,50,44,5,236,6,835,0.0131700003147125,322,0.00310999989509583,1.03702422031165,1.67703546808562,23.0897972877568,519.662701888583,23
"74",2020-05-13,1790,495,195,21,19,21,0,15,6,2,7,47,40,2,238,6,1249,0.0144099998474121,224,0.0133899998664856,1.42548878340193,1.65122290159847,21.1234349439194,505.183382873354,21
"75",2020-05-14,1804,467,198,25,18,14,0,10,4,2,6,45,39,3,240,4,1046,0.0267700004577637,127,0.0236199998855591,2.64289518024611,1.59216332154237,14.1525678406626,484.812295397362,14
"76",2020-05-15,1824,452,201,17,18.1,20,0,12,8,1,5,43,38,3,241,8,1163,0.012039999961853,137,0.0146000003814697,1.23097846214588,1.54746547420746,20.1421227200197,460.029933681115,20
"77",2020-05-16,1840,433,207,19,19.1,16,0,6,10,1,4,41,37,6,242,10,967,0.0134399998188019,25,0.04,1.41093546620781,1.50043636846911,16.2036245884841,441.81694468136,16
"78",2020-05-17,1851,393,212,15,17.7,11,0,8,3,1,2,41,39,5,243,3,353,0.0254999995231628,10,0.1,2.7552341134095,1.66042319917693,11.1192896682996,408.626946547248,11
"79",2020-05-18,1866,385,213,25,19.3,15,0,8,7,2,1,42,41,1,245,7,376,0.0398900008201599,17,0.0588199996948242,4.07088557333133,2.08192025700774,15.4112538763408,407.618963198745,15
"80",2020-05-19,1878,348,219,23,20.7,12,0,8,4,0,1,39,38,6,245,4,359,0.0390000009536743,31,0.225809993743896,5.38490003805894,2.70304537382878,12.31085703933,375.044562421708,12
"81",2020-05-20,1893,334,223,17,20.1,15,0,9,6,3,1,40,39,4,248,6,675,0.0296300005912781,36,0.0555600023269653,3.09429120715661,2.94144572007945,15.2679387351715,348.915256257878,15
"82",2020-05-21,1901,320,229,11,18.1,8,0,1,7,0,1,37,36,6,248,7,478,0.0209200000762939,36,0,1.94547860631683,2.8418147809467,8.19653846903174,328.984615727165,8
"83",2020-05-22,1908,304,233,7,16.7,7,0,3,4,1,1,35,34,4,249,4,514,0.00583999991416931,14,0,0.568515143159664,2.74717716394867,7.03281898140501,306.49424258678,7
"84",2020-05-23,1917,300,236,6,14.9,9,1,3,5,1,0,34,34,3,250,6,582,0.00859000027179718,43,0,0.799900825309753,2.65988650096323,9.06926446189046,303.463223094523,9
"85",2020-05-24,1927,297,237,8,13.9,10,0,3,7,1,1,35,34,1,251,7,332,0.0150600004196167,25,0.04,1.68064989896716,2.50637447032861,10.1697846262862,304.203719143858,10
"86",2020-05-25,1942,293,240,6,11.1,15,1,7,7,0,1,34,33,3,251,8,401,0.0174600005149841,8,0,1.71184846124905,2.16936916860257,15.1976416054836,300.238623800838,15
"87",2020-05-26,1948,284,243,16,10.1,6,0,2,4,1,1,34,33,3,252,4,1123,0.00800999999046326,41,0.0731699991226196,1.03051545990701,1.54731422886658,6.0594891237695,288.223727787634,6
"88",2020-05-27,1953,258,243,8,8.9,5,0,1,4,1,1,32,31,0,253,4,1150,0.00957000017166138,13,0.0769199991226196,1.03228376491871,1.25274173711831,5.05959120367009,261.843632636721,5
"89",2020-05-28,1957,233,244,4,7.9,4,0,2,2,1,1,30,29,1,254,2,1403,0.00284999996423721,88,0,0.268179071081476,1.01312751779898,4.00774065920049,233.901786796857,4
"90",2020-05-29,1964,224,247,7,7.9,7,0,3,4,2,1,31,30,3,256,4,1380,0.0065200001001358,37,0,0.634975309681539,1.0226218273021,7.03665556341254,226.052711551102,7
"91",2020-05-30,1967,207,248,15,9.1,3,1,1,1,0,1,31,30,1,256,2,1020,0.0127499997615814,119,0,1.1417910234252,1.07146328417574,3.03295639422895,210.410986802696,3
"92",2020-05-31,1971,192,249,10,9.4,4,0,1,3,3,1,34,33,1,259,3,1309,0.00535000026226044,11,0.0909099960327148,0.606300022701423,0.917984730423488,4.02625015719938,193.68001006076,4
"93",2020-06-01,1982,183,250,5,9.3,11,0,5,6,2,1,33,32,1,261,6,763,0.00130999997258186,20,0,0.127653892602805,0.691671220616881,11.0110537180355,183.337138400083,11
"94",2020-06-02,1985,165,251,8,8.1,3,0,1,2,0,1,28,27,1,261,2,858,0.0104900002479553,9,0,1.03811075118174,0.692756262227556,3.02996379063011,167.472012726984,3
"95",2020-06-03,1995,155,251,8,8.1,10,0,7,3,0,1,23,22,0,261,3,1110,0.00449999988079071,141,0,0.399280564962245,0.602327233662346,10.0172871139774,155.893167555497,10
"96",2020-06-04,2002,144,254,8,8.7,7,0,2,5,0,0,20,20,3,261,5,1430,0.00559000015258789,21,0,0.550909732474203,0.642717328147021,7.03975333041575,145.144895915974,7
"97",2020-06-05,2006,135,256,15,9.9,4,0,1,3,1,0,21,21,2,262,3,1366,0.00952000021934509,29,0,0.932209340474939,0.685179332546079,4.04036061490014,136.816227670506,4
"98",2020-06-06,2009,127,256,2,8,3,0,0,3,0,0,21,21,0,262,3,1404,0.000710000023245811,68,0,0.0677201109128477,0.5317406307586,3.00293198662454,127.124120767106,3
"99",2020-06-07,2010,117,257,4,7.1,1,0,0,1,0,0,20,20,1,262,1,870,0.00230000004172325,22,0,0.22432735832951,0.477173107276898,1.00323746671053,117.378783605132,1
"100",2020-06-08,2013,109,257,0,6.4,3,0,0,3,0,0,19,19,0,262,3,701,0.0014300000667572,12,0,0.140593274445554,0.47902159039729,3.00608707804253,109.221163835545,3
"101",2020-06-09,2023,106,258,3,5.7,10,0,3,7,0,0,18,18,1,262,7,1338,0.00224000006914139,10,0,0.222338285794598,0.362482666770557,10.0224613245066,106.340128628243,10
"102",2020-06-10,2033,104,258,7,5.6,10,0,4,6,0,0,17,17,0,262,6,1281,0.00233999997377396,12,0,0.231828303666237,0.338560915156841,10.0200743169607,104.347954827319,10
"103",2020-06-11,2040,103,259,5,5.1,7,0,2,5,0,0,16,16,1,262,5,1529,0.00326999992132187,6,0,0.325721816267175,0.306391212841551,7.02350389950008,103.484180329702,7
"104",2020-06-12,2044,106,259,10,4.4,4,0,2,2,0,0,16,16,0,262,2,1596,0.00814999997615814,13,0,0.808415162333648,0.288706330249938,4.02333390983457,107.236697221232,4
"105",2020-06-13,2047,104,259,6,5,3,0,3,0,0,0,16,16,0,262,0,1479,0.00270000010728836,23,0.0434800004959106,0.332446083228058,0.326524326294968,3,104.498973669967,3
"106",2020-06-14,2050,101,259,1,4.6,3,0,1,2,0,0,16,16,0,262,2,768,0,13,0,0,0.294477560819324,3,101,3
"107",2020-06-15,2055,99,259,2,4.9,5,0,2,3,0,0,14,14,0,262,3,720,0.00555999994277954,17,0,0.543175028331244,0.351989239945851,5.02351711915982,99.7760649322742,5
"108",2020-06-16,2059,98,259,3,4.9,4,0,1,3,1,0,14,14,0,263,3,1250,0.000799999982118607,14,0,0.0791139222822989,0.331528616586952,4.00342528916182,98.1118927792861,4
"109",2020-06-17,2062,88,259,8,5,3,0,0,3,1,1,6,5,0,264,3,1098,0.0091100001335144,26,0,0.889927059305944,0.425542724535481,3.03852997580089,89.1302126234927,3
"110",2020-06-18,2064,74,259,2,4.6,2,0,0,2,0,1,6,5,0,264,2,1304,0.00230000004172325,122,0,0.210322584460527,0.409057119991674,2.00607070284012,74.2246160050845,2
"111",2020-06-19,2067,72,259,5,3.9,3,0,0,3,0,1,5,4,0,264,3,1875,0.0010700000077486,19,0,0.105926611115556,0.308701612674804,3.00458616211326,72.1100678907182,3
"112",2020-06-20,2073,73,259,1,3.1,6,0,0,6,1,1,5,4,0,265,6,1792,0.000560000017285347,158,0,0.0514625656910432,0.268561110169516,6.00445621107931,73.0542172347982,6
"113",2020-06-21,2079,77,259,1,3.1,6,0,0,6,0,1,4,3,0,265,6,1102,0.00363000005483627,86,0,0.336722227308886,0.316664285499357,6.02915721942414,77.3741843159432,6
"114",2020-06-22,2081,76,260,6,3.7,2,0,1,1,0,1,1,0,1,265,1,509,0.0039300000667572,10,0,0.385427752211833,0.294128960339441,2.00556244912075,76.4227461331772,2
"115",2020-06-23,2090,81,260,4,3.9,9,0,0,9,0,1,1,0,0,265,9,1255,0.00158999994397163,20,0,0.156505876837992,0.305184953847397,9.02032807380405,81.1829526642365,9
"116",2020-06-24,2092,75,261,3,3.1,2,0,0,2,1,1,2,1,1,266,2,1733,0.00289000004529953,24,0,0.285052366448724,0.218774283439223,2.00822768612806,75.3085382298023,2
"117",2020-06-25,2098,73,261,6,3.7,6,0,0,6,0,1,2,1,0,266,6,1796,0.00277999997138977,21,0.0476200008392334,0.32982388366758,0.235845897611659,6.02855988279798,73.3474785740421,6
"118",2020-06-26,2102,67,261,6,3.9,4,0,0,4,0,1,2,1,0,266,4,2028,0.00196999996900558,23,0,0.194790830674954,0.248540786120145,4.01124479572216,67.1883503283462,4
"119",2020-06-27,2105,69,261,3,4.1,3,0,0,3,0,1,1,0,0,266,3,1574,0.000640000030398369,80,0,0.0609044768952257,0.249889630577885,3.00263689927888,69.0606486834142,3
"120",2020-06-28,2107,68,261,2,4.3,2,0,0,2,0,1,1,0,0,266,2,880,0.00114000000059605,12,0,0.112466367771808,0.217853079215445,2.00324620344506,68.1103709171322,2
"121",2020-06-29,2111,69,261,1,3.6,4,0,0,4,2,1,3,2,0,268,4,854,0.00351000010967255,8,0,0.347742470262222,0.212469467508358,4.02007431781296,69.3462819822735,4
"122",2020-06-30,2114,68,261,10,4.4,3,0,0,3,0,1,3,2,0,268,3,1605,0.00435999989509583,11,0,0.433032167798812,0.251973223359904,3.01874841176231,68.4249639999458,3
"123",2020-07-01,2116,67,261,4,4.6,2,0,0,2,0,2,3,1,0,268,2,1601,0.00312000006437302,15,0,0.309103966773589,0.255409166263456,2.00892190600357,67.2988838511197,2
"124",2020-07-02,2122,66,261,4,4.3,6,0,1,5,0,1,3,2,0,268,5,1012,0.00197999998927116,12,0,0.195679686439689,0.236245709516614,6.01412013397504,66.1863857684705,6
"125",2020-07-03,2130,74,261,4,4,8,0,0,8,0,1,3,2,0,268,8,1334,0.00300000011920929,14,0,0.296884284794154,0.2508304886765,8.03427679962207,74.3170603965041,8
"126",2020-07-04,2134,75,261,4,4.1,4,0,0,4,0,1,3,2,0,268,4,1257,0.00317999988794327,40,0,0.308192741645697,0.286157383640853,4.01779120922094,75.3335851728927,4
"127",2020-07-05,2136,72,261,5,4.6,2,0,0,2,0,1,2,1,0,268,2,734,0.00272000014781952,47,0,0.255631255889824,0.306609510514855,2.00737848194066,72.2656253498636,2
"128",2020-07-06,2142,72,261,0,4.4,6,0,1,5,0,1,2,1,0,268,5,602,0,10,0,0,0.256932014763109,6,72,6
"129",2020-07-07,2149,73,261,6,3.9,7,0,1,6,0,1,1,0,0,268,6,1272,0.0039300000667572,21,0,0.386617175940847,0.250301301640543,7.03347768848567,73.4073118765757,7
"130",2020-07-08,2162,79,261,5,4,13,0,1,12,0,1,1,0,0,268,12,1684,0.00296999990940094,39,0,0.29027741424441,0.247611794136374,13.0502710042556,79.3309507780159,13
"131",2020-07-09,2170,83,261,5,4.1,8,0,0,8,1,0,2,2,0,269,8,1504,0.00266000002622604,41,0,0.258941102876632,0.256649139341652,8.02989606641986,83.3101716891061,8
"132",2020-07-10,2186,96,261,12,5.3,16,0,0,16,0,0,2,2,0,269,16,1900,0.00684000015258789,14,0.0714300012588501,0.73124453017455,0.318700602967423,16.1688517952569,97.0131107715414,16
"133",2020-07-11,2193,101,261,7,5.7,7,0,0,7,1,1,2,1,0,270,7,1571,0.00381999999284744,25,0,0.376016290022765,0.328389681307004,7.03798636784394,101.548089021748,7
"134",2020-07-12,2216,121,261,9,6.3,23,0,2,21,1,1,3,2,0,271,21,1068,0.00842999994754791,13,0,0.832862159480219,0.410851238962775,23.2524151947092,122.454392312372,23
"135",2020-07-13,2239,139,261,6,7.1,23,0,2,21,0,0,3,3,0,271,21,808,0.00619000017642975,65,0,0.572911814725686,0.492695783923587,23.1736321498331,140.149279467943,23
"136",2020-07-14,2258,149,261,4,6.9,19,0,2,17,1,0,4,4,0,272,17,1406,0.00356000006198883,66,0,0.340038049399205,0.486041622989067,19.0834256322925,149.731201130093,19
"137",2020-07-15,2279,168,261,15,8.3,21,0,0,21,1,0,5,5,0,273,21,1404,0.00782999992370605,46,0,0.758159992612641,0.552881991327385,21.2297752394892,169.838201915914,21
"138",2020-07-16,2301,186,261,7,8.6,22,0,1,21,0,0,5,5,0,273,21,1695,0.00708000004291534,25,0.04,0.755848841438459,0.623868811121932,22.2290747998462,188.02894822721,22
"139",2020-07-17,2331,213,261,17,9.3,30,0,0,29,0,1,5,4,0,273,29,1787,0.00726999998092651,21,0,0.718555860946663,0.622056144089377,29.3007333577459,215.208834662064,30
"140",2020-07-18,2357,232,261,16,10.6,26,0,0,24,2,1,6,5,0,275,24,1551,0.00708999991416931,81,0,0.673810653607635,0.664598196030073,24.233384593997,234.256051075304,26
"141",2020-07-19,2375,250,261,28,13.3,18,0,0,18,0,1,6,5,0,275,18,2025,0.0212299990653992,22,0,2.10018310246377,0.845644045027723,18.5455728305091,257.577400423737,18
"142",2020-07-20,2405,275,261,47,19.1,30,0,0,27,2,3,8,5,0,277,27,1548,0.0148599994182587,35,0.0285700011253357,1.51631264301018,0.980415591925508,27.5908477548553,281.017893799452,30
"143",2020-07-21,2429,294,261,23,21.9,24,0,0,23,0,3,8,5,0,277,23,1428,0.0161099994182587,15,0,1.59425358068423,1.15958923925194,23.5291859516514,300.764376947197,24
"144",2020-07-22,2456,314,261,13,21.6,27,0,1,23,2,3,9,6,0,279,23,1771,0.00902999997138977,16,0,0.894914938406899,1.17912566007969,24.2970521246217,318.055407266574,27
"145",2020-07-23,2475,322,261,29,24.7,19,0,1,17,1,3,10,7,0,280,17,1667,0.0101999998092651,32,0,1.0007886805206,1.21411706566285,18.2455355470105,326.650732125729,19
"146",2020-07-24,2498,337,261,34,27.1,23,0,1,18,0,3,7,4,0,280,18,2036,0.0122800004482269,83,0,1.17989999587494,1.28002337065261,19.3065072658246,342.738497143493,23
"147",2020-07-25,2510,336,261,26,28.6,12,0,1,10,0,3,7,4,0,280,10,2126,0.00800000011920929,320,0,0.695339339878943,1.28309889726279,11.1003505761466,339.371779358526,12
"148",2020-07-26,2517,338,261,21,27.6,7,0,0,6,2,4,9,5,0,282,6,1816,0.0121099996566772,73,0,1.16420113163186,1.14938718714395,6.10080970335732,343.678946622462,7
"149",2020-07-27,2532,340,262,22,24,15,0,1,13,1,4,9,5,1,283,13,1601,0.00874000012874603,24,0,0.861091704992147,1.05578419599852,14.1615532976228,344.225240091674,15
"150",2020-07-28,2552,330,262,14,22.7,20,0,1,18,1,4,10,6,0,284,18,1488,0.00739000022411346,24,0,0.727269863325452,0.931929379232976,19.188925754813,333.463638838238,20
"151",2020-07-29,2568,324,262,20,23.7,16,2,2,12,2,4,11,7,0,286,14,2254,0.00620999991893768,52,0,0.606996522865808,0.89079817701282,16.1226414589441,326.838273764135,16
"152",2020-07-30,2588,334,262,19,22.3,20,1,0,18,1,4,12,8,0,287,19,1891,0.00898999989032745,134,0,0.83951060704243,0.867758452230225,19.2301986953792,338.046650750351,20
"153",2020-07-31,2598,321,262,18,20,10,0,1,9,1,3,13,10,0,288,9,2129,0.00797999978065491,207,0,0.727286795077667,0.803099423544901,10.0944650766204,324.369254399462,10
"154",2020-08-01,2616,309,262,15,18.4,18,0,0,18,1,2,13,11,0,289,18,1629,0.00551999986171722,83,0.0120500004291534,0.58365828331525,0.787144986892945,18.1516192094417,311.602796428749,18
"155",2020-08-02,2624,294,262,2,15.7,8,0,0,8,0,2,13,11,0,289,8,1340,0.00149000003933907,11,0,0.147786828476266,0.641942943585003,8.01706274048818,294.627055712941,8
"156",2020-08-03,2633,280,262,10,14,9,0,1,7,0,1,12,11,0,289,7,1046,0.0114699995517731,47,0,1.09767790769942,0.675740972543185,8.11089093180913,284.435637272365,9
"157",2020-08-04,2645,268,262,20,14.9,12,0,1,11,1,1,11,10,0,290,11,1699,0.0058899998664856,12,0,0.584869069150148,0.655398001946713,12.0928483966932,270.262124573981,12
"158",2020-08-05,2654,248,262,12,13.7,9,1,0,8,1,1,12,11,0,291,9,1599,0.005,70,0,0.479029358897543,0.637116978522675,9.06221967097157,249.714497600105,9
"159",2020-08-06,2664,224,262,13,12.9,10,0,0,10,1,2,10,8,0,292,10,1639,0.00305000007152557,10,0,0.303150401287472,0.560494091986252,10.0437503182742,224.980007129342,10
"160",2020-08-07,2676,225,262,6,11.1,12,0,3,9,1,2,10,8,0,293,9,1689,0,39,0,0,0.456595978403729,12,225,12
"161",2020-08-08,2682,208,262,14,11,6,1,1,4,0,1,10,9,0,293,5,1518,0.00725000023841858,95,0,0.682300084433937,0.470687664277827,6.04923438287681,210.048150327675,6
"162",2020-08-09,2684,199,262,16,13,2,0,1,1,2,2,12,10,0,295,1,1589,0.00441000014543533,102,0,0.414399185753799,0.508775143888903,2.00598056152731,200.190131743935,2
"163",2020-08-10,2696,200,262,8,12.7,12,2,0,10,0,1,12,11,0,295,12,1384,0.00578000009059906,27,0,0.566939767922686,0.432955409635084,12.0981841165979,201.636401943298,12
"164",2020-08-11,2709,204,262,8,11,13,2,1,10,0,1,12,11,0,295,12,1460,0.00342000007629395,41,0,0.332658235269098,0.396925290509219,13.0576106260434,204.979380642737,13
"165",2020-08-12,2716,187,262,12,11,7,3,0,4,0,2,10,8,0,295,7,1486,0.00268999993801117,7,0,0.267738774808078,0.366740921353581,7.02704782706443,187.72256338015,7
"166",2020-08-13,2738,190,262,11,10.7,22,0,0,22,0,2,9,7,0,295,22,1689,0.00532999992370605,56,0,0.515895121555273,0.397133024248982,22.1637974631412,191.414614454401,22
"167",2020-08-14,2749,185,262,6,10.7,11,4,1,6,1,2,10,8,0,296,10,1882,0.00477999985218048,36,0,0.469028139822923,0.464137044223685,11.0676896032783,186.252257660649,11
"168",2020-08-15,2753,177,262,2,9,4,0,0,4,1,2,11,9,0,297,4,2044,0.00734000027179718,21,0,0.726535620123653,0.470456406465073,4.0419411150148,178.855894339405,4
"169",2020-08-16,2757,158,262,26,10.4,4,0,1,3,0,2,11,9,0,297,3,1196,0.00501999974250793,22,0,0.492932651234769,0.481675472962354,4.02134184248578,159.124003704251,4
"170",2020-08-17,2781,173,263,8,10.4,24,1,4,19,1,1,9,8,1,298,20,1358,0.00662999987602234,32,0,0.647736678535132,0.493217888764132,24.1869612293002,174.617214633447,24
"171",2020-08-18,2807,192,263,15,11.4,26,1,1,24,0,1,7,6,0,298,25,1888,0.00583000004291534,77,0.0519500017166138,0.763724692783889,0.554798811266245,26.2755496796413,194.116221539645,26
"172",2020-08-19,2831,201,263,23,13,24,4,3,15,2,1,7,6,0,300,19,1519,0.0118499994277954,25,0.04,1.23057960691847,0.69234750156773,22.3374320916217,204.569676337682,24
"173",2020-08-20,2848,209,264,24,14.9,17,1,0,16,3,0,6,6,1,303,17,1607,0.00995999991893768,103,0,0.936007009925898,0.752363485620677,17.2296418791111,211.823244278483,17
"174",2020-08-21,2869,216,264,16,16.3,21,3,2,16,0,0,6,6,0,303,19,1804,0.00721000015735626,116,0.00861999988555908,0.729518764093518,0.789576431945047,21.2000382917622,218.274119527402,21
"175",2020-08-22,2888,226,264,16,18.3,19,1,0,18,1,0,7,7,0,304,19,1864,0.00589999973773956,73,0,0.56776455917122,0.766894851808986,19.1556843471749,227.85182434008,19
"176",2020-08-23,2905,236,264,13,16.4,17,1,1,15,0,0,7,7,0,304,16,694,0.0172899997234344,5,0,1.71663230444399,0.941709087981731,17.3963878489897,241.846720772598,17
"177",2020-08-24,2924,252,264,19,18,19,2,0,17,1,1,8,7,0,305,19,1142,0.00962999999523163,58,0,0.91645499954621,0.980097419554742,19.2512972957096,255.332995711517,19
"178",2020-08-25,2938,254,264,23,19.1,14,0,1,13,4,2,11,9,0,309,13,1647,0.0145700001716614,73,0,1.3951622257399,1.0703027814056,14.2617526762601,259.114244597698,14
"179",2020-08-26,2956,262,264,15,18,18,1,4,13,0,2,11,9,0,309,14,1832,0.0049099999666214,41,0,0.480251998870817,0.963113123113079,18.0970331848431,263.815906744921,18
"180",2020-08-27,2969,265,264,16,16.9,13,1,3,9,1,2,9,7,0,310,10,1469,0.00612999975681305,9,0,0.609267228874044,0.916436011534243,13.0879287477901,267.330111816438,13
"181",2020-08-28,2997,275,264,20,17.4,28,0,3,21,1,1,9,8,0,311,21,2137,0.00607999980449677,35,0,0.598202559033591,0.897676553668539,24.1812970053871,277.374127451498,28
"182",2020-08-29,3018,289,264,12,16.9,21,0,2,18,0,1,9,8,0,311,18,1790,0.00726000010967255,11,0.0909099960327148,0.777091068999096,0.927580340786807,20.2018680054991,292.241102977179,21
"183",2020-08-30,3038,303,265,16,17.3,20,0,6,12,2,1,10,9,1,313,12,1402,0.00428000003099442,33,0,0.418157494317364,0.742083939340146,18.0724176120662,304.828544704671,20
"184",2020-08-31,3059,313,265,13,16.4,21,1,3,17,1,1,11,10,0,314,18,1353,0.00517000019550323,54,0,0.497157801315982,0.682184339592971,21.1291486387808,315.245751329911,21
"185",2020-09-01,3084,317,265,18,15.7,25,1,2,22,0,1,11,10,0,314,23,1361,0.0154299998283386,22,0.0909099960327148,1.66306939111269,0.720456791789084,25.5520282149974,324.608388876269,25
"186",2020-09-02,3120,327,265,15,15.7,36,1,9,26,0,1,9,8,0,314,27,1528,0.00261999994516373,51,0,0.253537676770752,0.688069031489075,36.0987937202672,328.196501723236,36
"187",2020-09-03,3142,328,265,24,16.9,22,1,4,17,1,1,8,7,0,315,18,1493,0.00938000023365021,133,0.00751999974250793,0.922785997207461,0.732857426965277,22.2397157504315,332.368153674529,22
"188",2020-09-04,3164,332,265,24,17.4,22,0,3,19,3,1,11,10,0,318,19,2705,0.00813000023365021,258,0.00774999976158142,0.809691210614641,0.763070091476856,22.2220220432952,335.879543072316,22
"189",2020-09-05,3189,339,265,17,18.1,25,1,11,13,2,1,13,12,0,320,14,2256,0.00398999989032745,164,0,0.371960320354493,0.705194270241913,25.07515324164,340.819782065427,25
"190",2020-09-06,3210,341,265,27,19.7,21,1,3,16,1,1,14,13,0,321,17,1310,0.00611000001430511,192,0.03125,0.932363516560565,0.778652273419513,20.2287479769778,345.588415302907,21
"191",2020-09-07,3251,366,265,29,22,41,2,6,33,0,1,12,11,0,321,35,1290,0.0147300004959106,44,0,1.4244153403092,0.911117636132829,41.7194949595969,373.523861577498,41
"192",2020-09-08,3303,403,265,24,22.9,52,0,14,36,3,1,14,13,0,324,36,1097,0.0127600002288818,4,0,1.27136423715562,0.855159756996104,50.6605345835411,410.394317699085,52
"193",2020-09-09,3348,434,265,15,22.9,45,2,10,31,0,1,13,12,0,324,33,1587,0.0144900000095367,29,0,1.42299690687715,1.02222536129702,43.6777054298408,442.912853228815,45
"194",2020-09-10,3425,496,265,33,24.1,77,1,21,52,2,2,14,12,0,326,53,1959,0.0127600002288818,61,0,1.23746734892968,1.06717984011448,74.9465263042379,504.858057488717,77
"195",2020-09-11,3455,510,265,60,29.3,30,0,1,25,0,1,12,11,0,326,25,2314,0.0155599999427795,93,0.0752699995040894,1.78670335776785,1.20675300399351,26.6446374491996,523.150603963671,30
"196",2020-09-12,3504,535,267,47,33.6,49,0,4,42,1,0,12,12,2,327,42,1900,0.0168400001525879,26,0,1.66126688940379,1.39093965671483,47.0069589561244,547.826739083966,49
"197",2020-09-13,3539,548,268,31,34.1,35,1,5,29,1,1,11,10,1,328,30,1199,0.0166799998283386,44,0,1.6089557356539,1.48759568801388,35.6966079400686,560.724705038587,35
"198",2020-09-14,3607,598,270,59,38.4,68,0,19,49,1,1,11,10,2,329,49,2394,0.0141999995708466,218,0.0412799978256226,1.6460121936674,1.51925238135077,69.1639979018551,612.205525414476,68
"199",2020-09-15,3679,646,271,41,40.9,72,0,14,55,1,1,11,10,1,330,55,2961,0.0121599996089935,28,0,1.20460886056306,1.5097158989804,69.9561627315005,657.230565900897,72
"200",2020-09-16,3755,684,272,41,44.6,76,0,7,66,1,0,11,11,1,331,66,1887,0.0190799999237061,162,0.00616999983787537,1.80592971350753,1.56442058564189,74.7201560549288,701.827071841989,76
"201",2020-09-17,3805,709,276,57,48,50,2,4,38,2,2,11,9,4,333,40,2512,0.0191100001335144,208,0.00481000006198883,1.80164707162801,1.6450176888845,45.0400465573093,727.434825228308,50
"202",2020-09-18,3893,777,276,46,46,88,1,6,78,0,2,11,9,0,333,79,2409,0.0128699994087219,281,0.0213499999046326,1.37558284568077,1.58628618715778,86.5683280567604,792.425201267125,88
"203",2020-09-19,3963,828,278,46,45.9,70,2,4,60,0,2,10,8,2,333,62,2101,0.0214199995994568,161,0,1.98954107685494,1.6331824996508,67.780195377497,851.774222138185,70
"204",2020-09-20,4006,860,278,76,52.3,43,1,4,34,2,2,11,9,0,335,35,2847,0.0186199998855591,112,0,1.79152212484578,1.6592634123925,39.904926465165,882.235336001197,43
"205",2020-09-21,4115,940,278,56,51.9,109,2,22,82,1,3,12,9,0,336,84,2949,0.0189900004863739,73,0,1.85312744653596,1.68885130565944,108.246506315188,965.139475431869,109
"206",2020-09-22,4225,1020,278,85,58.1,110,0,27,82,3,3,15,12,0,339,82,2507,0.0135599994659424,64,0.03125,1.40003573166541,1.71676943010263,110.656822720613,1040.60925823201,110
"207",2020-09-23,4332,1080,279,67,61.9,107,0,26,76,2,3,16,13,1,341,76,1896,0.0168799996376038,7,0.571430015563965,1.89198578149472,1.7290631541008,104.075174059375,1109.48931558059,107
"208",2020-09-24,4433,1133,280,38,59.1,101,2,18,75,2,3,18,15,1,343,77,2730,0.0128199994564056,55,0,1.25668217292593,1.65121102571479,96.3964945616818,1153.54841997903,101
"209",2020-09-25,4552,1196,282,57,60.7,119,5,16,86,3,3,20,17,2,346,91,3291,0.0133700001239777,59,0.0339000010490417,1.37315732745982,1.6508645231118,108.803369666483,1219.70142990234,119
"210",2020-09-26,4637,1243,284,76,65,85,3,14,66,3,4,21,17,2,349,69,3437,0.0299699997901917,12,0,2.98657260883992,1.79329759910965,85.9740292648553,1296.5756286408,85
"211",2020-09-27,4719,1273,285,109,69.7,82,2,12,64,2,4,22,18,1,351,66,2684,0.0331599998474121,13,0,3.30001629923819,2.00879676687999,81.1432801487457,1333.62720650535,82
"212",2020-09-28,4834,1343,286,86,74,115,3,11,97,6,4,27,23,1,357,100,3135,0.0258400011062622,192,0.0104200005531311,2.49501182970644,2.10049453590435,114.600772460928,1391.35837415027,115
"213",2020-09-29,4941,1374,289,58,70.1,107,5,18,74,4,3,27,24,3,361,79,2165,0.0263299989700317,79,0.0253200006484985,2.62944419881239,2.27612431692535,99.9978791343844,1426.140328236,107
"214",2020-09-30,5024,1404,289,108,76,83,1,10,67,5,5,30,25,0,366,68,3170,0.0305999994277954,281,0.0142299997806549,2.92670611777674,2.42394150782278,80.8721763207534,1463.30199344614,83
"215",2020-10-01,5125,1440,291,105,85.6,101,2,11,78,3,5,29,24,2,369,80,3844,0.0226300001144409,120,0.00833000004291534,2.21971040476944,2.56151696951471,93.5627684811965,1486.12983266154,101
"216",2020-10-02,5221,1490,292,115,93.9,96,0,13,79,1,5,29,24,1,370,79,3362,0.021710000038147,197,0,2.05082945007727,2.65832727274577,94.3381895000261,1534.10002981062,96
"217",2020-10-03,5293,1502,293,65,92.3,72,2,6,63,5,6,31,25,1,375,65,3113,0.0301999998092651,485,0.0103100001811981,2.75188853513406,2.62480097650208,73.5814710846938,1561.65183952631,72
"218",2020-10-04,5350,1482,293,77,87.7,57,1,7,47,3,6,32,26,0,378,48,3118,0.0291899991035461,102,0,2.826534695803,2.55716074743991,56.9580267805695,1542.45407685008,57
"219",2020-10-05,5428,1483,293,82,87.1,78,3,13,59,3,6,33,27,0,381,62,3821,0.0177999997138977,238,0.00839999973773956,1.72488294763206,2.44714233571499,76.5433853996882,1519.91678302803,78
"220",2020-10-06,5503,1454,294,139,98.7,75,5,15,52,2,7,34,27,1,383,57,2158,0.0194599997997284,55,0,1.89763576899295,2.34259827431222,73.5610283229158,1493.81991546526,75
"221",2020-10-07,5604,1468,294,174,108.1,101,12,22,63,3,10,36,26,0,386,75,2268,0.0313100004196167,76,0,3.02948297575472,2.35728068259479,100.279086317368,1532.18264951862,101
"222",2020-10-08,5684,1427,294,85,105.3,80,5,14,55,2,9,36,27,0,388,60,2434,0.0271199989318848,182,0,2.52332100153699,2.40065362499015,76.1849767598463,1478.96603060501,80
"223",2020-10-09,5767,1428,294,96,102.6,83,5,19,57,2,9,37,28,0,390,62,2508,0.0207299995422363,247,0.00810000002384186,1.95976547578285,2.38764448580523,82.7535528577685,1468.38828194989,83
"224",2020-10-10,5832,1413,295,68,103,65,5,8,50,6,9,43,34,1,396,55,2628,0.0300600004196167,21,0,2.98216991705371,2.42054182607947,65.3671083843397,1473.8131663104,65
"225",2020-10-11,5896,1378,295,138,111.7,64,6,6,48,5,10,46,36,0,401,54,2660,0.0233100008964539,238,0.0168099999427795,2.2776184393012,2.34212521800778,61.7749977189487,1423.29531216132,64
"226",2020-10-12,5957,1349,295,62,108.9,61,2,13,43,3,10,46,36,0,404,45,1994,0.0150499999523163,237,0.0126600003242493,1.47961093598233,2.30708635920068,58.9609108908755,1377.80597315091,61
"227",2020-10-13,6042,1370,296,74,99.6,85,5,9,68,1,7,45,38,1,405,73,2117,0.0302300000190735,18,0,2.9975133508374,2.4642117280356,85.1579631324427,1429.26588344447,85
"228",2020-10-14,6109,1375,298,84,86.7,67,2,15,49,2,7,45,38,2,407,51,3004,0.0296300005912781,110,0.0363599991798401,2.98677333609447,2.45811035094128,68.1983432840974,1434.26905913008,67
"229",2020-10-15,6195,1400,298,107,89.9,86,4,24,52,5,8,49,41,0,412,56,2119,0.021710000038147,105,0.00952000021934509,2.11344829603708,2.39955710729844,81.7080584330547,1442.70146082637,86
"230",2020-10-16,6270,1420,299,77,87.1,75,2,10,59,4,8,47,39,1,416,61,3126,0.0214299988746643,280,0.0035699999332428,1.99617664308598,2.40475870262745,72.7573241364131,1460.9082012083,75
"231",2020-10-17,6317,1402,300,64,86.6,47,3,8,36,6,8,50,42,1,422,39,3037,0.0214000010490417,149,0,2.03991849296735,2.2701513563294,48.1481549207016,1443.27469740573,47
"232",2020-10-18,6374,1369,303,74,77.4,57,1,11,40,2,6,49,43,3,424,41,1144,0.0271000003814697,37,0.0540500020980835,2.79443272769098,2.34398196895651,53.6534862395815,1424.21030882895,57
"233",2020-10-19,6438,1349,304,69,78.4,64,1,6,57,3,6,48,42,1,427,58,1334,0.0374799990653992,27,0,3.67364575703472,2.65741551482114,67.0750227886985,1420.52078865438,64
"234",2020-10-20,6516,1353,306,46,74.4,78,3,14,57,4,5,46,41,2,431,60,1595,0.0250799989700317,48,0.0208299994468689,2.49558358677117,2.58571126281168,76.1609585685006,1401.72961571969,78
"235",2020-10-21,6604,1376,309,69,72.3,88,1,46,40,4,4,45,41,3,435,41,2258,0.0305599999427795,446,0.00897000014781952,2.69989274913919,2.54472832181807,88.5975462442913,1429.61521054012,88
"236",2020-10-22,6669,1361,309,88,69.6,65,1,24,36,1,3,44,41,0,436,37,2238,0.0268099999427795,87,0.0114900004863739,2.62367354469914,2.6176176430555,62.4009885618508,1412.53366034267,65
"237",2020-10-23,6748,1363,310,92,71.7,79,1,13,64,2,3,37,34,1,438,65,2768,0.0245700001716614,65,0.0153799998760223,2.4359145946735,2.68043735042515,80.2850646058696,1410.91604704308,79
"238",2020-10-24,6813,1354,313,63,71.6,65,2,17,41,2,3,36,33,3,440,43,2358,0.0211999988555908,191,0,1.96114544140773,2.6691840573452,61.2170301229372,1392.32229735946,65
"239",2020-10-25,6883,1335,315,69,70.9,70,1,24,42,3,3,38,35,2,443,43,1751,0.0308400011062622,77,0,2.95409419787008,2.69199283879936,68.8332253941458,1391.91525351592,70
"240",2020-10-26,6956,1295,316,77,72,73,1,16,51,4,3,39,36,1,447,52,995,0.0392000007629395,121,0.0165299999713898,3.67420526484435,2.69207276848645,70.7573368701035,1363.66829320738,73
"241",2020-10-27,7034,1265,318,61,74.1,78,0,15,60,2,3,32,29,2,449,60,1354,0.0288000011444092,116,0,2.65273479928776,2.71452294170311,77.2970378651581,1313.42921499042,78
"242",2020-10-28,7146,1271,321,93,77.6,112,2,69,38,2,2,30,28,3,451,40,1900,0.0405299997329712,166,0.01807000041008,3.87253724882471,2.88204358451533,111.235520539576,1342.03366514504,112
"243",2020-10-29,7210,1255,322,65,74.3,64,0,18,42,9,2,38,36,1,460,42,2190,0.0292199993133545,96,0,2.79929127280168,2.90713183138712,61.6967601268212,1305.70080855144,64
"244",2020-10-30,7260,1224,324,122,78.6,50,1,9,36,4,2,41,39,2,464,37,2789,0.0358599996566772,105,0.0571400022506714,3.66320799166528,3.0824594595288,47.9560789132369,1288.70920512978,50
"245",2020-10-31,7299,1154,325,83,81.4,39,0,5,32,2,2,40,38,1,466,32,2352,0.0276399993896484,322,0,2.43116224997955,3.1496047178962,38.122760153493,1194.48953803534,39
"246",2020-11-01,7349,1113,328,50,78.7,50,1,6,40,1,2,38,36,3,467,41,1714,0.0256699991226196,104,0,2.42015283257261,3.07332737999656,48.4320220940332,1151.87416074778,50
"247",2020-11-02,7413,1066,328,56,75.7,64,3,8,47,6,2,43,41,0,473,50,1030,0.0174800002574921,14,0.0714300012588501,1.82034677038705,2.80849045221695,59.3135517920412,1094.00492420632,64
"248",2020-11-03,7484,996,329,36,72.1,71,1,36,33,2,2,44,42,1,475,34,1456,0.0219799995422363,13,0,2.1785486271951,2.74074957048942,71.0689791746827,1027.31480170541,71
"249",2020-11-04,7549,919,333,53,66.4,65,5,1,51,1,1,41,40,4,476,56,1466,0.0272900009155273,295,0.0033899998664856,2.32863096551824,2.52019153001707,58.8819659632004,949.884405717521,65
"250",2020-11-05,7596,876,333,45,63.6,47,0,6,34,5,2,44,42,0,481,34,2536,0.0240499997138977,41,0,2.36673648717286,2.45839798921295,41.1613199655804,905.921067348484,47
"251",2020-11-06,7670,870,337,79,57.4,74,1,12,58,5,3,47,44,4,486,59,2342,0.0234800004959106,116,0.0258599996566772,2.35923194148076,2.27211569632945,73.0088417251502,899.621903404758,74
"252",2020-11-07,7705,836,342,75,56.3,35,3,4,25,3,4,47,43,5,489,28,2499,0.0276099991798401,142,0,2.61254782091709,2.2980279207491,33.0557117355659,867.520536104752,35
"253",2020-11-08,7742,774,342,47,55.9,37,1,5,29,1,4,48,44,0,490,30,1176,0.0204099988937378,92,0.0108700001239777,1.97178223268467,2.23397497790797,35.8536960520024,796.025358141662,37
"254",2020-11-09,7813,744,346,31,52.3,71,3,24,42,7,4,47,43,4,497,45,711,0.0210999989509583,20,0.1,2.3258685710166,2.3061923779979,70.5105000823417,768.973601361382,71
"255",2020-11-10,7880,753,346,52,54.6,67,0,11,54,3,5,48,43,0,500,54,1374,0.0334800004959106,17,0,3.30708272332,2.46741153458718,67.5772816855437,788.938761281748,67
"256",2020-11-11,7936,751,349,77,58,56,0,6,48,2,5,47,42,3,502,48,2375,0.0261100006103516,241,0.0290499997138977,2.63808491516187,2.51161924167912,55.8274818706359,779.592476767658,56
"257",2020-11-12,7978,741,351,60,60.1,42,1,8,31,3,3,44,41,2,505,32,2318,0.0215700006484985,214,0.00467000007629395,2.0141643570121,2.4612517945133,40.930182048795,762.539528067409,42
"258",2020-11-13,8017,717,353,79,60.1,39,1,7,27,0,3,36,33,2,505,28,2719,0.0217000007629395,200,0,2.02131901591067,2.41297851943186,35.8168004387649,737.915925521229,39
"259",2020-11-14,8038,693,353,50,56.6,21,3,2,14,3,3,37,34,0,508,17,1710,0.015789999961853,245,0.0163300001621246,1.58576726212221,2.26629558246116,19.3890553917277,708.859728615721,21
"260",2020-11-15,8068,650,355,30,54.1,30,1,1,25,0,2,35,33,2,508,26,984,0.0152400004863739,306,0.00653999984264374,1.31762794034426,2.17284496926967,27.4944122387163,662.360305967907,30
"261",2020-11-16,8112,612,358,11,51.3,44,0,3,39,3,2,33,31,3,511,39,735,0.0122399997711182,53,0,1.14167510555481,2.0036744742037,42.6425844438414,622.08363281105,44
"262",2020-11-17,8153,589,358,40,49.6,41,1,10,29,1,2,32,30,0,512,30,1828,0.020789999961853,38,0,2.03666237568421,1.82218585311287,40.8817863355104,606.312405053853,41
"263",2020-11-18,8195,582,358,66,48,42,3,6,31,1,2,32,30,0,513,34,2684,0.0204900002479553,20,0.05,2.07082694768905,1.74114900061676,41.016121859213,599.393615354763,42
"264",2020-11-19,8215,563,359,53,47,20,2,1,17,0,2,30,28,1,513,19,2476,0.0121200001239777,187,0.0160399997234344,1.23952685900304,1.63048650090118,20.3398854802267,573.071343440402,20
"265",2020-11-20,8240,520,359,28,39.7,25,1,2,20,1,2,30,28,0,514,21,2643,0.00757000029087067,222,0.0225200009346008,0.872842966012306,1.46641849377284,23.2645321614252,526.550320187672,25
"266",2020-11-21,8269,488,360,27,36.4,29,4,4,19,2,2,31,29,1,516,23,1495,0.0187300002574921,71,0,1.7880811229215,1.49532047388702,27.5935237794837,500.593026277742,29
"267",2020-11-22,8296,475,363,26,35.9,27,3,4,19,3,4,31,27,3,519,22,1220,0.0147500002384186,36,0,1.4327229530948,1.51176261856567,26.4548916539346,484.821524346316,27
"268",2020-11-23,8336,457,365,20,37.1,40,2,9,26,1,3,27,24,2,520,28,922,0.0173500001430511,13,0,1.71087701945381,1.5930771776941,37.6913530665683,468.283869693632,40
"269",2020-11-24,8379,466,365,21,34.4,43,2,7,33,1,3,23,20,0,521,35,1403,0.00855000019073486,41,0.0975599956512451,1.10772923056108,1.46037244267651,42.5595317429071,473.449765491277,43
"270",2020-11-25,8434,474,366,38,30.4,55,4,10,39,2,2,23,21,1,523,43,2618,0.0122200000286102,72,0.0138900005817413,1.22646989281736,1.33975000626627,53.7611117324184,482.389929329449,55
"271",2020-11-26,8479,490,366,60,31.4,45,3,4,37,3,2,23,21,0,526,40,3059,0.0143799996376038,224,0.00446000009775162,1.37031553193196,1.35843410239897,44.7910494646021,499.690355941376,45
"272",2020-11-27,8527,503,367,56,35.4,48,2,3,42,3,1,24,23,1,529,44,3154,0.0177600002288818,336,0.00298000007867813,1.63370546556817,1.46712874519267,48.037407797047,514.859457316242,48
"273",2020-11-28,8571,505,368,60,40.1,44,2,3,39,2,1,25,24,1,531,41,2597,0.0119400000572205,191,0,1.1122015835223,1.3705745252785,44.6580977941503,513.105838684046,44
"274",2020-11-29,8616,517,370,22,39.6,45,0,4,38,5,1,28,27,2,536,38,898,0.0245000004768372,12,0,2.41769235474723,1.51128443980027,43.3258906349066,535.039091006493,45
"275",2020-11-30,8659,523,371,47,43.4,43,1,7,34,1,1,25,24,1,537,35,1135,0.0229099988937378,61,0,2.17415123280873,1.57746647027955,43.0981985444411,539.410223964077,43
"276",2020-12-01,8713,544,371,34,45.3,54,2,12,39,3,1,27,26,0,540,41,1906,0.0141700005531311,113,0.0176999998092651,1.43675686145195,1.62447041754967,53.8501395208029,555.279899983336,54
"277",2020-12-02,8755,558,372,49,46.9,42,1,5,34,6,1,31,30,1,546,35,2859,0.0101400005817413,81,0.0123500001430511,1.0200888324757,1.59498740892943,40.5152631767838,566.214767218439,42
"278",2020-12-03,8793,557,373,38,43.7,38,0,5,32,3,1,33,32,1,549,32,3327,0.0102199995517731,202,0,0.963500666158943,1.53687099953329,37.4449641959669,564.745158036049,38
"279",2020-12-04,8836,561,375,55,43.6,43,1,5,33,2,1,31,30,2,551,34,2994,0.0110199999809265,165,0.0121200001239777,1.10774548791865,1.46173385986907,39.543553098908,569.968626131983,43
"280",2020-12-05,8871,550,375,46,41.6,35,3,2,29,1,1,31,30,0,552,32,2277,0.0184500002861023,209,0,1.68988940673592,1.54426069175673,34.7804252841245,563.41355957089,35
"281",2020-12-06,8910,544,376,33,43.1,39,0,7,30,1,2,31,29,1,553,30,1397,0.0157500004768372,20,0,1.55276998349623,1.42070035300659,37.6722819501085,556.190712695301,39
"282",2020-12-07,8964,547,377,23,39.7,54,0,4,45,2,1,30,29,1,555,45,1068,0.0168499994277954,25,0.04,1.73795053878184,1.3583859681456,50.1286856293812,560.7198008727,54
"283",2020-12-08,9011,551,377,57,43,47,1,1,44,0,1,27,26,0,555,45,2367,0.01942999958992,69,0,1.88796424586784,1.4228441659193,47.2261097571799,566.01303280458,47
"284",2020-12-09,9064,562,377,36,41.1,53,2,3,46,1,3,24,21,0,556,48,2911,0.00962000012397766,167,0.00598999977111816,0.942305078709412,1.41173220109555,51.6527634641525,569.642772226119,53
"285",2020-12-10,9109,561,377,60,44.3,45,2,0,43,1,3,23,20,0,557,45,3091,0.0139100003242493,252,0.00397000014781952,1.3160709255012,1.46209938100158,45.854702310401,571.655288803,45
"286",2020-12-11,9148,544,377,48,43.3,39,6,2,30,1,2,23,21,0,558,36,3047,0.0118099999427795,32,0,1.16872587936503,1.47081086549392,38.6072090431986,553.175603319445,39
"287",2020-12-12,9181,533,378,59,45.1,33,2,5,26,0,2,20,18,1,558,28,2616,0.0156700003147125,24,0,1.55275457663969,1.45122017548018,33.627456927635,544.944090801052,33
"288",2020-12-13,9220,530,379,30,44.7,39,5,2,32,0,2,19,17,1,558,37,1502,0.0119799995422363,47,0,1.16165005244925,1.39534589961632,39.6202976127281,538.885344182322,39
"289",2020-12-14,9263,526,379,16,43.7,43,4,4,35,2,2,20,18,0,560,39,917,0.0174500000476837,20,0,1.70775347318313,1.39103203310222,43.9611979892041,538.963849803111,43
"290",2020-12-15,9309,534,380,54,43.3,46,1,7,37,1,1,20,19,1,561,38,2079,0.0134700000286102,49,0,1.31598355542672,1.30932050589635,45.7217007029059,544.141794088205,46
"291",2020-12-16,9364,552,380,53,45.7,55,3,4,47,0,1,18,17,0,561,50,2312,0.0168700003623962,94,0,1.62109064164007,1.4062898720293,55.1697697120284,564.914257620794,55
"292",2020-12-17,9401,547,381,61,45.9,37,1,5,29,1,0,17,17,1,562,30,3207,0.0134099996089935,83,0.0241000008583069,1.36796865706023,1.41370383368059,35.592271003581,557.79907463196,37
"293",2020-12-18,9442,534,381,25,42.6,41,3,4,34,0,0,16,16,0,562,37,3298,0.00727999985218048,170,0.00587999999523163,0.72113724082124,1.34976259960291,41.3850726886188,539.557535560065,41
"294",2020-12-19,9481,531,381,46,40.7,39,1,6,29,3,0,19,19,0,565,30,2799,0.0117900002002716,140,0,1.12283805922287,1.28834595425765,36.4861401032565,539.60467982764,39
"295",2020-12-20,9525,525,381,24,39.9,44,5,2,34,0,0,16,16,0,565,39,1360,0.0161800003051758,51,0,1.55951810170369,1.34518424700828,41.877764669798,536.816062862665,44
"296",2020-12-21,9600,547,381,22,40.7,75,7,8,60,1,0,15,15,0,566,67,1365,0.00658999979496002,32,0.03125,0.715486737302822,1.20343185616823,75.691830110439,552.648224931495,75
"297",2020-12-22,9684,591,381,73,43.4,84,5,7,70,2,0,15,15,0,568,75,3021,0.0225099992752075,48,0,2.21579367254486,1.33197615861368,84.3983560138484,609.899045389125,84
"298",2020-12-23,9784,658,381,52,43.3,100,5,6,88,1,1,13,12,0,569,93,2652,0.0199800002574921,199,0.0150800001621246,1.96379799070964,1.38093435133791,101.635741588401,676.648580270622,100
"299",2020-12-24,9859,685,381,49,41.6,75,11,6,56,2,1,13,12,0,571,67,3469,0.01557000041008,144,0,1.49494413015686,1.39907370463743,74.4455157709358,699.778780643149,75
"300",2020-12-25,9925,717,381,47,44.7,66,6,3,56,0,1,10,9,0,571,62,2537,0.0295600008964539,161,0,2.77960423551903,1.69314041816568,67.4871256335979,745.762404504673,66
"301",2020-12-26,10018,760,381,95,51.7,93,5,5,82,2,2,12,10,0,573,87,951,0.0199800002574921,50,0,1.89819982466284,1.80390638465711,94.3833303907287,780.819897666136,93
"302",2020-12-27,10128,824,382,37,53.6,110,8,6,94,2,4,12,8,1,575,102,1480,0.0270300006866455,32,0.0625,2.77806885028012,1.97798506302517,112.089462649187,857.036443362062,110
"303",2020-12-28,10260,918,382,65,59.7,132,15,7,108,1,2,13,11,0,576,123,1188,0.04125,39,0.0256399989128113,4.07538385962507,2.45797036621406,137.234303119335,971.992603768698,132
"304",2020-12-29,10381,996,382,112,65.3,121,5,15,101,3,4,12,8,0,579,106,1880,0.0505299997329712,25,0.04,5.03918107600976,2.8613114238519,128.70883764228,1068.43398388407,121
"305",2020-12-30,10518,1087,382,88,70.4,137,12,10,115,3,5,13,8,0,582,127,2458,0.0573600006103516,62,0,5.59487625000969,3.3800368894662,147.254565780415,1174.76939372686,137
"306",2020-12-31,10643,1174,382,147,84.4,125,0,9,116,2,5,13,8,0,584,116,2652,0.0331800007820129,144,0,3.14711595400208,3.6160614357298,130.268582719878,1227.32169063049,125
"307",2021-01-01,10760,1229,383,87,90.1,117,0,5,111,2,6,13,7,1,586,111,2759,0.0391400003433228,134,0.0149300003051758,3.80186246070242,3.76209832504171,122.090352778762,1296.43282491079,117
"308",2021-01-02,10873,1290,383,134,95.7,113,2,8,101,2,6,15,9,0,588,103,2369,0.0295499992370605,431,0,2.50014100687844,3.84808992250108,114.716420075522,1336.54545531479,113
"309",2021-01-03,10996,1317,384,106,105.6,123,0,5,118,4,5,19,14,1,592,118,1516,0.0600299978256226,126,0.0238100004196167,5.72506313986088,4.26908910672691,132.749567655695,1425.81508985213,123
"310",2021-01-04,11171,1429,384,117,113,175,4,30,140,5,8,21,13,0,597,144,1386,0.0533900022506714,155,0.00644999980926514,4.86685873393035,4.38215694591337,184.114264387875,1529.37002646023,175
"311",2021-01-05,11312,1502,386,105,112,141,2,19,120,6,8,23,15,2,603,122,2417,0.0575099992752075,97,0.0103100001811981,5.56888378145397,4.45782876097683,150.805078038484,1622.71497716232,141
"312",2021-01-06,11495,1596,386,132,118.3,183,11,42,129,7,7,28,21,0,610,140,2627,0.0513899993896484,211,0.0142200005054474,4.86264793880394,4.35322471651887,191.824804839588,1708.00277517131,183
"313",2021-01-07,11613,1633,386,186,123.9,118,2,7,108,6,9,32,23,0,616,110,2311,0.048899998664856,91,0.0109899997711182,4.74637747267502,4.58169064775786,124.534909293103,1744.85915341489,118
"314",2021-01-08,11743,1662,386,185,137.9,130,6,13,110,0,11,30,19,0,616,116,2661,0.0368300008773804,249,0,3.36785678126149,4.51968983640915,134.638124651306,1742.78071698682,130
"315",2021-01-09,11841,1671,388,155,140.9,98,6,2,90,4,11,30,19,2,620,96,3020,0.0324499988555908,375,0.00266999989748001,2.91606027998348,4.57910687542416,102.04008776573,1741.32277767224,98
"316",2021-01-10,11933,1655,388,114,142,92,5,3,82,5,11,34,23,0,625,87,1824,0.0509899997711182,78,0,4.88989272252995,4.45979681580546,96.1396222787446,1771.79396403819,92
"317",2021-01-11,12097,1707,388,66,134.7,164,2,25,135,3,13,34,21,0,628,137,1608,0.0342000007629395,115,0,3.1917354165297,4.22049348474822,168.310598053843,1785.6291304957,164
"318",2021-01-12,12237,1735,389,161,142.7,140,1,22,115,4,13,35,22,1,632,116,2211,0.0705600023269653,74,0.0135099995136261,6.87124311198812,4.40654481768167,149.503139144862,1907.05126220979,140
"319",2021-01-13,12325,1723,393,172,148.4,88,0,9,75,3,11,35,24,4,635,75,2532,0.0375200009346008,173,0.0115600001811981,3.58597125315181,4.22416243401708,87.8814244426497,1812.16925752914,88
"320",2021-01-14,12417,1711,393,128,140.1,92,2,14,75,9,10,41,31,0,644,77,2581,0.0337100005149841,146,0,3.19052113418313,4.00189724280395,94.5454831052817,1789.78339731347,92
"321",2021-01-15,12511,1681,395,145,134.4,94,6,7,79,5,11,41,30,2,649,85,2923,0.0372900009155273,206,0.00485000014305115,3.51542897748657,4.02297898512182,96.3124127688713,1766.28430428791,94
"322",2021-01-16,12573,1635,396,119,129.3,62,0,0,60,2,9,39,30,1,651,60,2470,0.0323900008201599,289,0,2.89972098679938,4.02064480038124,62.5109064452505,1703.42220063308,62
"323",2021-01-17,12653,1576,398,72,123.3,80,2,3,72,2,9,39,30,2,653,74,2036,0.026029999256134,32,0,2.56272139678379,3.68819175384607,79.7368826974364,1634.28820447513,80
"324",2021-01-18,12774,1597,399,63,122.9,121,2,45,72,7,10,43,33,1,660,74,1021,0.0391799998283386,48,0,3.74207481990025,3.7668116686133,122.996384406027,1683.24629589763,121
"325",2021-01-19,12848,1541,406,81,111.4,74,3,24,47,8,9,45,36,7,668,50,2337,0.0410799980163574,89,0,3.95729412053698,3.35053324126313,76.8555607471208,1629.00838222626,74
"326",2021-01-20,12909,1500,406,166,110.6,61,1,8,50,2,7,37,30,0,670,51,3065,0.0225099992752075,163,0.00612999975681305,2.16828803404187,3.14800706710457,60.5959166971329,1546.93872638626,61
"327",2021-01-21,12980,1467,408,81,103.9,71,1,9,60,3,7,37,30,2,673,61,2636,0.0242799997329712,117,0,2.32481217929939,3.02433435926403,72.046636789114,1516.21993720705,71
"328",2021-01-22,13061,1439,409,95,96.7,81,1,4,75,5,6,37,31,1,678,76,2311,0.0307200002670288,111,0.00901000022888184,2.97250332958338,2.94677355242072,83.2603108655943,1500.7314123104,81
"329",2021-01-23,13109,1372,409,84,91.7,48,1,4,40,4,9,39,30,0,682,41,2122,0.0329900002479553,276,0,2.91929860409346,2.9495703548913,46.7273702899574,1429.80370823955,48
"330",2021-01-24,13155,1291,410,44,87.7,46,2,9,35,3,8,38,30,1,685,37,1247,0.0224499988555908,36,0,2.18200690357925,2.8951825701478,47.1651475161497,1331.6542011716,46
"331",2021-01-25,13218,1232,410,29,82.9,63,1,18,43,4,7,39,32,0,689,44,825,0.0206100010871887,48,0,1.94768051511233,2.63884052660667,63.2367828810754,1266.62992067011,63
"332",2021-01-26,13281,1171,411,74,81.9,63,1,19,41,8,5,40,35,1,697,42,2354,0.024210000038147,79,0,2.34238964610761,2.40813988740247,62.4198141478205,1210.58577064519,63
"333",2021-01-27,13359,1132,413,80,69.6,78,1,26,50,1,4,30,26,2,698,51,2800,0.0196399998664856,175,0.00570999979972839,1.88205880978528,2.36724999822296,78.3852445027442,1162.74699562954,78
"334",2021-01-28,13397,1071,413,66,67.4,38,1,3,33,3,5,30,25,0,701,34,2355,0.0212299990653992,209,0.0287100005149841,2.18397183723271,2.34712994935629,38.0716402576247,1104.75666811518,38
"335",2021-01-29,13427,970,413,73,64.3,30,1,2,27,3,4,31,27,0,704,28,2847,0.0122899997234344,180,0.00555999994277954,1.18898015204222,2.09234092399327,30.4804583058025,986.644448451015,30
"336",2021-01-30,13446,873,414,42,58.3,19,1,6,12,2,5,33,28,1,706,13,2155,0.0157799994945526,216,0,1.43424288953019,1.88019010762709,19.269084775817,891.070077637558,19
"337",2021-01-31,13489,815,415,25,55.6,43,3,5,35,4,6,32,26,1,710,38,922,0.0195200002193451,24,0,1.90247782264653,1.84025738177955,44.0433409872069,837.376918541412,43
"338",2021-02-01,13529,724,415,26,55.1,40,6,7,25,4,5,29,24,0,714,31,548,0.0292000007629395,29,0,2.77324097367259,1.95819459014531,39.240715966976,752.976721293246,40
"339",2021-02-02,13571,660,416,59,53,42,4,5,31,3,5,27,22,1,717,35,2439,0.0221399998664856,107,0.0280399990081787,2.23879574109322,1.94339546085754,41.1308515190056,681.324628644105,42
"340",2021-02-03,13634,645,416,54,49.3,63,5,21,36,2,4,26,22,0,719,41,2865,0.0129100000858307,212,0,1.20205233168362,1.84625167827158,62.711263137595,656.189383506068,63
"341",2021-02-04,13716,647,416,51,47.1,82,3,43,33,2,5,25,20,0,721,36,2814,0.0127900004386902,90,0,1.23936161275738,1.71130736048939,79.6439076881469,658.572452061974,82
"342",2021-02-05,13774,647,417,72,47,58,1,8,48,2,5,21,16,1,723,49,2435,0.0160199999809265,149,0,1.50962461120573,1.75711371179847,58.0675497343171,661.096013838839,58
"343",2021-02-06,13799,616,417,61,49.7,25,2,3,19,3,6,21,15,0,726,21,2369,0.0143499994277954,205,0.0146300005912781,1.43722994427581,1.75754043390498,24.4355806925515,628.777033648177,25
"344",2021-02-07,13824,571,419,33,50.9,25,1,2,19,3,4,23,19,2,729,20,1004,0.0249000000953674,75,0,2.31692308579693,1.81674690006933,22.6687513655924,590.092851487663,25
"345",2021-02-08,13871,568,421,24,50.6,47,1,7,38,2,5,21,16,2,731,39,852,0.0140799999237061,29,0,1.36165266004513,1.61509142669397,46.7663973866147,579.161890143517,47
"346",2021-02-09,13926,586,421,43,48.3,55,5,8,39,0,2,19,17,0,731,44,2244,0.0178299999237061,149,0,1.67198160588368,1.5341179788069,53.0617132592255,600.140090225139,55
"347",2021-02-10,13983,602,422,40,46.3,57,0,6,50,3,4,20,16,1,734,50,2791,0.0125399994850159,100,0,1.21062395581734,1.53534249654029,56.8735793050649,612.517894832981,57
"348",2021-02-11,14043,628,423,51,46.3,60,1,11,46,1,3,16,13,1,735,47,2563,0.0152199995517731,58,0,1.48831968146488,1.57090793492707,59.0095251715389,641.488974632477,60
"349",2021-02-12,14094,630,425,52,43.4,51,1,7,41,3,2,16,14,2,738,42,2612,0.0157000005245209,173,0,1.47247401687787,1.56560070716595,49.8925241984976,643.387862977464,51
"350",2021-02-13,14126,628,425,46,41.3,32,0,3,28,6,2,21,19,0,744,28,2099,0.0219199991226196,46,0.0217400002479553,2.19161390068925,1.67336984379644,31.8856153737215,647.863087667755,32
"351",2021-02-14,14167,603,427,48,43.4,41,0,4,35,4,2,21,19,2,748,35,1175,0.0170200002193451,10,0,1.6876371525511,1.58347185333275,39.8524525049171,617.686538870429,41
"352",2021-02-15,14229,626,428,34,44.9,62,2,8,51,4,2,23,21,1,752,53,867,0.0265300011634827,26,0,2.57575711184093,1.75691534644644,62.9701706568613,649.27031756972,62
"353",2021-02-16,14280,621,428,60,47.3,51,3,13,32,3,2,24,22,0,755,35,1561,0.0333100008964539,23,0,3.28263329541443,1.98700844495083,49.658110554849,650.419618701749,51
"354",2021-02-17,14337,637,428,49,48.6,57,5,6,44,2,2,25,23,0,757,49,2063,0.0184200000762939,222,0,1.66303983183345,2.0516392843817,56.1760392070016,652.288509691021,57
"355",2021-02-18,14409,652,428,68,51,72,3,12,53,3,3,26,23,0,760,56,2348,0.0212899994850159,116,0,2.02877105482213,2.12884662343274,69.639623507906,671.089902270619,72
"356",2021-02-19,14463,656,429,58,51.9,54,3,15,33,1,3,26,23,1,761,36,2576,0.0151400005817413,96,0,1.4596048465032,2.12700817052207,51.758334591491,669.818541444946,54
"357",2021-02-20,14512,635,429,66,54.7,49,0,3,45,4,3,26,23,0,765,45,2384,0.0255900001525879,68,0,2.48803264126303,2.16935370488975,49.6158150792905,657.800946118878,49
"358",2021-02-21,14554,625,429,53,55.4,42,0,7,33,2,4,24,20,0,767,33,1000,0.03,28,0,2.91828793774319,2.34516095991719,41.3898410964136,651.322748038137,42
"359",2021-02-22,14619,640,429,32,55.1,65,0,11,54,1,6,23,17,0,768,54,863,0.0150600004196167,66,0,1.39900757396439,2.17705388307769,66.0902771112709,652.921802800248,65
"360",2021-02-23,14674,646,429,47,53.3,55,0,7,47,4,6,26,20,0,772,47,2036,0.019650000333786,84,0,1.88714154149001,1.97769791823134,55.2800454849295,663.593816665202,55
"361",2021-02-24,14720,653,430,60,54.9,46,2,10,34,1,6,24,18,1,773,36,2874,0.0187899994850159,41,0,1.85257147581255,2.00477386737122,46.9624995673889,670.458672708471,46
"362",2021-02-25,14753,649,430,43,51.3,33,1,5,25,1,6,23,17,0,774,26,2376,0.0185199999809265,128,0.00781000018119812,1.79725239528254,1.97169977315127,31.6743812521596,665.833593563523,33
"363",2021-02-26,14818,652,430,57,51.1,65,5,12,43,1,6,21,15,0,775,48,2639,0.0181900000572205,181,0,1.70224858691507,2.00636316463868,61.1791995071971,668.01745997276,65
"364",2021-02-27,14864,657,431,71,51.9,46,0,4,34,3,6,23,17,1,778,34,2535,0.0209100008010864,47,0.0212800002098083,2.09167358794016,1.94974044273542,39.0263509741441,676.832723235666,46
"365",2021-02-28,14929,668,431,49,51.3,65,2,8,54,7,6,28,22,0,785,56,1552,0.0257699990272522,94,0,2.42983222905804,1.87996105578039,65.9637553648853,691.424796138275,65
"366",2021-03-01,15006,682,431,54,54.4,77,4,7,64,3,6,29,23,0,788,68,996,0.0291199994087219,45,0,2.78612098089212,2.07812011391293,77.7342105377329,709.422523334322,77
"367",2021-03-02,15069,691,432,61,56.4,63,1,6,54,3,4,29,25,1,791,55,2006,0.0259200000762939,41,0,2.54008403287961,2.17139761268287,63.0162010812238,716.330817220467,63
"368",2021-03-03,15128,701,432,65,57.1,59,0,5,51,6,5,32,27,0,797,51,2676,0.0209299993515015,109,0,2.01108360016582,2.19404220187619,57.4802101226616,721.345633254624,59
"369",2021-03-04,15185,697,432,61,59.7,57,3,3,50,1,5,31,26,0,798,53,2414,0.0202999997138977,225,0.00444000005722046,1.89477829944008,2.2079744738987,57.4492968260297,716.059620523447,57
"370",2021-03-05,15258,702,432,51,58.9,73,1,11,56,1,2,28,26,0,799,57,2440,0.0188499999046326,154,0,1.77309174122219,2.218094924514,69.4585762306982,719.963517788599,73
"371",2021-03-06,15314,715,434,46,55.3,56,3,3,47,1,2,27,25,2,800,50,1957,0.0209500002861023,25,0,2.06857470029779,2.21479508342224,54.4926716429801,736.345204494616,56
"372",2021-03-07,15354,706,435,54,56,40,1,0,38,2,5,26,21,1,802,39,1752,0.0194099998474121,16,0.0625,1.97999545999242,2.15053268784143,40.1144276294344,726.173997599505,40
"373",2021-03-08,15437,747,436,38,53.7,83,1,9,65,6,4,29,25,1,808,66,1170,0.0205100011825562,142,0,1.8290168737493,2.01380352967817,76.7421466773677,766.717932848389,83
"374",2021-03-09,15494,753,436,70,55,57,0,8,47,1,3,27,24,0,809,47,2105,0.0318300008773804,57,0,3.09908195406502,2.0936603755618,57.1021029824797,786.678373315048,57
"375",2021-03-10,15574,776,436,76,56.6,80,5,8,64,0,2,24,22,0,809,69,2655,0.0180799996852875,173,0,1.69739742448509,2.04884806475027,78.6902685036241,795.009396504526,80
"376",2021-03-11,15635,773,439,73,58.3,61,1,7,52,1,2,20,18,3,810,53,2321,0.0280100011825562,86,0,2.70092283941475,2.16401157046094,62.0659086604863,803.13108291615,61
"377",2021-03-12,15717,778,439,93,64.3,82,5,4,67,2,2,17,15,0,812,72,2361,0.0228699994087219,133,0,2.16503883736938,2.22000401276768,78.2496826401089,802.309070750066,82
"378",2021-03-13,15785,796,439,56,65.7,68,5,3,54,5,4,22,18,0,817,59,2353,0.0187000000476837,99,0,1.79449837325448,2.18085025176149,63.5279816895177,816.61480381112,68
"379",2021-03-14,15853,821,439,65,67.3,68,2,10,51,2,3,23,20,0,819,53,1535,0.0299699997901917,36,0,2.92832270387933,2.31632557231676,65.2398445251231,855.69645953068,68
"380",2021-03-15,15960,868,440,58,70.1,107,4,3,97,4,5,25,20,1,823,101,1000,0.0320000004768372,13,0,3.1589339068941,2.50631371990888,108.604526561049,907.57157480189,107
"381",2021-03-16,16047,887,441,85,72.3,87,7,4,73,5,6,27,21,1,828,80,1583,0.0341100001335144,9,0,3.39171672181867,2.54811868673083,87.9159093425644,930.417644835683,87
"382",2021-03-17,16135,915,442,78,72.6,88,3,5,76,3,5,27,22,1,831,79,2842,0.0267400002479553,175,0,2.51889561500461,2.66547557109076,86.8718406001258,948.262457583735,88
"383",2021-03-18,16228,953,443,63,71.1,93,6,3,80,2,5,24,19,1,833,86,2566,0.0284500002861023,161,0,2.67703339692477,2.66206279359219,92.3225789534791,989.818810961227,93
"384",2021-03-19,16353,1000,445,117,74.6,125,8,5,104,2,4,24,20,2,835,112,2615,0.0382399988174438,97,0,3.68722702461709,2.87951824891329,122.959927409432,1053.21363758421,125
"385",2021-03-20,16456,1054,446,83,78.4,103,6,5,87,4,4,27,23,1,839,93,1997,0.0435699987411499,151,0.00662000000476837,4.09724895189927,3.20848261729112,103.499185512788,1116.32410247827,103
"386",2021-03-21,16541,1082,447,87,81.6,85,5,1,77,4,4,29,25,1,843,82,1306,0.0421099996566772,87,0,3.94800140356213,3.35415100296009,87.6721224883681,1143.64922600505,85
"387",2021-03-22,16690,1158,448,56,81.3,149,6,7,133,4,7,30,23,1,847,139,1150,0.0547800016403198,131,0,4.91779874210521,3.60541740799025,155.865261941725,1240.18685847854,149
"388",2021-03-23,16814,1197,449,108,84.6,124,2,0,120,5,9,31,22,1,852,122,1966,0.0350999999046326,153,0,3.25656440832976,3.58610993463469,127.73380041928,1253.25704181867,124
"389",2021-03-24,16967,1287,449,85,85.6,153,7,2,137,4,9,33,24,0,856,144,3106,0.0457200002670288,47,0,4.50384779033909,3.86967453111105,155.359858135321,1370.65373208443,153
"390",2021-03-25,17116,1369,450,123,94.1,149,7,4,132,8,10,40,30,1,864,139,3005,0.0379399991035461,282,0,3.4685031124477,3.98274163332861,149.957928444086,1437.52808661837,149
"391",2021-03-26,17265,1453,451,103,92.1,149,10,2,130,4,11,42,31,1,868,140,2390,0.0673600006103516,117,0,6.42163547900839,4.37337141252737,154.974682955919,1587.65867382107,149
"392",2021-03-27,17381,1507,452,138,100,116,7,3,100,5,13,44,31,1,873,107,2476,0.0626000022888184,117,0,5.97753974805686,4.64198438340702,119.230586993747,1637.00462242594,116
"393",2021-03-28,17518,1566,453,139,107.4,137,3,5,124,5,13,45,32,1,878,127,2480,0.0826599979400635,157,0,7.77386404593695,5.18853618946057,146.248322333658,1741.6919116103,137
"394",2021-03-29,17727,1714,453,111,115.3,209,7,1,189,4,12,47,35,0,882,196,1644,0.0839400005340576,40,0,8.19461762933437,5.65665317335045,220.179701253118,1916.70412218288,209
"395",2021-03-30,17936,1844,454,170,124.1,209,9,6,186,6,12,48,36,1,888,195,1968,0.0406500005722046,64,0,3.93696855935525,5.75385376635409,212.079486360986,1948.77216845979,209
"396",2021-03-31,18144,1948,455,163,135.3,208,7,5,191,8,14,54,40,1,896,198,3023,0.0793900012969971,224,0,7.3913142568778,6.16634897585962,224.120778750834,2155.79432831628,208
"397",2021-04-01,18381,2083,456,144,138.3,237,12,4,203,3,15,52,37,1,899,215,2634,0.0721299982070923,100,0.01,6.98575037591372,6.66881287064048,240.675772890929,2293.00295317119,237
"398",2021-04-02,18579,2177,457,242,158.1,198,15,7,162,6,15,56,41,1,905,177,3130,0.0939299964904785,99,0,9.10501359601108,7.05215260164086,207.258244640729,2463.06326882976,198
"399",2021-04-03,18830,2356,457,223,170.3,251,16,3,223,12,14,61,47,0,917,239,2885,0.101909999847412,36,0,10.0654005326869,7.63613271373086,276.717786789364,2698.23893588176,251
"400",2021-04-04,19060,2515,458,152,172.1,230,9,2,215,12,16,64,48,1,929,224,1818,0.0929599952697754,139,0,8.63573180380438,7.7592566791405,253.917095602944,2828.44417607769,230
"401",2021-04-05,19345,2660,459,184,182.6,285,8,4,269,5,18,67,49,1,934,277,2045,0.105620002746582,162,0,9.7867197832696,7.98669984398839,320.123706479064,3035.7005748531,285
"402",2021-04-06,19619,2797,460,156,180.6,274,7,6,245,10,20,70,50,1,944,252,1749,0.128640003204346,83,0,12.2811880788429,9.17873120391519,302.66465589624,3292.74223230866,274
"403",2021-04-07,19927,2938,461,219,188.6,308,3,6,290,12,24,76,52,1,956,293,3364,0.098100004196167,44,0,9.68334548462165,9.50616423645002,339.946436955979,3348.58236101251,308
"404",2021-04-08,20222,3109,462,170,192.3,295,23,5,255,10,30,83,53,1,966,278,3366,0.0858600044250488,194,0.0103100001811981,8.1742953631985,9.67595637749071,315.795797134414,3475.7702636363,295
"405",2021-04-09,20519,3262,464,261,195,297,13,2,276,14,31,88,57,2,980,289,3418,0.110299997329712,158,0,10.542656344322,9.8813339129637,334.971467731537,3758.31462885907,297
"406",2021-04-10,20806,3426,467,381,217.6,287,12,2,262,14,27,92,65,3,994,274,3187,0.0875399971008301,97,0,8.49543150914572,9.65705262388639,309.593795569976,3846.04504971802,287
"407",2021-04-11,21075,3564,467,205,225.1,269,7,5,249,13,29,100,71,0,1007,256,2714,0.145909996032715,29,0,14.4367382148301,10.4857678254615,314.337433695862,4306.55708473458,269
"408",2021-04-12,21390,3658,468,265,236.7,315,16,4,291,16,27,101,74,1,1023,307,2125,0.0804699993133545,107,0,7.66123425362358,10.1821270355121,344.943778636783,4062.45062623242,315
"409",2021-04-13,21626,3684,470,245,249.4,236,10,0,219,12,28,105,77,2,1035,229,2670,0.0767799997329712,178,0,7.19812497496605,9.45597516352965,252.789095749335,4066.70318227315,236
"410",2021-04-14,21899,3755,472,389,273.7,273,10,11,248,12,28,101,73,2,1047,258,3971,0.171490001678467,97,0.0103100001811981,16.7646722390061,10.4675932712989,331.422023431554,4663.50658133909,273
"411",2021-04-15,22121,3758,472,312,294,222,15,3,202,19,29,107,78,0,1066,217,3902,0.130959997177124,98,0.0101999998092651,12.8001377241611,11.1284278942935,260.086435990375,4452.21579010059,222
"412",2021-04-16,22357,3797,474,348,306.4,236,1,10,219,20,24,114,90,2,1086,220,2970,0.120539999008179,244,0.00409999996423721,11.1700123536268,11.2180501813371,265.464954219069,4409.09286895366,236
"413",2021-04-17,22538,3744,477,405,309.9,181,5,7,167,16,23,123,100,3,1102,172,2935,0.101870002746582,121,0.00825999975204468,9.81635857431988,11.4067540477905,203.366992534577,4274.40709331078,181
"414",2021-04-18,22700,3685,477,294,322.6,162,5,8,146,11,22,122,100,0,1113,151,1949,0.0646500015258789,188,0.0159599995613098,6.03665572725616,10.2067422638514,172.155168802973,4006.03839098646,162
"415",2021-04-19,22927,3625,478,258,321.6,227,5,4,218,22,22,116,94,1,1135,223,2084,0.112279996871948,88,0.0340899991989136,10.9112077997534,10.6710241990128,262.115653836774,4195.82621147223,227
"416",2021-04-20,23116,3513,479,188,313.4,189,8,2,179,17,27,119,92,1,1152,187,2775,0.100539999008179,221,0,9.3123663967856,10.9730586878442,214.131865736216,3985.12964883062,189
"417",2021-04-21,23311,3414,480,207,287.4,195,3,2,185,12,25,111,86,1,1164,188,2521,0.136850004196167,236,0.0211899995803833,12.6949474239937,10.3916694285567,224.443860779347,4039.48585479091,195
"418",2021-04-22,23487,3306,483,239,277,176,7,4,161,14,22,107,85,3,1178,168,2358,0.163269996643066,213,0.00939000010490417,15.0521478843522,10.7133851657268,208.494786521623,4024.16526333622,176
"419",2021-04-23,23695,3230,486,189,254.3,208,5,8,186,21,29,113,84,3,1199,191,2507,0.0805700016021729,86,0.0116299998760223,7.82835225630488,10.2360051518237,220.578775469986,3594.91855899505,208
"420",2021-04-24,23851,3109,487,227,228.9,156,2,2,150,17,31,119,88,1,1216,152,2464,0.0852299976348877,214,0.00467000007629395,7.87924175461875,9.95927417758067,171.284271643745,3462.53158250266,156
"421",2021-04-25,24000,2979,492,139,206.7,149,2,6,137,20,30,125,95,5,1236,139,1621,0.135719995498657,93,0.0215100002288818,12.9523070434428,10.9472243656073,170.982743181253,3535.85317940254,149
"422",2021-04-26,24163,2843,497,173,194.6,163,4,7,148,12,31,124,93,5,1248,152,1304,0.115030002593994,31,0,11.2358893919527,10.9936074502072,183.647570217749,3304.00685611224,163
"423",2021-04-27,24323,2750,498,189,194.7,160,3,5,148,10,31,121,90,1,1258,151,2425,0.0610300016403198,332,0.00903999984264374,5.47693267774876,10.4456883474877,167.935412114524,2967.36677692014,160
"424",2021-04-28,24489,2647,500,186,191.7,166,2,7,155,12,27,116,89,2,1270,157,2408,0.0689400005340576,38,0,6.78689784489005,9.60168126475858,179.377793830696,2906.26764503091,166
"425",2021-04-29,24615,2550,500,159,180.3,126,2,7,113,12,29,113,84,0,1282,115,2728,0.0652500009536743,111,0.00901000022888184,6.30511139933178,8.35210462404138,132.464384137346,2782.03634391506,126
"426",2021-04-30,24768,2459,503,178,178.7,153,4,3,139,13,27,109,82,3,1295,143,2122,0.0669199991226196,179,0,6.17141408684045,8.11539917126075,158.736315075844,2678.01118022029,153
"427",2021-05-01,24892,2404,507,138,166,124,3,5,113,7,29,110,81,4,1302,116,2051,0.089709997177124,70,0.0285700011253357,8.76921755252498,8.24253857096164,135.680535683895,2708.24144641452,124
"428",2021-05-02,24989,2343,507,128,164.4,97,0,4,91,8,27,108,81,0,1310,91,1279,0.0695900011062622,21,0,6.84658549345456,7.37029263524904,103.991631440162,2574.50980729998,97
"429",2021-05-03,25096,2226,510,102,154.3,107,4,3,100,10,22,98,76,3,1320,104,976,0.174179992675781,140,0.0071399998664856,15.3225154868163,7.9540963630867,129.997809784218,2718.24158249681,107
"430",2021-05-04,25201,2131,511,141,147.4,105,1,2,99,8,23,94,71,1,1328,100,2386,0.0389800000190735,57,0.0175399994850159,3.84797625935961,7.72138830331683,107.5533552106,2249.34199953788,105
"431",2021-05-05,25283,2016,512,114,137.1,82,1,2,75,8,23,88,65,1,1336,76,1904,0.0777299976348877,65,0.0307699990272522,7.61797691384447,7.84011388459603,86.3555744610503,2237.64260675628,82
"432",2021-05-06,25389,1946,514,122,131.9,106,3,6,92,12,22,88,66,2,1348,95,2133,0.0534499979019165,246,0,4.79230119902429,7.62399814169496,107.570384427698,2080.58913785579,106
"433",2021-05-07,25501,1848,517,108,121.9,112,4,4,103,19,23,95,72,3,1367,107,2302,0.0469199991226196,82,0.0122000002861023,4.57257709747193,7.39559285749945,118.061027188911,1969.95119855241,112
"434",2021-05-08,25590,1773,521,136,121.6,89,1,3,85,4,21,86,65,4,1371,86,1901,0.0489200019836426,86,0.0116299998760223,4.73060411475805,6.81864808067561,94.871352104532,1894.0454335039,89
"435",2021-05-09,25673,1711,524,69,113.1,83,0,5,78,4,22,83,61,3,1375,78,1173,0.172210006713867,123,0.00813000023365021,15.6637598691439,8.0782444200598,100.632491722044,2097.78452995406,83
"436",2021-05-10,25766,1645,524,82,110.3,93,3,2,87,9,22,85,63,0,1384,90,715,0.104899997711182,14,0,10.2885457288745,7.35910588321097,105.363480090234,1889.25471942706,93
"437",2021-05-11,25898,1614,526,124,107.9,132,1,6,123,5,21,79,58,2,1389,124,1899,0.0458099985122681,86,0.0232599997520447,4.48330212360065,7.44986672095969,138.02311026317,1718.42983842545,132
"438",2021-05-12,25995,1554,527,115,108,97,3,3,90,8,22,80,58,1,1397,93,2118,0.0495800018310547,174,0.00574999988079071,4.62525933060347,7.02233563763954,102.207862739694,1657.73138384391,97
"439",2021-05-13,26088,1526,527,78,101.7,93,1,1,90,7,20,77,57,0,1404,91,1684,0.0795699977874756,54,0.0185199999809265,7.76731624125886,7.44733778653019,102.200828571753,1697.06004835709,93
"440",2021-05-14,26171,1447,527,128,104.6,83,2,4,75,7,21,70,49,0,1411,77,1738,0.0471799993515015,105,0,4.44920449663102,7.42971312926721,85.9442014991659,1539.91246193887,83
"441",2021-05-15,26245,1399,528,85,97.3,74,2,8,63,7,19,64,45,1,1418,65,1779,0.0522800016403198,61,0,5.05468059337657,7.47600976906985,77.7416570938723,1501.05505037427,74
"442",2021-05-16,26314,1371,529,46,94,69,2,3,63,7,19,67,48,1,1425,65,805,0.0409899997711182,20,0,3.99963028069699,5.80970554214887,71.7519433608098,1450.13714381031,69
"443",2021-05-17,26388,1336,531,87,94.7,74,7,5,59,10,19,71,52,2,1435,66,774,0.229969997406006,19,0,22.4459997468157,7.54648468756904,92.379914226243,1768.78129403425,74
"444",2021-05-18,26467,1304,532,97,90.9,79,1,6,71,5,16,64,48,1,1440,72,1920,0.0265599989891052,56,0,2.58072864671468,7.27468847658533,80.6816241515557,1352.56719296706,79
"445",2021-05-19,26538,1290,536,91,87.4,71,2,5,64,4,14,57,43,4,1444,66,2042,0.0665999984741211,122,0.0163900005817413,6.37693054321293,7.52492722124382,77.0740546011965,1408.7201581143,71
"446",2021-05-20,26598,1245,539,73,86.7,60,5,8,45,11,15,63,48,3,1455,50,1487,0.0511100006103516,65,0.0307699990272522,5.02581319873481,7.13328392945467,61.6265979872938,1335.30228988362,60
"447",2021-05-21,26679,1209,540,77,79.4,81,4,11,63,4,13,59,46,1,1459,67,1682,0.0416200017929077,190,0,3.73957494741831,7.03190827956714,81.6159308258044,1274.24866221489,81
"448",2021-05-22,26738,1177,544,77,78.3,59,0,13,46,8,15,58,43,4,1467,46,1380,0.0623199987411499,101,0.00990000009536743,5.87451034925179,7.14902681612074,62.899891946074,1276.78636566368,59
"449",2021-05-23,26793,1153,545,39,77.3,55,0,4,51,5,12,59,47,1,1472,51,826,0.0375300002098083,14,0.0714300012588501,3.80950002272923,7.12186535069678,57.803891641033,1216.38994239433,55
"450",2021-05-24,26844,1107,547,65,74.1,51,2,11,38,5,11,57,46,2,1477,40,733,0.0832199954986572,30,0,7.99479117962198,5.05740698395482,55.6151963798655,1234.72555981278,51
"451",2021-05-25,26904,1041,548,56,68.3,60,1,12,46,3,11,54,43,1,1480,47,1035,0.0647300004959106,19,0.0526300001144409,6.45118790469088,5.61032973509427,63.3758317901855,1137.92001901241,60
"452",2021-05-26,26960,1000,551,76,66.1,56,1,11,44,1,8,47,39,3,1481,45,1371,0.0320900011062622,61,0.0491800022125244,3.28179969634424,5.1681681855416,58.1313150593845,1047.36255687521,56
"453",2021-05-27,27007,954,551,62,64.6,47,0,8,38,3,9,42,33,0,1484,38,1368,0.0548199987411499,113,0.00884999990463257,5.13124971418748,5.18323054489199,48.8140370829438,1024.64714150338,47
"454",2021-05-28,27042,904,554,65,62.9,35,0,1,30,1,7,34,27,3,1485,30,1589,0.0346099996566772,197,0.0152300000190735,3.24723401221823,5.11289612557769,32.4059112665724,946.364792832715,35
"455",2021-05-29,27077,865,556,45,58.3,35,0,3,31,5,9,36,27,2,1490,31,1074,0.024210000038147,104,0.00962000012397766,2.29219185516668,4.60113634070839,35.0255001498523,893.614762245878,35
"456",2021-05-30,27104,816,558,46,59.3,27,0,3,22,5,8,36,28,2,1495,22,718,0.0905300045013428,34,0,8.6436892595697,5.29173480311417,27.7443841078203,917.791701453698,27
"457",2021-05-31,27152,784,561,40,55.7,48,1,2,41,5,6,35,29,3,1500,42,783,0.0855700016021729,27,0.037039999961853,8.39523348808289,5.34894084718001,49.0886799727976,878.988692825556,48
"458",2021-06-01,27194,748,562,38,53.1,42,1,5,36,2,5,31,26,1,1502,37,1565,0.0172500002384186,27,0.037039999961853,1.75856346558387,4.67856592730758,42.9390372920249,766.983780930666,42
"459",2021-06-02,27225,709,562,48,49.1,31,0,0,30,1,6,30,24,0,1503,30,1688,0.042649998664856,43,0.0232599997520447,4.21683291366926,4.81214210121116,31.8257054712639,752.147505970869,31
"460",2021-06-03,27270,697,562,48,47.1,45,2,4,39,2,5,29,24,0,1505,41,1176,0.0136099994182587,186,0,1.17513651364701,4.24698307256252,45.6953368516231,708.820726477592,45
"461",2021-06-04,27300,649,564,43,44,30,0,0,27,3,6,29,23,2,1508,27,1195,0.0476999998092651,68,0.0147099995613098,4.59238161062873,4.43914701519259,28.7894715687999,692.013594375968,30
"462",2021-06-05,27319,617,567,39,43.1,19,1,0,18,2,4,30,26,3,1510,19,999,0.0160199999809265,90,0.0222199988365173,1.65323965805621,4.34786812989109,19.4533279380168,631.721228302966,19
"463",2021-06-06,27336,568,567,21,39.6,17,0,1,16,3,4,29,25,0,1513,16,608,0.106909999847412,22,0,10.3176634773375,4.58700730385793,19.382453377927,652.577094916408,17
"464",2021-06-07,27363,535,568,17,36.3,27,1,3,23,1,4,27,23,1,1514,24,843,0.00949000000953674,30,0.0666699981689453,1.14549483998944,3.55133035413029,27.3967596040894,543.84443284116,27
"465",2021-06-08,27396,507,569,28,34.9,33,0,2,30,1,3,26,23,1,1515,30,1771,0.0299300003051758,100,0,2.83303209729911,3.70482587294676,33.2265798304549,527.729199134688,33
"466",2021-06-09,27423,481,570,33,32.7,27,1,0,24,2,4,24,20,1,1517,25,1194,0.0594600009918213,26,0,5.81928206428153,3.93374718017708,27.0995802855477,521.395924693938,27
"467",2021-06-10,27452,468,570,20,28.7,29,0,0,28,2,5,21,16,0,1519,28,1216,0.0304299998283386,136,0,2.73689939284465,4.1568561629196,29.1059613090929,486.485353309124,29
"468",2021-06-11,27474,458,570,36,27.7,22,0,1,20,1,4,16,12,0,1520,20,1055,0.017059999704361,96,0,1.56370979045186,3.72418876003719,21.4513456075281,468.335814412393,22
"469",2021-06-12,27492,435,570,29,26.3,18,0,0,18,2,6,17,11,0,1522,18,880,0.011360000371933,44,0,1.08190479732695,3.64256949421873,18.2810506674045,441.792057795608,18
"470",2021-06-13,27513,428,571,18,25.9,21,0,1,18,2,5,16,11,1,1524,18,583,0.132080001831055,17,0,12.8337735112508,4.00201378477777,22.3338798566809,507.272254369969,21
"471",2021-06-14,27532,391,574,22,26.6,19,2,1,16,2,4,15,11,3,1526,18,655,0.0564900016784668,29,0,5.40949577476546,4.61115677546006,20.405246008314,421.525066069487,19
"472",2021-06-15,27559,377,574,22,25.7,27,1,0,24,0,4,15,11,0,1526,25,1518,0.0144900000095367,36,0,1.41543243336401,4.40864253775504,25.5106839640678,384.701114178142,27
"473",2021-06-16,27576,356,574,24,24.4,17,0,0,17,1,4,13,9,0,1527,17,1251,0.0223799991607666,42,0,2.16530386311825,3.88664565187458,17.5312400897642,367.124792468002,17
"474",2021-06-17,27587,314,574,12,23.3,11,0,0,11,0,5,12,7,0,1527,11,1101,0.0208899998664856,123,0.0243899989128113,2.12417154569252,3.79911310228141,11.3372138017241,323.625921249215,11
"475",2021-06-18,27601,284,574,26,21.9,14,1,0,13,1,4,13,9,0,1528,14,864,0.0196800005435944,63,0,1.83425247784958,3.83776205762395,14.3706040998279,291.517968882223,14
"476",2021-06-19,27610,251,574,18,20.3,9,0,0,9,0,3,11,8,0,1528,9,926,0.0194400000572205,37,0,1.86930841671715,3.9502482889654,9.24279880235357,257.771388821194,9
"477",2021-06-20,27622,238,574,7,18.7,12,0,0,10,0,3,11,8,0,1528,10,562,0.0266899991035461,15,0,2.59961516398491,2.48822566792741,10.3751734793414,246.929128808325,12
"478",2021-06-21,27633,228,575,13,17.4,11,0,0,11,2,2,10,8,1,1530,11,520,0.0230800008773804,7,0,2.27734354008308,2.04077534868707,11.3615299689616,235.493530265749,11
"479",2021-06-22,27644,205,575,13,16.1,11,0,0,10,0,2,7,5,0,1530,10,1297,0.0115699994564056,65,0,1.10178335498958,1.99596833749072,10.1590081103152,208.259666261461,11
"480",2021-06-23,27655,192,575,18,15.3,11,0,0,10,0,1,5,4,0,1530,10,1105,0.00814000010490417,18,0,0.800952815308914,1.80106104494653,10.1155925918077,194.219377762709,11
"481",2021-06-24,27661,180,575,8,14.7,6,1,0,5,1,0,5,5,0,1531,6,904,0.00995999991893768,51,0,0.942810463530855,1.63229517606629,6.08163919495379,182.449175848614,6
"482",2021-06-25,27665,159,575,7,12,4,0,0,4,2,0,7,7,0,1533,4,1024,0.00194999992847443,64,0,0.183529405032888,1.39647759423534,4.01059470130834,159.421139377007,4
"483",2021-06-26,27669,144,575,9,10.7,4,0,0,4,1,0,7,7,0,1534,4,764,0.00523999989032745,19,0,0.511284791342295,1.20247421918179,4.029515213907,145.062547700652,4
"484",2021-06-27,27674,130,575,8,10.9,5,0,0,5,0,0,6,6,0,1534,5,398,0.0200999999046326,13,0,1.94642334842914,1.10916110267382,5.14045279278609,133.651772612438,5
"485",2021-06-28,27683,122,575,1,9.1,9,0,0,9,0,0,5,5,0,1534,9,555,0.00180000007152557,5,0,0.178392864231552,0.809311006123604,9.02317090823349,122.314094533832,9
"486",2021-06-29,27686,116,575,8,8.4,3,0,0,3,0,0,4,4,0,1534,3,929,0.00646000027656555,14,0,0.636409359165365,0.742829006720145,3.0275537606725,117.065412079337,3
"487",2021-06-30,27688,101,575,8,7,2,0,1,1,0,0,3,3,0,1534,1,1221,0.000820000022649765,51,0,0.0787122663251072,0.639651785436743,2.00113596640123,101.114732606524,2
"488",2021-07-01,27691,97,575,7,6.9,3,0,0,3,0,0,2,2,0,1534,3,884,0.00225999996066093,74,0,0.208542793864746,0.534756404055871,3.00902899705884,97.2919375715693,3
"489",2021-07-02,27695,86,575,6,6.7,4,0,0,4,2,0,3,3,0,1536,4,785,0.0140100002288818,29,0,1.35108724565998,0.701550381288312,4.07799494477037,87.6768913125629,4
"490",2021-07-03,27701,80,575,6,6.3,6,0,0,6,0,0,2,2,0,1536,6,627,0.00158999994397163,16,0,0.155043540415274,0.650658774013023,6.01342542357335,80.1790056476447,6
"491",2021-07-04,27703,75,576,2,5.4,2,0,0,2,1,0,3,3,1,1537,2,437,0.00685999989509583,34,0,0.636479820415473,0.463523984296785,2.01837120755903,75.6889202834637,2
"492",2021-07-05,27709,74,576,2,5.6,6,0,0,6,0,0,3,3,0,1537,6,505,0.00197999998927116,27,0,0.187951126801116,0.464889450378151,6.01627493465149,74.200724194035,6
"493",2021-07-06,27714,70,576,12,6.1,5,0,2,3,0,0,3,3,0,1537,3,1174,0.00596000015735626,28,0,0.582116487914829,0.457133325913789,5.02520311519705,70.5880726879311,5
"494",2021-07-07,27720,69,576,6,5.9,6,0,0,6,0,0,3,3,0,1537,6,1218,0.0320199990272522,23,0,3.14265582717109,0.894839548891786,6.27212669107029,72.1294569473083,6
"495",2021-07-08,27722,60,577,5,5.6,2,0,0,2,1,0,4,4,1,1538,2,933,0.00321999996900558,87,0,0.294535291282569,0.907124191380046,2.00850139909554,60.2550419728663,2
"496",2021-07-09,27724,58,577,3,5.1,2,0,0,2,0,0,3,3,0,1538,2,823,0.00486000001430511,56,0,0.455037544001491,0.77911709114312,2.01313409930663,58.3808888798923,2
"497",2021-07-10,27725,54,577,0,4.3,1,0,0,1,0,0,3,3,0,1538,1,930,0,22,0,0,0.756968013940938,1,54,1
"498",2021-07-11,27730,56,577,0,4,5,0,0,5,0,0,3,3,0,1538,5,422,0.00237000003457069,8,0,0.23259070106717,0.699269568319752,5.01678361162659,56.1879764502178,5
"499",2021-07-12,27733,54,577,1,3.9,3,0,1,2,0,0,2,2,0,1538,2,460,0.00216999992728233,16,0,0.209705875325603,0.702377389537536,3.00605290228909,54.1634283618055,3
"500",2021-07-13,27735,53,577,2,2.4,2,0,0,2,0,0,2,2,0,1538,2,1188,0.000839999988675117,14,0,0.0830216294963427,0.63107812404918,2.00239631727267,53.0635024077257,2
"501",2021-07-14,27740,55,577,0,1.6,5,0,0,5,0,0,1,1,0,1538,5,1098,0,15,0,0,0.182127291596168,5,55,5
"502",2021-07-15,27751,61,577,1,1,11,0,0,11,0,0,1,1,0,1538,11,947,0.00105999998748302,31,0,0.102640080587569,0.154713690068311,11.0162941886,61.0903586822362,11
"503",2021-07-16,27754,61,577,8,1.7,3,0,0,3,0,0,1,1,0,1538,3,867,0.00460999995470047,34,0,0.443603769225894,0.153080293671797,3.01920611618079,61.3905243623427,3
"504",2021-07-17,27756,58,577,5,2.4,2,0,0,2,0,0,1,1,0,1538,2,761,0.00263000011444092,18,0,0.256922989356809,0.189783577865627,2.00741576623919,58.2150572209364,2
"505",2021-07-18,27764,63,577,4,3,8,0,0,8,0,0,1,1,0,1538,8,214,0.00467000007629395,17,0,0.432632041699959,0.21836091224174,8.04994956810772,63.3933528488483,8
"506",2021-07-19,27773,68,577,2,3.1,9,0,0,9,0,0,1,1,0,1538,9,367,0,10,0,0,0.188402930052368,9,68,9
"507",2021-07-20,27777,69,577,10,4.3,4,0,0,4,0,0,1,1,0,1538,4,1142,0.00437999993562698,22,0,0.429721643168901,0.237931503434162,4.02480677390246,69.4279168498175,4
"508",2021-07-21,27782,72,577,12,6,5,0,0,5,0,0,1,1,0,1538,5,1058,0.0103999996185303,8,0,1.03219508409053,0.385387944018523,5.0744826054299,73.0725495181905,5
"509",2021-07-22,27787,74,577,5,6.6,5,0,0,5,1,0,2,2,0,1539,5,1046,0.00477999985218048,28,0,0.46553816064998,0.437230526884582,5.03359296674311,74.497175907798,5
"510",2021-07-23,27799,82,577,3,5.9,12,0,0,12,0,0,2,2,0,1539,12,928,0.00647000014781952,38,0,0.621548668444774,0.462651226772993,12.1076414292782,82.7355497667341,12
"511",2021-07-24,27802,84,577,2,5.4,3,0,0,3,0,0,2,2,0,1539,3,713,0.0028099998831749,16,0,0.274832636036173,0.465209747727188,3.01189905926001,84.3331736592803,3
"512",2021-07-25,27809,86,577,7,5.9,7,0,0,7,0,0,2,2,0,1539,7,410,0.00244000002741814,14,0,0.235943398877698,0.437111370181151,7.02383575652952,86.2928392945056,7
"513",2021-07-26,27818,90,577,5,6.3,9,0,0,9,1,0,3,3,0,1540,9,410,0,10,0,0,0.437111370181151,9,90,9
"514",2021-07-27,27826,97,577,7,5.9,8,0,0,8,0,0,3,3,0,1540,8,1125,0.0106700003147125,5,0,1.06227879239394,0.5274766772133,8.12264548571477,98.4870765142915,8
"515",2021-07-28,27832,97,577,8,5.3,6,0,0,6,0,0,2,2,0,1540,6,1074,0.00372000008821487,11,0,0.368228580160624,0.432624319509027,6.03188539585222,97.5154805662775,6
"516",2021-07-29,27836,93,577,9,5.9,4,0,0,4,0,0,2,2,0,1540,4,1234,0.00243000000715256,15,0,0.240081666038932,0.400416248850306,4.01385932429104,93.3222292897666,4
"517",2021-07-30,27839,88,577,4,6,3,0,0,3,0,0,2,2,0,1540,3,940,0.00745000004768372,21,0,0.72872008791079,0.415726451631166,3.03155041422689,88.9254788173222,3
"518",2021-07-31,27846,89,577,8,6.9,7,0,0,7,0,0,1,1,0,1540,7,936,0.00962000012397766,8,0,0.953847469919819,0.512728570757401,7.0963607211198,90.2251577399518,7
"519",2021-08-01,27855,91,577,1,6,9,0,0,7,0,0,1,1,0,1540,7,563,0.00178000003099442,13,0,0.173982641918378,0.503877034048927,7.01757628275619,91.2284916758304,9
"520",2021-08-02,27866,93,577,3,5.7,11,0,0,11,1,0,2,2,0,1541,11,462,0.0043299999833107,4,0,0.429283260147971,0.565203214070065,11.0681490346034,93.5761691107381,11
"521",2021-08-03,27883,105,577,10,6.1,17,0,0,16,0,0,2,2,0,1541,16,550,0.0109099996089935,3,0,1.08508133543335,0.568460720218552,16.2505563104095,106.644275787062,17
"522",2021-08-04,27895,114,577,15,7.1,12,0,0,10,2,0,4,4,0,1543,10,1289,0.00776000022888184,22,0,0.762977901985408,0.624853480479235,10.1101120958649,115.255277892859,12
"523",2021-08-05,27915,127,577,9,7.1,20,0,0,20,0,1,4,3,0,1543,20,1482,0.00472000002861023,19,0,0.466025319280504,0.657131145228031,20.1345124793222,127.854154243696,20
"524",2021-08-06,27929,129,577,15,8.7,14,0,0,12,1,1,5,4,0,1544,12,1109,0.00541000008583069,44,0,0.520354735055181,0.627364666248658,12.0901163983717,129.968751282496,14
"525",2021-08-07,27942,139,577,13,9.4,13,0,0,13,0,1,5,4,0,1544,13,846,0.01182000041008,14,0,1.16275817987531,0.657209053385157,13.2181503052552,141.33253018696,13
"526",2021-08-08,27962,151,577,5,10,20,0,0,19,1,1,4,3,0,1545,19,612,0.00653999984264374,4,0,0.6497532311198,0.725176280413932,19.1781661182926,152.41595178222,20
"527",2021-08-09,27976,159,577,13,11.4,14,0,0,14,1,1,4,3,0,1546,14,556,0.0143900001049042,9,0,1.41607788642951,0.866146941311295,14.2861134313427,162.249431113106,14
"528",2021-08-10,27996,174,577,18,12.6,20,3,0,17,1,1,5,4,0,1547,20,1264,0.0102799999713898,16,0,1.01514999717474,0.856156750131494,20.2930105669253,176.54919193225,20
"529",2021-08-11,28011,180,577,20,13.3,15,2,0,13,0,1,5,4,0,1547,15,1296,0.0108000004291534,8,0,1.07337427578089,0.900499089245134,15.2323622168731,182.788346602477,15
"530",2021-08-12,28030,194,577,18,14.6,19,3,0,16,0,1,4,3,0,1547,19,1053,0.0133000004291534,38,0,1.28367556845999,1.01730626769935,19.3519913133566,197.594016567957,19
"531",2021-08-13,28047,208,577,26,16.1,17,3,0,14,0,1,4,3,0,1547,17,1077,0.0213599991798401,14,0,2.10859020317945,1.24419704885996,17.5173258441426,214.329633857745,17
"532",2021-08-14,28064,216,577,16,16.6,17,2,0,15,1,1,5,4,0,1548,17,1005,0.0119400000572205,12,0,1.17991151007931,1.24664752460339,17.2894819093084,219.678123082977,17
"533",2021-08-15,28082,213,577,8,17,18,1,0,17,0,1,5,4,0,1548,18,543,0.0221000003814697,2,0,2.20188994626386,1.46838134105254,18.5719936176248,219.768591141893,18
"534",2021-08-16,28101,216,577,21,18.1,19,0,0,19,0,1,4,3,0,1548,19,611,0.0114600002765656,8,0,1.1311890418387,1.42768293468242,19.3101786201081,219.526241154913,19
"535",2021-08-17,28122,212,577,18,18.1,21,0,0,21,0,1,4,3,0,1548,21,1323,0.0158700001239777,10,0,1.57509453593567,1.50767501164827,21.4773632580712,216.819095748147,21
"536",2021-08-18,28153,225,577,24,18.7,31,0,0,31,0,1,3,2,0,1548,31,1295,0.015440000295639,12,0,1.52982405377601,1.57288212279043,31.6844256046276,229.967605194878,31
"537",2021-08-19,28175,232,577,19,18.9,22,0,0,22,3,1,6,5,0,1551,22,1279,0.0172000002861023,17,0,1.69743829983988,1.63199108441613,22.5389391675468,237.68335849413,22
"538",2021-08-20,28194,232,577,17,17.6,19,0,0,19,0,2,6,4,0,1551,19,1142,0.014889999628067,50,0,1.42654191067555,1.53455561405843,19.3911660960404,236.776343909546,19
"539",2021-08-21,28217,241,577,27,19.1,23,1,0,22,1,2,7,5,0,1552,23,879,0.0182000005245209,12,0,1.79548826723388,1.62249515079479,23.5959824578016,247.24485966653,23
"540",2021-08-22,28248,258,577,17,20.4,31,0,0,31,1,1,6,5,0,1553,31,520,0.0173099994659424,6,0,1.71125470005514,1.55240440133641,31.7655955793518,264.371730950735,31
"541",2021-08-23,28289,277,577,16,19.7,41,1,0,40,0,1,4,3,0,1553,41,575,0.0139100003242493,11,0.0909099960327148,1.53553927351591,1.61016872014743,41.9085897949647,283.138521297689,41
"542",2021-08-24,28321,291,577,26,20.9,32,1,0,31,0,1,4,3,0,1553,32,1233,0.0154100000858307,23,0,1.51278105938131,1.60126679492538,32.6986330486361,297.353194286035,32
"543",2021-08-25,28348,308,577,27,21.3,27,0,0,26,2,1,6,5,0,1555,26,1318,0.0197300004959106,68,0,1.8762006243586,1.65074916215147,26.7040049186629,316.33975057493,27
"544",2021-08-26,28376,316,577,44,24.9,28,2,0,24,3,1,9,8,0,1558,26,1198,0.0125199997425079,22,0,1.22942292553479,1.58388982296503,26.4613151575884,321.606753453767,28
"545",2021-08-27,28409,333,577,24,25.9,33,0,0,33,2,1,10,9,0,1560,33,896,0.0278999996185303,9,0,2.7622541058788,1.7747058508512,34.3155296382634,346.274889986112,33
"546",2021-08-28,28441,337,577,38,27.4,32,0,0,29,2,1,12,11,0,1562,29,1115,0.0242199993133545,16,0,2.38773644866404,1.85931273391266,29.9993266197466,348.612864512228,32
"547",2021-08-29,28480,358,577,28,29,39,0,0,35,1,0,11,11,0,1563,35,537,0.0260700011253357,2,0,2.59732664272825,1.98589444000881,36.311951209023,371.419386652293,39
"548",2021-08-30,28517,380,577,20,29.6,37,0,0,36,1,1,10,9,0,1564,36,627,0.0111600005626678,9,0,1.10020760264036,1.92370420131231,36.5716105183552,386.033666582639,37
"549",2021-08-31,28547,388,577,22,29,30,0,0,24,0,1,8,7,0,1564,24,553,0.0361700010299683,16,0,3.51529183999516,2.20977716997143,25.2175749291966,407.684128022011,30
"550",2021-09-01,28586,399,577,55,33,39,0,0,37,2,1,10,9,0,1566,37,807,0.0309800004959106,5,0,3.07892369460589,2.38159475143533,38.6440829262731,416.729434799539,39
"551",2021-09-02,28631,427,577,34,31.6,45,0,1,39,1,1,11,10,0,1567,39,1298,0.0169500005245209,8,0,1.68461720373875,2.44662250546447,40.9481758896933,437.381310382027,45
"552",2021-09-03,28683,459,577,50,35.3,52,0,1,49,1,2,6,4,0,1568,49,1050,0.035239999294281,45,0.0222199988365173,3.47049307823181,2.5477995015149,52.45420214808,481.989362978954,52
"553",2021-09-04,28738,490,577,38,35.3,55,0,0,52,0,2,6,4,0,1568,52,911,0.0318300008773804,8,0,3.1552917083018,2.65745025289172,54.3679140211566,512.313035968591,55
"554",2021-09-05,28764,484,577,23,34.6,26,0,0,25,2,1,8,7,0,1570,25,412,0.0388299989700317,6,0,3.82726305637633,2.83315545484145,26.3808655383961,510.733556823348,26
"555",2021-09-06,28824,501,577,29,35.9,60,0,1,53,1,1,9,8,0,1571,53,519,0.0346799993515015,2,0,3.45468707551426,3.169509665252,56.6424553283875,525.978681500418,60
"556",2021-09-07,28889,526,577,50,39.9,65,1,2,56,1,1,9,8,0,1572,57,825,0.0460599994659424,11,0.0909099960327148,4.66501309997157,3.33375555953435,62.8375212434436,561.412915334234,65
"557",2021-09-08,28941,538,578,66,41.4,52,0,1,50,2,1,8,7,1,1574,50,1376,0.03125,17,0,3.08686288585786,3.3348897297132,53.2274625590386,561.967497135256,52
"558",2021-09-09,29011,583,578,58,44.9,70,0,3,63,3,2,11,9,0,1577,63,1485,0.0343400001525879,13,0,3.40419894703558,3.58054426446989,69.0951275559737,611.642212144963,70
"559",2021-09-10,29077,613,578,62,46.6,66,0,0,58,0,1,8,7,0,1577,58,1263,0.0332500004768372,35,0,3.23534288152892,3.54695137922662,60.7081416521732,641.622255737623,66
"560",2021-09-11,29131,635,578,44,47.4,54,0,0,49,1,1,8,7,0,1578,49,1162,0.0309800004959106,15,0,3.05851831573901,3.5331266088605,51.1628690941672,663.029017852983,54
"561",2021-09-12,29186,647,578,53,51.7,55,0,1,50,2,1,9,8,0,1580,50,585,0.0598299980163574,3,0,5.95247429244372,3.83672821401299,55.2952713192422,702.580810870994,55
"562",2021-09-13,29248,676,578,36,52.7,62,0,0,55,5,4,14,10,0,1585,55,530,0.0301900005340576,20,0,2.90921823328191,3.75880409369408,57.3092027159469,704.382200654184,62
"563",2021-09-14,29310,696,578,63,54.6,62,0,2,55,2,5,11,6,0,1587,55,1224,0.0334999990463257,29,0,3.27246598824443,3.55986879201878,59.5975319628645,728.870586293704,62
"564",2021-09-15,29357,708,578,58,53.4,47,0,1,42,2,6,12,6,0,1589,42,1537,0.0305800008773804,13,0,3.03235234506669,3.55208157190575,44.8380275748984,738.98389340543,47
"565",2021-09-16,29417,736,578,63,54.1,60,1,1,50,1,7,12,5,0,1590,51,1708,0.0316199994087219,39,0,3.09141150487104,3.50739765159653,54.2753597127665,768.836563697964,60
"566",2021-09-17,29477,733,579,90,58.1,60,1,2,46,0,7,10,3,1,1590,47,1417,0.0310500001907349,4,0,3.09625969530411,3.48752862499299,51.1001886482844,765.754005940266,60
"567",2021-09-18,29539,749,579,44,58.1,62,0,5,50,0,7,9,2,0,1590,50,1575,0.0298399996757507,28,0,2.93187769739909,3.46943710808728,57.1156261356979,780.692079512755,62
"568",2021-09-19,29582,740,579,60,59.1,43,2,1,39,3,7,10,3,0,1593,41,1058,0.0321399998664856,3,0,3.20491233352891,3.07692825681374,43.8963700181589,774.227166181404,43
"569",2021-09-20,29633,719,579,60,62.6,51,2,0,40,2,8,12,4,0,1595,42,1220,0.0385199999809265,66,0.0606099987030029,3.965370131503,3.22780709941675,44.4035662142754,760.146764477714,51
"570",2021-09-21,29693,718,579,36,58.7,60,0,0,51,1,7,13,6,0,1596,51,1196,0.0200699996948242,23,0,1.96913204552992,3.04161653617182,52.4493326813517,738.404330690403,60
"571",2021-09-22,29744,705,579,63,59.4,51,0,0,42,5,9,17,8,0,1601,42,2383,0.0180400002002716,29,0,1.7823101358726,2.86303907771552,43.0803280107222,723.134077322837,51
"572",2021-09-23,29780,677,579,44,56.7,36,0,0,29,3,9,18,9,0,1604,29,1528,0.0274900007247925,48,0,2.66527418194689,2.80216231729779,30.1154830092044,703.040758525221,36
"573",2021-09-24,29824,671,579,56,51.9,44,1,0,34,2,8,17,9,0,1606,35,2089,0.0181900000572205,48,0,1.77814272903761,2.61385989354543,35.8981683184545,688.219169762371,44
"574",2021-09-25,29868,666,579,62,54.4,44,0,1,35,2,10,17,7,0,1608,35,1935,0.0273900008201599,32,0,2.6944408534321,2.57994034440729,37.3610051493516,691.89798369909,44
"575",2021-09-26,29916,644,579,38,51.3,48,1,0,38,3,11,18,7,0,1611,39,1060,0.0339599990844727,4,0,3.38323299149822,2.60541472411719,40.904230791799,675.444221279962,48
"576",2021-09-27,29957,625,579,31,47.1,41,0,0,29,0,11,18,7,0,1611,29,852,0.0164300000667572,15,0.0666699981689453,1.72992041861722,2.28606476513351,29.7240143799516,640.603758188613,41
"577",2021-09-28,30002,601,580,44,48.3,45,1,1,32,3,11,19,8,1,1614,33,1723,0.0203099989891052,35,0,1.99056474733949,2.28912657967773,34.9480108714235,618.265288900774,45
"578",2021-09-29,30047,589,580,65,48.6,45,1,0,37,0,11,19,8,0,1614,38,2041,0.0215599989891052,8,0,2.14758213454191,2.34130829377335,39.1777590454347,607.255265204238,45
"579",2021-09-30,30095,592,580,61,51,48,2,0,38,3,12,21,9,0,1617,40,1837,0.017960000038147,29,0,1.76808789228703,2.21313882382194,41.0206736681962,607.105970289303,48
"580",2021-10-01,30138,575,580,48,49.9,43,0,0,24,1,11,20,9,0,1618,24,1834,0.0196300005912781,13,0,1.94918359958874,2.23757323390067,24.6751294604501,591.174976656616,43
"581",2021-10-02,30174,557,580,60,49.6,36,0,0,28,0,9,15,6,0,1618,28,1477,0.0189600002765656,13,0,1.87945774553607,2.12114707562981,28.7594753223564,572.108134091162,36
"582",2021-10-03,30201,543,581,37,49.4,27,5,0,18,2,7,14,7,1,1620,23,1029,0.0213800001144409,12,0,2.11335447817096,1.9397358594402,23.7014928580105,559.561331386945,27
"583",2021-10-04,30245,540,582,25,48.6,44,1,0,40,0,4,10,6,1,1620,41,1256,0.0199000000953674,8,0,1.97740507276752,1.9750908100331,42.1700450132508,555.410348955011,44
"584",2021-10-05,30295,537,582,33,47,50,1,0,42,0,4,9,5,0,1620,43,1637,0.0116100001335144,13,0,1.15185274051897,1.85527480905874,43.7148064864547,545.926769377353,50
"585",2021-10-06,30336,528,582,28,41.7,41,1,0,33,0,4,8,4,0,1620,34,1958,0.0127699995040894,36,0,1.25394478580778,1.72761233066815,34.6152907699638,537.555103721791,41
"586",2021-10-07,30373,517,582,53,40.6,37,1,0,31,2,3,8,5,0,1622,32,1681,0.0184399998188019,9,0,1.83417986363349,1.7370540408605,32.8470615505996,530.685338176875,37
"587",2021-10-08,30401,499,584,58,42,28,0,0,19,0,2,6,4,2,1622,19,2154,0.0246099996566772,13,0,2.44623623721655,1.80806156052162,19.670772216185,516.616596625069,28
"588",2021-10-09,30430,479,584,37,38.7,29,1,0,26,3,3,7,4,0,1625,27,1520,0.0184200000762939,12,0,1.82757180913621,1.80064928389307,27.7121332828309,491.633771943556,29
"589",2021-10-10,30451,441,585,20,36.3,21,0,0,19,2,3,7,4,1,1627,19,1009,0.0178400003910065,24,0,1.7425518290925,1.74767747688186,19.4778178552156,452.090403902637,21
"590",2021-10-11,30470,419,585,18,35.3,19,0,0,17,1,4,8,4,0,1628,17,635,0.0220499992370605,7,0,2.18095786846315,1.77675644769552,17.5350806755342,432.188164885226,19
"591",2021-10-12,30504,419,585,31,35,34,0,0,27,2,5,8,3,0,1630,27,1118,0.0143099999427795,12,0,1.41580353416172,1.8144637039302,27.5516832846654,427.561307269438,34
"592",2021-10-13,30526,414,585,24,34.4,22,0,0,20,0,5,8,3,0,1630,20,1674,0.0203099989891052,9,0,2.02013893688426,1.92392001122684,20.5830882695284,426.069927179238,22
"593",2021-10-14,30546,401,585,39,32.4,20,0,0,17,0,5,7,2,0,1630,17,1288,0.0116499996185303,33,0,1.13589701049713,1.82416531792165,17.2786833017285,407.573647293714,20
"594",2021-10-15,30582,386,585,33,28.9,36,1,0,20,2,5,9,4,0,1632,21,1605,0.0155799996852875,15,0,1.54357404289422,1.6952135758756,21.4678103551114,394.598799860619,36
"595",2021-10-16,30612,380,586,22,26.7,30,0,0,24,1,4,9,5,1,1633,24,1409,0.0156099998950958,8,0,1.55218700438885,1.65587288948312,24.5376236363838,388.512374242744,30
"596",2021-10-17,30637,371,586,34,28.7,25,1,0,20,0,4,9,5,0,1633,21,815,0.0368099999427795,8,0,3.64521870636273,1.92768244337887,22.1047549454024,390.517337368776,25
"597",2021-10-18,30673,376,586,23,29.4,36,3,0,23,1,3,10,7,0,1634,26,812,0.0135500001907349,20,0,1.32242790323038,1.80503530548847,26.4962133240786,383.17600807129,36
"598",2021-10-19,30695,360,586,23,28.3,22,0,0,19,3,2,12,10,0,1637,19,1138,0.0105400002002716,9,0,1.04572974959975,1.75216762197962,19.2867451847037,365.433066657544,22
"599",2021-10-20,30721,355,586,35,29.9,26,1,0,20,1,3,12,9,0,1638,21,1788,0.0134200000762939,19,0,1.32788932686295,1.653274820548,21.4024428762637,361.803201003506,26
"600",2021-10-21,30739,344,586,44,30.6,18,0,0,15,0,3,12,9,0,1638,15,1305,0.0214599990844727,7,0,2.13455021381379,1.79593956387895,15.4620837585732,354.59712086328,18
"601",2021-10-22,30765,330,586,34,30.7,26,0,0,12,0,2,9,7,0,1638,12,1417,0.0218799996376038,19,0,2.15905010351564,1.8838647153963,12.3739099620422,340.282523956161,26
"602",2021-10-23,30789,331,586,22,30.7,24,0,1,20,0,1,7,6,0,1638,20,1331,0.0120200002193451,9,0,1.19392688745883,1.83268469869201,21.3446123185099,336.703333871339,24
"603",2021-10-24,30809,324,587,14,27.9,20,0,0,12,1,1,7,6,1,1639,12,822,0.00243000000715256,8,0,0.240657832033663,1.34631885950214,12.0416777548119,325.125299379921,20
"604",2021-10-25,30835,316,587,15,26.7,26,0,2,19,3,1,7,6,0,1642,19,815,0.0135000002384186,5,0,1.34176831637941,1.34908177566629,21.3679206830035,322.119101885742,26
"605",2021-10-26,30857,303,587,30,27.7,22,0,6,14,3,2,9,7,0,1645,14,1386,0.0180400002002716,10,0,1.79107738378055,1.45556000912069,20.3618807277373,310.832132893171,22
"606",2021-10-27,30883,312,587,35,27.7,26,1,5,19,2,2,10,8,0,1647,20,1365,0.014650000333786,9,0,1.45540396329097,1.47377638575326,25.4200844619771,318.553317606844,26
"607",2021-10-28,30908,304,587,26,25.1,25,1,6,17,4,3,14,11,0,1651,18,1856,0.0113100004196167,41,0,1.10655565518232,1.32692002023448,24.2874543177714,308.854784033472,25
"608",2021-10-29,30929,299,587,12,22,21,0,1,17,1,3,15,12,0,1652,17,1548,0.0148599994182587,18,0,1.46891948272442,1.22832993155002,18.3603877179321,305.338583980101,21
"609",2021-10-30,30952,290,587,28,22.9,23,0,2,20,1,2,16,14,0,1653,20,1178,0.0118799996376038,7,0,1.18098224245547,1.22648069654954,22.3408760058648,294.94270208504,23
"610",2021-10-31,30973,276,588,32,25.4,21,0,2,16,0,1,15,14,1,1653,16,936,0.0181599998474121,7,0,1.80251960309414,1.44960380670104,18.4162200993087,283.179796713075,21
"611",2021-11-01,31024,302,588,13,25.1,51,0,10,37,1,1,14,13,0,1654,37,773,0.0116400003433228,14,0,1.14329355341659,1.42125026913492,47.6104956138352,306.982964199412,51
"612",2021-11-02,31074,330,588,31,25.3,50,1,6,37,3,0,16,16,0,1657,38,1531,0.0267799997329712,17,0,2.64859041286685,1.54375213043296,45.45251781817,342.613970526213,50
"613",2021-11-03,31117,352,588,44,26.6,43,0,19,22,2,0,17,17,0,1659,22,1657,0.0169000005722046,11,0,1.67885497291025,1.57567370323572,41.5330389337966,360.528622940745,43
"614",2021-11-04,31150,371,588,33,27.6,33,2,5,23,4,0,20,20,0,1663,25,1511,0.0258100008964539,35,0,2.52256865165212,1.77796127415998,30.9101355375877,384.506411377802,33
"615",2021-11-05,31189,388,590,45,32.3,39,0,7,23,2,1,20,19,2,1665,23,1264,0.0213599991798401,15,0.0666699981689453,2.18913908802596,1.88084978920306,30.7266482983825,400.25824085967,39
"616",2021-11-06,31222,394,591,40,34,33,3,4,21,3,1,21,20,1,1668,24,1414,0.0212199997901917,10,0.1,2.17732301287437,2.02318418497718,28.7541490248623,406.380613158155,33
"617",2021-11-07,31260,413,592,39,35,38,3,3,27,6,3,25,22,1,1674,30,1016,0.0255900001525879,10,0,2.53405849464223,2.12768974091263,34.0971372479981,428.103922780774,38
"618",2021-11-08,31324,449,593,36,38.3,64,6,7,45,1,2,24,22,1,1675,51,849,0.0270900011062622,13,0.0769199991226196,2.7841497596068,2.36209777036837,60.0492070328832,467.041057995384,64
"619",2021-11-09,31366,465,593,39,39.4,42,0,9,29,3,2,26,24,0,1678,29,1627,0.0215100002288818,21,0.0476200008392334,2.18427126153001,2.29576646303454,38.9141714185482,479.658265849135,42
"620",2021-11-10,31407,483,593,34,38,41,1,5,28,5,2,30,28,0,1683,29,1507,0.00995000004768372,72,0.0555600023269653,1.20297468267263,2.22778356442916,34.5034745873853,491.385456058866,41
"621",2021-11-11,31454,488,594,48,40.1,47,1,5,35,3,5,33,28,1,1686,36,1632,0.0208299994468689,24,0,2.05281153969143,2.16067540557763,42.0665338664018,502.45745907789,47
"622",2021-11-12,31513,509,594,50,40.9,59,1,2,36,1,5,34,29,0,1687,37,1517,0.0184599995613098,29,0.0344799995422363,1.87605040887657,2.11594845141344,40.0017729414552,522.7811466811,59
"623",2021-11-13,31549,526,595,43,41.3,36,1,5,28,1,3,32,29,1,1688,29,1627,0.0196700000762939,20,0,1.94311415447056,2.08249004307004,34.8132412188352,540.750513141632,36
"624",2021-11-14,31582,535,595,43,41.9,33,1,2,27,0,3,28,25,0,1688,28,912,0.037279999256134,8,0,3.69558253495589,2.24842204882913,31.493358253835,563.533809492919,33
"625",2021-11-15,31622,533,597,41,42.6,40,1,3,34,1,2,24,22,2,1689,35,921,0.0217199993133545,18,0,2.1303641499041,2.15502410458589,39.0760809888702,549.387176201938,40
"626",2021-11-16,31672,549,598,42,43,50,1,3,37,1,1,24,23,1,1690,38,1729,0.0208200001716614,24,0,2.0534957385512,2.13634188701748,42.1261609704889,565.270062442063,50
"627",2021-11-17,31694,517,598,44,44.4,22,0,1,12,1,2,23,21,0,1691,12,1886,0.0148500001430511,19,0.0526300001144409,1.52268085417159,2.18201419723162,13.2637018656763,528.361155379555,22
"628",2021-11-18,31731,506,598,39,43.1,37,2,1,21,1,3,21,18,0,1692,23,1686,0.0183899998664856,42,0.0238100004196167,1.85217359910409,2.15335163429057,24.6147982106115,519.525560633452,37
"629",2021-11-19,31767,505,599,25,39.6,36,0,2,24,2,2,19,17,1,1694,24,1564,0.0140699994564056,40,0,1.37191266520065,2.08133195662258,26.4751828702216,514.998639560913,36
"630",2021-11-20,31808,488,600,50,40.6,41,1,0,36,1,2,16,14,1,1695,37,1680,0.0166700005531311,76,0.0131599998474121,1.65180870829519,2.03971689288324,37.8820324126691,499.63329236169,41
"631",2021-11-21,31850,490,600,25,38,42,2,2,30,1,1,16,15,0,1696,32,924,0.0238100004196167,5,0,2.36818518705337,1.85008870032574,35.0936760654861,506.746914752756,42
"632",2021-11-22,31904,483,600,31,36.6,54,2,2,41,2,0,18,18,0,1698,43,1048,0.0152699995040894,18,0,1.50121571109622,1.76021035192462,45.9316110385568,493.464375154021,54
"633",2021-11-23,31951,492,601,27,34.4,47,3,1,30,2,0,17,17,1,1700,33,1457,0.0102999997138977,9,0,1.0236766427796,1.61309333824296,34.4875282692886,499.268603287576,47
"634",2021-11-24,32000,502,601,46,34.7,49,1,1,36,1,0,15,15,0,1701,37,1743,0.0183599996566772,16,0,1.81929956802663,1.65546744022225,38.9714691412485,515.180473213696,49
"635",2021-11-25,32044,508,602,60,37.7,44,2,0,37,0,0,13,13,1,1701,39,1548,0.0219600009918213,6,0,2.18752133432042,1.70337425953887,40.23123222462,524.037588977101,44
"636",2021-11-26,32084,500,602,51,41.4,40,8,1,27,3,1,15,14,0,1704,35,1853,0.0221300005912781,40,0,2.16623830404851,1.81684935080285,37.0942015976254,515.631451394649,40
"637",2021-11-27,32113,499,602,43,40.4,29,6,0,18,2,1,16,15,0,1706,24,1818,0.0203500008583069,2,0,2.03276382200011,1.87127150990355,24.7040787448955,513.638970570952,29
"638",2021-11-28,32178,533,602,22,40,65,13,1,39,1,2,15,13,0,1707,52,1272,0.0117900002002716,46,0,1.13785130916127,1.69550952734754,53.8539096597203,541.752574012133,65
"639",2021-11-29,32228,539,602,26,39.3,50,7,0,35,1,2,16,14,0,1708,42,989,0.0161800003051758,16,0,1.59224082605163,1.70851311519831,42.9651195544354,551.385700948588,50
"640",2021-11-30,32296,570,602,61,44.1,68,6,1,49,2,2,17,15,0,1710,55,1907,0.0272699999809265,25,0,2.69171273103659,1.94680398494931,58.1365569203265,592.142498992475,68
"641",2021-12-01,32374,608,602,62,46.4,78,4,0,54,0,2,17,15,0,1710,58,1958,0.0194099998474121,72,0.0138900005817413,1.92142166222257,1.96139285554873,59.6083247511601,624.859680150093,78
"642",2021-12-02,32445,634,602,64,47,71,6,0,50,0,2,15,13,0,1710,56,2077,0.0245499992370605,19,0,2.43274563050452,1.99642489786074,57.9661099339178,656.259173180426,71
"643",2021-12-03,32536,694,602,59,48.1,91,7,0,68,1,2,12,10,0,1711,75,1911,0.0245900011062622,12,0,2.44365533614493,2.03605590244594,77.6449915187657,718.474988186979,91
"644",2021-12-04,32590,715,602,70,52,54,2,0,45,0,2,12,10,0,1711,47,1446,0.0242000007629395,6,0.166669998168945,2.4788719760485,2.09978563873857,48.6814154163306,740.578979205881,54
"645",2021-12-05,32668,751,602,35,53.9,78,5,1,58,0,2,11,9,0,1711,63,1461,0.0246399998664856,10,0,2.44724947688208,2.28684251984155,66.2250607000616,777.524136281686,78
"646",2021-12-06,32777,812,602,69,60,109,4,3,82,0,2,10,8,0,1711,86,1178,0.0348000001907349,14,0,3.439127535628,2.55068347835246,93.2684461020675,852.30207249859,109
"647",2021-12-07,32875,858,602,70,61.3,98,4,2,72,2,1,11,10,0,1713,76,1905,0.0278200006484985,22,0.0454500007629395,2.80212772455497,2.56645704885508,81.0734389348624,892.697507975157,98
"648",2021-12-08,32984,912,602,44,58.7,109,5,4,87,2,1,12,11,0,1715,92,2324,0.0249600005149841,13,0,2.48211558394622,2.64655618052989,99.2955878871809,944.669306012055,109
"649",2021-12-09,33108,999,602,147,70.6,124,5,3,94,1,1,13,12,0,1716,99,1969,0.0304699993133545,15,0,3.02396313749975,2.73101582438635,106.320507433328,1042.59784773631,124
"650",2021-12-10,33277,1135,603,87,74.6,169,6,6,128,3,0,14,14,1,1719,134,2152,0.0399600005149841,23,0,3.95374349922969,2.94674270482703,147.646036352906,1199.76306910857,169
"651",2021-12-11,33405,1220,603,150,86,128,3,4,104,0,0,13,13,0,1719,107,1669,0.0437400007247925,12,0,4.34277580069475,3.21301467977649,117.706165330926,1296.46281966102,128
"652",2021-12-12,33590,1343,604,106,96.1,185,4,4,157,1,0,14,14,1,1720,161,1977,0.0364199995994568,14,0.0714300012588501,3.66661774112255,3.38721014609656,173.519509289681,1414.0664656897,185
"653",2021-12-13,33887,1578,604,100,100.6,297,5,9,262,1,0,15,15,0,1721,267,2090,0.0377999997138977,79,0.0126600003242493,3.68843427513425,3.42282539459745,290.212693149558,1661.9986134457,297
"654",2021-12-14,34194,1815,604,199,119,307,4,3,266,2,0,16,16,0,1723,270,2041,0.0494899988174438,12,0,4.9200724591526,3.7253889281114,292.17159880989,1943.87574755537,307
"655",2021-12-15,34520,2064,604,252,148.7,326,1,4,304,0,0,13,13,0,1723,305,2780,0.0460400009155273,20,0.05,4.60682866232735,4.02891936788013,329.277993003946,2201.22550019719,326
"656",2021-12-16,34932,2416,605,308,171.7,412,7,2,388,3,0,16,16,1,1726,395,2938,0.0871300029754639,58,0.0172399997711182,8.57769922325226,4.82231023727335,445.897986757101,2715.08236963331,411
"657",2021-12-17,35404,2818,605,355,210,472,7,9,431,2,0,18,18,0,1728,438,3115,0.102089996337891,10,0.1,10.208330834961,5.71582271380639,511.52855146399,3233.16314617699,472
"658",2021-12-18,35908,3275,605,308,232.6,504,23,15,437,1,0,18,18,0,1729,460,2673,0.0912800025939941,3,0,9.1177670752521,6.39796432445744,535.529821668428,3705.94601296544,502
"659",2021-12-19,36454,3756,605,402,274.9,546,21,8,497,1,0,19,19,0,1730,518,2673,0.0939000034332275,46,0.0217400002479553,9.26792016139842,7.19815038449685,595.284344579753,4258.37837498369,546
"660",2021-12-20,37366,4541,605,386,315.7,912,8,20,857,1,0,18,18,0,1731,865,2474,0.100240001678467,11,0,9.9796283361178,8.09689239320879,1009.58149674363,5195.01685169115,912
"661",2021-12-21,38227,5296,605,489,357.1,861,5,17,815,3,0,19,19,0,1734,820,2743,0.117749996185303,96,0.0208299994468689,11.4472673294535,9.02934880325178,972.468632488441,6170.92911909608,861
"662",2021-12-22,39061,6006,605,670,416.9,834,6,29,775,2,0,21,21,0,1736,781,4020,0.182089996337891,124,0.0161300003528595,17.7124011902045,10.9015734500914,1009.64183072397,7541.273796835,830
"663",2021-12-23,39929,6757,605,736,478,868,1,45,806,3,1,22,21,0,1739,807,3597,0.217959995269775,96,0.0104200005531311,21.2564966974948,12.712830232126,1099.56445744813,8829.85382772863,865
"664",2021-12-24,40708,7386,605,861,550.3,779,0,33,729,3,1,24,23,0,1742,729,3803,0.26636999130249,68,0.0735300016403198,26.2982463713488,15.0113895944671,1038.67975810448,10189.2327755277,771
"665",2021-12-25,41249,7803,606,505,578.4,541,0,32,501,3,1,24,23,1,1745,501,2656,0.250380001068115,57,0.035090000629425,24.5856768475043,17.2210909905032,710.763652111558,10571.6422703123,540
"666",2021-12-26,42059,8433,606,429,582.3,810,0,51,747,7,1,27,26,0,1752,747,2040,0.21863000869751,54,0.0185199999809265,21.34695786733,18.9466678056362,1028.1334054303,11031.0120588938,810
"667",2021-12-27,43216,9285,606,548,605.4,1157,1,57,1092,5,2,31,29,0,1757,1093,1898,0.272390003204346,183,0.0546400022506714,25.3241396681269,21.1387408530661,1549.46426203437,12678.4361143542,1151
"668",2021-12-28,44487,10254,606,873,660.3,1271,0,76,1189,7,1,37,36,0,1764,1189,2597,0.388139991760254,90,0.1,37.848885694134,24.910400619449,1914.46839503386,15855.0503975418,1262
"669",2021-12-29,45931,11353,606,1242,742,1444,0,80,1357,5,4,41,37,0,1769,1357,3486,0.304360008239746,144,0.0347199988365173,29.3663545056808,26.5752510930885,2012.11269486263,16164.5360536297,1422
"670",2021-12-30,47383,12401,607,1341,828.4,1452,0,75,1374,11,5,47,42,1,1780,1374,3324,0.314680004119873,129,0.0542600011825562,30.4951020517523,27.8950518579824,2053.69989486252,17858.7026173145,1443
"671",2021-12-31,48304,12842,610,1346,897.7,921,0,67,853,13,5,55,50,3,1793,853,3305,0.357639999389648,182,0.0164800000190735,33.9833541148912,28.9929243927742,1338.34862070377,19140.2801724242,911
"672",2022-01-01,48740,12738,610,1179,994,436,0,59,376,17,6,71,65,0,1810,376,2500,0.400400009155273,169,0.118339996337891,38.2540083278114,30.9455431756752,642.581125480645,19770.3627031182,433
"673",2022-01-02,49364,12710,611,505,1004.9,624,0,74,550,9,5,76,71,1,1819,550,2226,0.312220001220703,64,0.0468800020217896,30.4804385522567,32.2503261306648,865.93960660257,18301.0043634885,616
"674",2022-01-03,50118,12490,611,568,1007.7,754,0,111,643,8,4,73,69,0,1827,643,1773,0.250990009307861,105,0.1428600025177,24.4944401899465,32.1317976337819,981.301112075618,16905.2268893071,742
"675",2022-01-04,50903,12334,613,808,998.4,785,0,105,680,12,4,80,76,2,1839,680,2135,0.333019981384277,300,0.146669998168945,31.006105121401,31.1542575519629,1089.28405635797,17853.1758104694,770
"676",2022-01-05,51569,12072,614,705,921.7,666,0,124,541,17,7,94,87,1,1856,541,2678,0.314409999847412,314,0.0541400003433228,28.7095568081274,31.0604293094552,889.154170078586,17073.8283570955,654
"677",2022-01-06,52198,11777,618,855,852.3,629,2,119,508,12,7,93,86,4,1868,510,2294,0.282040004730225,121,0.0743800020217896,27.1635507700113,30.5844934120637,828.930837354989,16393.8342579014,620
"678",2022-01-07,52778,11613,619,664,754.9,580,4,145,431,19,8,100,92,1,1887,435,2309,0.298400001525879,444,0.0427899980545044,25.7175576701582,29.4036653485304,741.451486756655,15923.197967138,574
"679",2022-01-08,53218,11520,620,711,688,440,0,95,345,21,10,112,102,1,1908,345,2371,0.309150009155273,280,0.0964299964904785,28.6682410684454,28.0342700257638,582.739184805221,16286.2475621917,436
"680",2022-01-09,53611,11200,620,512,689,393,0,86,307,18,13,122,109,0,1926,307,1324,0.273409996032715,172,0.0581400012969971,24.865970252032,27.2322031257317,503.170889165097,15219.2637089547,392
"681",2022-01-10,54257,10754,621,422,668.1,646,0,143,503,14,14,124,110,1,1940,503,1342,0.175109996795654,126,0.0714300012588501,16.6211032601078,26.1074407071833,766.656549675887,13333.6034497306,645
"682",2022-01-11,54766,10035,624,614,640.4,509,1,115,392,15,9,127,118,3,1955,393,2155,0.292339992523193,415,0.101199998855591,26.1474974090487,25.413353891133,656.301569861835,13821.7843602125,502
"683",2022-01-12,55277,9097,627,487,609.3,511,1,156,354,18,9,127,118,3,1973,355,1537,0.297329998016357,163,0.208589992523193,28.882139748966,25.438008596967,658.972423716785,12888.8454607087,509
"684",2022-01-13,55705,8096,630,401,544.4,428,0,110,318,15,11,126,115,3,1988,318,2030,0.139409999847412,163,0.134969997406006,13.9079985986058,23.5443582867663,491.828527795598,9721.01811645647,417
"685",2022-01-14,56133,7581,632,439,512.3,428,0,101,327,20,15,137,122,2,2008,327,1747,0.215230007171631,275,0.167269992828369,20.8707255468171,22.8519536977175,526.493681097117,9864.42690029738,422
"686",2022-01-15,56459,7485,636,381,465.1,326,0,79,247,15,11,140,129,4,2023,247,1535,0.18371000289917,208,0.144230003356934,17.8998677652592,21.3136146544052,389.807223210699,9418.59135923921,320
"687",2022-01-16,56742,7158,642,387,447.3,283,0,62,221,12,14,142,128,6,2035,221,1342,0.225779991149902,85,0.188239994049072,22.3543901623924,20.9548174987424,354.298134965721,9467.28529450059,279
"688",2022-01-17,57055,6739,646,297,429.4,313,1,101,211,14,15,137,122,4,2049,212,892,0.177129993438721,183,0.0819699954986572,16.0930663556831,20.8793836552532,362.237697090512,8304.15490892904,309
"689",2022-01-18,57489,6372,647,218,372.9,434,2,116,316,17,16,135,119,1,2066,318,991,0.16548999786377,18,0.166669998168945,16.5511048414308,19.5084704313078,509.958639766114,7894.03915908704,432
"690",2022-01-19,57850,6071,651,504,375.3,361,0,105,256,23,21,141,120,4,2089,256,1685,0.216620006561279,290,0.1,19.9496056230762,18.2323941276092,434.705067678403,7818.90416357649,359
"691",2022-01-20,58152,5757,654,489,387.9,302,0,89,213,18,19,138,119,3,2107,213,1748,0.206520004272461,159,0.226420001983643,20.8179207018176,19.2195258566395,365.994112827504,7486.64369740817,303
"692",2022-01-21,58445,5475,657,361,376.7,293,1,92,200,13,20,136,116,3,2120,201,1221,0.239969997406006,87,0.241380004882812,24.0063782306986,19.6674762400511,362.637916833486,7371.85370479272,290
"693",2022-01-22,58688,5260,660,389,377.9,243,0,48,195,12,22,132,110,3,2132,195,1273,0.18068000793457,94,0.223400001525879,18.361759344853,19.7334607514217,294.673987017648,6653.87267545039,243
"694",2022-01-23,58903,5056,667,250,358.3,215,1,65,149,21,20,136,116,7,2153,150,955,0.221989994049072,120,0.0666699981689453,20.4651947997337,19.4635756996133,259.302701673616,6549.29639774534,214
"695",2022-01-24,59225,4740,673,239,350,322,0,104,218,11,19,127,108,6,2164,218,923,0.17443000793457,71,0.323940010070801,18.5109293801444,19.8089847031078,380.238178993486,6006.27967169323,322
"696",2022-01-25,59500,4511,678,267,357,275,1,104,170,11,22,120,98,5,2175,171,1417,0.175020008087158,62,0.338709983825684,18.1881927286474,20.0428544012815,319.88577490369,5695.09199175758,275
"697",2022-01-26,59705,4247,682,388,340.4,205,0,72,133,10,23,119,96,4,2185,133,1320,0.201520004272461,272,0.10293999671936,18.467718891163,19.8311562967225,240.44769216493,5378.9274332666,206
"698",2022-01-27,59895,4013,683,294,312.6,190,0,48,142,6,21,103,82,1,2191,142,1248,0.158649997711182,121,0.148760004043579,15.77758638662,19.1111085374086,222.333445074653,4926.76137383509,190
"699",2022-01-28,60076,3767,685,228,293.6,181,0,46,135,3,20,92,72,2,2194,135,1042,0.182339992523193,126,0.0793699979782104,17.1231928043169,18.1277963336398,214.361193916776,4697.90087025551,179
"700",2022-01-29,60226,3567,688,196,266,150,0,35,115,8,18,92,74,3,2202,115,905,0.140329999923706,82,0.0609800004959106,13.3737598755439,17.4152249808813,172.195985421153,4255.4615651935,150
"701",2022-01-30,60401,3471,688,193,257.9,175,0,40,135,3,17,87,70,0,2205,135,694,0.167150001525879,110,0.0363599991798401,14.9255846976048,16.6238521091486,204.079584111937,4218.66841816692,176
"702",2022-01-31,60618,3365,691,225,255.9,217,0,28,189,5,18,81,63,3,2210,189,822,0.10706000328064,56,0.178570003509521,11.1621005573143,15.5740194201729,247.446039337017,3907.06837232308,217
"703",2022-02-01,60820,3161,695,274,256.9,202,0,48,154,4,15,70,55,4,2214,154,1315,0.112550001144409,101,0,10.452207027182,14.4688786056778,225.230138193251,3637.82121317445,201
"704",2022-02-02,60960,2961,698,277,241,140,0,27,113,9,16,70,54,3,2223,113,1054,0.144209995269775,204,0.0833300018310547,13.4337563901334,13.7497411055308,161.907810781875,3535.0621922578,139
"705",2022-02-03,61100,2816,700,208,228.7,140,0,18,122,6,15,66,51,2,2229,122,972,0.148149995803833,129,0.0542600011825562,13.7149260739215,13.4550753465738,164.147733320398,3373.37718877245,140
"706",2022-02-04,61240,2689,706,186,222.7,140,0,17,123,6,15,64,49,6,2235,123,925,0.108109998703003,84,0.0714300012588501,10.5056361651161,12.5097101124023,158.648784776532,3096.695790765,139
"707",2022-02-05,61352,2566,712,146,215.6,112,0,9,103,4,15,58,43,6,2239,103,836,0.123210000991821,117,0.0940200042724609,11.9626339274964,12.3081206912526,129.782266184969,3009.00286437505,110
"708",2022-02-06,61450,2447,715,138,207.7,98,0,5,93,3,12,52,40,3,2242,93,649,0.151000003814697,115,0.017389999628067,13.0888550304929,12.0457307388081,115.567407498953,2909.23060376278,98
"709",2022-02-07,61591,2256,716,167,199.4,141,0,7,134,4,10,49,39,1,2246,134,694,0.0936600017547607,29,0.103450002670288,9.40526850556601,11.7947547314155,159.188591373317,2562.21986670301,142
"710",2022-02-08,61696,2089,717,215,191,105,0,6,99,2,9,46,37,1,2248,99,923,0.13326000213623,116,0.0172399997711182,12.0306854615197,12.0202516506066,122.188921822475,2451.70361300151,105
"711",2022-02-09,61787,1947,720,174,176.3,91,0,7,84,5,9,39,30,3,2253,84,753,0.095620002746582,85,0.0470599985122681,9.06944653242471,11.396778813791,101.994693834167,2201.84129637051,90
"712",2022-02-10,61875,1836,724,182,172.6,88,0,7,81,0,7,31,24,4,2253,81,855,0.100579996109009,41,0.121949996948242,10.1557864450983,10.8883302953877,99.8719387737153,2105.09727887088,88
"713",2022-02-11,61960,1732,724,117,162.7,85,0,8,77,3,5,27,22,0,2256,77,693,0.0923499965667725,59,0.0169500005245209,8.64343053879256,10.6223009201987,94.6050568725698,1948.05140913365,85
"714",2022-02-12,62030,1661,727,137,161.4,70,0,5,65,4,5,28,23,3,2260,65,638,0.112849998474121,48,0,10.4953788668352,10.4126930543899,79.8454267757328,1912.58852114603,69
"715",2022-02-13,62124,1601,728,143,162.1,94,0,6,88,0,4,25,21,1,2260,88,461,0.0997799968719482,32,0.0625,9.73601999147426,9.93371662024439,106.364802914885,1825.95510757649,94
"716",2022-02-14,62221,1497,728,173,163,97,0,3,94,2,2,23,21,0,2262,94,580,0.0706899976730347,36,0.0277800011634827,6.81822706042946,9.56413927093917,106.249587878857,1644.30460696436,97
"717",2022-02-15,62298,1393,731,177,157.6,77,0,4,73,1,2,19,17,3,2263,73,650,0.123079996109009,71,0.0140799999237061,11.2346293294645,9.45041696635985,88.8359923965632,1618.85667682757,77
"718",2022-02-16,62410,1365,731,200,161.3,112,0,15,97,4,3,18,15,0,2267,97,890,0.0809000015258789,53,0.0565999984741211,7.95342537403612,9.29098537230434,123.133943524605,1521.67868980501,111
"719",2022-02-17,62506,1331,732,181,161.1,96,0,9,87,2,4,19,15,1,2269,87,591,0.123520002365112,16,0.125,12.3559013834895,9.60528750636022,111.513748810586,1568.34252490678,96
"720",2022-02-18,62606,1298,735,126,162.4,100,0,15,85,2,3,18,15,3,2271,85,627,0.105260000228882,21,0.0476200008392334,10.3392037285699,9.84754081918556,112.683207217267,1491.68003491779,100
"721",2022-02-19,62704,1288,736,120,160,98,0,4,94,2,3,19,16,1,2273,94,643,0.1228600025177,24,0,11.8439252801921,10.040190306808,114.067436114816,1508.15806080726,97
"722",2022-02-20,62773,1249,738,119,156.6,69,0,4,65,3,5,19,14,2,2276,65,561,0.0926900005340576,27,0.037039999961853,9.01346433649258,9.93696807038202,77.4552834391748,1411.47152331584,68
"723",2022-02-21,62851,1197,740,76,142.7,78,0,3,75,4,3,22,19,2,2280,75,429,0.0792500019073486,11,0,7.72687518596649,10.0667749454587,86.3635032449725,1330.48151178976,78
"724",2022-02-22,62968,1212,740,117,134.1,117,0,5,112,2,3,23,20,0,2282,112,574,0.121949996948242,36,0.0277800011634827,11.6392423426518,10.1245768044855,135.813335604198,1415.58716743115,114
"725",2022-02-23,63077,1231,741,154,127.6,109,0,7,102,1,4,21,17,1,2283,102,777,0.105530004501343,40,0.075,10.4035267438854,10.4745912858925,124.314535503557,1415.82542357724,107
"726",2022-02-24,63173,1241,741,142,122,96,0,5,91,5,4,25,21,0,2288,91,770,0.0844200038909912,33,0.0909099960327148,8.46867158968154,9.91927274391997,107.12191964812,1392.67365146502,94
"727",2022-02-25,63255,1236,742,141,124.1,82,0,4,78,1,3,24,21,1,2289,78,738,0.112469997406006,16,0,11.0083366161316,10.0148631564288,94.3919420291789,1432.36461984699,83
"728",2022-02-26,63329,1235,742,124,124.7,74,0,4,70,3,2,24,22,0,2292,70,675,0.0933300018310547,12,0,9.16997834584599,9.63287073723649,83.2638053139982,1398.43999375411,75
"729",2022-02-27,63417,1228,743,68,117.4,88,0,2,86,1,1,21,20,1,2293,86,562,0.0622800016403198,36,0.0555600023269653,6.1875453186673,9.22916802040431,95.6796232251411,1337.65787581946,84
"730",2022-02-28,63520,1229,743,77,117.6,103,0,6,97,3,1,20,19,0,2296,97,465,0.0860200023651123,32,0,8.0481491146433,9.27506429592957,114.266546614313,1371.748307103,101
"731",2022-03-01,63620,1249,744,120,118,100,0,7,93,2,0,16,16,1,2298,93,915,0.171580009460449,52,0.0576900005340576,16.5455624285503,9.97596716534364,122.206880342441,1547.24079083558,102
"732",2022-03-02,63691,1198,748,153,117.9,71,0,13,58,0,0,9,9,4,2298,58,761,0.144549999237061,55,0.01817999958992,13.6032413476531,10.4330692515962,82.38658431181,1433.19186216463,72
"733",2022-03-03,63767,1189,749,147,118.6,76,0,10,66,2,0,10,10,1,2300,66,710,0.0929599952697754,65,0.107690000534058,9.41954150661346,10.5689078111579,84.9721550268885,1350.63473222683,81
"734",2022-03-04,63829,1165,749,120,115.6,62,0,7,55,4,0,14,14,0,2304,55,465,0.116129999160767,29,0.0344799995422363,11.1336780559679,10.5868137311345,70.8373980718237,1352.19215915772,69
"735",2022-03-05,63892,1133,750,63,106.9,63,0,0,63,1,0,13,13,1,2305,63,525,0.0914299964904785,45,0.0666699981689453,8.94752597808838,10.5550348214548,71.1351691377167,1279.30391481005,69
"736",2022-03-06,63970,1144,751,74,107.7,78,0,10,68,1,0,11,11,1,2306,68,309,0.187700004577637,15,0,17.9010189550895,12.2283881980866,95.5674907869545,1439.54719794523,67
"737",2022-03-07,64053,1145,751,136,116.1,83,0,8,75,1,1,9,8,0,2307,75,320,0.140629997253418,24,0,13.0818602096203,12.9474897830833,97.1596929781067,1361.1713127991,66
"738",2022-03-08,64123,1090,752,162,122.1,70,0,8,62,4,2,11,9,1,2311,62,592,0.17568000793457,71,0.0704199981689453,16.4407819860122,12.932521148435,84.7108317764419,1348.62591348906,NA
"739",2022-03-09,64197,1045,752,81,111.9,74,0,7,67,0,2,7,5,0,2311,67,534,0.0861400032043457,32,0.09375,8.65702503730046,12.2259188183846,82.3707919034343,1175.55936625506,NA
"740",2022-03-10,64241,994,752,137,110.4,44,0,3,41,1,1,8,7,0,2312,41,520,0.107690000534058,21,0,10.3509797186156,12.3589814200992,50.124750244054,1142.48784738024,NA
"741",2022-03-11,64272,942,752,89,106,31,0,7,24,2,1,8,7,0,2314,24,494,0.133599996566772,29,0.0689699983596802,13.0016306417622,12.6258317894983,35.5033130188433,1118.7550359896,NA
"742",2022-03-12,64282,876,752,65,106.3,10,0,0,10,0,1,8,7,0,2314,10,120,0.233330001831055,11,0,21.3737406257455,14.4010053105922,13.0846337366371,1146.21391532941,NA
"743",2022-03-13,64283,802,752,23,99,1,0,0,1,0,1,8,7,0,2314,1,NA,NA,NA,NA,NA,NA,NA,NA,NA
