"","date","observed_cumulative_cases","observed_active_cases","observed_cumulative_deaths","observed_new_cases","observed_daily_average_cases","observed_new_episodes","observed_new_cases_community_outbreak","observed_new_cases_institution_outbreak","observed_new_cases_sporadic","observed_new_ICU_p_acute_care","observed_census_ICU","observed_census_ICU_p_acute_care","observed_census_acute_care","observed_new_deaths","cumulative_hosp","observed_new_community_cases","num_non_ltch_tests","non_ltch_pct_positivity","num_ltch_tests","ltch_pct_positivity","observed_pct_positivity","pct_positivity_7_day","adjusted_new_episodes","adjusted_active_cases","adjusted_episode_cases"
"1",2020-03-01,7,7,0,0,0,2,0,0,2,0,0,1,1,0,0,2,NA,NA,NA,NA,NA,NA,NA,NA,2
"2",2020-03-02,10,10,0,0,0,3,2,0,1,0,0,1,1,0,0,3,NA,NA,NA,NA,NA,NA,NA,NA,3
"3",2020-03-03,11,11,0,0,0,1,0,0,1,0,0,1,1,0,0,1,NA,NA,NA,NA,NA,NA,NA,NA,1
"4",2020-03-04,12,12,0,0,0,1,0,0,1,0,0,1,1,0,0,1,NA,NA,NA,NA,NA,NA,NA,NA,1
"5",2020-03-05,18,18,0,0,0,6,2,0,4,0,0,1,1,0,0,6,NA,NA,NA,NA,NA,NA,NA,NA,6
"6",2020-03-06,23,23,0,0,0,5,0,1,4,0,0,1,1,0,0,4,NA,NA,NA,NA,NA,NA,NA,NA,5
"7",2020-03-07,27,27,0,0,0,4,0,0,4,0,0,1,1,0,0,4,NA,NA,NA,NA,NA,NA,NA,NA,4
"8",2020-03-08,36,36,0,0,0,9,1,0,8,0,0,1,1,0,0,9,NA,NA,NA,NA,NA,NA,NA,NA,9
"9",2020-03-09,45,45,0,1,0.1,9,0,0,9,0,0,1,1,0,0,9,NA,NA,NA,NA,NA,NA,NA,NA,9
"10",2020-03-10,52,52,0,0,0.1,7,1,0,6,0,0,1,1,0,0,7,NA,NA,NA,NA,NA,NA,NA,NA,7
"11",2020-03-11,61,61,0,0,0.1,9,0,0,9,0,0,1,1,0,0,9,NA,NA,NA,NA,NA,NA,NA,NA,9
"12",2020-03-12,75,75,0,3,0.6,14,1,0,13,0,0,1,1,0,0,14,NA,NA,NA,NA,NA,NA,NA,NA,14
"13",2020-03-13,97,97,0,1,0.7,22,2,2,18,0,0,1,1,0,0,20,NA,NA,NA,NA,NA,NA,NA,NA,22
"14",2020-03-14,115,115,0,4,1.3,18,1,1,16,1,0,2,2,0,1,17,NA,NA,NA,NA,NA,NA,NA,NA,18
"15",2020-03-15,142,142,0,4,1.9,27,1,0,26,0,0,2,2,0,1,27,NA,NA,NA,NA,NA,NA,NA,NA,27
"16",2020-03-16,156,156,0,0,1.7,14,0,0,14,0,0,2,2,0,1,14,NA,NA,NA,NA,NA,NA,NA,NA,14
"17",2020-03-17,179,178,0,5,2.4,23,1,0,22,2,0,4,4,0,3,23,127,0,4,0,0,0,23,178,23
"18",2020-03-18,195,193,0,4,3,16,0,0,16,0,0,3,3,0,3,16,210,0.0190499997138977,1,0,1.89597153550641,0.947985767753203,16.4215292964965,198.084697138989,16
"19",2020-03-19,220,218,0,1,2.7,25,0,0,25,4,0,7,7,0,7,25,110,0.0272699999809265,9,0,2.52075630075791,1.47224261208811,25.8756828377615,225.635954345281,25
"20",2020-03-20,242,240,0,2,2.9,22,1,1,20,3,1,10,9,0,10,21,137,0.00730000019073486,4,0,0.709290798674238,1.28150465873464,22.2069758090155,242.36543781732,22
"21",2020-03-21,262,260,0,4,2.9,20,0,2,18,3,1,10,9,0,13,18,204,0.0147099995613098,3,0,1.44968111618705,1.31513995022512,20.3625942852028,265.237473008485,20
"22",2020-03-22,288,286,0,6,3.1,26,0,1,25,3,5,13,8,0,16,25,159,0.0314499998092651,2,0,3.10593165818208,1.61360523488461,27.0789662798869,298.343374241906,26
"23",2020-03-23,309,307,0,9,4.4,21,1,0,20,4,5,17,12,0,20,21,138,0.0362299990653992,3,0,3.54591480214545,1.88964945877902,22.0347217054638,322.126645884637,21
"24",2020-03-24,327,323,1,8,4.9,18,1,3,14,3,7,20,13,1,23,15,253,0.0197599995136261,4,0,1.94524508830638,2.16754161425136,18.4054539675789,331.7307754352,18
"25",2020-03-25,351,347,1,8,5.4,24,0,1,23,4,8,23,15,0,27,23,153,0.0588199996948242,2,0,5.80610319568265,2.7261318514194,25.8556179062239,374.995626672161,23
"26",2020-03-26,365,357,1,19,8,14,1,3,10,2,7,25,18,0,29,11,274,0.025550000667572,3,0,2.52732858588979,2.72707074929538,14.3863050298231,369.537354149713,14
"27",2020-03-27,382,365,1,27,11.6,17,3,2,12,5,9,26,17,0,34,15,577,0.0294600009918213,4,0,2.92571782655437,3.04370318184968,17.6098171936914,379.83888504649,17
"28",2020-03-28,407,387,2,26,14.7,25,1,1,23,3,8,25,17,1,37,24,367,0.0817399978637695,3,0,8.10772411243335,3.99485218131344,27.703872271259,430.599940374052,25
"29",2020-03-29,426,399,2,11,15.4,19,5,4,10,7,8,31,23,0,44,15,184,0.0434800004959106,0,0,4.34800004959106,4.17229052294329,19.9062682546984,423.106735574978,19
"30",2020-03-30,451,408,3,48,21,25,8,3,14,4,12,32,20,1,48,22,549,0.0783199977874756,0,0,7.83199977874756,4.78458837674359,27.3942600301325,452.402640558821,25
"31",2020-03-31,468,405,3,51,27.1,17,2,3,12,6,13,34,21,0,54,14,943,0.064689998626709,0,0,6.4689998626709,5.43083905879567,18.2584650119057,441.405594987272,17
"32",2020-04-01,495,408,3,37,31.3,27,6,4,16,3,15,33,18,0,57,22,575,0.0573899984359741,4,0.25,5.87206374795943,5.44026199483521,27.7951031567033,441.291003997043,27
"33",2020-04-02,512,404,6,32,33.1,17,5,4,7,6,14,34,20,3,63,12,107,0.0841100025177002,9,0,7.75842264602924,6.1875611462837,17.2936912733092,447.554272868075,17
"34",2020-04-03,539,410,6,26,33,27,3,4,19,5,14,37,23,0,68,22,217,0.110600004196167,2,0,10.9589958495745,7.33517229242944,29.3501897949772,472.43535527003,27
"35",2020-04-04,556,417,7,18,31.9,17,3,7,6,7,14,43,29,1,75,9,315,0.0253999996185303,3,0,2.51603769806196,6.53635994751924,16.3146557130687,431.57904803885,17
"36",2020-04-05,583,428,8,40,36,27,4,8,13,4,13,43,30,1,79,17,422,0.0663500022888184,5,0.2,6.79149905524154,6.88543123404074,26.6043182878175,468.391072187406,27
"37",2020-04-06,602,428,9,40,34.9,19,3,7,9,4,12,44,32,1,83,12,238,0.117650003433228,4,0.25,11.9837606682266,7.47853993253774,20.9982523903676,499.271001923112,19
"38",2020-04-07,625,426,9,25,31.1,23,2,11,10,4,14,45,31,0,87,12,285,0.108769998550415,6,0,10.6527318167932,8.07621592598378,24.7763077389631,489.05892473319,23
"39",2020-04-08,645,428,11,26,29.6,20,1,11,7,5,16,44,28,2,92,8,368,0.0434800004959106,6,0.333330001831055,4.813000051733,7.92492111223715,19.5350345424101,456.62434801894,20
"40",2020-04-09,681,436,11,25,28.6,36,1,20,13,6,16,47,31,0,98,14,295,0.0949199962615967,5,0,9.33379963239034,8.14997496743159,35.8157768611626,492.548479390491,36
"41",2020-04-10,715,452,11,37,30.1,34,0,20,13,4,16,48,32,0,102,13,331,0.090629997253418,8,0,8.84912362562872,7.84856464972505,34.5985255522912,507.579503818124,34
"42",2020-04-11,758,481,11,31,32,43,0,34,7,5,19,52,33,0,107,7,225,0.102220001220703,11,0.363639984130859,11.4404830932617,9.12348542046787,42.1128032151653,557.465478070647,43
"43",2020-04-12,791,496,13,35,31.3,33,0,18,14,1,18,48,30,2,108,14,227,0.101319999694824,12,0.5,12.1337405567887,9.88666277783175,34.3604712132356,579.628122983206,33
"44",2020-04-13,815,503,16,16,27.9,24,0,19,5,3,20,50,30,3,111,5,165,0.0606099987030029,26,0.0384599995613098,5.75948155737672,8.99748004771035,24.4001560287825,543.255696495521,24
"45",2020-04-14,848,504,18,32,28.9,33,0,26,7,5,20,50,30,2,116,7,208,0.0673099994659424,18,0.166669998168945,7.52236276812258,8.55028446932883,33.7316919579154,556.68182096991,33
"46",2020-04-15,877,502,24,60,33.7,29,2,18,9,4,16,50,34,6,120,11,390,0.1,24,0.208330001831055,10.6280000106148,9.38099874916909,30.6245018095322,576.136355307743,29
"47",2020-04-16,947,551,24,21,33.1,70,1,55,13,7,13,52,39,0,127,14,310,0.0354800009727478,11,0,3.42641753942424,8.5370870216025,69.6665677355209,577.234201590858,70
"48",2020-04-17,979,555,26,73,38.3,32,0,26,6,0,13,49,36,2,127,6,378,0.0846599960327148,66,0.5,14.6399726352176,9.36435116582948,33.2205834680429,667.903970793969,32
"49",2020-04-18,1019,577,31,31,38.3,40,0,31,9,1,11,46,35,5,128,9,421,0.0617600011825562,8,0,6.06082995288022,8.59582928863213,40.7579674867673,625.594137762745,40
"50",2020-04-19,1036,580,35,37,38.6,17,0,13,4,5,15,47,32,4,133,4,452,0.0442500019073486,47,0.127659997940063,5.21062540386864,7.60681283821498,17.2896181745963,621.994635316458,17
"51",2020-04-20,1097,617,39,16,38.6,61,1,47,13,3,13,45,32,4,136,14,325,0.0523099994659424,43,0.0232599997520447,4.89155701515467,7.48282361789754,61.9515927481829,658.938051830634,61
"52",2020-04-21,1133,628,47,51,41.3,36,0,26,10,2,11,43,32,8,138,10,543,0.069980001449585,25,0.36,8.27449661745152,7.59027131065882,37.1497874152832,700.206649679785,36
"53",2020-04-22,1174,645,54,35,37.7,41,1,31,9,4,9,45,36,7,142,10,656,0.0243899989128113,122,0.106560001373291,3.72752692215241,6.60448944087848,41.5179606377723,678.408461136315,41
"54",2020-04-23,1219,661,57,50,41.9,45,0,35,10,5,11,48,37,3,147,10,775,0.0361299991607666,105,0.0285700011253357,3.522795394063,6.61825770582687,45.4895120510616,693.356746575174,45
"55",2020-04-24,1260,668,65,38,36.9,41,0,36,5,7,10,48,38,8,154,5,517,0.0406199979782104,94,0.106379995346069,5.07369206501886,5.25164619579848,41.3525088929928,715.095188103838,41
"56",2020-04-25,1361,742,78,53,40,101,0,95,6,5,9,49,40,13,159,6,557,0.0502699995040894,28,0.0357100009918213,4.95731106864082,5.09400064090713,101.413307598798,793.112373051343,101
"57",2020-04-26,1415,759,87,87,47.1,54,0,41,13,5,9,50,41,9,164,13,358,0.0502799987792969,81,0.0123500001430511,4.32815252268233,4.96793308645194,54.7818471855997,804.64784722078,54
"58",2020-04-27,1476,782,95,87,57.3,61,0,54,7,8,11,55,44,8,172,7,269,0.0632000017166138,80,0.1,7.16355314090806,5.29250396155957,61.6967909398778,859.841502140638,61
"59",2020-04-28,1495,776,103,65,59.3,19,0,12,7,7,13,60,47,8,179,7,503,0.0616300010681152,11,0.272730007171631,6.61477054788908,5.05540023733636,19.6434114602737,847.326756167484,19
"60",2020-04-29,1520,765,111,27,58.1,25,0,17,8,7,13,61,48,8,186,8,668,0.0314400005340576,74,0.148649997711182,4.31294072606172,5.13903078075198,25.4794457184723,810.846996828912,25
"61",2020-04-30,1540,755,122,30,55.3,20,0,10,10,2,11,55,44,11,188,10,603,0.0414599990844727,6,0.333330001831055,4.43355656139957,5.26913951894292,20.6160673905519,801.513087986665,20
"62",2020-05-01,1563,738,135,43,56,23,0,16,7,6,11,57,46,13,194,7,516,0.031010000705719,55,0.0909099960327148,3.67797025323123,5.06975068868754,23.3577521237271,775.717295330084,23
"63",2020-05-02,1584,739,139,22,51.6,21,0,15,6,4,12,57,45,4,198,6,508,0.0511800003051758,28,0.0357100009918213,5.03718660126871,5.08116147906296,21.4199670890208,790.725946464389,21
"64",2020-05-03,1603,720,148,23,42.4,19,0,13,6,3,12,52,40,9,201,6,826,0.0205800008773804,231,0.0043299999833107,1.70286761786764,4.70612077837514,19.1419737669205,737.03685203046,19
"65",2020-05-04,1621,717,152,14,32,18,0,11,7,6,10,52,42,4,207,7,637,0.0109899997711182,24,0.125,1.51295459216374,3.89889241426881,18.1471634301484,732.073739916627,18
"66",2020-05-05,1646,716,156,29,26.9,25,0,24,1,3,9,50,41,4,210,1,923,0.0292499995231628,29,0.172409992218018,3.36109656871868,3.4340818458159,25.0467043098201,749.440285831157,25
"67",2020-05-06,1662,690,161,23,26.3,16,0,11,5,4,10,53,43,5,214,5,598,0.0167200005054474,149,0.0134200000762939,1.60617674881196,3.04740127763736,16.1115936048973,705.399917475833,16
"68",2020-05-07,1685,668,167,32,26.6,23,0,16,7,6,10,55,45,6,220,7,813,0.0356699991226196,234,0.0128199994564056,3.05631224063884,2.85065208895726,23.2972841321653,696.369400040917,23
"69",2020-05-08,1698,635,173,16,22.7,13,0,8,5,4,8,55,47,6,224,5,715,0.00978999972343445,127,0.0472399997711182,1.54386339349022,2.54577968042283,13.1072642109133,648.62255478599,13
"70",2020-05-09,1715,618,179,12,21.3,17,0,12,5,5,6,52,46,6,229,5,1100,0.0154499995708466,164,0.0304900002479553,1.74013920637626,2.0747729097239,17.1209010198948,632.943366059,17
"71",2020-05-10,1727,549,185,25,21.6,12,0,8,4,3,5,53,48,6,232,4,907,0.0176400005817413,316,0.0126600003242493,1.63532629845479,2.06512414980778,12.0908950808623,561.475349848349,12
"72",2020-05-11,1747,529,188,14,21.6,20,0,14,6,1,5,51,46,3,233,6,517,0.00967000007629395,197,0.0152300000190735,1.12040616851561,2.00904580357234,20.0934120084005,537.235825407307,20
"73",2020-05-12,1770,512,193,13,19.3,23,0,17,6,4,6,50,44,5,237,6,835,0.0131700003147125,322,0.00310999989509583,1.03702422031165,1.67703546808562,23.0864601765872,519.377935068773,23
"74",2020-05-13,1791,495,195,21,19,21,0,15,6,2,7,47,40,2,239,6,1249,0.0144099998474121,224,0.0133899998664856,1.42548878340193,1.65122290159847,21.1188477660618,504.804940700096,21
"75",2020-05-14,1805,467,198,25,18,14,0,10,4,2,6,45,39,3,241,4,1046,0.0267700004577637,127,0.0236199998855591,2.64289518024611,1.59216332154237,14.1468980052152,484.150342108879,14
"76",2020-05-15,1825,452,201,17,18.1,20,0,12,8,1,5,43,38,3,242,8,1163,0.012039999961853,137,0.0146000003814697,1.23097846214588,1.54746547420746,20.1368410536322,459.731519530218,20
"77",2020-05-16,1841,433,207,19,19.1,16,0,6,10,1,4,41,37,6,243,10,967,0.0134399998188019,25,0.04,1.41093546620781,1.50043636846911,16.1960573455793,441.489283063584,16
"78",2020-05-17,1852,393,212,15,17.7,11,0,8,3,1,2,41,39,5,244,3,353,0.0254999995231628,10,0.1,2.7552341134095,1.66042319917693,11.1148565401456,408.046206759077,11
"79",2020-05-18,1867,385,213,25,19.3,15,0,8,7,2,1,42,41,1,246,7,376,0.0398900008201599,17,0.0588199996948242,4.07088557333133,2.08192025700774,15.3959705650229,406.778381076257,15
"80",2020-05-19,1879,348,219,23,20.7,12,0,8,4,0,1,39,38,6,246,4,359,0.0390000009536743,31,0.225809993743896,5.38490003805894,2.70304537382878,12.2993047472282,374.039513008857,12
"81",2020-05-20,1894,334,223,17,20.1,15,0,9,6,3,1,40,39,4,249,6,675,0.0296300005912781,36,0.0555600023269653,3.09429120715661,2.94144572007945,15.2579814038505,348.360964814343,15
"82",2020-05-21,1902,320,229,11,18.1,8,0,1,7,0,1,37,36,6,249,7,478,0.0209200000762939,36,0,1.94547860631683,2.8418147809467,8.18923456557703,328.650722997807,8
"83",2020-05-22,1909,304,233,7,16.7,7,0,3,4,1,1,35,34,4,250,4,514,0.00583999991416931,14,0,0.568515143159664,2.74717716394867,7.0315993388951,306.401549756027,7
"84",2020-05-23,1918,300,236,6,14.9,9,1,3,5,1,0,34,34,3,251,6,582,0.00859000027179718,43,0,0.799900825309753,2.65988650096323,9.06669040631253,303.334520315626,9
"85",2020-05-24,1928,297,237,8,13.9,10,0,3,7,1,1,35,34,1,252,7,332,0.0150600004196167,25,0.04,1.68064989896716,2.50637447032861,10.1634749683114,303.936009369783,10
"86",2020-05-25,1943,293,240,6,11.1,15,1,7,7,0,1,34,33,3,252,8,401,0.0174600005149841,8,0,1.71184846124905,2.16936916860257,15.1902967064814,299.969616874883,15
"87",2020-05-26,1949,284,243,16,10.1,6,0,2,4,1,1,34,33,3,253,4,1123,0.00800999999046326,41,0.0731699991226196,1.03051545990701,1.54731422886658,6.05727834631327,288.066762588242,6
"88",2020-05-27,1954,258,243,8,8.9,5,0,1,4,1,1,32,31,0,254,4,1150,0.00957000017166138,13,0.0769199991226196,1.03228376491871,1.25274173711831,5.05737663264743,261.700792805759,5
"89",2020-05-28,1958,233,244,4,7.9,4,0,2,2,1,1,30,29,1,255,2,1403,0.00284999996423721,88,0,0.268179071081476,1.01312751779898,4.00745299527518,233.868273949559,4
"90",2020-05-29,1965,224,247,7,7.9,7,0,3,4,2,1,31,30,3,257,4,1380,0.0065200001001358,37,0,0.634975309681539,1.0226218273021,7.0352933430922,225.976427213163,7
"91",2020-05-30,1968,207,248,15,9.1,3,1,1,1,0,1,31,30,1,257,2,1020,0.0127499997615814,119,0,1.1417910234252,1.07146328417574,3.03173164508518,210.284225266316,3
"92",2020-05-31,1972,192,249,10,9.4,4,0,1,3,3,1,34,33,1,260,3,1309,0.00535000026226044,11,0.0909099960327148,0.606300022701423,0.917984730423488,4.02527463004279,193.617576322739,4
"93",2020-06-01,1983,183,250,5,9.3,11,0,5,6,2,1,33,32,1,262,6,763,0.00130999997258186,20,0,0.127653892602805,0.691671220616881,11.0106429318432,183.324609421216,11
"94",2020-06-02,1986,165,251,8,8.1,3,0,1,2,0,1,28,27,1,262,2,858,0.0104900002479553,9,0,1.03811075118174,0.692756262227556,3.02885025476623,167.380146018214,3
"95",2020-06-03,1996,155,251,8,8.1,10,0,7,3,0,1,23,22,0,262,3,1110,0.00449999988079071,141,0,0.399280564962245,0.602327233662346,10.0166446778572,155.859975022624,10
"96",2020-06-04,2003,144,254,8,8.7,7,0,2,5,0,0,20,20,3,262,5,1430,0.00559000015258789,21,0,0.550909732474203,0.642717328147021,7.03827598865772,145.102348473342,7
"97",2020-06-05,2007,135,256,15,9.9,4,0,1,3,1,0,21,21,2,263,3,1366,0.00952000021934509,29,0,0.932209340474939,0.685179332546079,4.03886070480083,136.748731716037,4
"98",2020-06-06,2010,127,256,2,8,3,0,0,3,0,0,21,21,0,263,3,1404,0.000710000023245811,68,0,0.0677201109128477,0.5317406307586,3.00282302603611,127.119508102195,3
"99",2020-06-07,2011,117,257,4,7.1,1,0,0,1,0,0,20,20,1,263,1,870,0.00230000004172325,22,0,0.22432735832951,0.477173107276898,1.00311715365219,117.364706977306,1
"100",2020-06-08,2014,109,257,0,6.4,3,0,0,3,0,0,19,19,0,263,3,701,0.0014300000667572,12,0,0.140593274445554,0.47902159039729,3.00586086568541,109.21294478657,3
"101",2020-06-09,2024,106,258,3,5.7,10,0,3,7,0,0,18,18,1,263,7,1338,0.00224000006914139,10,0,0.222338285794598,0.362482666770557,10.0216266006662,106.327488524374,10
"102",2020-06-10,2034,104,258,7,5.6,10,0,4,6,0,0,17,17,0,263,6,1281,0.00233999997377396,12,0,0.231828303666237,0.338560915156841,10.0193283008056,104.335023880631,10
"103",2020-06-11,2041,103,259,5,5.1,7,0,2,5,0,0,16,16,1,263,5,1529,0.00326999992132187,6,0,0.325721816267175,0.306391212841551,7.02263043074048,103.466186873254,7
"104",2020-06-12,2045,106,259,10,4.4,4,0,2,2,0,0,16,16,0,263,2,1596,0.00814999997615814,13,0,0.808415162333648,0.288706330249938,4.02246675835277,107.190738192697,4
"105",2020-06-13,2048,104,259,6,5,3,0,3,0,0,0,16,16,0,263,0,1479,0.00270000010728836,23,0.0434800004959106,0.332446083228058,0.326524326294968,3,104.480430452806,3
"106",2020-06-14,2051,101,259,1,4.6,3,0,1,2,0,0,16,16,0,263,2,768,0,13,0,0,0.294477560819324,3,101,3
"107",2020-06-15,2056,99,259,2,4.9,5,0,2,3,0,0,14,14,0,263,3,720,0.00555999994277954,17,0,0.543175028331244,0.351989239945851,5.02264315912176,99.747224251018,5
"108",2020-06-16,2060,98,259,3,4.9,4,0,1,3,1,0,14,14,0,264,3,1250,0.000799999982118607,14,0,0.0791139222822989,0.331528616586952,4.00329799611092,98.1077345396233,4
"109",2020-06-17,2063,88,259,8,5,3,0,0,3,1,1,6,5,0,265,3,1098,0.0091100001335144,26,0,0.889927059305944,0.425542724535481,3.03709809722389,89.0882108519009,3
"110",2020-06-18,2065,74,259,2,4.6,2,0,0,2,0,1,6,5,0,265,2,1304,0.00230000004172325,122,0,0.210322584460527,0.409057119991674,2.00584509903001,74.2162686641105,2
"111",2020-06-19,2068,72,259,5,3.9,3,0,0,3,0,1,5,4,0,265,3,1875,0.0010700000077486,19,0,0.105926611115556,0.308701612674804,3.00441572786968,72.1059774688724,3
"112",2020-06-20,2074,73,259,1,3.1,6,0,0,6,1,1,5,4,0,266,6,1792,0.000560000017285347,158,0,0.0514625656910432,0.268561110169516,6.0042906061692,73.0522023750586,6
"113",2020-06-21,2080,77,259,1,3.1,6,0,0,6,0,1,4,3,0,266,6,1102,0.00363000005483627,86,0,0.336722227308886,0.316664285499357,6.02807365793752,77.3602786101982,6
"114",2020-06-22,2082,76,260,6,3.7,2,0,1,1,0,1,1,0,1,266,1,509,0.0039300000667572,10,0,0.385427752211833,0.294128960339441,2.00535573339965,76.4070357383737,2
"115",2020-06-23,2091,81,260,4,3.9,9,0,0,9,0,1,1,0,0,266,9,1255,0.00158999994397163,20,0,0.156505876837992,0.305184953847397,9.01957262735524,81.1761536461972,9
"116",2020-06-24,2093,75,261,3,3.1,2,0,0,2,1,1,2,1,1,267,2,1733,0.00289000004529953,24,0,0.285052366448724,0.218774283439223,2.00792192295899,75.2970721109622,2
"117",2020-06-25,2099,73,261,6,3.7,6,0,0,6,0,1,2,1,0,267,6,1796,0.00277999997138977,21,0.0476200008392334,0.32982388366758,0.235845897611659,6.02749851996321,73.334565326219,6
"118",2020-06-26,2103,67,261,6,3.9,4,0,0,4,0,1,2,1,0,267,4,2028,0.00196999996900558,23,0,0.194790830674954,0.248540786120145,4.01082690856385,67.1813507184445,4
"119",2020-06-27,2106,69,261,3,4.1,3,0,0,3,0,1,1,0,0,267,3,1574,0.000640000030398369,80,0,0.0609044768952257,0.249889630577885,3.00253890493789,69.0583948135714,3
"120",2020-06-28,2108,68,261,2,4.3,2,0,0,2,0,1,1,0,0,267,2,880,0.00114000000059605,12,0,0.112466367771808,0.217853079215445,2.00312556570593,68.1062692340016,2
"121",2020-06-29,2112,69,261,1,3.6,4,0,0,4,2,1,3,2,0,269,4,854,0.00351000010967255,8,0,0.347742470262222,0.212469467508358,4.01932830162617,69.3334132030514,4
"122",2020-06-30,2115,68,261,10,4.4,3,0,0,3,0,1,3,2,0,269,3,1605,0.00435999989509583,11,0,0.433032167798812,0.251973223359904,3.01805166984652,68.4091711831877,3
"123",2020-07-01,2117,67,261,4,4.6,2,0,0,2,0,2,3,1,0,269,2,1601,0.00312000006437302,15,0,0.309103966773589,0.255409166263456,2.00859034373791,67.28777651522,2
"124",2020-07-02,2123,66,261,4,4.3,6,0,1,5,0,1,3,2,0,269,5,1012,0.00197999998927116,12,0,0.195679686439689,0.236245709516614,6.01359539143568,66.179459166951,6
"125",2020-07-03,2131,74,261,4,4,8,0,0,8,0,1,3,2,0,269,8,1334,0.00300000011920929,14,0,0.296884284794154,0.2508304886765,8.03300298062669,74.3052775707969,8
"126",2020-07-04,2135,75,261,4,4.1,4,0,0,4,0,1,3,2,0,269,4,1257,0.00317999988794327,40,0,0.308192741645697,0.286157383640853,4.01713003955206,75.3211882416011,4
"127",2020-07-05,2137,72,261,5,4.6,2,0,0,2,0,1,2,1,0,269,2,734,0.00272000014781952,47,0,0.255631255889824,0.306609510514855,2.00710427750627,72.2557539902256,2
"128",2020-07-06,2143,72,261,0,4.4,6,0,1,5,0,1,2,1,0,269,5,602,0,10,0,0,0.256932014763109,6,72,6
"129",2020-07-07,2150,73,261,6,3.9,7,0,1,6,0,1,1,0,0,269,6,1272,0.0039300000667572,21,0,0.386617175940847,0.250301301640543,7.0322335666311,73.3921750606784,7
"130",2020-07-08,2163,79,261,5,4,13,0,1,12,0,1,1,0,0,269,12,1684,0.00296999990940094,39,0,0.29027741424441,0.247611794136374,13.0484027971638,79.318651747995,13
"131",2020-07-09,2171,83,261,5,4.1,8,0,0,8,1,0,2,2,0,270,8,1504,0.00266000002622604,41,0,0.258941102876632,0.256649139341652,8.02878504737162,83.2986448664806,8
"132",2020-07-10,2187,96,261,12,5.3,16,0,0,16,0,0,2,2,0,270,16,1900,0.00684000015258789,14,0.0714300012588501,0.73124453017455,0.318700602967423,16.1625768038174,96.9754608229043,16
"133",2020-07-11,2194,101,261,7,5.7,7,0,0,7,1,1,2,1,0,271,7,1571,0.00381999999284744,25,0,0.376016290022765,0.328389681307004,7.03657469121547,101.52772054468,7
"134",2020-07-12,2217,121,261,9,6.3,23,0,2,21,1,1,3,2,0,272,21,1068,0.00842999994754791,13,0,0.832862159480219,0.410851238962775,23.2430347603254,122.400343142827,23
"135",2020-07-13,2240,139,261,6,7.1,23,0,2,21,0,0,3,3,0,272,21,808,0.00619000017642975,65,0,0.572911814725686,0.492695783923587,23.1671795074305,140.106569120612,23
"136",2020-07-14,2259,149,261,4,6.9,19,0,2,17,1,0,4,4,0,273,17,1406,0.00356000006198883,66,0,0.340038049399205,0.486041622989067,19.0803253091501,149.70402770961,19
"137",2020-07-15,2280,168,261,15,8.3,21,0,0,21,1,0,5,5,0,274,21,1404,0.00782999992370605,46,0,0.758159992612641,0.552881991327385,21.2212361673484,169.769889338787,21
"138",2020-07-16,2302,186,261,7,8.6,22,0,1,21,0,0,5,5,0,274,21,1695,0.00708000004291534,25,0.04,0.755848841438459,0.623868811121932,22.2205617579455,187.953546998946,22
"139",2020-07-17,2332,213,261,17,9.3,30,0,0,29,0,1,5,4,0,274,29,1787,0.00726999998092651,21,0,0.718555860946663,0.622056144089377,29.2895572891553,215.126748365175,30
"140",2020-07-18,2358,232,261,16,10.6,26,0,0,24,2,1,6,5,0,276,24,1551,0.00708999991416931,81,0,0.673810653607635,0.664598196030073,24.2247113884369,234.172210088224,26
"141",2020-07-19,2376,250,261,28,13.3,18,0,0,18,0,1,6,5,0,276,18,2025,0.0212299990653992,22,0,2.10018310246377,0.845644045027723,18.5252978619435,257.295803638104,18
"142",2020-07-20,2406,275,261,47,19.1,30,0,0,27,2,3,8,5,0,278,27,1548,0.0148599994182587,35,0.0285700011253357,1.51631264301018,0.980415591925508,27.5688902471004,280.794252516763,30
"143",2020-07-21,2430,294,261,23,21.9,24,0,0,23,0,3,8,5,0,278,23,1428,0.0161099994182587,15,0,1.59425358068423,1.15958923925194,23.5095199640232,300.512994322732,24
"144",2020-07-22,2457,314,261,13,21.6,27,0,1,23,2,3,9,6,0,280,23,1771,0.00902999997138977,16,0,0.894914938406899,1.17912566007969,24.286012860655,317.904697315029,27
"145",2020-07-23,2476,322,261,29,24.7,19,0,1,17,1,3,10,7,0,281,17,1667,0.0101999998092651,32,0,1.0007886805206,1.21411706566285,18.2364107790254,326.47789828507,19
"146",2020-07-24,2499,337,261,34,27.1,23,0,1,18,0,3,7,4,0,281,18,2036,0.0122800004482269,83,0,1.17989999587494,1.28002337065261,19.2951166231235,342.525238999591,23
"147",2020-07-25,2511,336,261,26,28.6,12,0,1,10,0,3,7,4,0,281,10,2126,0.00800000011920929,320,0,0.695339339878943,1.28309889726279,11.0966212761098,339.246474877288,12
"148",2020-07-26,2518,338,261,21,27.6,7,0,0,6,2,4,9,5,0,283,6,1816,0.0121099996566772,73,0,1.16420113163186,1.14938718714395,6.097063340906,343.467901537705,7
"149",2020-07-27,2533,340,262,22,24,15,0,1,13,1,4,9,5,1,284,13,1601,0.00874000012874603,24,0,0.861091704992147,1.05578419599852,14.1555495381836,344.068218690955,15
"150",2020-07-28,2553,330,262,14,22.7,20,0,1,18,1,4,10,6,0,285,18,1488,0.00739000022411346,24,0,0.727269863325452,0.931929379232976,19.1819047605005,333.334920609175,20
"151",2020-07-29,2569,324,262,20,23.7,16,2,2,12,2,4,11,7,0,287,14,2254,0.00620999991893768,52,0,0.606996522865808,0.89079817701282,16.1180837691438,326.732795800186,16
"152",2020-07-30,2589,334,262,19,22.3,20,1,0,18,1,4,12,8,0,288,19,1891,0.00898999989032745,134,0,0.83951060704243,0.867758452230225,19.2216438864671,337.896266214738,20
"153",2020-07-31,2599,321,262,18,20,10,0,1,9,1,3,13,10,0,289,9,2129,0.00797999978065491,207,0,0.727286795077667,0.803099423544901,10.0909544977354,324.244043752563,10
"154",2020-08-01,2617,309,262,15,18.4,18,0,0,18,1,2,13,11,0,290,18,1629,0.00551999986171722,83,0.0120500004291534,0.58365828331525,0.787144986892945,18.1459846277077,311.506069442315,18
"155",2020-08-02,2625,294,262,2,15.7,8,0,0,8,0,2,13,11,0,290,8,1340,0.00149000003933907,11,0,0.147786828476266,0.641942943585003,8.01642864269648,294.603752619095,8
"156",2020-08-03,2634,280,262,10,14,9,0,1,7,0,1,12,11,0,290,7,1046,0.0114699995517731,47,0,1.09767790769942,0.675740972543185,8.10676992352039,284.270796940816,9
"157",2020-08-04,2646,268,262,20,14.9,12,0,1,11,1,1,11,10,0,291,11,1699,0.0058899998664856,12,0,0.584869069150148,0.655398001946713,12.0893978980264,270.178057879189,12
"158",2020-08-05,2655,248,262,12,13.7,9,1,0,8,1,1,12,11,0,292,9,1599,0.005,70,0,0.479029358897543,0.637116978522675,9.0599074189631,249.650782211428,9
"159",2020-08-06,2665,224,262,13,12.9,10,0,0,10,1,2,10,8,0,293,10,1639,0.00305000007152557,10,0,0.303150401287472,0.560494091986252,10.0421244375885,224.943587401983,10
"160",2020-08-07,2677,225,262,6,11.1,12,0,3,9,1,2,10,8,0,294,9,1689,0,39,0,0,0.456595978403729,12,225,12
"161",2020-08-08,2683,208,262,14,11,6,1,1,4,0,1,10,9,0,294,5,1518,0.00725000023841858,95,0,0.682300084433937,0.470687664277827,6.0474046994517,209.972035497191,6
"162",2020-08-09,2685,199,262,16,13,2,0,1,1,2,2,12,10,0,296,1,1589,0.00441000014543533,102,0,0.414399185753799,0.508775143888903,2.00575830761328,200.145903215043,2
"163",2020-08-10,2697,200,262,8,12.7,12,2,0,10,0,1,12,11,0,296,12,1384,0.00578000009059906,27,0,0.566939767922686,0.432955409635084,12.0945353280836,201.575588801393,12
"164",2020-08-11,2710,204,262,8,11,13,2,1,10,0,1,12,11,0,296,12,1460,0.00342000007629395,41,0,0.332658235269098,0.396925290509219,13.055469658666,204.942984197323,13
"165",2020-08-12,2717,187,262,12,11,7,3,0,4,0,2,10,8,0,296,7,1486,0.00268999993801117,7,0,0.267738774808078,0.366740921353581,7.02604265632859,187.695710961921,7
"166",2020-08-13,2739,190,262,11,10.7,22,0,0,22,0,2,9,7,0,296,22,1689,0.00532999992370605,56,0,0.515895121555273,0.397133024248982,22.1577103044144,191.362043538125,22
"167",2020-08-14,2750,185,262,6,10.7,11,4,1,6,1,2,10,8,0,297,10,1882,0.00477999985218048,36,0,0.469028139822923,0.464137044223685,11.0651740737249,186.20572036391,11
"168",2020-08-15,2754,177,262,2,9,4,0,0,4,1,2,11,9,0,298,4,2044,0.00734000027179718,21,0,0.726535620123653,0.470456406465073,4.04038246923741,178.786924263755,4
"169",2020-08-16,2758,158,262,26,10.4,4,0,1,3,0,2,11,9,0,298,3,1196,0.00501999974250793,22,0,0.492932651234769,0.481675472962354,4.0205487216386,159.082232672966,4
"170",2020-08-17,2782,173,263,8,10.4,24,1,4,19,1,1,9,8,1,299,20,1358,0.00662999987602234,32,0,0.647736678535132,0.493217888764132,24.1800132420929,174.557114544103,24
"171",2020-08-18,2808,192,263,15,11.4,26,1,1,24,0,1,7,6,0,299,25,1888,0.00583000004291534,77,0.0519500017166138,0.763724692783889,0.554798811266245,26.2653095049468,194.037576997991,26
"172",2020-08-19,2832,201,263,23,13,24,4,3,15,2,1,7,6,0,301,19,1519,0.0118499994277954,25,0.04,1.23057960691847,0.69234750156773,22.3248921983791,204.437017467063,24
"173",2020-08-20,2849,209,264,24,14.9,17,1,0,16,3,0,6,6,1,304,17,1607,0.00995999991893768,103,0,0.936007009925898,0.752363485620677,17.2211077630042,211.718324851052,17
"174",2020-08-21,2870,216,264,16,16.3,21,3,2,16,0,0,6,6,0,304,19,1804,0.00721000015735626,116,0.00861999988555908,0.729518764093518,0.789576431945047,21.1926043253867,218.189607067554,21
"175",2020-08-22,2889,226,264,16,18.3,19,1,0,18,1,0,7,7,0,305,19,1864,0.00589999973773956,73,0,0.56776455917122,0.766894851808986,19.1498986938787,227.783005516663,19
"176",2020-08-23,2906,236,264,13,16.4,17,1,1,15,0,0,7,7,0,305,16,694,0.0172899997234344,5,0,1.71663230444399,0.941709087981731,17.3816569996353,241.629440744621,17
"177",2020-08-24,2925,252,264,19,18,19,2,0,17,1,1,8,7,0,306,19,1142,0.00962999999523163,58,0,0.91645499954621,0.980097419554742,19.2419584054897,255.209132535968,19
"178",2020-08-25,2939,254,264,23,19.1,14,0,1,13,4,2,11,9,0,310,13,1647,0.0145700001716614,73,0,1.3951622257399,1.0703027814056,14.2520252356943,258.924185374334,14
"179",2020-08-26,2957,262,264,15,18,18,1,4,13,0,2,11,9,0,310,14,1832,0.0049099999666214,41,0,0.480251998870817,0.963113123113079,18.0934271680796,263.748422716918,18
"180",2020-08-27,2970,265,264,16,16.9,13,1,3,9,1,2,9,7,0,311,10,1469,0.00612999975681305,9,0,0.609267228874044,0.916436011534243,13.084661076642,267.243518531012,13
"181",2020-08-28,2998,275,264,20,17.4,28,0,3,21,1,1,9,8,0,312,21,2137,0.00607999980449677,35,0,0.598202559033591,0.897676553668539,24.1745595161287,277.285898425495,28
"182",2020-08-29,3019,289,264,12,16.9,21,0,2,18,0,1,9,8,0,312,18,1790,0.00726000010967255,11,0.0909099960327148,0.777091068999096,0.927580340786807,20.1943660419902,292.120654785287,21
"183",2020-08-30,3039,303,265,16,17.3,20,0,6,12,2,1,10,9,1,314,12,1402,0.00428000003099442,33,0,0.418157494317364,0.742083939340146,18.0697263768614,304.760591015751,20
"184",2020-08-31,3060,313,265,13,16.4,21,1,3,17,1,1,11,10,0,315,18,1353,0.00517000019550323,54,0,0.497157801315982,0.682184339592971,21.1243491244994,315.162293109351,21
"185",2020-09-01,3085,317,265,18,15.7,25,1,2,22,0,1,11,10,0,315,23,1361,0.0154299998283386,22,0.0909099960327148,1.66306939111269,0.720456791789084,25.5315133468066,324.325640475552,25
"186",2020-09-02,3121,327,265,15,15.7,36,1,9,26,0,1,9,8,0,315,27,1528,0.00261999994516373,51,0,0.253537676770752,0.688069031489075,36.0951222772245,328.152036468607,36
"187",2020-09-03,3143,328,265,24,16.9,22,1,4,17,1,1,8,7,0,316,18,1493,0.00938000023365021,133,0.00751999974250793,0.922785997207461,0.732857426965277,22.2308072618982,332.205821216811,22
"188",2020-09-04,3165,332,265,24,17.4,22,0,3,19,3,1,11,10,0,319,19,2705,0.00813000023365021,258,0.00774999976158142,0.809691210614641,0.763070091476856,22.2137711009884,335.735368712008,22
"189",2020-09-05,3190,339,265,17,18.1,25,1,11,13,2,1,13,12,0,321,14,2256,0.00398999989032745,164,0,0.371960320354493,0.705194270241913,25.0723603430083,340.752154019986,25
"190",2020-09-06,3211,341,265,27,19.7,21,1,3,16,1,1,14,13,0,322,17,1310,0.00611000001430511,192,0.03125,0.932363516560565,0.778652273419513,20.2202470807027,345.417897324683,21
"191",2020-09-07,3252,366,265,29,22,41,2,6,33,0,1,12,11,0,322,35,1290,0.0147300004959106,44,0,1.4244153403092,0.911117636132829,41.6927565722118,373.244254440843,41
"192",2020-09-08,3304,403,265,24,22.9,52,0,14,36,3,1,14,13,0,325,36,1097,0.0127600002288818,4,0,1.27136423715562,0.855159756996104,50.6359873239108,410.11952476489,52
"193",2020-09-09,3349,434,265,15,22.9,45,2,10,31,0,1,13,12,0,325,33,1587,0.0144900000095367,29,0,1.42299690687715,1.02222536129702,43.652520054913,442.581627388856,45
"194",2020-09-10,3426,496,265,33,24.1,77,1,21,52,2,2,14,12,0,327,53,1959,0.0127600002288818,61,0,1.23746734892968,1.06717984011448,74.911350815299,504.528868007326,77
"195",2020-09-11,3456,510,265,60,29.3,30,0,1,25,0,1,12,11,0,327,25,2314,0.0155599999427795,93,0.0752699995040894,1.78670335776785,1.20675300399351,26.6206809702698,522.661891793505,30
"196",2020-09-12,3505,535,267,47,33.6,49,0,4,42,1,0,12,12,2,328,42,1900,0.0168400001525879,26,0,1.66126688940379,1.39093965671483,46.9695376256612,547.350062612589,49
"197",2020-09-13,3540,548,268,31,34.1,35,1,5,29,1,1,11,10,1,329,30,1199,0.0166799998283386,44,0,1.6089557356539,1.48759568801388,35.6707200965075,560.251820429536,35
"198",2020-09-14,3608,598,270,59,38.4,68,0,19,49,1,1,11,10,2,330,49,2394,0.0141999995708466,218,0.0412799978256226,1.6460121936674,1.51925238135077,69.1207405775332,611.677609497242,68
"199",2020-09-15,3680,646,271,41,40.9,72,0,14,55,1,1,11,10,1,331,55,2961,0.0121599996089935,28,0,1.20460886056306,1.5097158989804,69.9206291267448,656.813207561403,72
"200",2020-09-16,3756,684,272,41,44.6,76,0,7,66,1,0,11,11,1,332,66,1887,0.0190799999237061,162,0.00616999983787537,1.80592971350753,1.56442058564189,74.6562303826971,701.164569420679,76
"201",2020-09-17,3806,709,276,57,48,50,2,4,38,2,2,11,9,4,334,40,2512,0.0191100001335144,208,0.00481000006198883,1.80164707162801,1.6450176888845,45.0013956016953,726.74973704005,50
"202",2020-09-18,3894,777,276,46,46,88,1,6,78,0,2,11,9,0,334,79,2409,0.0128699994087219,281,0.0213499999046326,1.37558284568077,1.58628618715778,86.5100447254192,791.851958881654,88
"203",2020-09-19,3964,828,278,46,45.9,70,2,4,60,0,2,10,8,2,334,62,2101,0.0214199995994568,161,0,1.98954107685494,1.6331824996508,67.714038480927,850.890707454961,70
"204",2020-09-20,4007,860,278,76,52.3,43,1,4,34,2,2,11,9,0,336,35,2847,0.0186199998855591,112,0,1.79152212484578,1.6592634123925,39.8712969392623,881.409010507588,43
"205",2020-09-21,4116,940,278,56,51.9,109,2,22,82,1,3,12,9,0,337,84,2949,0.0189900004863739,73,0,1.85312744653596,1.68885130565944,108.163020037324,964.205224227202,109
"206",2020-09-22,4226,1020,278,85,58.1,110,0,27,82,3,3,15,12,0,340,82,2507,0.0135599994659424,64,0.03125,1.40003573166541,1.71676943010263,110.595250687145,1039.84336220595,110
"207",2020-09-23,4333,1080,279,67,61.9,107,0,26,76,2,3,16,13,1,342,76,1896,0.0168799996376038,7,0.571430015563965,1.89198578149472,1.7290631541008,103.998054953604,1108.39341249858,107
"208",2020-09-24,4434,1133,280,38,59.1,101,2,18,75,2,3,18,15,1,344,77,2730,0.0128199994564056,55,0,1.25668217292593,1.65121102571479,96.3445970298459,1152.78478486773,101
"209",2020-09-25,4553,1196,282,57,60.7,119,5,16,86,3,3,20,17,2,347,91,3291,0.0133700001239777,59,0.0339000010490417,1.37315732745982,1.6508645231118,108.736351550375,1218.82062037636,119
"210",2020-09-26,4638,1243,284,76,65,85,3,14,66,3,4,21,17,2,350,69,3437,0.0299699997901917,12,0,2.98657260883992,1.79329759910965,85.8635062576853,1294.58461272903,85
"211",2020-09-27,4720,1273,285,109,69.7,82,2,12,64,2,4,22,18,1,352,66,2684,0.0331599998474121,13,0,3.30001629923819,2.00879676687999,81.0264673189183,1331.37413480277,82
"212",2020-09-28,4835,1343,286,86,74,115,3,11,97,6,4,27,23,1,358,100,3135,0.0258400011062622,192,0.0104200005531311,2.49501182970644,2.10049453590435,114.466957973889,1389.56124558933,115
"213",2020-09-29,4942,1374,289,58,70.1,107,5,18,74,4,3,27,24,3,362,79,2165,0.0263299989700317,79,0.0253200006484985,2.62944419881239,2.27612431692535,99.8864698012686,1424.20265198662,107
"214",2020-09-30,5025,1404,289,108,76,83,1,10,67,5,5,30,25,0,367,68,3170,0.0305999994277954,281,0.0142299997806549,2.92670611777674,2.42394150782278,80.7654384456951,1461.09817026112,83
"215",2020-10-01,5126,1440,291,105,85.6,101,2,11,78,3,5,29,24,2,370,80,3844,0.0226300001144409,120,0.00833000004291534,2.21971040476944,2.56151696951471,93.4675290420392,1484.41552275671,101
"216",2020-10-02,5222,1490,292,115,93.9,96,0,13,79,1,5,29,24,1,371,79,3362,0.021710000038147,197,0,2.05082945007727,2.65832727274577,94.2512960259335,1532.46115289419,96
"217",2020-10-03,5294,1502,293,65,92.3,72,2,6,63,5,6,31,25,1,376,65,3113,0.0301999998092651,485,0.0103100001811981,2.75188853513406,2.62480097650208,73.4855366059802,1559.4350151105,72
"218",2020-10-04,5351,1482,293,77,87.7,57,1,7,47,3,6,32,26,0,379,48,3118,0.0291899991035461,102,0,2.826534695803,2.55716074743991,56.8852611859383,1540.20743911584,57
"219",2020-10-05,5429,1483,293,82,87.1,78,3,13,59,3,6,33,27,0,382,62,3821,0.0177999997138977,238,0.00839999973773956,1.72488294763206,2.44714233571499,76.4860290052467,1518.54485507711,78
"220",2020-10-06,5504,1454,294,139,98.7,75,5,15,52,2,7,34,27,1,384,57,2158,0.0194599997997284,55,0,1.89763576899295,2.34259827431222,73.5030162695157,1492.34009922589,75
"221",2020-10-07,5605,1468,294,174,108.1,101,12,22,63,3,10,36,26,0,387,75,2268,0.0313100004196167,76,0,3.02948297575472,2.35728068259479,100.157226561364,1529.79744789442,101
"222",2020-10-08,5685,1427,294,85,105.3,80,5,14,55,2,9,36,27,0,389,60,2434,0.0271199989318848,182,0,2.52332100153699,2.40065362499015,76.1037770874192,1477.03483172912,80
"223",2020-10-09,5768,1428,294,96,102.6,83,5,19,57,2,9,37,28,0,391,62,2508,0.0207299995422363,247,0.00810000002384186,1.95976547578285,2.38764448580523,82.6883860696126,1466.88734366785,83
"224",2020-10-10,5833,1413,295,68,103,65,5,8,50,6,9,43,34,1,397,55,2628,0.0300600004196167,21,0,2.98216991705371,2.42054182607947,65.2791402059408,1471.55318383626,65
"225",2020-10-11,5897,1378,295,138,111.7,64,6,6,48,5,10,46,36,0,402,54,2660,0.0233100008964539,238,0.0168099999427795,2.2776184393012,2.34212521800778,61.7090339814911,1421.61201530546,64
"226",2020-10-12,5958,1349,295,62,108.9,61,2,13,43,3,10,46,36,0,405,45,1994,0.0150499999523163,237,0.0126600003242493,1.47961093598233,2.30708635920068,58.9252008316179,1376.73546493006,61
"227",2020-10-13,6043,1370,296,74,99.6,85,5,9,68,1,7,45,38,1,406,73,2117,0.0302300000190735,18,0,2.9975133508374,2.4642117280356,85.0406046430512,1427.06340220521,85
"228",2020-10-14,6110,1375,298,84,86.7,67,2,15,49,2,7,45,38,2,408,51,3004,0.0296300005912781,110,0.0363599991798401,2.98677333609447,2.45811035094128,68.1166468753157,1432.06645987371,67
"229",2020-10-15,6196,1400,298,107,89.9,86,4,24,52,5,8,49,41,0,413,56,2119,0.021710000038147,105,0.00952000021934509,2.11344829603708,2.39955710729844,81.6445823413181,1441.11455853295,86
"230",2020-10-16,6271,1420,299,77,87.1,75,2,10,59,4,8,47,39,1,417,61,3126,0.0214299988746643,280,0.0035699999332428,1.99617664308598,2.40475870262745,72.6920171972972,1459.38794131413,75
"231",2020-10-17,6318,1402,300,64,86.6,47,3,8,36,6,8,50,42,1,423,39,3037,0.0214000010490417,149,0,2.03991849296735,2.2701513563294,48.1054863646007,1441.74081751719,47
"232",2020-10-18,6375,1369,303,74,77.4,57,1,11,40,2,6,49,43,3,425,41,1144,0.0271000003814697,37,0.0540500020980835,2.79443272769098,2.34398196895651,53.5920381988133,1422.15854376037,57
"233",2020-10-19,6439,1349,304,69,78.4,64,1,6,57,3,6,48,42,1,428,58,1334,0.0374799990653992,27,0,3.67364575703472,2.65741551482114,66.9607465878086,1417.86288184403,64
"234",2020-10-20,6517,1353,306,46,74.4,78,3,14,57,4,5,46,41,2,432,60,1595,0.0250799989700317,48,0.0208299994468689,2.49558358677117,2.58571126281168,76.0806514773153,1399.91869081346,78
"235",2020-10-21,6605,1376,309,69,72.3,88,1,46,40,4,4,45,41,3,436,41,2258,0.0305599999427795,446,0.00897000014781952,2.69989274913919,2.54472832181807,88.5381770857229,1427.62272365743,88
"236",2020-10-22,6670,1361,309,88,69.6,65,1,24,36,1,3,44,41,0,437,37,2238,0.0268099999427795,87,0.0114900004863739,2.62367354469914,2.6176176430555,62.3489240207596,1410.61852952037,65
"237",2020-10-23,6749,1363,310,92,71.7,79,1,13,64,2,3,37,34,1,439,65,2768,0.0245700001716614,65,0.0153799998760223,2.4359145946735,2.68043735042515,80.2001453971709,1409.13535655914,79
"238",2020-10-24,6814,1354,313,63,71.6,65,2,17,41,2,3,36,33,3,441,43,2358,0.0211999988555908,191,0,1.96114544140773,2.6691840573452,61.1718019772048,1390.89813667756,65
"239",2020-10-25,6884,1335,315,69,70.9,70,1,24,42,3,3,38,35,2,444,43,1751,0.0308400011062622,77,0,2.95409419787008,2.69199283879936,68.765097758088,1389.80012807087,70
"240",2020-10-26,6957,1295,316,77,72,73,1,16,51,4,3,39,36,1,448,52,995,0.0392000007629395,121,0.0165299999713898,3.67420526484435,2.69207276848645,70.6548667410211,1361.11639287735,73
"241",2020-10-27,7035,1265,318,61,74.1,78,0,15,60,2,3,32,29,2,450,60,1354,0.0288000011444092,116,0,2.65273479928776,2.71452294170311,77.2116736976159,1311.6294537914,78
"242",2020-10-28,7147,1271,321,93,77.6,112,2,69,38,2,2,30,28,3,452,40,1900,0.0405299997329712,166,0.01807000041008,3.87253724882471,2.88204358451533,111.15244252298,1339.39386116769,112
"243",2020-10-29,7211,1255,322,65,74.3,64,0,18,42,9,2,38,36,1,461,42,2190,0.0292199993133545,96,0,2.79929127280168,2.90713183138712,61.6337039108389,1303.81662876435,64
"244",2020-10-30,7261,1224,324,122,78.6,50,1,9,36,4,2,41,39,2,465,37,2789,0.0358599996566772,105,0.0571400022506714,3.66320799166528,3.0824594595288,47.8833857066476,1286.30443526856,50
"245",2020-10-31,7300,1154,325,83,81.4,39,0,5,32,2,2,40,38,1,467,32,2352,0.0276399993896484,322,0,2.43116224997955,3.1496047178962,38.0810353359328,1192.98483680208,39
"246",2020-11-01,7350,1113,328,50,78.7,50,1,6,40,1,2,38,36,3,468,41,1714,0.0256699991226196,104,0,2.42015283257261,3.07332737999656,48.3788042625758,1150.42949132309,50
"247",2020-11-02,7414,1066,328,56,75.7,64,3,8,47,6,2,43,41,0,474,50,1030,0.0174800002574921,14,0.0714300012588501,1.82034677038705,2.80849045221695,59.2647366388598,1092.96418514049,64
"248",2020-11-03,7485,996,329,36,72.1,71,1,36,33,2,2,44,42,1,476,34,1456,0.0219799995422363,13,0,2.1785486271951,2.74074957048942,71.0292530044045,1026.15105859961,71
"249",2020-11-04,7550,919,333,53,66.4,65,5,1,51,1,1,41,40,4,477,56,1466,0.0272900009155273,295,0.0033899998664856,2.32863096551824,2.52019153001707,58.8120269951807,948.736657295911,65
"250",2020-11-05,7597,876,333,45,63.6,47,0,6,34,5,2,44,42,0,482,34,2536,0.0240499997138977,41,0,2.36673648717286,2.45839798921295,41.1181621606458,904.809119197815,47
"251",2020-11-06,7671,870,337,79,57.4,74,1,12,58,5,3,47,44,4,487,59,2342,0.0234800004959106,116,0.0258599996566772,2.35923194148076,2.27211569632945,72.934187709127,898.521072998991,74
"252",2020-11-07,7706,836,342,75,56.3,35,3,4,25,3,4,47,43,5,490,28,2499,0.0276099991798401,142,0,2.61254782091709,2.2980279207491,33.0164786193695,866.349147349747,35
"253",2020-11-08,7743,774,342,47,55.9,37,1,5,29,1,4,48,44,0,491,30,1176,0.0204099988937378,92,0.0108700001239777,1.97178223268467,2.23397497790797,35.821970387433,795.206835995771,37
"254",2020-11-09,7814,744,346,31,52.3,71,3,24,42,7,4,47,43,4,498,45,711,0.0210999989509583,20,0.1,2.3258685710166,2.3061923779979,70.4543657956338,768.045514487813,71
"255",2020-11-10,7881,753,346,52,54.6,67,0,11,54,3,5,48,43,0,501,54,1374,0.0334800004959106,17,0,3.30708272332,2.46741153458718,67.4815028962841,787.603179275961,67
"256",2020-11-11,7937,751,349,77,58,56,0,6,48,2,5,47,42,3,503,48,2375,0.0261100006103516,241,0.0290499997138977,2.63808491516187,2.51161924167912,55.7595676795154,778.529902652419,56
"257",2020-11-12,7979,741,351,60,60.1,42,1,8,31,3,3,44,41,2,506,32,2318,0.0215700006484985,214,0.00467000007629395,2.0141643570121,2.4612517945133,40.8956139567916,761.739060686955,42
"258",2020-11-13,8018,717,353,79,60.1,39,1,7,27,0,3,36,33,2,506,28,2719,0.0217000007629395,200,0,2.02131901591067,2.41297851943186,35.7864459154195,737.138632905562,39
"259",2020-11-14,8039,693,353,50,56.6,21,3,2,14,3,3,37,34,0,509,17,1710,0.015789999961853,245,0.0163300001621246,1.58576726212221,2.26629558246116,19.3745970364056,708.270338013476,21
"260",2020-11-15,8069,650,355,30,54.1,30,1,1,25,0,2,35,33,2,509,26,984,0.0152400004863739,306,0.00653999984264374,1.31762794034426,2.17284496926967,27.4760385367321,661.900963418304,30
"261",2020-11-16,8113,612,358,11,51.3,44,0,3,39,3,2,33,31,3,512,39,735,0.0122399997711182,53,0,1.14167510555481,2.0036744742037,42.6187042601683,621.708897621102,44
"262",2020-11-17,8154,589,358,40,49.6,41,1,10,29,1,2,32,30,0,513,30,1828,0.020789999961853,38,0,2.03666237568421,1.82218585311287,40.8490167596916,605.669029048611,41
"263",2020-11-18,8196,582,358,66,48,42,3,6,31,1,2,32,30,0,514,34,2684,0.0204900002479553,20,0.05,2.07082694768905,1.74114900061676,40.9783600103776,598.747221354111,42
"264",2020-11-19,8216,563,359,53,47,20,2,1,17,0,2,30,28,1,514,19,2476,0.0121200001239777,187,0.0160399997234344,1.23952685900304,1.63048650090118,20.3272544123983,572.697064956855,20
"265",2020-11-20,8241,520,359,28,39.7,25,1,2,20,1,2,30,28,0,515,21,2643,0.00757000029087067,222,0.0225200009346008,0.872842966012306,1.46641849377284,23.2547014276395,526.306892493929,25
"266",2020-11-21,8270,488,360,27,36.4,29,4,4,19,2,2,31,29,1,517,23,1495,0.0187300002574921,71,0,1.7880811229215,1.49532047388702,27.5714668233836,500.125035209183,29
"267",2020-11-22,8297,475,363,26,35.9,27,3,4,19,3,4,31,27,3,520,22,1220,0.0147500002384186,36,0,1.4327229530948,1.51176261856567,26.4379866442485,484.456529819001,27
"268",2020-11-23,8337,457,365,20,37.1,40,2,9,26,1,3,27,24,2,521,28,922,0.0173500001430511,13,0,1.71087701945381,1.5930771776941,37.6656605083826,467.864530440387,40
"269",2020-11-24,8380,466,365,21,34.4,43,2,7,33,1,3,23,20,0,522,35,1403,0.00855000019073486,41,0.0975599956512451,1.10772923056108,1.46037244267651,42.5387380232339,473.172911966486,43
"270",2020-11-25,8435,474,366,38,30.4,55,4,10,39,2,2,23,21,1,524,43,2618,0.0122200000286102,72,0.0138900005817413,1.22646989281736,1.33975000626627,53.732826752693,482.078136762244,55
"271",2020-11-26,8480,490,366,60,31.4,45,3,4,37,3,2,23,21,0,527,40,3059,0.0143799996376038,224,0.00446000009775162,1.37031553193196,1.35843410239897,44.7616519174155,499.33023598834,45
"272",2020-11-27,8528,503,367,56,35.4,48,2,3,42,3,1,24,23,1,530,44,3154,0.0177600002288818,336,0.00298000007867813,1.63370546556817,1.46712874519267,47.9988549049332,514.418727663214,48
"273",2020-11-28,8572,505,368,60,40.1,44,2,3,39,2,1,25,24,1,532,41,2597,0.0119400000572205,191,0,1.1122015835223,1.3705745252785,44.6336410922338,512.804603697027,44
"274",2020-11-29,8617,517,370,22,39.6,45,0,4,38,5,1,28,27,2,537,38,898,0.0245000004768372,12,0,2.41769235474723,1.51128443980027,43.2766169368028,534.368709377028,45
"275",2020-11-30,8660,523,371,47,43.4,43,1,7,34,1,1,25,24,1,538,35,1135,0.0229099988937378,61,0,2.17415123280873,1.57746647027955,43.057386503001,538.80037545913,43
"276",2020-12-01,8714,544,371,34,45.3,54,2,12,39,3,1,27,26,0,541,41,1906,0.0141700005531311,113,0.0176999998092651,1.43675686145195,1.62447041754967,53.818546026595,554.86070825531,54
"277",2020-12-02,8756,558,372,49,46.9,42,1,5,34,6,1,31,30,1,547,35,2859,0.0101400005817413,81,0.0123500001430511,1.0200888324757,1.59498740892943,40.4961145972943,565.90948415115,42
"278",2020-12-03,8794,557,373,38,43.7,38,0,5,32,3,1,33,32,1,550,32,3327,0.0102199995517731,202,0,0.963500666158943,1.53687099953329,37.4284281175892,564.457326921787,38
"279",2020-12-04,8837,561,375,55,43.6,43,1,5,33,2,1,31,30,2,552,34,2994,0.0110199999809265,165,0.0121200001239777,1.10774548791865,1.46173385986907,39.5233531890559,569.635327619422,43
"280",2020-12-05,8872,550,375,46,41.6,35,3,2,29,1,1,31,30,0,553,32,2277,0.0184500002861023,209,0,1.68988940673592,1.54426069175673,34.7514225603476,562.915075255975,35
"281",2020-12-06,8911,544,376,33,43.1,39,0,7,30,1,2,31,29,1,554,30,1397,0.0157500004768372,20,0,1.55276998349623,1.42070035300659,37.6472981264219,555.73767269245,39
"282",2020-12-07,8965,547,377,23,39.7,54,0,4,45,2,1,30,29,1,556,45,1068,0.0168499994277954,25,0.04,1.73795053878184,1.3583859681456,50.086740605039,560.209935799029,54
"283",2020-12-08,9012,551,377,57,43,47,1,1,44,0,1,27,26,0,556,45,2367,0.01942999958992,69,0,1.88796424586784,1.4228441659193,47.1805441875719,565.455107718936,47
"284",2020-12-09,9065,562,377,36,41.1,53,2,3,46,1,3,24,21,0,557,48,2911,0.00962000012397766,167,0.00598999977111816,0.942305078709412,1.41173220109555,51.6285050004308,569.358746046711,53
"285",2020-12-10,9110,561,377,60,44.3,45,2,0,43,1,3,23,20,0,558,45,3091,0.0139100003242493,252,0.00397000014781952,1.3160709255012,1.46209938100158,45.8229392505358,571.259309323346,45
"286",2020-12-11,9149,544,377,48,43.3,39,6,2,30,1,2,23,21,0,559,36,3047,0.0118099999427795,32,0,1.16872587936503,1.47081086549392,38.5846435055194,552.834612972293,39
"287",2020-12-12,9182,533,378,59,45.1,33,2,5,26,0,2,20,18,1,559,28,2616,0.0156700003147125,24,0,1.55275457663969,1.45122017548018,33.6041389235617,544.5002159378,33
"288",2020-12-13,9221,530,379,30,44.7,39,5,2,32,0,2,19,17,1,559,37,1502,0.0119799995422363,47,0,1.16165005244925,1.39534589961632,39.5972456682469,538.555140653266,39
"289",2020-12-14,9264,526,379,16,43.7,43,4,4,35,2,2,20,18,0,561,39,917,0.0174500000476837,20,0,1.70775347318313,1.39103203310222,43.9254772605926,538.482077924915,43
"290",2020-12-15,9310,534,380,54,43.3,46,1,7,37,1,1,20,19,1,562,38,2079,0.0134700000286102,49,0,1.31598355542672,1.30932050589635,45.694880344107,543.764897467189,46
"291",2020-12-16,9365,552,380,53,45.7,55,3,4,47,0,1,18,17,0,562,50,2312,0.0168700003623962,94,0,1.62109064164007,1.4062898720293,55.12629789156,564.434328722822,55
"292",2020-12-17,9402,547,381,61,45.9,37,1,5,29,1,0,17,17,1,563,30,3207,0.0134099996089935,83,0.0241000008583069,1.36796865706023,1.41370383368059,35.5702606040369,557.397751680273,37
"293",2020-12-18,9443,534,381,25,42.6,41,3,4,34,0,0,16,16,0,563,37,3298,0.00727999985218048,170,0.00587999999523163,0.72113724082124,1.34976259960291,41.3707623413642,539.35100244023,41
"294",2020-12-19,9482,531,381,46,40.7,39,1,6,29,3,0,19,19,0,566,30,2799,0.0117900002002716,140,0,1.12283805922287,1.28834595425765,36.4680738162993,539.284906548498,39
"295",2020-12-20,9526,525,381,24,39.9,44,5,2,34,0,0,16,16,0,566,39,1360,0.0161800003051758,51,0,1.55951810170369,1.34518424700828,41.8451445500029,536.376945865424,44
"296",2020-12-21,9601,547,381,22,40.7,75,7,8,60,1,0,15,15,0,567,67,1365,0.00658999979496002,32,0.03125,0.715486737302822,1.20343185616823,75.6661198240071,552.438321548237,75
"297",2020-12-22,9685,591,381,73,43.4,84,5,7,70,2,0,15,15,0,569,75,3021,0.0225099992752075,48,0,2.21579367254486,1.33197615861368,84.3092265886449,609.196705518522,84
"298",2020-12-23,9785,658,381,52,43.3,100,5,6,88,1,1,13,12,0,570,93,2652,0.0199800002574921,199,0.0150800001621246,1.96379799070964,1.38093435133791,101.53779027033,675.955548364273,100
"299",2020-12-24,9860,685,381,49,41.6,75,11,6,56,2,1,13,12,0,572,67,3469,0.01557000041008,144,0,1.49494413015686,1.39907370463743,74.3917964777858,699.229561004228,75
"300",2020-12-25,9926,717,381,47,44.7,66,6,3,56,0,1,10,9,0,572,62,2537,0.0295600008964539,161,0,2.77960423551903,1.69314041816568,67.3946972881599,744.693515413075,66
"301",2020-12-26,10019,760,381,95,51.7,93,5,5,82,2,2,12,10,0,574,87,951,0.0199800002574921,50,0,1.89819982466284,1.80390638465711,94.2947593585013,780.046173706448,93
"302",2020-12-27,10129,824,382,37,53.6,110,8,6,94,2,4,12,8,1,576,102,1480,0.0270300006866455,32,0.0625,2.77806885028012,1.97798506302517,111.937487107104,855.808719375037,110
"303",2020-12-28,10261,918,382,65,59.7,132,15,7,108,1,2,13,11,0,577,123,1188,0.04125,39,0.0256399989128113,4.07538385962507,2.45797036621406,136.965456761643,969.986091928357,132
"304",2020-12-29,10382,996,382,112,65.3,121,5,15,101,3,4,12,8,0,580,106,1880,0.0505299997329712,25,0.04,5.03918107600976,2.8613114238519,128.422356292524,1065.74214025806,121
"305",2020-12-30,10519,1087,382,88,70.4,137,12,10,115,3,5,13,8,0,583,127,2458,0.0573600006103516,62,0,5.59487625000969,3.3800368894662,146.873478256944,1171.50764460865,137
"306",2020-12-31,10644,1174,382,147,84.4,125,0,9,116,2,5,13,8,0,585,116,2652,0.0331800007820129,144,0,3.14711595400208,3.6160614357298,130.072787872596,1225.34011174507,125
"307",2021-01-01,10761,1229,383,87,90.1,117,0,5,111,2,6,13,7,1,587,111,2759,0.0391400003433228,134,0.0149300003051758,3.80186246070242,3.76209832504171,121.864018723549,1293.92683793912,117
"308",2021-01-02,10874,1290,383,134,95.7,113,2,8,101,2,6,15,9,0,589,103,2369,0.0295499992370605,431,0,2.50014100687844,3.84808992250108,114.578307808939,1334.81569974302,113
"309",2021-01-03,10997,1317,384,106,105.6,123,0,5,118,4,5,19,14,1,593,118,1516,0.0600299978256226,126,0.0238100004196167,5.72506313986088,4.26908910672691,132.387247234492,1421.77122549005,123
"310",2021-01-04,11172,1429,384,117,113,175,4,30,140,5,8,21,13,0,598,144,1386,0.0533900022506714,155,0.00644999980926514,4.86685873393035,4.38215694591337,183.738390845314,1525.6400035969,175
"311",2021-01-05,11313,1502,386,105,112,141,2,19,120,6,8,23,15,2,604,122,2417,0.0575099992752075,97,0.0103100001811981,5.56888378145397,4.45782876097683,150.440694700648,1618.2288806588,141
"312",2021-01-06,11496,1596,386,132,118.3,183,11,42,129,7,7,28,21,0,611,140,2627,0.0513899993896484,211,0.0142200005054474,4.86264793880394,4.35322471651887,191.459688400231,1703.84044776263,183
"313",2021-01-07,11614,1633,386,186,123.9,118,2,7,108,6,9,32,23,0,617,110,2311,0.048899998664856,91,0.0109899997711182,4.74637747267502,4.58169064775786,124.254891593322,1740.70216338086,118
"314",2021-01-08,11744,1662,386,185,137.9,130,6,13,110,0,11,30,19,0,617,116,2661,0.0368300008773804,249,0,3.36785678126149,4.51968983640915,134.4285966219,1739.77868608274,130
"315",2021-01-09,11842,1671,388,155,140.9,98,6,2,90,4,11,30,19,2,621,96,3020,0.0324499988555908,375,0.00266999989748001,2.91606027998348,4.57910687542416,101.889947128455,1738.70939220468,98
"316",2021-01-10,11934,1655,388,114,142,92,5,3,82,5,11,34,23,0,626,87,1824,0.0509899997711182,78,0,4.88989272252995,4.45979681580546,95.9114572350601,1767.45358303476,92
"317",2021-01-11,12098,1707,388,66,134.7,164,2,25,135,3,13,34,21,0,629,137,1608,0.0342000007629395,115,0,3.1917354165297,4.22049348474822,168.076079085858,1782.70705839095,164
"318",2021-01-12,12238,1735,389,161,142.7,140,1,22,115,4,13,35,22,1,633,116,2211,0.0705600023269653,74,0.0135099995136261,6.87124311198812,4.40654481768167,149.075651243109,1900.65736988616,140
"319",2021-01-13,12326,1723,393,172,148.4,88,0,9,75,3,11,35,24,4,636,75,2532,0.0375200009346008,173,0.0115600001811981,3.58597125315181,4.22416243401708,87.7371801655088,1808.85548566896,88
"320",2021-01-14,12418,1711,393,128,140.1,92,2,14,75,9,10,41,31,0,645,77,2581,0.0337100005149841,146,0,3.19052113418313,4.00189724280395,94.4137233209054,1786.85559223466,92
"321",2021-01-15,12512,1681,395,145,134.4,94,6,7,79,5,11,41,30,2,650,85,2923,0.0372900009155273,206,0.00485000014305115,3.51542897748657,4.02297898512182,96.1521517946414,1763.11490784461,94
"322",2021-01-16,12574,1635,396,119,129.3,62,0,0,60,2,9,39,30,1,652,60,2470,0.0323900008201599,289,0,2.89972098679938,4.02064480038124,62.417594340245,1700.87944577168,62
"323",2021-01-17,12654,1576,398,72,123.3,80,2,3,72,2,9,39,30,2,654,74,2036,0.026029999256134,32,0,2.56272139678379,3.68819175384607,79.6351727009792,1632.12205644248,80
"324",2021-01-18,12775,1597,399,63,122.9,121,2,45,72,7,10,43,33,1,661,74,1021,0.0391799998283386,48,0,3.74207481990025,3.7668116686133,122.847867904329,1680.04114923262,121
"325",2021-01-19,12849,1541,406,81,111.4,74,3,24,47,8,9,45,36,7,669,50,2337,0.0410799980163574,89,0,3.95729412053698,3.35053324126313,76.749440351919,1625.73775164614,74
"326",2021-01-20,12910,1500,406,166,110.6,61,1,9,49,2,7,37,30,0,671,50,3065,0.0225099992752075,163,0.00612999975681305,2.16828803404187,3.14800706710457,60.5064785264353,1545.19435579306,61
"327",2021-01-21,12981,1467,408,81,103.9,71,1,9,60,3,7,37,30,2,674,61,2636,0.0242799997329712,117,0,2.32481217929939,3.02433435926403,71.9705782058342,1514.39079062228,71
"328",2021-01-22,13062,1439,409,95,96.7,81,1,4,75,5,6,37,31,1,679,76,2311,0.0307200002670288,111,0.00901000022888184,2.97250332958338,2.94677355242072,83.1391488563859,1498.43730532025,81
"329",2021-01-23,13110,1372,409,84,91.7,48,1,4,40,4,9,39,30,0,683,41,2122,0.0329900002479553,276,0,2.91929860409346,2.9495703548913,46.6631765171528,1427.65556540326,48
"330",2021-01-24,13156,1291,410,44,87.7,46,2,9,35,3,8,38,30,1,686,37,1247,0.0224499988555908,36,0,2.18200690357925,2.8951825701478,47.1218474690375,1330.14338060885,46
"331",2021-01-25,13219,1232,410,29,82.9,63,1,18,43,4,7,39,32,0,690,44,825,0.0206100010871887,48,0,1.94768051511233,2.63884052660667,63.1908206691873,1265.34297873724,63
"332",2021-01-26,13282,1171,411,74,81.9,63,1,19,41,8,5,40,35,1,698,42,2354,0.024210000038147,79,0,2.34238964610761,2.40813988740247,62.3670499968103,1209.11465586345,63
"333",2021-01-27,13360,1132,413,80,69.6,78,1,26,50,1,4,30,26,2,699,51,2800,0.0196399998664856,175,0.00570999979972839,1.88205880978528,2.36724999822296,78.333765053662,1161.60435374011,78
"334",2021-01-28,13398,1071,413,66,67.4,38,1,3,33,3,5,30,25,0,702,34,2355,0.0212299990653992,209,0.0287100005149841,2.18397183723271,2.34712994935629,38.0318151942749,1103.50217861966,38
"335",2021-01-29,13428,970,413,73,64.3,30,1,2,27,3,4,31,27,0,705,28,2847,0.0122899997234344,180,0.00555999994277954,1.18898015204222,2.09234092399327,30.4626031698748,986.025895527804,30
"336",2021-01-30,13447,873,414,42,58.3,19,1,6,12,2,5,33,28,1,707,13,2155,0.0157799994945526,216,0,1.43424288953019,1.88019010762709,19.2590848545121,890.3985444607,19
"337",2021-01-31,13490,815,415,25,55.6,43,3,5,35,4,6,32,26,1,711,38,922,0.0195200002193451,24,0,1.90247782264653,1.84025738177955,44.0045676016278,836.545331455965,43
"338",2021-02-01,13530,724,415,26,55.1,40,6,7,25,4,5,29,24,0,715,31,548,0.0292000007629395,29,0,2.77324097367259,1.95819459014531,39.1946075909306,751.89986760754,40
"339",2021-02-02,13572,660,416,59,53,42,4,5,31,3,5,27,22,1,718,35,2439,0.0221399998664856,107,0.0280399990081787,2.23879574109322,1.94339546085754,41.0888260043207,680.532147510048,42
"340",2021-02-03,13635,645,416,54,49.3,63,5,21,36,2,4,26,22,0,720,41,2865,0.0129100000858307,212,0,1.20205233168362,1.84625167827158,62.6848306670793,655.773555616248,63
"341",2021-02-04,13717,647,416,51,47.1,82,3,43,33,2,5,25,20,0,722,36,2814,0.0127900004386902,90,0,1.23936161275738,1.71130736048939,79.6199783291205,658.142388303915,82
"342",2021-02-05,13775,647,417,72,47,58,1,8,48,2,5,21,16,1,724,49,2435,0.0160199999809265,149,0,1.50962461120573,1.75711371179847,58.0278766859263,660.572167669271,58
"343",2021-02-06,13800,616,417,61,49.7,25,2,3,19,3,6,21,15,0,727,21,2369,0.0143499994277954,205,0.0146300005912781,1.43722994427581,1.75754043390498,24.4193933306533,628.302204365831,25
"344",2021-02-07,13825,571,419,33,50.9,25,1,2,19,3,4,23,19,2,730,20,1004,0.0249000000953674,75,0,2.31692308579693,1.81674690006933,22.6438987480181,589.383309255916,25
"345",2021-02-08,13872,568,421,24,50.6,47,1,7,38,2,5,21,16,2,732,39,852,0.0140799999237061,29,0,1.36165266004513,1.61509142669397,46.7379159776196,578.747083981741,47
"346",2021-02-09,13927,586,421,43,48.3,55,5,8,39,0,2,19,17,0,732,44,2244,0.0178299999237061,149,0,1.67198160588368,1.5341179788069,53.0222571101053,599.614606057312,55
"347",2021-02-10,13984,602,422,40,46.3,57,0,6,50,3,4,20,16,1,735,50,2791,0.0125399994850159,100,0,1.21062395581734,1.53534249654029,56.8411147247939,612.127021286519,57
"348",2021-02-11,14044,628,423,51,46.3,60,1,11,46,1,3,16,13,1,736,47,2563,0.0152199995517731,58,0,1.48831968146488,1.57090793492707,58.9720084735391,640.98768768899,60
"349",2021-02-12,14095,630,425,52,43.4,51,1,7,41,3,2,16,14,2,739,42,2612,0.0157000005245209,173,0,1.47247401687787,1.56560070716595,49.8593555745181,642.890333617772,51
"350",2021-02-13,14127,628,425,46,41.3,32,0,3,28,6,2,21,19,0,745,28,2099,0.0219199991226196,46,0.0217400002479553,2.19161390068925,1.67336984379644,31.8527035004403,647.124921367018,32
"351",2021-02-14,14168,603,427,48,43.4,41,0,4,35,4,2,21,19,2,749,35,1175,0.0170200002193451,10,0,1.6876371525511,1.58347185333275,39.8207730539357,617.140747186379,41
"352",2021-02-15,14230,626,428,34,44.9,62,2,8,51,4,2,23,21,1,753,53,867,0.0265300011634827,26,0,2.57575711184093,1.75691534644644,62.8969537627952,648.405529349242,62
"353",2021-02-16,14281,621,428,60,47.3,51,3,13,32,3,2,24,22,0,756,35,1561,0.0333100008964539,23,0,3.28263329541443,1.98700844495083,49.5964906619623,649.326305745103,51
"354",2021-02-17,14338,637,428,49,48.6,57,5,6,44,2,2,25,23,0,758,49,2063,0.0184200000762939,222,0,1.66303983183345,2.0516392843817,56.1323343950673,651.720347135875,57
"355",2021-02-18,14410,652,428,68,51,72,3,12,53,3,3,26,23,0,761,56,2348,0.0212899994850159,116,0,2.02877105482213,2.12884662343274,69.5786906439083,670.38046963979,72
"356",2021-02-19,14464,656,429,58,51.9,54,3,15,33,1,3,26,23,1,762,36,2576,0.0151400005817413,96,0,1.4596048465032,2.12700817052207,51.7301528178672,669.305006903358,54
"357",2021-02-20,14513,635,429,66,54.7,49,0,3,45,4,3,26,23,0,766,45,2384,0.0255900001525879,68,0,2.48803264126303,2.16935370488975,49.5557670011818,656.953601016676,49
"358",2021-02-21,14555,625,429,53,55.4,42,0,7,33,2,4,24,20,0,768,33,1000,0.03,28,0,2.91828793774319,2.34516095991719,41.3381908254229,650.344523208768,42
"359",2021-02-22,14620,640,429,32,55.1,65,0,11,54,1,6,23,17,0,769,54,863,0.0150600004196167,66,0,1.39900757396439,2.17705388307769,66.049759451808,652.441593502909,65
"360",2021-02-23,14675,646,429,47,53.3,55,0,7,47,4,6,26,20,0,773,47,2036,0.019650000333786,84,0,1.88714154149001,1.97769791823134,55.2324755171486,662.939982639957,55
"361",2021-02-24,14721,653,430,60,54.9,46,2,10,34,1,6,24,18,1,774,36,2874,0.0187899994850159,41,0,1.85257147581255,2.00477386737122,46.926730468596,669.809860999811,46
"362",2021-02-25,14754,649,430,43,51.3,33,1,5,25,1,6,23,17,0,775,26,2376,0.0185199999809265,128,0.00781000018119812,1.79725239528254,1.97169977315127,31.6493194127055,665.208011494071,33
"363",2021-02-26,14819,652,430,57,51.1,65,5,12,43,1,6,21,15,0,776,48,2639,0.0181900000572205,181,0,1.70224858691507,2.00636316463868,61.1353772499218,667.422207644771,65
"364",2021-02-27,14865,657,431,71,51.9,46,0,4,34,3,6,23,17,1,779,34,2535,0.0209100008010864,47,0.0212800002098083,2.09167358794016,1.94974044273542,38.9882089836079,676.095685359718,46
"365",2021-02-28,14930,668,431,49,51.3,65,2,8,54,7,6,28,22,0,786,56,1552,0.0257699990272522,94,0,2.42983222905804,1.87996105578039,65.8907768804978,690.55426707451,65
"366",2021-03-01,15007,682,431,54,54.4,77,4,7,64,3,6,29,23,0,789,68,996,0.0291199994087219,45,0,2.78612098089212,2.07812011391293,77.6325998459899,708.403427867134,77
"367",2021-03-02,15070,691,432,61,56.4,63,1,6,54,3,4,29,25,1,792,55,2006,0.0259200000762939,41,0,2.54008403287961,2.17139761268287,62.9412735715354,715.389455235108,63
"368",2021-03-03,15129,701,432,65,57.1,59,0,5,51,6,5,32,27,0,798,51,2676,0.0209299993515015,109,0,2.01108360016582,2.19404220187619,57.4252014931457,720.589534248924,59
"369",2021-03-04,15186,697,432,61,59.7,57,3,3,50,1,5,31,26,0,799,53,2414,0.0202999997138977,225,0.00444000005722046,1.89477829944008,2.2079744738987,57.3954370186002,715.35131324461,57
"370",2021-03-05,15259,702,432,51,58.9,73,1,11,56,1,2,28,26,0,800,57,2440,0.0188499999046326,154,0,1.77309174122219,2.218094924514,69.4043715753815,719.295944665225,73
"371",2021-03-06,15315,715,434,46,55.3,56,3,3,47,1,2,27,25,2,801,50,1957,0.0209500002861023,25,0,2.06857470029779,2.21479508342224,54.4371999095144,735.551958706055,56
"372",2021-03-07,15355,706,435,54,56,40,1,0,38,2,5,26,21,1,803,39,1752,0.0194099998474121,16,0.0625,1.97999545999242,2.15053268784143,40.0730124711056,725.424277041041,40
"373",2021-03-08,15438,747,436,38,53.7,83,1,9,65,6,4,29,25,1,809,66,1170,0.0205100011825562,142,0,1.8290168737493,2.01380352967817,76.6774037738633,765.985160895089,83
"374",2021-03-09,15495,753,436,70,55,57,0,8,47,1,3,27,24,0,810,47,2105,0.0318300008773804,57,0,3.09908195406502,2.0936603755618,57.0239831247668,785.426793467008,57
"375",2021-03-10,15575,776,436,76,56.6,80,5,8,64,0,2,24,22,0,810,69,2655,0.0180799996852875,173,0,1.69739742448509,2.04884806475027,78.6274535339959,794.302955686679,80
"376",2021-03-11,15636,773,439,73,58.3,61,1,7,52,1,2,20,18,3,811,53,2321,0.0280100011825562,86,0,2.70092283941475,2.16401157046094,61.9891338821095,802.011330016427,61
"377",2021-03-12,15718,778,439,93,64.3,82,5,4,67,2,2,17,15,0,813,72,2361,0.0228699994087219,133,0,2.16503883736938,2.22000401276768,78.1660783213817,801.405679639375,82
"378",2021-03-13,15786,796,439,56,65.7,68,5,3,54,5,4,22,18,0,818,59,2353,0.0187000000476837,99,0,1.79449837325448,2.18085025176149,63.4711977387941,815.848701696272,68
"379",2021-03-14,15854,821,439,65,67.3,68,2,10,51,2,3,23,20,0,820,53,1535,0.0299699997901917,36,0,2.92832270387933,2.31632557231676,65.1566058174765,854.407044832984,68
"380",2021-03-15,15961,868,440,58,70.1,107,4,3,97,4,5,25,20,1,824,101,1000,0.0320000004768372,13,0,3.1589339068941,2.50631371990888,108.433409844703,906.100987576256,107
"381",2021-03-16,16048,887,441,85,72.3,87,7,4,73,5,6,27,21,1,829,80,1583,0.0341100001335144,9,0,3.39171672181867,2.54811868673083,87.770383512856,928.804127198791,87
"382",2021-03-17,16136,915,442,78,72.6,88,3,5,76,3,5,27,22,1,832,79,2842,0.0267400002479553,175,0,2.51889561500461,2.66547557109076,86.765115201358,947.02633429421,88
"383",2021-03-18,16229,953,443,63,71.1,93,6,3,80,2,5,24,19,1,834,86,2566,0.0284500002861023,161,0,2.67703339692477,2.66206279359219,92.1991028929582,988.450523918478,93
"384",2021-03-19,16354,1000,445,117,74.6,125,8,5,104,2,4,24,20,2,836,112,2615,0.0382399988174438,97,0,3.68722702461709,2.87951824891329,122.738440315277,1051.23607424354,125
"385",2021-03-20,16457,1054,446,83,78.4,103,6,5,87,4,4,27,23,1,840,93,1997,0.0435699987411499,151,0.00662000000476837,4.09724895189927,3.20848261729112,103.294820839232,1114.0079695113,103
"386",2021-03-21,16543,1083,447,87,81.6,86,5,1,78,4,4,29,25,1,844,83,1306,0.0421099996566772,87,0,3.94800140356213,3.35415100296009,88.5533534032786,1142.41303296085,85
"387",2021-03-22,16692,1159,448,56,81.3,149,6,7,133,4,7,30,23,1,848,139,1150,0.0547800016403198,131,0,4.91779874210521,3.60541740799025,155.49864200654,1238.2009070905,149
"388",2021-03-23,16816,1198,449,108,84.6,124,2,0,120,5,9,31,22,1,853,122,1966,0.0350999999046326,153,0,3.25656440832976,3.58610993463469,127.520716818409,1252.21162908569,124
"389",2021-03-24,16969,1288,449,84,85.4,153,7,2,137,4,9,33,24,0,857,144,3106,0.0457200002670288,47,0,4.50384779033909,3.86967453111105,155.012020378637,1368.60751560892,153
"390",2021-03-25,17118,1370,450,123,94,149,7,4,132,8,10,40,30,1,865,139,3005,0.0379399991035461,282,0,3.4685031124477,3.98274163332861,149.699352920166,1436.02959352969,149
"391",2021-03-26,17267,1454,451,103,92,149,10,2,130,4,11,42,31,1,869,140,2390,0.0673600006103516,117,0,6.42163547900839,4.37337141252737,154.492508488334,1583.74362387169,149
"392",2021-03-27,17383,1508,452,138,99.9,116,7,3,100,5,13,44,31,1,874,107,2476,0.0626000022888184,117,0,5.97753974805686,4.64198438340702,118.88755330388,1633.25635871263,116
"393",2021-03-28,17520,1567,453,139,107.3,137,3,5,124,5,13,45,32,1,879,127,2480,0.0826599979400635,157,0,7.77386404593695,5.18853618946057,145.718815966638,1736.27074503718,137
"394",2021-03-29,17729,1715,453,111,115.1,209,7,1,189,4,12,47,35,0,883,196,1644,0.0839400005340576,40,0,8.19461762933437,5.65665317335045,219.318280581146,1910.28495508503,209
"395",2021-03-30,17938,1845,454,170,124,209,9,6,186,6,12,48,36,1,889,195,1968,0.0406500005722046,64,0,3.93696855935525,5.75385376635409,211.66774254764,1945.93325641229,209
"396",2021-03-31,18146,1949,455,163,135.3,208,7,5,191,8,14,54,40,1,897,198,3023,0.0793900012969971,224,0,7.3913142568778,6.16634897585962,223.33587323262,2149.1748329817,208
"397",2021-04-01,18383,2084,456,144,138.3,237,12,4,203,3,15,52,37,1,900,215,2634,0.0721299982070923,100,0.01,6.98575037591372,6.66881287064048,239.87024228269,2286.29574380059,237
"398",2021-04-02,18581,2178,457,242,158.1,198,15,7,162,6,15,56,41,1,906,177,3130,0.0939299964904785,99,0,9.10501359601108,7.05215260164086,206.393905083091,2453.558899836,198
"399",2021-04-03,18832,2357,457,223,170.3,251,16,3,223,12,14,61,47,0,918,239,2885,0.101909999847412,36,0,10.0654005326869,7.63613271373086,275.427579512795,2686.66027159689,251
"400",2021-04-04,19062,2515,458,152,172.1,230,9,2,215,12,16,64,48,1,930,224,1818,0.0929599952697754,139,0,8.63573180380438,7.7592566791405,252.879620486626,2816.79573894582,230
"401",2021-04-05,19347,2660,459,184,182.6,285,8,4,269,5,18,67,49,1,935,277,2045,0.105620002746582,162,0,9.7867197832696,7.98669984398839,318.669763257052,3021.73852080779,285
"402",2021-04-06,19621,2797,460,156,180.6,274,7,6,245,10,20,70,50,1,945,252,1749,0.128640003204346,83,0,12.2811880788429,9.17873120391519,301.004795940523,3274.31910414937,274
"403",2021-04-07,19929,2938,461,219,188.6,308,3,6,290,12,24,76,52,1,957,293,3364,0.098100004196167,44,0,9.68334548462165,9.50616423645002,338.424756117546,3333.3240050285,308
"404",2021-04-08,20224,3109,462,170,192.3,295,23,5,255,11,30,83,53,1,968,278,3366,0.0858600044250488,194,0.0103100001811981,8.1742953631985,9.67595637749071,314.577016214984,3462.14008421721,295
"405",2021-04-09,20521,3262,464,261,195,297,13,2,276,14,32,89,57,2,982,289,3418,0.110299997329712,158,0,10.542656344322,9.8813339129637,333.337368531237,3739.87022888891,297
"406",2021-04-10,20808,3426,467,381,217.6,287,12,2,262,14,28,93,65,3,996,274,3187,0.0875399971008301,97,0,8.49543150914572,9.65705262388639,308.34535886072,3830.43503451397,287
"407",2021-04-11,21077,3564,467,205,225.1,269,7,5,249,13,29,101,72,0,1009,256,2714,0.145909996032715,29,0,14.4367382148301,10.4857678254615,312.35526975536,4278.9616461254,269
"408",2021-04-12,21392,3658,468,265,236.7,315,16,4,291,16,26,101,75,1,1025,307,2125,0.0804699993133545,107,0,7.66123425362358,10.1821270355121,343.682335605949,4047.42014217121,315
"409",2021-04-13,21628,3684,470,245,249.4,236,10,0,219,12,28,105,77,2,1037,229,2670,0.0767799997329712,178,0,7.19812497496605,9.45597516352965,251.905028322312,4052.48089231178,236
"410",2021-04-14,21901,3755,472,389,273.7,273,10,11,248,12,28,101,73,2,1049,258,3971,0.171490001678467,97,0.0103100001811981,16.7646722390061,10.4675932712989,329.102251455932,4629.74400859312,273
"411",2021-04-15,22123,3758,472,312,294,222,15,3,202,19,29,107,78,0,1068,217,3902,0.130959997177124,98,0.0101999998092651,12.8001377241611,11.1284278942935,258.596715124229,4426.41684533111,222
"412",2021-04-16,22359,3797,474,348,306.4,236,1,10,219,20,24,114,90,2,1088,220,2970,0.120539999008179,244,0.00409999996423721,11.1700123536268,11.2180501813371,264.146980170946,4386.34583504128,236
"413",2021-04-17,22540,3744,477,405,309.9,181,5,7,167,16,23,123,100,3,1104,172,2935,0.101870002746582,121,0.00825999975204468,9.81635857431988,11.4067540477905,202.461448893014,4254.69572474096,181
"414",2021-04-18,22702,3685,477,294,322.6,162,5,8,146,11,22,122,100,0,1115,151,1949,0.0646500015258789,188,0.0159599995613098,6.03665572725616,10.2067422638514,171.666286990977,3994.10773219701,162
"415",2021-04-19,22929,3625,478,258,321.6,227,5,4,218,22,22,116,94,1,1137,223,2084,0.112279996871948,88,0.0340899991989136,10.9112077997534,10.6710241990128,260.810660739819,4174.61275866297,227
"416",2021-04-20,23118,3512,479,188,313.4,189,8,2,179,17,26,118,92,1,1154,187,2775,0.100539999008179,221,0,9.3123663967856,10.9730586878442,213.197897328513,3966.45462790233,189
"417",2021-04-21,23313,3414,480,207,287.4,195,3,2,185,12,25,111,86,1,1166,188,2521,0.136850004196167,236,0.0211899995803833,12.6949474239937,10.3916694285567,223.163833337498,4016.24110113945,195
"418",2021-04-22,23489,3306,483,239,277,176,7,4,161,14,22,107,85,3,1180,168,2358,0.163269996643066,213,0.00939000010490417,15.0521478843522,10.7133851657268,207.138541107342,3997.47629107663,176
"419",2021-04-23,23697,3230,486,189,254.3,208,5,8,186,21,29,113,84,3,1201,191,2507,0.0805700016021729,86,0.0116299998760223,7.82835225630488,10.2360051518237,219.776849549427,3581.35719395104,208
"420",2021-04-24,23853,3109,487,227,228.9,156,2,2,150,17,31,119,88,1,1218,152,2464,0.0852299976348877,214,0.00467000007629395,7.87924175461875,9.95927417758067,170.641941152454,3449.39338844065,156
"421",2021-04-25,24002,2979,492,139,206.7,149,2,6,137,20,30,125,95,5,1238,139,1621,0.135719995498657,93,0.0215100002288818,12.9523070434428,10.9472243656073,170.017153856073,3515.1590024262,149
"422",2021-04-26,24165,2843,497,173,194.6,163,4,7,148,12,31,124,93,5,1250,152,1304,0.115030002593994,31,0,11.2358893919527,10.9936074502072,182.731599547221,3286.87458889967,163
"423",2021-04-27,24325,2750,498,189,194.7,160,3,5,148,10,31,121,90,1,1260,151,2425,0.0610300016403198,332,0.00903999984264374,5.47693267774876,10.4456883474877,167.491859774842,2959.28883695904,160
"424",2021-04-28,24491,2647,500,186,191.7,166,2,7,155,12,27,116,89,2,1272,157,2408,0.0689400005340576,38,0,6.78689784489005,9.60168126475858,178.806313234357,2896.63255497671,166
"425",2021-04-29,24617,2550,500,159,180.3,126,2,7,113,13,29,113,84,0,1285,115,2728,0.0652500009536743,111,0.00901000022888184,6.30511139933178,8.35210462404138,132.075499193708,2773.41324299091,126
"426",2021-04-30,24770,2459,503,178,178.7,153,4,3,139,13,27,109,82,3,1298,143,2122,0.0669199991226196,179,0,6.17141408684045,8.11539917126075,158.262999006268,2669.87212976512,153
"427",2021-05-01,24894,2404,507,138,166,124,3,5,113,7,28,109,81,4,1305,116,2051,0.089709997177124,70,0.0285700011253357,8.76921755252498,8.24253857096164,135.134967094566,2696.93500771842,124
"428",2021-05-02,24991,2343,507,128,164.4,97,0,4,91,9,27,108,81,0,1314,91,1279,0.0695900011062622,21,0,6.84658549345456,7.37029263524904,103.657477987849,2565.90627390692,97
"429",2021-05-03,25098,2226,510,102,154.3,107,4,3,100,10,22,98,76,3,1324,104,976,0.174179992675781,140,0.0071399998664856,15.3225154868163,7.9540963630867,129.143148693383,2699.94854799491,107
"430",2021-05-04,25203,2131,511,141,147.4,105,1,2,99,8,23,94,71,1,1332,100,2386,0.0389800000190735,57,0.0175399994850159,3.84797625935961,7.72138830331683,107.346977443908,2244.94408932967,105
"431",2021-05-05,25285,2016,512,114,137.1,82,1,2,75,8,23,88,65,1,1340,76,1904,0.0777299976348877,65,0.0307699990272522,7.61797691384447,7.84011388459603,86.0450586140878,2229.40576534212,82
"432",2021-05-06,25391,1946,514,122,131.9,106,3,6,92,12,22,88,66,2,1352,95,2133,0.0534499979019165,246,0,4.79230119902429,7.62399814169496,107.326211092286,2075.5874398483,106
"433",2021-05-07,25503,1848,517,108,121.9,112,4,4,103,19,23,95,72,3,1371,107,2302,0.0469199991226196,82,0.0122000002861023,4.57257709747193,7.39559285749945,117.79862023554,1965.41916070353,112
"434",2021-05-08,25592,1773,521,136,121.6,89,1,3,85,4,21,86,65,4,1375,86,1901,0.0489200019836426,86,0.0116299998760223,4.73060411475805,6.81864808067561,94.6531567093437,1889.54705634496,89
"435",2021-05-09,25675,1711,524,69,113.1,83,0,5,78,4,22,83,61,3,1379,78,1173,0.172210006713867,123,0.00813000023365021,15.6637598691439,8.0782444200598,99.9772204266164,2083.41056602488,83
"436",2021-05-10,25768,1645,524,82,110.3,93,3,2,87,9,22,85,63,0,1388,90,715,0.104899997711182,14,0,10.2885457288745,7.35910588321097,104.866856864874,1880.17755047464,93
"437",2021-05-11,25900,1614,526,124,107.9,132,1,6,123,5,21,79,58,2,1393,124,1899,0.0458099985122681,86,0.0232599997520447,4.48330212360065,7.44986672095969,137.724949689022,1714.54894192001,132
"438",2021-05-12,25997,1554,527,115,108,97,3,3,90,8,22,80,58,1,1401,93,2118,0.0495800018310547,174,0.00574999988079071,4.62525933060347,7.02233563763954,101.977161695088,1653.87644380825,97
"439",2021-05-13,26090,1526,527,78,101.7,93,1,1,90,8,20,77,57,0,1409,91,1684,0.0795699977874756,54,0.0185199999809265,7.76731624125886,7.44733778653019,101.821738068946,1690.7029922331,93
"440",2021-05-14,26173,1447,527,128,104.6,83,2,4,75,7,21,70,49,0,1416,77,1738,0.0471799993515015,105,0,4.44920449663102,7.42971312926721,85.7604615393075,1536.45958243348,83
"441",2021-05-15,26247,1399,528,85,97.3,74,2,8,63,7,19,64,45,1,1423,65,1779,0.0522800016403198,61,0,5.05468059337657,7.47600976906985,77.5654442343768,1497.26240744451,74
"442",2021-05-16,26316,1371,529,46,94,69,2,3,63,7,19,67,48,1,1430,65,805,0.0409899997711182,20,0,3.99963028069699,5.80970554214887,71.6125109524376,1447.19619255065,69
"443",2021-05-17,26390,1336,531,87,94.7,74,7,5,59,10,19,71,52,2,1440,66,774,0.229969997406006,19,0,22.4459997468157,7.54648468756904,91.5853785297573,1752.69796539024,74
"444",2021-05-18,26469,1304,532,97,90.9,79,1,6,71,5,16,64,48,1,1445,72,1920,0.0265599989891052,56,0,2.58072864671468,7.27468847658533,80.5819677127869,1350.76230413159,79
"445",2021-05-19,26540,1290,536,91,87.4,71,2,5,64,4,14,57,43,4,1449,66,2042,0.0665999984741211,122,0.0163900005817413,6.37693054321293,7.52492722124382,76.8483262305406,1404.30819450602,71
"446",2021-05-20,26600,1245,539,73,86.7,60,5,8,45,11,15,63,48,3,1460,50,1487,0.0511100006103516,65,0.0307699990272522,5.02581319873481,7.13328392945467,61.4918237535332,1331.94641146298,60
"447",2021-05-21,26681,1209,540,77,79.4,81,4,11,63,4,13,59,46,1,1464,67,1682,0.0416200017929077,190,0,3.73957494741831,7.03190827956714,81.4815530127448,1271.82384466281,81
"448",2021-05-22,26740,1177,544,77,78.3,59,0,13,46,8,15,58,43,4,1472,46,1380,0.0623199987411499,101,0.00990000009536743,5.87451034925179,7.14902681612074,62.7549613663344,1273.07803322121,59
"449",2021-05-23,26795,1153,545,39,77.3,55,0,4,51,5,12,59,47,1,1477,51,826,0.0375300002098083,14,0.0714300012588501,3.80950002272923,7.12186535069678,57.6996914101853,1214.03419992046,55
"450",2021-05-24,26846,1107,547,65,74.1,51,2,11,38,5,11,57,46,2,1482,40,733,0.0832199954986572,30,0,7.99479117962198,5.05740698395482,55.4436831440643,1229.97893101198,51
"451",2021-05-25,26906,1041,548,56,68.3,60,1,12,46,3,11,54,43,1,1485,47,1035,0.0647300004959106,19,0.0526300001144409,6.45118790469088,5.61032973509427,63.2132139928301,1134.31820779864,60
"452",2021-05-26,26962,1000,551,76,66.1,56,1,11,44,1,8,47,39,3,1486,45,1371,0.0320900011062622,61,0.0491800022125244,3.28179969634424,5.1681681855416,58.0521096015319,1045.6024355896,56
"453",2021-05-27,27009,954,551,62,64.6,47,0,8,38,3,9,42,33,0,1489,38,1368,0.0548199987411499,113,0.00884999990463257,5.13124971418748,5.18323054489199,48.7094598199121,1022.02170179464,47
"454",2021-05-28,27044,904,554,65,62.9,35,0,1,30,1,7,34,27,3,1490,30,1589,0.0346099996566772,197,0.0152300000190735,3.24723401221823,5.11289612557769,32.3536637844,944.790402036586,35
"455",2021-05-29,27079,865,556,45,58.3,35,0,3,31,5,9,36,27,2,1495,31,1074,0.024210000038147,104,0.00962000012397766,2.29219185516668,4.60113634070839,34.9873897782583,892.551359941723,35
"456",2021-05-30,27106,816,558,46,59.3,27,0,3,22,5,8,36,28,2,1500,22,718,0.0905300045013428,34,0,8.6436892595697,5.29173480311417,27.6423953385737,914.008845285281,27
"457",2021-05-31,27154,784,561,40,55.7,48,1,2,41,5,6,35,29,3,1505,42,783,0.0855700016021729,27,0.037039999961853,8.39523348808289,5.34894084718001,48.8995708003475,875.45865493982,48
"458",2021-06-01,27196,748,562,38,53.1,42,1,5,36,2,5,31,26,1,1507,37,1565,0.0172500002384186,27,0.037039999961853,1.75856346558387,4.67856592730758,42.9041401151256,766.278292057134,42
"459",2021-06-02,27227,709,562,48,49.1,31,0,0,30,1,6,30,24,0,1508,30,1688,0.042649998664856,43,0.0232599997520447,4.21683291366926,4.81214210121116,31.7578572959701,750.544027428093,31
"460",2021-06-03,27272,697,562,48,47.1,45,2,4,39,2,5,29,24,0,1510,41,1176,0.0136099994182587,186,0,1.17513651364701,4.24698307256252,45.6694962451618,708.38143616775,45
"461",2021-06-04,27302,649,564,43,44,30,0,0,27,3,6,29,23,2,1513,27,1195,0.0476999998092651,68,0.0147099995613098,4.59238161062873,4.43914701519259,28.72296994376,690.415092351862,30
"462",2021-06-05,27321,617,567,39,43.1,19,1,0,18,2,4,30,26,3,1515,19,999,0.0160199999809265,90,0.0222199988365173,1.65323965805621,4.34786812989109,19.4364810402623,631.174147465361,19
"463",2021-06-06,27338,568,567,21,39.6,17,0,1,16,3,4,29,25,0,1518,16,608,0.106909999847412,22,0,10.3176634773375,4.58700730385793,19.2939149378779,649.433980294664,17
"464",2021-06-07,27365,535,568,17,36.3,27,1,3,23,1,4,27,23,1,1519,24,843,0.00949000000953674,30,0.0666699981689453,1.14549483998944,3.55133035413029,27.3820149393056,543.515749688687,27
"465",2021-06-08,27398,507,569,28,34.9,33,0,2,30,1,3,26,23,1,1520,30,1771,0.0299300003051758,100,0,2.83303209729911,3.70482587294676,33.1809967916469,526.958845778833,33
"466",2021-06-09,27425,481,570,33,32.7,27,1,0,24,2,4,24,20,1,1522,25,1194,0.0594600009918213,26,0,5.81928206428153,3.93374718017708,27.0215541781063,519.894702386765,27
"467",2021-06-10,27454,468,570,20,28.7,29,0,0,28,2,5,21,16,0,1524,28,1216,0.0304299998283386,136,0,2.73689939284465,4.1568561629196,29.0648607822288,485.798387360111,29
"468",2021-06-11,27476,458,570,36,27.7,22,0,1,20,1,4,16,12,0,1525,20,1055,0.017059999704361,96,0,1.56370979045186,3.72418876003719,21.4345723785601,467.951707469026,22
"469",2021-06-12,27494,435,570,29,26.3,18,0,0,18,2,6,17,11,0,1527,18,880,0.011360000371933,44,0,1.08190479732695,3.64256949421873,18.2706060610599,441.539646475614,18
"470",2021-06-13,27515,428,571,18,25.9,21,0,1,18,2,5,16,11,1,1529,18,583,0.132080001831055,17,0,12.8337735112508,4.00201378477777,22.2099838238953,504.326282034845,21
"471",2021-06-14,27534,391,574,22,26.6,19,2,1,16,2,4,15,11,3,1531,18,655,0.0564900016784668,29,0,5.40949577476546,4.61115677546006,20.3530232489458,420.390671685434,19
"472",2021-06-15,27561,377,574,22,25.7,27,1,0,24,0,4,15,11,0,1531,25,1518,0.0144900000095367,36,0,1.41543243336401,4.40864253775504,25.4917055605634,384.414919853296,27
"473",2021-06-16,27578,356,574,24,24.4,17,0,0,17,1,4,13,9,0,1532,17,1251,0.0223799991607666,42,0,2.16530386311825,3.88664565187458,17.5114977647831,366.711364956634,17
"474",2021-06-17,27589,314,574,12,23.3,11,0,0,11,0,5,12,7,0,1532,11,1101,0.0208899998664856,123,0.0243899989128113,2.12417154569252,3.79911310228141,11.3246820207271,323.268195864393,11
"475",2021-06-18,27603,284,574,26,21.9,14,1,0,13,1,4,13,9,0,1533,14,864,0.0196800005435944,63,0,1.83425247784958,3.83776205762395,14.3568314446403,291.238580734133,14
"476",2021-06-19,27612,251,574,18,20.3,9,0,0,9,0,3,11,8,0,1533,9,926,0.0194400000572205,37,0,1.86930841671715,3.9502482889654,9.23377573923496,257.519745616442,9
"477",2021-06-20,27624,238,574,7,18.7,12,0,0,10,0,3,11,8,0,1533,10,562,0.0266899991035461,15,0,2.59961516398491,2.48822566792741,10.3612310135973,246.597298123615,12
"478",2021-06-21,27635,228,575,13,17.4,11,0,0,11,2,2,10,8,1,1535,11,520,0.0230800008773804,7,0,2.27734354008308,2.04077534868707,11.3480945331291,235.21505032304,11
"479",2021-06-22,27646,205,575,13,16.1,11,0,0,10,0,2,7,5,0,1535,10,1297,0.0115699994564056,65,0,1.10178335498958,1.99596833749072,10.1530989369509,208.138528207493,11
"480",2021-06-23,27657,192,575,18,15.3,11,0,0,10,0,1,5,4,0,1535,10,1105,0.00814000010490417,18,0,0.800952815308914,1.80106104494653,10.1112968570602,194.136899655556,11
"481",2021-06-24,27663,180,575,8,14.7,6,1,0,5,1,0,5,5,0,1536,6,904,0.00995999991893768,51,0,0.942810463530855,1.63229517606629,6.07860526067619,182.358157820286,6
"482",2021-06-25,27667,159,575,7,12,4,0,0,4,2,0,7,7,0,1538,4,1024,0.00194999992847443,64,0,0.183529405032888,1.39647759423534,4.01020097342459,159.405488693627,4
"483",2021-06-26,27671,144,575,9,10.7,4,0,0,4,1,0,7,7,0,1539,4,764,0.00523999989032745,19,0,0.511284791342295,1.20247421918179,4.02841834837282,145.023060541421,4
"484",2021-06-27,27676,130,575,8,10.9,5,0,0,5,0,0,6,6,0,1539,5,398,0.0200999999046326,13,0,1.94642334842914,1.10916110267382,5.13523318543132,133.516062821214,5
"485",2021-06-28,27685,122,575,1,9.1,9,0,0,9,0,0,5,5,0,1539,9,555,0.00180000007152557,5,0,0.178392864231552,0.809311006123604,9.02230981433402,122.302421927639,9
"486",2021-06-29,27688,116,575,8,8.4,3,0,0,3,0,0,4,4,0,1539,3,929,0.00646000027656555,14,0,0.636409359165365,0.742829006720145,3.02652978806929,117.025818472013,3
"487",2021-06-30,27690,101,575,8,7,2,0,1,1,0,0,3,3,0,1539,1,1221,0.000820000022649765,51,0,0.0787122663251072,0.639651785436743,2.00109375080362,101.110468831166,2
"488",2021-07-01,27693,97,575,7,6.9,3,0,0,3,0,0,2,2,0,1539,3,884,0.00225999996066093,74,0,0.208542793864746,0.534756404055871,3.00869345499863,97.2810883782889,3
"489",2021-07-02,27697,86,575,6,6.7,4,0,0,4,2,0,3,3,0,1541,4,785,0.0140100002288818,29,0,1.35108724565998,0.701550381288312,4.07509644073009,87.614573475697,4
"490",2021-07-03,27703,80,575,6,6.3,6,0,0,6,0,0,2,2,0,1541,6,627,0.00158999994397163,16,0,0.155043540415274,0.650658774013023,6.01292649835987,80.172353311465,6
"491",2021-07-04,27705,75,576,2,5.4,2,0,0,2,1,0,3,3,1,1542,2,437,0.00685999989509583,34,0,0.636479820415473,0.463523984296785,2.0176884835762,75.6633181341074,2
"492",2021-07-05,27711,74,576,2,5.6,6,0,0,6,0,0,3,3,0,1542,6,505,0.00197999998927116,27,0,0.187951126801116,0.464889450378151,6.01567011386494,74.1932647376676,6
"493",2021-07-06,27716,70,576,12,6.1,5,0,2,3,0,0,3,3,0,1542,3,1174,0.00596000015735626,28,0,0.582116487914829,0.457133325913789,5.02426649896581,70.5662183092023,5
"494",2021-07-07,27722,69,576,6,5.9,6,0,0,6,0,0,3,3,0,1542,6,1218,0.0320199990272522,23,0,3.14265582717109,0.894839548891786,6.26201372393048,72.0131578252005,6
"495",2021-07-08,27724,60,577,5,5.6,2,0,0,2,1,0,4,4,1,1543,2,933,0.00321999996900558,87,0,0.294535291282569,0.907124191380046,2.00818546400899,60.2455639202698,2
"496",2021-07-09,27726,58,577,3,5.1,2,0,0,2,0,0,3,3,0,1543,2,823,0.00486000001430511,56,0,0.455037544001491,0.77911709114312,2.01264600049436,58.3667340143364,2
"497",2021-07-10,27727,54,577,0,4.3,1,0,0,1,0,0,3,3,0,1543,1,930,0,22,0,0,0.756968013940938,1,54,1
"498",2021-07-11,27732,56,577,0,4,5,0,0,5,0,0,3,3,0,1543,5,422,0.00237000003457069,8,0,0.23259070106717,0.699269568319752,5.0161598870217,56.1809907346431,5
"499",2021-07-12,27735,54,577,1,3.9,3,0,1,2,0,0,2,2,0,1543,2,460,0.00216999992728233,16,0,0.209705875325603,0.702377389537536,3.00582795999582,54.1573549198872,3
"500",2021-07-13,27737,53,577,2,2.4,2,0,0,2,0,0,2,2,0,1543,2,1188,0.000839999988675117,14,0,0.0830216294963427,0.63107812404918,2.00230726361263,53.0611424857346,2
"501",2021-07-14,27742,55,577,0,1.6,5,0,0,5,0,0,1,1,0,1543,5,1098,0,15,0,0,0.182127291596168,5,55,5
"502",2021-07-15,27753,61,577,1,1,11,0,0,11,0,0,1,1,0,1543,11,947,0.00105999998748302,31,0,0.102640080587569,0.154713690068311,11.0156886522844,61.0870007081225,11
"503",2021-07-16,27756,61,577,8,1.7,3,0,0,3,0,0,1,1,0,1543,3,867,0.00460999995470047,34,0,0.443603769225894,0.153080293671797,3.01849236472533,61.3760114160818,3
"504",2021-07-17,27758,58,577,5,2.4,2,0,0,2,0,0,1,1,0,1543,2,761,0.00263000011444092,18,0,0.256922989356809,0.189783577865627,2.00714017621897,58.2070651103502,2
"505",2021-07-18,27766,63,577,4,3,8,0,0,8,0,0,1,1,0,1543,8,214,0.00467000007629395,17,0,0.432632041699959,0.21836091224174,8.04809330645645,63.3787347883445,8
"506",2021-07-19,27775,68,577,2,3.1,9,0,0,9,0,0,1,1,0,1543,9,367,0,10,0,0,0.188402930052368,9,68,9
"507",2021-07-20,27779,69,577,10,4.3,4,0,0,4,0,0,1,1,0,1543,4,1142,0.00437999993562698,22,0,0.429721643168901,0.237931503434162,4.0238848867905,69.4120142971361,4
"508",2021-07-21,27784,72,577,12,6,5,0,0,5,0,0,1,1,0,1543,5,1058,0.0103999996185303,8,0,1.03219508409053,0.385387944018523,5.07171462946165,73.0326906642478,5
"509",2021-07-22,27789,74,577,5,6.6,5,0,0,5,1,0,2,2,0,1544,5,1046,0.00477999985218048,28,0,0.46553816064998,0.437230526884582,5.03234456083531,74.4786995003626,5
"510",2021-07-23,27801,82,577,3,5.9,12,0,0,12,0,0,2,2,0,1544,12,928,0.00647000014781952,38,0,0.621548668444774,0.462651226772993,12.1036411813316,82.7082147390989,12
"511",2021-07-24,27804,84,577,2,5.4,3,0,0,3,0,0,2,2,0,1544,3,713,0.0028099998831749,16,0,0.274832636036173,0.465209747727188,3.01145685789116,84.3207920209526,3
"512",2021-07-25,27811,86,577,7,5.9,7,0,0,7,0,0,2,2,0,1544,7,410,0.00244000002741814,14,0,0.235943398877698,0.437111370181151,7.02294995506115,86.2819565907512,7
"513",2021-07-26,27820,90,577,5,6.3,9,0,0,9,1,0,3,3,0,1545,9,410,0,10,0,0,0.437111370181151,9,90,9
"514",2021-07-27,27828,97,577,7,5.9,8,0,0,8,0,0,3,3,0,1545,8,1125,0.0106700003147125,5,0,1.06227879239394,0.5274766772133,8.11808764626873,98.4318127110084,8
"515",2021-07-28,27834,97,577,8,5.3,6,0,0,6,0,0,2,2,0,1545,6,1074,0.00372000008821487,11,0,0.368228580160624,0.432624319509027,6.03070044791776,97.4963239080038,6
"516",2021-07-29,27838,93,577,9,5.9,4,0,0,4,0,0,2,2,0,1545,4,1234,0.00243000000715256,15,0,0.240081666038932,0.400416248850306,4.01334427414809,93.3102543739431,4
"517",2021-07-30,27841,88,577,4,6,3,0,0,3,0,0,2,2,0,1545,3,940,0.00745000004768372,21,0,0.72872008791079,0.415726451631166,3.0303779151197,88.8910855101778,3
"518",2021-07-31,27848,89,577,8,6.9,7,0,0,7,0,0,1,1,0,1545,7,936,0.00962000012397766,8,0,0.953847469919819,0.512728570757401,7.0927796949352,90.1796275498904,7
"519",2021-08-01,27857,91,577,1,6,9,0,0,7,0,0,1,1,0,1545,7,563,0.00178000003099442,13,0,0.173982641918378,0.503877034048927,7.01692310033864,91.2200003044023,9
"520",2021-08-02,27868,93,577,3,5.7,11,0,0,11,1,0,2,2,0,1546,11,462,0.0043299999833107,4,0,0.429283260147971,0.565203214070065,11.0656164313338,93.5547571012768,11
"521",2021-08-03,27885,105,577,10,6.1,17,0,0,16,0,0,2,2,0,1546,16,550,0.0109099996089935,3,0,1.08508133543335,0.568460720218552,16.2412449572164,106.583170031732,17
"522",2021-08-04,27897,114,577,15,7.1,12,0,0,10,2,0,4,4,0,1548,10,1289,0.00776000022888184,22,0,0.762977901985408,0.624853480479235,10.1060200312357,115.208628356087,12
"523",2021-08-05,27917,127,577,9,7.1,20,0,0,20,0,1,4,3,0,1548,20,1482,0.00472000002861023,19,0,0.466025319280504,0.657131145228031,20.1295136301541,127.822411551479,20
"524",2021-08-06,27931,129,577,15,8.7,14,0,0,12,1,1,5,4,0,1549,12,1109,0.00541000008583069,44,0,0.520354735055181,0.627364666248658,12.0867674281847,129.932749852986,14
"525",2021-08-07,27944,139,577,13,9.4,13,0,0,13,0,1,5,4,0,1549,13,846,0.01182000041008,14,0,1.16275817987531,0.657209053385157,13.2100432472525,141.245847028316,13
"526",2021-08-08,27964,151,577,5,10,20,0,0,19,1,1,4,3,0,1550,19,612,0.00653999984264374,4,0,0.6497532311198,0.725176280413932,19.1715449813044,152.363331167209,20
"527",2021-08-09,27978,159,577,13,11.4,14,0,0,14,1,1,4,3,0,1551,14,556,0.0143900001049042,9,0,1.41607788642951,0.866146941311295,14.2754806789359,162.128673425058,14
"528",2021-08-10,27998,174,577,18,12.6,20,3,0,17,1,1,5,4,0,1552,20,1264,0.0102799999713898,16,0,1.01514999717474,0.856156750131494,20.2821214982225,176.454457034536,20
"529",2021-08-11,28013,180,577,20,13.3,15,2,0,13,0,1,5,4,0,1552,15,1296,0.0108000004291534,8,0,1.07337427578089,0.900499089245134,15.2237270056245,182.684724067494,15
"530",2021-08-12,28032,194,577,18,14.6,19,3,0,16,0,1,4,3,0,1552,19,1053,0.0133000004291534,38,0,1.28367556845999,1.01730626769935,19.3389103598806,197.460453148255,19
"531",2021-08-13,28049,208,577,26,16.1,17,3,0,14,0,1,4,3,0,1552,17,1077,0.0213599991798401,14,0,2.10859020317945,1.24419704885996,17.4981006103303,214.094407467571,17
"532",2021-08-14,28066,216,577,16,16.6,17,2,0,15,1,1,5,4,0,1553,17,1005,0.0119400000572205,12,0,1.17991151007931,1.24664752460339,17.2787239751091,219.54143403668,17
"533",2021-08-15,28084,213,577,8,17,18,1,0,17,0,1,5,4,0,1553,18,543,0.0221000003814697,2,0,2.20188994626386,1.46838134105254,18.5507367808313,219.517051906504,18
"534",2021-08-16,28103,216,577,21,18.1,19,0,0,19,0,1,4,3,0,1553,19,611,0.0114600002765656,8,0,1.1311890418387,1.42768293468242,19.2986515399078,219.395196453688,19
"535",2021-08-17,28124,212,577,18,18.1,21,0,0,21,0,1,4,3,0,1553,21,1323,0.0158700001239777,10,0,1.57509453593567,1.50767501164827,21.4596231425256,216.640005057877,21
"536",2021-08-18,28155,225,577,24,18.7,31,0,0,31,0,1,3,2,0,1553,31,1295,0.015440000295639,12,0,1.52982405377601,1.57288212279043,31.6589904897478,229.782995490105,31
"537",2021-08-19,28177,232,577,19,18.9,22,0,0,22,3,1,6,5,0,1556,22,1279,0.0172000002861023,17,0,1.69743829983988,1.63199108441613,22.5189107239189,237.472149452236,22
"538",2021-08-20,28196,232,577,17,17.6,19,0,0,19,0,2,6,4,0,1556,19,1142,0.014889999628067,50,0,1.42654191067555,1.53455561405843,19.3766293012119,236.598841993745,19
"539",2021-08-21,28219,241,577,27,19.1,23,1,0,22,1,2,7,5,0,1557,23,879,0.0182000005245209,12,0,1.79548826723388,1.62249515079479,23.5738341305355,247.012783715612,23
"540",2021-08-22,28250,258,577,17,20.4,31,0,0,31,1,1,6,5,0,1558,31,520,0.0173099994659424,6,0,1.71125470005514,1.55240440133641,31.7371439676929,264.134940118218,31
"541",2021-08-23,28291,277,577,16,19.7,41,1,0,40,0,1,4,3,0,1558,41,575,0.0139100003242493,11,0.0909099960327148,1.53553927351591,1.61016872014743,41.8748241297744,282.910397169451,41
"542",2021-08-24,28323,291,577,26,20.9,32,1,0,31,0,1,4,3,0,1558,32,1233,0.0154100000858307,23,0,1.51278105938131,1.60126679492538,32.6726699465389,297.117092326338,32
"543",2021-08-25,28350,308,577,27,21.3,27,0,0,26,2,1,6,5,0,1560,26,1318,0.0197300004959106,68,0,1.8762006243586,1.65074916215147,26.6778421832815,316.029822786565,27
"544",2021-08-26,28378,316,577,44,24.9,28,2,0,24,3,1,9,8,0,1563,26,1198,0.0125199997425079,22,0,1.22942292553479,1.58388982296503,26.4441714330554,321.398391263289,28
"545",2021-08-27,28411,333,577,24,25.9,33,0,0,33,2,1,10,9,0,1565,33,896,0.0278999996185303,9,0,2.7622541058788,1.7747058508512,34.266640982943,345.781559009698,33
"546",2021-08-28,28443,337,577,38,27.4,32,0,0,29,2,1,12,11,0,1567,29,1115,0.0242199993133545,16,0,2.38773644866404,1.85931273391266,29.9621889276383,348.181298917727,32
"547",2021-08-29,28482,358,577,28,29,39,0,0,35,1,0,11,11,0,1568,35,537,0.0260700011253357,2,0,2.59732664272825,1.98589444000881,36.2631955378549,370.920685787202,39
"548",2021-08-30,28519,380,577,20,29.6,37,0,0,36,1,1,10,9,0,1569,36,627,0.0111600005626678,9,0,1.10020760264036,1.92370420131231,36.5503679185714,385.809439140476,37
"549",2021-08-31,28549,388,577,22,29,30,1,0,24,0,1,8,7,0,1569,25,553,0.0361700010299683,16,0,3.51529183999516,2.20977716997143,26.2211734760244,406.952612347899,30
"550",2021-09-01,28588,399,577,55,33,39,0,0,37,2,1,10,9,0,1571,37,807,0.0309800004959106,5,0,3.07892369460589,2.38159475143533,38.5829843381738,416.070560835983,39
"551",2021-09-02,28633,427,577,34,31.6,45,0,1,39,1,1,11,10,0,1572,39,1298,0.0169500005245209,8,0,1.68461720373875,2.44662250546447,40.9129390976774,436.995512684827,45
"552",2021-09-03,28685,459,577,50,35.3,52,0,1,49,1,2,6,4,0,1573,49,1050,0.035239999294281,45,0.0222199988365173,3.47049307823181,2.5477995015149,52.3629973288087,481.135015794351,52
"553",2021-09-04,28740,490,577,38,35.3,55,0,0,52,0,2,6,4,0,1573,52,911,0.0318300008773804,8,0,3.1552917083018,2.65745025289172,54.2799159031048,511.483822933103,55
"554",2021-09-05,28766,484,577,23,34.6,26,0,0,25,2,1,8,7,0,1575,25,412,0.0388299989700317,6,0,3.82726305637633,2.83315545484145,26.3295488235256,509.740065223457,26
"555",2021-09-06,28826,501,577,29,35.9,60,0,1,53,1,1,9,8,0,1576,53,519,0.0346799993515015,2,0,3.45468707551426,3.169509665252,56.5442545094995,525.05040583508,60
"556",2021-09-07,28891,526,577,50,39.9,65,1,2,56,1,1,9,8,0,1577,57,825,0.0460599994659424,11,0.0909099960327148,4.66501309997157,3.33375555953435,62.6949085284592,560.096875192448,65
"557",2021-09-08,28943,538,578,66,41.4,52,0,1,50,2,1,8,7,1,1579,50,1376,0.03125,17,0,3.08686288585786,3.3348897297132,53.1446839988904,561.076799828061,52
"558",2021-09-09,29013,583,578,58,44.9,70,0,3,63,3,2,11,9,0,1582,63,1485,0.0343400001525879,13,0,3.40419894703558,3.58054426446989,68.9801042073122,610.577789727984,70
"559",2021-09-10,29079,613,578,62,46.6,66,0,0,58,0,1,8,7,0,1582,58,1263,0.0332500004768372,35,0,3.23534288152892,3.54695137922662,60.6074997510401,640.558574954958,66
"560",2021-09-11,29133,635,578,44,47.4,54,0,0,49,1,1,8,7,0,1583,49,1162,0.0309800004959106,15,0,3.05851831573901,3.5331266088605,51.0824910026577,661.987383401789,54
"561",2021-09-12,29188,647,578,53,51.7,55,0,1,50,2,1,9,8,0,1585,50,585,0.0598299980163574,3,0,5.95247429244372,3.83672821401299,55.1356473678495,700.515276939973,55
"562",2021-09-13,29250,676,578,36,52.7,62,0,0,55,5,4,14,10,0,1590,55,530,0.0301900005340576,20,0,2.90921823328191,3.75880409369408,57.2233864695006,703.327440970589,62
"563",2021-09-14,29312,696,578,63,54.6,62,0,2,55,2,5,11,6,0,1592,55,1224,0.0334999990463257,29,0,3.27246598824443,3.55986879201878,59.5010006182848,727.649026005931,62
"564",2021-09-15,29359,708,578,58,53.4,47,0,1,42,2,6,12,6,0,1594,42,1537,0.0305800008773804,13,0,3.03235234506669,3.55208157190575,44.7697214767575,737.832447751055,47
"565",2021-09-16,29419,736,578,63,54.1,60,1,1,50,1,7,12,5,0,1595,51,1708,0.0316199994087219,39,0,3.09141150487104,3.50739765159653,54.1908011642612,767.61626778228,60
"566",2021-09-17,29479,733,579,90,58.1,60,1,2,46,0,7,10,3,1,1595,47,1417,0.0310500001907349,4,0,3.09625969530411,3.48752862499299,51.022139932431,764.536778095147,60
"567",2021-09-18,29541,749,579,44,58.1,62,0,5,50,0,7,9,2,0,1595,50,1575,0.0298399996757507,28,0,2.93187769739909,3.46943710808728,57.0370037208724,779.514315738669,62
"568",2021-09-19,29584,740,579,60,59.1,43,2,1,39,3,7,10,3,0,1598,41,1058,0.0321399998664856,3,0,3.20491233352891,3.07692825681374,43.8258957563247,772.955191699519,43
"569",2021-09-20,29635,719,579,60,62.6,51,2,0,40,2,8,12,4,0,1600,42,1220,0.0385199999809265,66,0.0606099987030029,3.965370131503,3.22780709941675,44.3142431638693,758.617638924334,51
"570",2021-09-21,29695,718,579,36,58.7,60,0,0,51,1,7,13,6,0,1601,51,1196,0.0200699996948242,23,0,1.96913204552992,3.04161653617182,52.3954715414411,737.646050328523,60
"571",2021-09-22,29746,705,579,63,59.4,51,0,0,42,5,9,17,8,0,1606,42,2383,0.0180400002002716,29,0,1.7823101358726,2.86303907771552,43.0401800868649,722.460165743803,51
"572",2021-09-23,29782,677,579,44,56.7,36,0,0,29,3,9,18,9,0,1609,29,1528,0.0274900007247925,48,0,2.66527418194689,2.80216231729779,30.0740286300962,702.073013192246,36
"573",2021-09-24,29826,671,579,56,51.9,44,1,0,34,2,8,17,9,0,1611,35,2089,0.0181900000572205,48,0,1.77814272903761,2.61385989354543,35.8647899436438,687.579258633857,44
"574",2021-09-25,29870,666,579,62,54.4,44,0,1,35,2,10,17,7,0,1613,35,1935,0.0273900008201599,32,0,2.6944408534321,2.57994034440729,37.3104265004937,690.935544266538,44
"575",2021-09-26,29918,644,579,38,51.3,48,1,0,38,3,11,18,7,0,1616,39,1060,0.0339599990844727,4,0,3.38323299149822,2.60541472411719,40.8334644022606,674.275668591175,48
"576",2021-09-27,29959,625,579,31,47.1,41,0,0,29,0,11,18,7,0,1616,29,852,0.0164300000667572,15,0.0666699981689453,1.72992041861722,2.28606476513351,29.697108038628,640.023880142845,41
"577",2021-09-28,30004,601,580,44,48.3,45,1,1,32,3,11,19,8,1,1619,33,1723,0.0203099989891052,35,0,1.99056474733949,2.28912657967773,34.9127802119348,617.623663859782,45
"578",2021-09-29,30049,589,580,65,48.6,45,1,0,37,0,11,19,8,0,1619,38,2041,0.0215599989891052,8,0,2.14758213454191,2.34130829377335,39.1339903196319,606.576849954294,45
"579",2021-09-30,30097,591,580,61,51,48,2,0,38,3,11,20,9,0,1622,40,1837,0.017960000038147,29,0,1.76808789228703,2.21313882382194,40.9827426617729,605.520022827694,48
"580",2021-10-01,30140,574,580,48,49.9,43,0,0,24,1,10,19,9,0,1623,24,1834,0.0196300005912781,13,0,1.94918359958874,2.23757323390067,24.6500398155431,589.546785588407,43
"581",2021-10-02,30176,556,580,60,49.6,36,0,0,28,0,8,14,6,0,1623,28,1477,0.0189600002765656,13,0,1.87945774553607,2.12114707562981,28.7312511560746,570.520558670625,36
"582",2021-10-03,30203,542,581,37,49.4,27,5,0,18,2,6,13,7,1,1625,23,1029,0.0213800001144409,12,0,2.11335447817096,1.9397358594402,23.6754234776276,557.916501081485,27
"583",2021-10-04,30247,540,582,25,48.6,44,1,0,40,0,4,10,6,1,1625,41,1256,0.0199000000953674,8,0,1.97740507276752,1.9750908100331,42.126562961841,554.837658521808,44
"584",2021-10-05,30297,537,582,33,47,50,1,0,42,0,4,9,5,0,1625,43,1637,0.0116100001335144,13,0,1.15185274051897,1.85527480905874,43.688242335469,545.595026375508,50
"585",2021-10-06,30338,528,582,28,41.7,41,1,0,33,0,4,8,4,0,1625,34,1958,0.0127699995040894,36,0,1.25394478580778,1.72761233066815,34.592424893362,537.200010108681,41
"586",2021-10-07,30375,517,582,53,40.6,37,1,0,31,2,3,8,5,0,1627,32,1681,0.0184399998188019,9,0,1.83417986363349,1.7370540408605,32.8155824421266,530.176753830608,37
"587",2021-10-08,30403,498,584,58,42,28,0,0,19,0,2,6,4,2,1627,19,2154,0.0246099996566772,13,0,2.44623623721655,1.80806156052162,19.6458444983125,514.927924218928,28
"588",2021-10-09,30432,478,584,37,38.7,29,1,0,26,3,3,7,4,0,1630,27,1520,0.0184200000762939,12,0,1.82757180913621,1.80064928389307,27.6856684753543,490.138871526643,29
"589",2021-10-10,30453,440,585,20,36.3,21,0,0,19,2,3,7,4,1,1632,19,1009,0.0178400003910065,24,0,1.7425518290925,1.74767747688186,19.4600608456051,450.654040635067,21
"590",2021-10-11,30472,418,585,18,35.3,19,0,0,17,1,4,8,4,0,1633,17,635,0.0220499992370605,7,0,2.18095786846315,1.77675644769552,17.5151956239521,430.667751224233,19
"591",2021-10-12,30506,419,585,31,35,34,0,0,27,2,5,8,3,0,1635,27,1118,0.0143099999427795,12,0,1.41580353416172,1.8144637039302,27.5311812350228,427.243145832391,34
"592",2021-10-13,30528,414,585,24,34.4,22,0,0,20,0,5,8,3,0,1635,20,1674,0.0203099989891052,9,0,2.02013893688426,1.92392001122684,20.5614191253289,425.621375894307,22
"593",2021-10-14,30548,401,585,39,32.4,20,0,0,17,0,5,7,2,0,1635,17,1288,0.0116499996185303,33,0,1.13589701049713,1.82416531792165,17.268326673124,407.329352701337,20
"594",2021-10-15,30584,386,585,33,28.9,36,1,0,20,2,5,9,4,0,1637,21,1605,0.0155799996852875,15,0,1.54357404289422,1.6952135758756,21.4504252513926,394.279245097026,36
"595",2021-10-16,30614,380,586,22,26.7,30,0,0,24,1,4,9,5,1,1638,24,1409,0.0156099998950958,8,0,1.55218700438885,1.65587288948312,24.5176440814679,388.196031289908,30
"596",2021-10-17,30639,371,586,34,28.7,25,1,0,20,0,4,9,5,0,1638,21,815,0.0368099999427795,8,0,3.64521870636273,1.92768244337887,22.0636992502905,389.792020088466,25
"597",2021-10-18,30675,376,586,23,29.4,36,3,0,23,1,3,10,7,0,1639,26,812,0.0135500001907349,20,0,1.32242790323038,1.80503530548847,26.4777726888693,382.909328115956,36
"598",2021-10-19,30697,360,586,23,28.3,22,0,0,19,3,2,12,10,0,1642,19,1138,0.0105400002002716,9,0,1.04572974959975,1.75216762197962,19.2760889546257,365.231159140277,22
"599",2021-10-20,30723,355,586,35,29.9,26,1,0,20,1,3,12,9,0,1643,21,1788,0.0134200000762939,19,0,1.32788932686295,1.653274820548,21.3874870056459,361.550375571633,26
"600",2021-10-21,30741,344,586,44,30.6,18,0,0,15,0,3,12,9,0,1643,15,1305,0.0214599990844727,7,0,2.13455021381379,1.79593956387895,15.4449114707395,354.203303062294,18
"601",2021-10-22,30767,330,586,34,30.7,26,0,0,12,0,2,9,7,0,1643,12,1417,0.0218799996376038,19,0,2.15905010351564,1.8838647153963,12.3600144520336,339.900397430924,26
"602",2021-10-23,30791,331,586,22,30.7,24,0,1,20,0,1,7,6,0,1643,20,1331,0.0120200002193451,9,0,1.19392688745883,1.83268469869201,21.3318055885293,336.491382490159,24
"603",2021-10-24,30811,324,587,14,27.9,20,0,0,12,1,1,7,6,1,1644,12,822,0.00243000000715256,8,0,0.240657832033663,1.34631885950214,12.0401288962151,325.083480197808,20
"604",2021-10-25,30837,316,587,15,26.7,26,0,2,19,3,1,7,6,0,1647,19,815,0.0135000002384186,5,0,1.34176831637941,1.34908177566629,21.3542477508753,321.891699435611,26
"605",2021-10-26,30859,303,587,30,27.7,22,0,6,14,3,2,9,7,0,1650,14,1386,0.0180400002002716,10,0,1.79107738378055,1.45556000912069,20.3484322567558,310.541069556929,22
"606",2021-10-27,30885,312,587,35,27.7,26,1,5,19,2,2,10,8,0,1652,20,1365,0.014650000333786,9,0,1.45540396329097,1.47377638575326,25.4044729821065,318.309778520861,26
"607",2021-10-28,30910,304,587,26,25.1,25,1,6,17,4,3,14,11,0,1656,18,1856,0.0113100004196167,41,0,1.10655565518232,1.32692002023448,24.276771734382,308.674367069563,25
"608",2021-10-29,30931,299,587,12,22,21,0,1,17,1,3,15,12,0,1657,17,1548,0.0148599994182587,18,0,1.46891948272442,1.22832993155002,18.3469947312512,305.103024979065,21
"609",2021-10-30,30954,290,587,28,22.9,23,0,2,20,1,2,16,14,0,1658,20,1178,0.0118799996376038,7,0,1.18098224245547,1.22648069654954,22.3282081274127,294.759017847484,23
"610",2021-10-31,30975,276,588,32,25.4,21,0,2,16,0,1,15,14,1,1658,16,936,0.0181599998474121,7,0,1.80251960309414,1.44960380670104,18.4007522296533,282.912975961519,21
"611",2021-11-01,31026,302,588,13,25.1,51,0,10,37,1,1,14,13,0,1659,37,773,0.0116400003433228,14,0,1.14329355341659,1.42125026913492,47.5878079382624,306.797783712304,51
"612",2021-11-02,31076,330,588,31,25.3,50,1,6,37,3,0,16,16,0,1662,38,1531,0.0267799997329712,17,0,2.64859041286685,1.54375213043296,45.3985383099219,342.14520111248,50
"613",2021-11-03,31119,352,588,44,26.6,43,0,19,22,2,0,17,17,0,1664,22,1657,0.0169000005722046,11,0,1.67885497291025,1.57567370323572,41.5132297588843,360.211676142148,43
"614",2021-11-04,31152,371,588,33,27.6,33,2,5,23,4,0,20,20,0,1668,25,1511,0.0258100008964539,35,0,2.52256865165212,1.77796127415998,30.8763124284021,384.004476437487,33
"615",2021-11-05,31191,388,590,45,32.3,39,0,7,23,2,1,20,19,2,1670,23,1264,0.0213599991798401,15,0.0666699981689453,2.18913908802596,1.88084978920306,30.6996440734943,399.802691326774,39
"616",2021-11-06,31224,394,591,40,34,33,3,4,21,3,1,21,20,1,1673,24,1414,0.0212199997901917,10,0.1,2.17732301287437,2.02318418497718,28.7261227982656,405.920515938193,33
"617",2021-11-07,31262,413,592,39,35,38,3,3,27,6,3,25,22,1,1679,30,1016,0.0255900001525879,10,0,2.53405849464223,2.12768974091263,34.0563646472171,427.542619976689,38
"618",2021-11-08,31326,449,593,36,38.3,64,6,7,45,1,2,24,22,1,1680,51,849,0.0270900011062622,13,0.0769199991226196,2.7841497596068,2.36209777036837,59.9730529323623,466.370603267268,64
"619",2021-11-09,31368,465,593,39,39.4,42,0,9,29,3,2,26,24,0,1683,29,1627,0.0215100002288818,21,0.0476200008392334,2.18427126153001,2.29576646303454,38.8801983250616,479.113524867367,42
"620",2021-11-10,31409,483,593,34,38,41,1,5,28,5,2,30,28,0,1688,29,1507,0.00995000004768372,72,0.0555600023269653,1.20297468267263,2.22778356442916,34.4847641039045,491.073829730548,41
"621",2021-11-11,31456,488,594,48,40.1,47,1,5,35,3,5,33,28,1,1691,36,1632,0.0208299994468689,24,0,2.05281153969143,2.16067540557763,42.0268985704226,501.920180621284,47
"622",2021-11-12,31515,509,594,50,40.9,59,1,2,36,1,5,34,29,0,1692,37,1517,0.0184599995613098,29,0.0344799995422363,1.87605040887657,2.11594845141344,39.9645443373862,522.269001830529,59
"623",2021-11-13,31551,526,595,43,41.3,36,1,5,28,1,3,32,29,1,1693,29,1627,0.0196700000762939,20,0,1.94311415447056,2.08249004307004,34.7830189657719,540.202343999863,36
"624",2021-11-14,31584,535,595,43,41.9,33,1,2,27,0,3,28,25,0,1693,28,912,0.037279999256134,8,0,3.69558253495589,2.24842204882913,31.4378610040445,562.473415612993,33
"625",2021-11-15,31624,533,597,41,42.6,40,1,3,34,1,2,24,22,2,1694,35,921,0.0217199993133545,18,0,2.1303641499041,2.15502410458589,39.036090895883,548.778184214446,40
"626",2021-11-16,31674,549,598,42,43,50,1,3,37,1,1,24,23,1,1695,38,1729,0.0208200001716614,24,0,2.0534957385512,2.13634188701748,42.08430976933,564.665422720057,50
"627",2021-11-17,31696,517,598,44,44.4,22,0,1,12,1,2,23,21,0,1696,12,1886,0.0148500001430511,19,0.0526300001144409,1.52268085417159,2.18201419723162,13.2539019879363,527.938943980255,22
"628",2021-11-18,31733,506,598,39,43.1,37,2,1,21,1,3,21,18,0,1697,23,1686,0.0183899998664856,42,0.0238100004196167,1.85217359910409,2.15335163429057,24.5919506388533,519.022914054774,37
"629",2021-11-19,31769,505,599,25,39.6,36,0,2,24,2,2,19,17,1,1699,24,1564,0.0140699994564056,40,0,1.37191266520065,2.08133195662258,26.4575237838121,514.627062951046,36
"630",2021-11-20,31810,488,600,50,40.6,41,1,0,36,1,2,16,14,1,1700,37,1680,0.0166700005531311,76,0.0131599998474121,1.65180870829519,2.03971689288324,37.8492536919546,499.200967612806,41
"631",2021-11-21,31853,491,600,25,38,43,2,2,31,1,1,16,15,0,1701,33,924,0.0238100004196167,5,0,2.36818518705337,1.85008870032574,36.0859393445145,507.157461156261,42
"632",2021-11-22,31912,489,600,31,36.6,59,2,2,46,2,0,18,18,0,1703,48,1048,0.0152699995040894,18,0,1.50121571109622,1.76021035192462,51.0012909857618,499.200651917448,54
"633",2021-11-23,31960,499,601,27,34.4,48,3,1,31,2,0,17,17,1,1705,34,1457,0.0102999997138977,9,0,1.0236766427796,1.61309333824296,35.4836349517138,506.09805414427,47
"634",2021-11-24,32009,509,601,46,34.7,49,1,1,36,1,0,15,15,0,1706,37,1743,0.0183599996566772,16,0,1.81929956802663,1.65546744022225,38.9353667087229,521.867612290269,49
"635",2021-11-25,32053,515,602,60,37.7,44,2,0,37,0,0,13,13,1,1706,39,1548,0.0219600009918213,6,0,2.18752133432042,1.70337425953887,40.1854762902055,530.654366396303,44
"636",2021-11-26,32093,507,602,51,41.4,40,8,1,27,3,1,15,14,0,1709,35,1853,0.0221300005912781,40,0,2.16623830404851,1.81684935080285,37.0535380935877,522.261251812828,40
"637",2021-11-27,32122,506,602,43,40.4,29,6,0,18,2,1,16,15,0,1711,24,1818,0.0203500008583069,2,0,2.03276382200011,1.87127150990355,24.6779132659307,520.292671356705,29
"638",2021-11-28,32187,540,602,22,40,65,13,1,39,1,2,15,13,0,1712,52,1272,0.0117900002002716,46,0,1.13785130916127,1.69550952734754,53.8221760569078,548.537982129427,65
"639",2021-11-29,32239,548,602,26,39.3,52,7,0,37,1,2,16,14,0,1713,44,989,0.0161800003051758,16,0,1.59224082605163,1.70851311519831,44.9735032369396,560.124540314612,50
"640",2021-11-30,32310,582,602,61,44.1,71,6,1,52,2,2,17,15,0,1715,58,1907,0.0272699999809265,25,0,2.69171273103659,1.94680398494931,61.1693652058086,603.768457754838,68
"641",2021-12-01,32388,620,602,62,46.4,78,4,0,54,0,2,17,15,0,1715,58,1958,0.0194099998474121,72,0.0138900005817413,1.92142166222257,1.96139285554873,59.548555033994,636.553519328902,78
"642",2021-12-02,32458,645,602,64,47,70,6,0,49,0,2,15,13,0,1715,55,2077,0.0245499992370605,19,0,2.43274563050452,1.99642489786074,56.8592395911456,666.803809750707,71
"643",2021-12-03,32550,706,602,59,48.1,92,7,0,69,1,2,12,10,0,1716,76,1911,0.0245900011062622,12,0,2.44365533614493,2.03605590244594,78.5806524007951,729.972902565281,91
"644",2021-12-04,32604,727,602,70,52,54,2,0,45,0,2,12,10,0,1716,47,1446,0.0242000007629395,6,0.166669998168945,2.4788719760485,2.09978563873857,48.6189294514779,752.04173853669,54
"645",2021-12-05,32682,762,602,35,53.9,78,5,1,58,0,2,11,9,0,1716,63,1461,0.0246399998664856,10,0,2.44724947688208,2.28684251984155,66.1423713995182,787.912492165601,78
"646",2021-12-06,32793,820,602,69,60,111,4,3,84,0,2,10,8,0,1716,88,1178,0.0348000001907349,14,0,3.439127535628,2.55068347835246,95.2053962357996,859.186646742678,109
"647",2021-12-07,32898,872,602,70,61.3,105,4,2,79,2,1,11,10,0,1718,83,1905,0.0278200006484985,22,0.0454500007629395,2.80212772455497,2.56645704885508,88.231781477968,905.953174081784,98
"648",2021-12-08,33008,927,602,44,58.7,110,5,4,88,2,1,12,11,0,1720,93,2324,0.0249600005149841,13,0,2.48211558394622,2.64655618052989,100.207605267229,958.972581534639,109
"649",2021-12-09,33133,1015,602,151,71.1,125,5,3,95,1,1,13,12,0,1721,100,1969,0.0304699993133545,15,0,3.02396313749975,2.73101582438635,107.201965292299,1057.64994771683,124
"650",2021-12-10,33304,1153,603,87,75.1,171,6,6,130,3,0,14,14,1,1724,136,2152,0.0399600005149841,23,0,3.95374349922969,2.94674270482703,149.471767808032,1216.34520796074,169
"651",2021-12-11,33434,1240,603,150,86.6,130,3,4,106,0,0,13,13,0,1724,109,1669,0.0437400007247925,12,0,4.34277580069475,3.21301467977649,119.577636587861,1314.82815934815,128
"652",2021-12-12,33617,1361,604,106,96.7,183,4,4,155,1,0,14,14,1,1725,159,1977,0.0364199995994568,14,0.0714300012588501,3.66661774112255,3.38721014609656,171.101001785587,1430.34253729676,185
"653",2021-12-13,33917,1597,604,103,101.6,300,5,9,264,1,0,15,15,0,1726,269,2090,0.0377999997138977,79,0.0126600003242493,3.68843427513425,3.42282539459745,291.787016559139,1678.85080091058,297
"654",2021-12-14,34223,1830,604,199,120,306,4,3,266,2,0,16,16,0,1728,270,2041,0.0494899988174438,12,0,4.9200724591526,3.7253889281114,291.459130113712,1955.11188188183,307
"655",2021-12-15,34554,2084,604,255,150.1,331,1,4,310,0,0,13,13,0,1728,311,2780,0.0460400009155273,20,0.05,4.60682866232735,4.02891936788013,334.908494402452,2217.40611683186,326
"656",2021-12-16,34967,2438,605,309,172.7,413,7,2,389,3,0,16,16,1,1731,396,2938,0.0871300029754639,58,0.0172399997711182,8.57769922325226,4.82231023727335,445.199996636399,2728.58987828167,411
"657",2021-12-17,35443,2843,605,356,211.1,476,7,9,434,2,0,18,18,0,1733,441,3115,0.102089996337891,10,0.1,10.208330834961,5.71582271380639,512.556046520652,3246.28081691205,472
"658",2021-12-18,35950,3303,605,308,233.7,507,23,15,440,1,0,18,18,0,1734,463,2673,0.0912800025939941,3,0,9.1177670752521,6.39796432445744,536.660458414335,3721.47838907678,502
"659",2021-12-19,36498,3786,605,403,276.1,548,21,8,499,1,0,19,19,0,1735,520,2673,0.0939000034332275,46,0.0217400002479553,9.26792016139842,7.19815038449685,594.967115937596,4273.5721171918,546
"660",2021-12-20,37415,4574,605,389,317,917,8,20,862,1,0,18,18,0,1736,870,2474,0.100240001678467,11,0,9.9796283361178,8.09689239320879,1010.6450723529,5208.28800108294,912
"661",2021-12-21,38279,5325,605,489,358.4,864,5,17,818,3,0,19,19,0,1739,823,2743,0.117749996185303,96,0.0208299994468689,11.4472673294535,9.02934880325178,970.911448546909,6172.02729466864,861
"662",2021-12-22,39114,6035,605,670,417.7,835,6,29,776,2,0,21,21,0,1741,782,4020,0.182089996337891,124,0.0161300003528595,17.7124011902045,10.9015734500914,1003.46872160264,7520.35643845515,830
"663",2021-12-23,39982,6785,605,750,480.7,868,1,45,806,3,1,22,21,0,1744,807,3597,0.217959995269775,96,0.0104200005531311,21.2564966974948,12.712830232126,1090.36428963912,8789.09133234378,865
"664",2021-12-24,40764,7415,605,861,552.9,782,0,33,732,3,1,24,23,0,1747,732,3803,0.26636999130249,68,0.0735300016403198,26.2982463713488,15.0113895944671,1032.49387298886,10124.654464771,771
"665",2021-12-25,41305,7830,606,506,581.1,541,0,33,500,3,1,24,23,1,1750,500,2656,0.250380001068115,57,0.035090000629425,24.5856768475043,17.2210909905032,703.815840179693,10504.976057214,540
"666",2021-12-26,42115,8462,606,429,584.9,810,0,52,746,7,1,27,26,0,1757,746,2040,0.21863000869751,54,0.0185199999809265,21.34695786733,18.9466678056362,1019.28439499472,10972.0650810259,810
"667",2021-12-27,43273,9312,606,549,607.7,1158,1,58,1092,5,2,31,29,0,1762,1093,1898,0.272390003204346,183,0.0546400022506714,25.3241396681269,21.1387408530661,1535.61908481345,12588.8279211188,1151
"668",2021-12-28,44547,10285,606,874,662.7,1274,0,76,1192,7,1,37,36,0,1769,1192,2597,0.388139991760254,90,0.1,37.848885694134,24.910400619449,1894.91017910739,15694.2040202345,1262
"669",2021-12-29,45990,11377,606,1244,744.7,1443,0,81,1355,5,4,41,37,0,1774,1355,3486,0.304360008239746,144,0.0347199988365173,29.3663545056808,26.5752510930885,1988.92382096432,16019.5197867978,1422
"670",2021-12-30,47445,12427,607,1355,831.1,1455,0,76,1376,11,5,47,42,1,1785,1376,3324,0.314680004119873,129,0.0542600011825562,30.4951020517523,27.8950518579824,2035.07509682552,17692.8969682054,1443
"671",2021-12-31,48366,12865,610,1345,900.3,921,0,66,854,13,5,55,50,3,1798,854,3305,0.357639999389648,182,0.0164800000190735,33.9833541148912,28.9929243927742,1323.27386705358,18940.0799761643,911
"672",2022-01-01,48802,12758,610,1179,996.4,436,0,59,376,17,6,71,65,0,1815,376,2500,0.400400009155273,169,0.118339996337891,38.2540083278114,30.9455431756752,634.866846912184,19539.6522151746,433
"673",2022-01-02,49428,12729,611,505,1007.3,626,0,74,552,9,5,76,71,1,1824,552,2226,0.312220001220703,64,0.0468800020217896,30.4804385522567,32.2503261306648,859.795558890584,18120.2747628954,616
"674",2022-01-03,50181,12503,611,569,1010.1,753,0,111,642,8,4,73,69,0,1832,642,1773,0.250990009307861,105,0.1428600025177,24.4944401899465,32.1317976337819,971.513621334894,16758.5697936919,742
"675",2022-01-04,50969,12347,613,808,1000.7,788,0,109,679,12,4,80,76,2,1844,679,2135,0.333019981384277,300,0.146669998168945,31.006105121401,31.1542575519629,1080.54518705156,17666.6692555605,770
"676",2022-01-05,51638,12087,614,705,923.7,669,0,124,544,17,7,94,87,1,1861,544,2678,0.314409999847412,314,0.0541400003433228,28.7095568081274,31.0604293094552,885.020798019511,16908.930855996,654
"677",2022-01-06,52268,11793,618,854,852.1,630,0,124,506,12,7,93,86,4,1873,506,2294,0.282040004730225,121,0.0743800020217896,27.1635507700113,30.5844934120637,820.991053576969,16244.2993969035,620
"678",2022-01-07,52847,11626,619,665,755,579,2,146,431,19,8,100,92,1,1892,433,2309,0.298400001525879,444,0.0427899980545044,25.7175576701582,29.4036653485304,733.7367912955,15780.6649782944,574
"679",2022-01-08,53287,11534,620,711,688.1,440,0,96,344,20,10,111,101,1,1912,344,2371,0.309150009155273,280,0.0964299964904785,28.6682410684454,28.0342700257638,577.036247726219,16128.6979106808,436
"680",2022-01-09,53687,11221,620,512,689.1,400,0,87,313,18,13,121,108,0,1930,313,1324,0.273409996032715,172,0.0581400012969971,24.865970252032,27.2322031257317,508.149798697649,15098.153006985,392
"681",2022-01-10,54335,10775,621,423,668.3,648,0,144,504,14,14,123,109,1,1944,504,1342,0.175109996795654,126,0.0714300012588501,16.6211032601078,26.1074407071833,764.403583988536,13263.588526739,645
"682",2022-01-11,54844,10053,624,614,640.6,509,1,114,393,15,9,126,117,3,1959,394,2155,0.292339992523193,415,0.101199998855591,26.1474974090487,25.413353891133,651.15361467518,13705.5971785015,502
"683",2022-01-12,55358,9118,627,488,609.6,514,1,156,357,18,9,126,117,3,1977,358,1537,0.297329998016357,163,0.208589992523193,28.882139748966,25.438008596967,657.677366727527,12777.3581838592,509
"684",2022-01-13,55788,8117,630,401,544.9,430,0,110,320,16,11,126,115,3,1993,320,2030,0.139409999847412,163,0.134969997406006,13.9079985986058,23.5443582867663,491.84300507843,9685.68647569256,417
"685",2022-01-14,56216,7602,632,439,512.6,428,0,102,326,20,15,137,122,2,2013,326,1747,0.215230007171631,275,0.167269992828369,20.8707255468171,22.8519536977175,522.54337796319,9806.6587707858,422
"686",2022-01-15,56542,7506,636,382,465.6,326,0,79,247,15,11,140,129,4,2028,247,1535,0.18371000289917,208,0.144230003356934,17.8998677652592,21.3136146544052,387.435973448046,9372.95715263576,320
"687",2022-01-16,56823,7175,643,395,448.9,281,0,63,218,12,14,142,128,7,2040,218,1342,0.225779991149902,85,0.188239994049072,22.3543901623924,20.9548174987424,348.716622445929,9403.74663325477,279
"688",2022-01-17,57134,6755,647,297,430.9,311,1,101,209,14,15,136,121,4,2054,210,892,0.177129993438721,183,0.0819699954986572,16.0930663556831,20.8793836552532,357.960646250213,8265.56745438184,309
"689",2022-01-18,57569,6385,648,218,374.3,435,2,116,317,17,16,134,118,1,2071,319,991,0.16548999786377,18,0.166669998168945,16.5511048414308,19.5084704313078,508.365797176931,7853.46587766366,432
"690",2022-01-19,57931,6083,652,504,376.6,362,0,105,257,23,21,141,120,4,2094,257,1685,0.216620006561279,290,0.1,19.9496056230762,18.2323941276092,433.243198012589,7769.27382688941,359
"691",2022-01-20,58234,5767,655,490,389.3,303,0,90,213,18,19,138,119,3,2112,213,1748,0.206520004272461,159,0.226420001983643,20.8179207018176,19.2195258566395,364.615917738958,7435.25820469752,303
"692",2022-01-21,58527,5486,658,362,378.3,293,1,92,200,13,20,136,116,3,2125,201,1221,0.239969997406006,87,0.241380004882812,24.0063782306986,19.6674762400511,360.049982655285,7316.03086988504,290
"693",2022-01-22,58770,5271,661,389,379.3,243,0,47,196,12,22,132,110,3,2137,196,1273,0.18068000793457,94,0.223400001525879,18.361759344853,19.7334607514217,293.008788153205,6615.87919569156,243
"694",2022-01-23,58986,5062,668,249,358.4,216,0,66,150,21,20,136,116,7,2158,150,955,0.221989994049072,120,0.0666699981689453,20.4651947997337,19.4635756996133,258.656292920149,6501.50769841197,214
"695",2022-01-24,59307,4746,674,240,350.3,321,0,104,217,11,19,127,108,6,2169,217,923,0.17443000793457,71,0.323940010070801,18.5109293801444,19.8089847031078,376.816670364535,5966.76459700499,322
"696",2022-01-25,59583,4520,679,268,357.4,276,1,104,171,11,22,121,99,5,2180,172,1417,0.175020008087158,62,0.338709983825684,18.1881927286474,20.0428544012815,319.470432638411,5662.36253212567,275
"697",2022-01-26,59787,4251,683,387,340.7,204,0,71,133,10,23,120,97,4,2190,133,1320,0.201520004272461,272,0.10293999671936,18.467718891163,19.8311562967225,238.130359621636,5341.88841166596,206
"698",2022-01-27,59976,4014,684,293,312.6,189,0,48,141,6,21,104,83,1,2196,141,1248,0.158649997711182,121,0.148760004043579,15.77758638662,19.1111085374086,219.912608058831,4894.02275707905,190
"699",2022-01-28,60158,3770,686,228,293.4,182,0,46,136,3,20,93,73,2,2199,136,1042,0.182339992523193,126,0.0793699979782104,17.1231928043169,18.1277963336398,214.359337622924,4667.01987381193,179
"700",2022-01-29,60308,3569,689,197,266,150,0,35,115,8,18,93,75,3,2207,115,905,0.140329999923706,82,0.0609800004959106,13.3737598755439,17.4152249808813,171.371122302005,4232.24813474656,150
"701",2022-01-30,60483,3475,689,193,258,175,0,40,135,3,17,88,71,0,2210,135,694,0.167150001525879,110,0.0363599991798401,14.9255846976048,16.6238521091486,202.998907764437,4195.71262578828,176
"702",2022-01-31,60700,3370,692,224,255.7,217,0,28,189,5,18,82,64,3,2215,189,822,0.10706000328064,56,0.178570003509521,11.1621005573143,15.5740194201729,246.314581801038,3892.69915698147,217
"703",2022-02-01,60902,3168,696,276,256.9,202,0,48,154,4,15,71,56,4,2219,154,1315,0.112550001144409,101,0,10.452207027182,14.4688786056778,224.366843147559,3628.11791617835,201
"704",2022-02-02,61042,2967,699,276,241,140,0,27,113,9,16,71,55,3,2228,113,1054,0.144209995269775,204,0.0833300018310547,13.4337563901334,13.7497411055308,161.09365701522,3520.84849879785,139
"705",2022-02-03,61182,2822,701,209,229,140,0,17,123,6,15,67,52,2,2234,123,972,0.148149995803833,129,0.0542600011825562,13.7149260739215,13.4550753465738,163.440914487455,3359.80699742762,140
"706",2022-02-04,61323,2696,707,187,223.1,141,0,17,124,6,15,65,50,6,2240,124,925,0.108109998703003,84,0.0714300012588501,10.5056361651161,12.5097101124023,159.101726939052,3089.56657925551,139
"707",2022-02-05,61435,2574,713,146,215.9,112,0,9,103,4,15,59,44,6,2244,103,836,0.123210000991821,117,0.0940200042724609,11.9626339274964,12.3081206912526,129.1214288636,3001.8694941253,110
"708",2022-02-06,61533,2454,716,139,208.1,98,0,6,92,3,12,53,41,3,2247,92,649,0.151000003814697,115,0.017389999628067,13.0888550304929,12.0457307388081,114.732677975557,2900.32599730452,98
"709",2022-02-07,61674,2264,717,167,200,141,0,7,134,4,10,50,40,1,2251,134,694,0.0936600017547607,29,0.103450002670288,9.40526850556601,11.7947547314155,158.512653904066,2559.88543611049,142
"710",2022-02-08,61779,2097,718,215,191.3,105,0,6,99,2,9,47,38,1,2253,99,923,0.13326000213623,116,0.0172399997711182,12.0306854615197,12.0202516506066,121.550134789583,2447.56194599753,105
"711",2022-02-09,61870,1955,721,174,176.7,91,0,7,84,5,9,40,31,3,2258,84,753,0.095620002746582,85,0.0470599985122681,9.06944653242471,11.396778813791,101.586101141477,2201.37890156652,90
"712",2022-02-10,61960,1847,725,182,172.9,90,0,7,83,0,7,32,25,4,2258,83,855,0.100579996109009,41,0.121949996948242,10.1557864450983,10.8883302953877,101.712985899913,2107.64921635107,88
"713",2022-02-11,62045,1742,725,117,162.9,85,0,8,77,3,5,28,23,0,2261,77,693,0.0923499965667725,59,0.0169500005245209,8.64343053879256,10.6223009201987,94.2481068646664,1951.22340465258,85
"714",2022-02-12,62119,1675,728,139,161.9,74,0,5,69,4,5,29,24,3,2265,69,638,0.112849998474121,48,0,10.4953788668352,10.4126930543899,84.0629005211544,1919.28055612947,69
"715",2022-02-13,62213,1615,729,143,162.4,94,0,7,87,0,4,26,22,1,2265,87,463,0.099350004196167,32,0.0625,9.69677817026774,9.92811064578631,105.722565856566,1832.60855009603,94
"716",2022-02-14,62310,1511,729,174,163.4,97,0,3,94,2,2,24,22,0,2267,94,581,0.0705700016021729,36,0.0277800011634827,6.80733403123952,9.55697714945396,105.891619781663,1653.92805840524,97
"717",2022-02-15,62387,1407,732,177,158,77,0,4,73,1,2,20,18,3,2268,73,651,0.124420003890991,71,0.0140799999237061,11.3569394082574,9.46072771327362,88.5202031330241,1629.0400795639,77
"718",2022-02-16,62499,1379,732,200,161.7,112,0,15,97,5,3,20,17,0,2273,97,892,0.0829599952697754,53,0.0565999984741211,8.14816039150985,9.32911540742864,122.982653238899,1535.13483315919,111
"719",2022-02-17,62595,1345,733,181,161.6,96,0,9,87,2,4,21,17,1,2275,87,595,0.124370002746582,16,0.125,12.4386500219667,9.6552387755527,111.037251702465,1577.47245448064,96
"720",2022-02-18,62696,1312,736,126,162.9,101,0,15,86,2,3,20,17,3,2277,86,627,0.105260000228882,22,0.0454500007629395,10.3232542619867,9.89521359315186,113.336473878959,1500.20295033947,100
"721",2022-02-19,62796,1304,737,120,160.1,100,0,4,96,2,3,21,18,1,2279,96,644,0.124219999313354,24,0,11.9757005326048,10.1066881168332,115.975267115641,1520.99737832079,97
"722",2022-02-20,62865,1265,739,119,156.7,69,0,4,65,3,5,21,16,2,2282,65,564,0.0939700031280518,27,0.037039999961853,9.13691400392407,10.0267075216413,77.2525632606483,1425.60757730339,68
"723",2022-02-21,62944,1213,741,76,142.7,79,0,3,76,4,3,24,21,2,2286,76,429,0.0792500019073486,11,0,7.72687518596649,10.1580705437451,87.1600619794304,1343.23888396117,78
"724",2022-02-22,63061,1228,741,117,134.1,117,0,5,112,2,3,25,22,0,2288,112,577,0.124779996871948,36,0.0277800011634827,11.9083422898857,10.2368423839778,135.532981839243,1431.20090802313,114
"725",2022-02-23,63170,1247,742,158,128.1,109,0,7,102,1,4,23,19,1,2289,102,780,0.107690000534058,40,0.075,10.6095366361665,10.5884675617858,124.037393228408,1430.83950348848,107
"726",2022-02-24,63268,1257,742,142,122.6,98,0,5,93,5,4,27,23,0,2294,93,773,0.0853800010681152,34,0.117650003433228,8.67395798542538,10.0506544137085,109.209241625058,1408.50555615804,94
"727",2022-02-25,63350,1252,743,141,124.7,82,0,4,78,1,3,26,23,1,2295,78,739,0.112309999465942,16,0,10.9929920007061,10.1463312335256,93.9147924829761,1443.24769472674,83
"728",2022-02-26,63426,1250,743,124,125.3,76,0,5,71,3,2,26,24,0,2298,71,675,0.0933300018310547,12,0,9.16997834584599,9.74551377827432,85.0469591002644,1409.27744894832,75
"729",2022-02-27,63516,1245,744,68,118,90,0,2,88,1,1,23,22,1,2299,88,562,0.0622800016403198,36,0.0555600023269653,6.1875453186673,9.32417539466621,97.5661863430172,1352.04434087564,84
"730",2022-02-28,63621,1249,744,77,118.1,105,0,6,99,3,1,22,21,0,2302,99,466,0.0858399963378906,34,0,8.0002876586914,9.3632343193412,116.005677068882,1387.8494005963,101
"731",2022-03-01,63731,1278,745,120,118.6,110,0,7,103,2,0,18,18,1,2304,103,917,0.173390007019043,53,0.0754699993133545,16.8039738556773,10.0626102573114,134.050559829844,1576.41374235476,102
"732",2022-03-02,63805,1231,749,155,118.1,74,0,13,61,0,0,11,11,4,2304,61,767,0.149930000305176,55,0.01817999958992,14.1114610962914,10.5628851801864,85.9612835550481,1472.38262387318,72
"733",2022-03-03,63883,1224,750,147,118.9,78,0,10,68,2,0,12,12,1,2306,68,712,0.0927000045776367,65,0.107690000534058,9.39539939433605,10.6659482386022,86.8776930966661,1383.79847573999,81
"734",2022-03-04,63949,1200,750,120,115.9,66,0,7,59,4,0,16,16,0,2310,59,465,0.116129999160767,29,0.0344799995422363,11.1336780559679,10.6860462464968,75.1278109941636,1385.65039310163,69
"735",2022-03-05,64023,1178,751,63,107.1,74,0,0,74,1,0,15,15,1,2311,74,527,0.0910799980163574,45,0.0666699981689453,8.91596308954946,10.6497583527401,83.1680283959095,1323.94510068083,69
"736",2022-03-06,64110,1198,752,74,108,87,0,11,76,1,0,13,13,1,2312,76,309,0.187700004577637,15,0,17.9010189550895,12.3231117293719,105.904592173792,1495.99607137109,67
"737",2022-03-07,64203,1209,752,136,116.4,93,0,7,86,1,1,11,10,0,2313,86,324,0.141979999542236,24,0,13.2188275435875,13.0686174272142,108.796735851254,1431.07271679263,66
"738",2022-03-08,64287,1168,753,162,122.4,84,0,9,75,4,2,13,11,1,2317,75,593,0.17201000213623,72,0.0694399976730347,16.0904678344726,12.9666879956135,100.768951282556,1429.14846797367,NA
"739",2022-03-09,64381,1142,753,82,112,94,0,7,87,0,2,9,7,0,2317,87,536,0.0858199977874756,33,0.0909099960327148,8.61151997946688,12.1809821217814,104.410582598864,1278.65385434371,NA
"740",2022-03-10,64468,1130,753,137,110.6,87,0,7,80,2,1,11,10,0,2319,80,523,0.107069997787476,21,0,10.2936780961121,12.3093076506066,98.4429114703356,1291.63112451849,NA
"741",2022-03-11,64536,1112,755,89,106.1,68,0,10,58,3,2,12,10,2,2322,58,495,0.133330001831055,29,0.0689699983596802,12.976809324199,12.5726121174967,78.4585598253973,1312.51583665244,NA
"742",2022-03-12,64594,1094,755,69,107,58,0,4,54,4,2,16,14,0,2326,54,345,0.150719995498657,24,0,14.0917068962159,13.3120040898776,68.5738544820678,1308.21845932189,NA
"743",2022-03-13,64645,1069,755,49,103.4,51,0,1,50,1,2,17,15,0,2327,50,261,0.111110000610352,10,0,10.701000058783,12.2834299618339,58.434817951695,1227.95640780724,NA
"744",2022-03-14,64766,1085,756,68,93.7,121,0,13,108,2,2,18,16,1,2329,108,228,0.105260000228882,15,0.2,11.1108148362902,11.9822852893628,137.674224083909,1252.51419565779,NA
"745",2022-03-15,64864,1067,756,113,86.7,98,0,5,93,2,2,19,17,0,2331,93,508,0.133859996795654,63,0.0476200008392334,12.4344900919552,11.4600027547175,114.068927721268,1251.36070837196,NA
"746",2022-03-16,64950,1081,757,138,94.7,86,0,5,81,1,2,19,17,1,2332,81,741,0.129549999237061,37,0.0540500020980835,12.5959382406544,12.0292053634585,100.177234064266,1270.20481510459,NA
"747",2022-03-17,65027,1088,757,92,88.3,77,0,3,74,1,2,17,15,0,2333,74,482,0.186720008850098,34,0.0588199996948242,17.8292488866999,13.1057154763996,95.3333038090517,1357.54911546281,NA
"748",2022-03-18,65097,1092,757,89,88.3,70,0,4,66,2,1,17,16,0,2335,66,561,0.347589988708496,33,0.0302999997138977,32.9962767097685,15.9656393886239,100.261109053053,1592.68380433234,NA
"749",2022-03-19,65168,1087,759,63,87.4,71,0,7,64,0,0,15,15,2,2335,64,440,0.125,67,0.0298499989509583,11.2425936744998,15.558623214093,80.9982146644237,1256.81342719107,NA
"750",2022-03-20,65260,1100,761,40,86.1,92,0,8,84,0,1,13,12,2,2335,84,414,0.0628000020980835,27,0,5.89551040104457,14.8721246915589,98.8813977967632,1190.11354257666,NA
"751",2022-03-21,65388,1143,761,40,82.1,128,0,5,123,2,1,10,9,0,2337,123,204,0.132349996566772,27,0,11.6880516448578,14.9545870927829,147.976674876362,1328.63690555839,NA
"752",2022-03-22,65494,1158,761,141,86.1,106,0,2,104,2,1,11,10,0,2339,104,701,0.184020004272461,34,0,17.5507514278905,15.6854815693451,131.363257024133,1440.41011186487,NA
"753",2022-03-23,65586,1164,761,126,84.4,92,0,14,78,1,1,12,11,0,2340,78,676,0.139049997329712,17,0,13.5638958434178,15.8237612268827,106.701275523956,1383.38826551134,NA
"754",2022-03-24,65672,1165,761,165,94.9,86,0,2,84,2,0,11,11,0,2342,84,706,0.161469993591309,64,0,14.8049111007096,15.3917129717412,103.280689151468,1404.66670073167,NA
"755",2022-03-25,65734,1153,762,122,99.6,62,0,5,57,1,0,12,12,1,2343,57,596,0.194629993438721,24,0.0416699981689453,18.8708961363762,13.3738014612566,76.9466322129703,1455.34152529043,NA
"756",2022-03-26,65771,1123,762,100,104.9,37,0,11,26,2,0,11,11,0,2345,26,534,0.140450000762939,60,0,12.6263131999006,13.571475679171,41.5616911086692,1320.0299659629,NA
"757",2022-03-27,65808,1103,762,84,111.1,37,0,1,36,1,0,11,11,0,2346,36,278,0.212229995727539,18,0.111110000610352,20.6080806835278,15.6732714338115,47.3089875441018,1418.85592392067,NA
"758",2022-03-28,65810,995,762,42,111.4,2,0,0,2,0,0,9,9,0,2346,2,NA,NA,NA,NA,NA,NA,NA,NA,NA
