"","date","observed_cumulative_cases","observed_active_cases","observed_cumulative_deaths","observed_new_cases","observed_daily_average_cases","observed_new_episodes","observed_new_cases_community_outbreak","observed_new_cases_institution_outbreak","observed_new_cases_sporadic","observed_new_ICU_p_acute_care","observed_census_ICU","observed_census_ICU_p_acute_care","observed_census_acute_care","observed_new_deaths","cumulative_hosp","observed_new_community_cases","num_non_ltch_tests","non_ltch_pct_positivity","num_ltch_tests","ltch_pct_positivity","observed_pct_positivity","pct_positivity_7_day","adjusted_new_episodes","adjusted_active_cases","adjusted_episode_cases"
"1",2020-03-01,7,7,0,0,0,2,0,0,2,0,0,1,1,0,0,2,NA,NA,NA,NA,NA,NA,NA,NA,2
"2",2020-03-02,10,10,0,0,0,3,2,0,1,0,0,1,1,0,0,3,NA,NA,NA,NA,NA,NA,NA,NA,3
"3",2020-03-03,11,11,0,0,0,1,0,0,1,0,0,1,1,0,0,1,NA,NA,NA,NA,NA,NA,NA,NA,1
"4",2020-03-04,12,12,0,0,0,1,0,0,1,0,0,1,1,0,0,1,NA,NA,NA,NA,NA,NA,NA,NA,1
"5",2020-03-05,18,18,0,0,0,6,2,0,4,0,0,1,1,0,0,6,NA,NA,NA,NA,NA,NA,NA,NA,6
"6",2020-03-06,23,23,0,0,0,5,0,1,4,0,0,1,1,0,0,4,NA,NA,NA,NA,NA,NA,NA,NA,5
"7",2020-03-07,27,27,0,0,0,4,0,0,4,0,0,1,1,0,0,4,NA,NA,NA,NA,NA,NA,NA,NA,4
"8",2020-03-08,36,36,0,0,0,9,1,0,8,0,0,1,1,0,0,9,NA,NA,NA,NA,NA,NA,NA,NA,9
"9",2020-03-09,45,45,0,1,0,9,0,0,9,0,0,1,1,0,0,9,NA,NA,NA,NA,NA,NA,NA,NA,9
"10",2020-03-10,52,52,0,0,0.1,7,1,0,6,0,0,1,1,0,0,7,NA,NA,NA,NA,NA,NA,NA,NA,7
"11",2020-03-11,61,61,0,0,0.1,9,0,0,9,0,0,1,1,0,0,9,NA,NA,NA,NA,NA,NA,NA,NA,9
"12",2020-03-12,75,75,0,3,0.1,14,1,0,13,0,0,1,1,0,0,14,NA,NA,NA,NA,NA,NA,NA,NA,14
"13",2020-03-13,97,97,0,1,0.6,22,2,2,18,0,0,1,1,0,0,20,NA,NA,NA,NA,NA,NA,NA,NA,22
"14",2020-03-14,115,115,0,4,0.7,18,1,1,16,1,0,2,2,0,1,17,NA,NA,NA,NA,NA,NA,NA,NA,18
"15",2020-03-15,142,142,0,4,1.3,27,1,0,26,0,0,2,2,0,1,27,NA,NA,NA,NA,NA,NA,NA,NA,27
"16",2020-03-16,156,156,0,0,1.9,14,0,0,14,0,0,2,2,0,1,14,NA,NA,NA,NA,NA,NA,NA,NA,14
"17",2020-03-17,179,178,0,5,1.7,23,1,0,22,2,0,4,4,0,3,23,127,0,4,0,0,0,23,178,23
"18",2020-03-18,195,193,0,4,2.4,16,0,0,16,0,0,3,3,0,3,16,210,0.0190499997138977,1,0,1.89597153550641,0.947985767753203,16.4415200883887,198.325836066188,16
"19",2020-03-19,220,218,0,1,3,25,0,0,25,4,0,7,7,0,7,25,110,0.0272699999809265,9,0,2.52075630075791,1.47224261208811,25.9172116081667,225.998085223214,25
"20",2020-03-20,242,240,0,2,2.7,22,1,1,20,3,1,10,9,0,10,21,137,0.00730000019073486,4,0,0.709290798674238,1.28150465873464,22.2167915213732,242.477617387122,22
"21",2020-03-21,262,260,0,4,2.9,20,0,2,18,3,1,10,9,0,13,18,204,0.0147099995613098,3,0,1.44968111618705,1.31513995022512,20.3797901170395,265.485857246126,20
"22",2020-03-22,288,286,0,6,2.9,26,0,1,25,3,5,13,8,0,16,25,159,0.0314499998092651,2,0,3.10593165818208,1.61360523488461,27.1301356542085,298.928751884145,26
"23",2020-03-23,309,307,0,9,3.1,21,1,0,20,4,5,17,12,0,20,21,138,0.0362299990653992,3,0,3.54591480214545,1.88964945877902,22.0837928055088,322.844018632914,21
"24",2020-03-24,327,323,1,8,4.4,18,1,3,14,3,7,20,13,1,23,15,253,0.0197599995136261,4,0,1.94524508830638,2.16754161425136,18.4246823959589,332.144827592982,18
"25",2020-03-25,350,346,1,8,4.9,23,0,1,22,4,8,23,15,0,27,22,153,0.0588199996948242,2,0,5.80610319568265,2.7261318514194,24.8591143530891,375.238798462219,23
"26",2020-03-26,364,356,1,19,5.4,14,1,3,10,2,7,25,18,0,29,11,274,0.025550000667572,3,0,2.52732858588979,2.72707074929538,14.4046253305051,369.095147059984,14
"27",2020-03-27,381,364,1,27,8,17,3,2,12,5,9,26,17,0,34,15,577,0.0294600009918213,4,0,2.92571782655437,3.04370318184968,17.6387374341413,379.500028401829,17
"28",2020-03-28,406,386,2,26,11.6,25,1,1,23,3,8,25,17,1,37,24,367,0.0817399978637695,3,0,8.10772411243335,3.99485218131344,27.8321019063688,431.549638994098,25
"29",2020-03-29,425,398,2,11,14.7,19,5,4,10,7,8,31,23,0,44,15,184,0.0434800004959106,0,0,4.34800004959106,4.17229052294329,19.9492475214511,423.186700902502,19
"30",2020-03-30,450,407,3,48,15.4,25,8,3,14,4,12,32,20,1,48,22,549,0.0783199977874756,0,0,7.83199977874756,4.78458837674359,27.5078064773095,453.394419830225,25
"31",2020-03-31,467,404,3,51,21,17,2,3,12,6,13,34,21,0,54,14,943,0.064689998626709,0,0,6.4689998626709,5.43083905879567,18.3181470135263,442.037956676044,17
"32",2020-04-01,494,407,3,37,27.1,27,6,4,16,3,15,33,18,0,57,22,575,0.0573899984359741,4,0.25,5.87206374795943,5.44026199483521,27.8802349231759,441.784346078753,27
"33",2020-04-02,511,403,6,32,31.3,17,5,4,7,6,14,34,20,3,63,12,107,0.0841100025177002,9,0,7.75842264602924,6.1875611462837,17.3550438607389,448.50688965648,17
"34",2020-04-03,538,409,6,26,33.1,27,3,4,19,5,14,37,23,0,68,22,217,0.110600004196167,2,0,10.9589958495745,7.33517229242944,29.5090706783403,474.236813974599,27
"35",2020-04-04,555,416,7,18,33,17,3,7,6,7,14,43,29,1,75,9,315,0.0253999996185303,3,0,2.51603769806196,6.53635994751924,16.3295780848467,431.23383147736,17
"36",2020-04-05,582,427,8,40,31.9,27,4,8,13,4,13,43,30,1,79,17,422,0.0663500022888184,5,0.2,6.79149905524154,6.88543123404074,26.6804021882419,469.207749081135,27
"37",2020-04-06,601,427,9,40,36,19,3,7,9,4,12,44,32,1,83,12,238,0.117650003433228,4,0.25,11.9837606682266,7.47853993253774,21.0930183959951,501.476571257492,19
"38",2020-04-07,624,425,9,25,34.9,23,2,11,10,4,14,45,31,0,87,12,285,0.108769998550415,6,0,10.6527318167932,8.07621592598378,24.8605481432274,490.89441340597,23
"39",2020-04-08,644,428,11,26,31.1,20,1,11,7,5,16,44,28,2,92,8,368,0.0434800004959106,6,0.333330001831055,4.813000051733,7.92492111223715,19.5604082573128,457.981841766237,20
"40",2020-04-09,680,436,11,25,29.6,36,1,20,13,6,16,47,31,0,98,14,295,0.0949199962615967,5,0,9.33379963239034,8.14997496743159,35.9018890665439,495.23025950094,36
"41",2020-04-10,714,452,11,37,28.6,34,0,20,13,4,16,48,32,0,102,13,331,0.090629997253418,8,0,8.84912362562872,7.84856464972505,34.6743347354626,510.215330802238,34
"42",2020-04-11,757,481,11,31,30.1,43,0,34,7,5,19,52,33,0,107,7,225,0.102220001220703,11,0.363639984130859,11.4404830932617,9.12348542046787,42.165577287279,561.091810740174,43
"43",2020-04-12,790,496,13,35,32,33,0,18,14,1,18,48,30,2,108,14,227,0.101319999694824,12,0.5,12.1337405567887,9.88666277783175,34.4724152446079,583.594140094679,33
"44",2020-04-13,814,503,16,16,31.3,24,0,19,5,3,20,50,30,3,111,5,165,0.0606099987030029,26,0.0384599995613098,5.75948155737672,8.99748004771035,24.4191332053685,545.164800460076,24
"45",2020-04-14,847,504,18,32,27.9,33,0,26,7,5,20,50,30,2,116,7,208,0.0673099994659424,18,0.166669998168945,7.52236276812258,8.55028446932883,33.7663920411159,559.180226960347,33
"46",2020-04-15,876,502,24,60,28.9,29,2,18,9,4,16,50,34,6,120,11,390,0.1,24,0.208330001831055,10.6280000106148,9.38099874916909,30.701542902222,579.652230628678,29
"47",2020-04-16,946,551,24,21,33.7,70,1,55,13,7,13,52,39,0,127,14,310,0.0354800009727478,11,0,3.42641753942424,8.5370870216025,69.6981793387798,578.478343976262,70
"48",2020-04-17,978,555,26,73,33.1,32,0,26,6,0,13,49,36,2,127,6,378,0.0846599960327148,66,0.5,14.6399726352176,9.36435116582948,33.278468958564,673.258378667168,32
"49",2020-04-18,1018,577,31,31,38.3,40,0,31,9,1,11,46,35,5,128,9,421,0.0617600011825562,8,0,6.06082995288022,8.59582928863213,40.7939136722755,627.898687655884,40
"50",2020-04-19,1035,580,35,37,38.3,17,0,13,4,4,15,47,32,4,132,4,452,0.0442500019073486,47,0.127659997940063,5.21062540386864,7.60681283821498,17.3033531550702,623.986207485172,17
"51",2020-04-20,1096,617,39,16,38.6,61,1,47,13,3,13,45,32,4,135,14,325,0.0523099994659424,43,0.0232599997520447,4.89155701515467,7.48282361789754,61.9967215037716,660.926940559077,61
"52",2020-04-21,1132,628,47,51,38.6,36,0,26,10,2,11,43,32,8,137,10,543,0.069980001449585,25,0.36,8.27449661745152,7.59027131065882,37.2043154424695,703.631009787087,36
"53",2020-04-22,1173,645,54,35,41.3,41,1,31,9,4,9,45,36,7,141,10,656,0.0243899989128113,122,0.106560001373291,3.72752692215241,6.60448944087848,41.542524632266,679.992838781157,41
"54",2020-04-23,1218,661,57,50,37.7,45,0,35,10,5,11,48,37,3,146,10,775,0.0361299991607666,105,0.0285700011253357,3.522795394063,6.61825770582687,45.5127268871901,694.891247243263,45
"55",2020-04-24,1259,668,65,38,41.9,41,0,36,5,7,10,48,38,8,153,5,517,0.0406199979782104,94,0.106379995346069,5.07369206501886,5.25164619579848,41.3692264307263,717.328651145037,41
"56",2020-04-25,1360,742,78,53,36.9,101,0,95,6,5,9,49,40,13,158,6,557,0.0502699995040894,28,0.0357100009918213,4.95731106864082,5.09400064090713,101.43290848126,795.536348849178,101
"57",2020-04-26,1414,759,87,87,40,54,0,41,13,5,9,50,41,9,163,13,358,0.0502799987792969,81,0.0123500001430511,4.32815252268233,4.96793308645194,54.8189258525126,806.812670927464,54
"58",2020-04-27,1475,782,95,87,47.1,61,0,54,7,8,11,54,43,8,171,7,269,0.0632000017166138,80,0.1,7.16355314090806,5.29250396155957,61.7298358617545,863.533091984578,61
"59",2020-04-28,1494,776,103,65,57.3,19,0,12,7,7,13,60,47,8,178,7,503,0.0616300010681152,11,0.272730007171631,6.61477054788908,5.05540023733636,19.6739248900882,850.709387815488,19
"60",2020-04-29,1519,765,111,27,59.3,25,0,17,8,7,13,61,48,8,185,8,668,0.0314400005340576,74,0.148649997711182,4.31294072606172,5.13903078075198,25.5021831643894,813.02126509474,25
"61",2020-04-30,1539,755,122,30,58.1,20,0,10,10,2,11,55,44,11,187,10,603,0.0414599990844727,6,0.333330001831055,4.43355656139957,5.26913951894292,20.6452840431035,803.718945254317,20
"62",2020-05-01,1562,738,135,43,55.3,23,0,16,7,6,11,57,46,13,193,7,516,0.031010000705719,55,0.0909099960327148,3.67797025323123,5.06975068868754,23.3747183187552,777.506017034476,23
"63",2020-05-02,1583,739,139,22,56,21,0,15,6,4,12,57,45,4,197,6,508,0.0511800003051758,28,0.0357100009918213,5.03718660126871,5.08116147906296,21.4398837940943,793.179020639283,21
"64",2020-05-03,1602,720,148,23,51.6,19,0,13,6,3,12,52,40,9,200,6,826,0.0205800008773804,231,0.0043299999833107,1.70286761786764,4.70612077837514,19.1487067936692,737.8448152403,19
"65",2020-05-04,1620,717,152,14,42.4,18,0,11,7,6,10,51,41,4,206,7,637,0.0109899997711182,24,0.125,1.51295459216374,3.89889241426881,18.1541425737825,732.788603628865,18
"66",2020-05-05,1645,716,156,29,32,25,0,24,1,3,9,49,40,4,209,1,923,0.0292499995231628,29,0.172409992218018,3.36109656871868,3.4340818458159,25.0489192356765,751.02617274441,25
"67",2020-05-06,1661,690,161,23,26.9,16,0,11,5,4,10,52,42,5,213,5,598,0.0167200005054474,149,0.0134200000762939,1.60617674881196,3.04740127763736,16.1168858693984,706.130249976978,16
"68",2020-05-07,1684,668,167,32,26.3,23,0,16,7,6,10,54,44,6,219,7,813,0.0356699991226196,234,0.0128199994564056,3.05631224063884,2.85065208895726,23.3113826664033,697.714803022485,23
"69",2020-05-08,1697,635,173,16,26.6,13,0,8,5,4,8,54,46,6,223,5,715,0.00978999972343445,127,0.0472399997711182,1.54386339349022,2.54577968042283,13.1123511563182,649.268596852414,13
"70",2020-05-09,1714,618,179,12,22.7,17,0,12,5,5,6,51,45,6,228,5,1100,0.0154499995708466,164,0.0304900002479553,1.74013920637626,2.0747729097239,17.1266346833634,633.652046863721,17
"71",2020-05-10,1726,549,185,25,21.3,12,0,8,4,3,5,52,47,6,231,4,907,0.0176400005817413,316,0.0126600003242493,1.63532629845479,2.06512414980778,12.0952057294,562.066986360149,12
"72",2020-05-11,1746,529,188,14,21.6,20,0,14,6,1,5,51,46,3,232,6,517,0.00967000007629395,197,0.0152300000190735,1.12040616851561,2.00904580357234,20.0978420208235,537.626404835941,20
"73",2020-05-12,1769,512,193,13,21.6,23,0,17,6,4,6,50,44,5,236,6,835,0.0131700003147125,322,0.00310999989509583,1.03702422031165,1.67703546808562,23.090560502262,519.727829526359,23
"74",2020-05-13,1790,495,195,21,19.3,21,0,15,6,2,7,47,40,2,238,6,1249,0.0144099998474121,224,0.0133899998664856,1.42548878340193,1.65122290159847,21.124484055112,505.26993454674,21
"75",2020-05-14,1804,467,198,25,19,14,0,10,4,2,6,45,39,3,240,4,1046,0.0267700004577637,127,0.0236199998855591,2.64289518024611,1.59216332154237,14.1538645612199,484.96368752242,14
"76",2020-05-15,1824,452,201,17,18,20,0,12,8,1,5,43,38,3,241,8,1163,0.012039999961853,137,0.0146000003814697,1.23097846214588,1.54746547420746,20.1433306643145,460.098182533772,20
"77",2020-05-16,1840,433,207,19,18.1,16,0,6,10,1,4,41,37,6,242,10,967,0.0134399998188019,25,0.04,1.41093546620781,1.50043636846911,16.2053552558954,441.891882580269,16
"78",2020-05-17,1851,393,212,15,19.1,11,0,8,3,1,2,41,39,5,243,3,353,0.0254999995231628,10,0.1,2.7552341134095,1.66042319917693,11.1203035475318,408.759764726667,11
"79",2020-05-18,1866,385,213,25,17.7,15,0,8,7,2,1,42,41,1,245,7,376,0.0398900008201599,17,0.0588199996948242,4.07088557333133,2.08192025700774,15.4147492483234,407.811208657787,15
"80",2020-05-19,1878,348,219,23,19.3,12,0,8,4,0,1,39,38,6,245,4,359,0.0390000009536743,31,0.225809993743896,5.38490003805894,2.70304537382878,12.3134991080091,375.274422396795,12
"81",2020-05-20,1893,334,223,17,20.7,15,0,9,6,3,1,40,39,4,248,6,675,0.0296300005912781,36,0.0555600023269653,3.09429120715661,2.94144572007945,15.2702160281086,349.042025564712,15
"82",2020-05-21,1901,320,229,11,20.1,8,0,1,7,0,1,37,36,6,248,7,478,0.0209200000762939,36,0,1.94547860631683,2.8418147809467,8.19820890935504,329.060978713373,8
"83",2020-05-22,1908,304,233,7,18.1,7,0,3,4,1,1,35,34,4,249,4,514,0.00583999991416931,14,0,0.568515143159664,2.74717716394867,7.0330979199262,306.515441914391,7
"84",2020-05-23,1917,300,236,6,16.7,9,1,3,5,1,0,34,34,3,250,6,582,0.00859000027179718,43,0,0.799900825309753,2.65988650096323,9.06985316165333,303.492658082667,9
"85",2020-05-24,1927,297,237,8,14.9,10,0,3,7,1,1,35,34,1,251,7,332,0.0150600004196167,25,0.04,1.68064989896716,2.50637447032861,10.1712276775495,304.264945747459,10
"86",2020-05-25,1942,293,240,6,13.9,15,1,7,7,0,1,34,33,3,251,8,401,0.0174600005149841,8,0,1.71184846124905,2.16936916860257,15.1993214216997,300.300147069752,15
"87",2020-05-26,1948,284,243,16,11.1,6,0,2,4,1,1,34,33,3,252,4,1123,0.00800999999046326,41,0.0731699991226196,1.03051545990701,1.54731422886658,6.05999473995564,288.259626536851,6
"88",2020-05-27,1953,258,243,8,10.1,5,0,1,4,1,1,32,31,0,253,4,1150,0.00957000017166138,13,0.0769199991226196,1.03228376491871,1.25274173711831,5.06009768746441,261.876300841454,5
"89",2020-05-28,1957,233,244,4,8.9,4,0,2,2,1,1,30,29,1,254,2,1403,0.00284999996423721,88,0,0.268179071081476,1.01312751779898,4.00780644942121,233.909451357571,4
"90",2020-05-29,1964,224,247,7,7.9,7,0,3,4,2,1,31,30,3,256,4,1380,0.0065200001001358,37,0,0.634975309681539,1.0226218273021,7.03696711021301,226.070158171929,7
"91",2020-05-30,1967,207,248,15,7.9,3,1,1,1,0,1,31,30,1,256,2,1020,0.0127499997615814,119,0,1.1417910234252,1.07146328417574,3.03323650066359,210.439977818682,3
"92",2020-05-31,1971,192,249,10,9.1,4,0,1,3,3,1,34,33,1,259,3,1309,0.00535000026226044,11,0.0909099960327148,0.606300022701423,0.917984730423488,4.02647326528247,193.694288978078,4
"93",2020-06-01,1982,183,250,5,9.4,11,0,5,6,2,1,33,32,1,261,6,763,0.00130999997258186,20,0,0.127653892602805,0.691671220616881,11.0111476669526,183.340003842054,11
"94",2020-06-02,1985,165,251,8,9.3,3,0,1,2,0,1,28,27,1,261,2,858,0.0104900002479553,9,0,1.03811075118174,0.692756262227556,3.03021846201508,167.493023116244,3
"95",2020-06-03,1995,155,251,8,8.1,10,0,7,3,0,1,23,22,0,261,3,1110,0.00449999988079071,141,0,0.399280564962245,0.602327233662346,10.0174340424255,155.900758858653,10
"96",2020-06-04,2002,144,254,8,8.1,7,0,2,5,0,0,20,20,3,261,5,1430,0.00559000015258789,21,0,0.550909732474203,0.642717328147021,7.04009120608172,145.154626735153,7
"97",2020-06-05,2006,135,256,15,8.7,4,0,1,3,1,0,21,21,2,262,3,1366,0.00952000021934509,29,0,0.932209340474939,0.685179332546079,4.04070365206195,136.831664342788,4
"98",2020-06-06,2009,127,256,2,9.9,3,0,0,3,0,0,21,21,0,262,3,1404,0.000710000023245811,68,0,0.0677201109128477,0.5317406307586,3.00295690647209,127.125175707318,3
"99",2020-06-07,2010,117,257,4,8,1,0,0,1,0,0,20,20,1,262,1,870,0.00230000004172325,22,0,0.22432735832951,0.477173107276898,1.00326498292639,117.382003002388,1
"100",2020-06-08,2013,109,257,0,7.1,3,0,0,3,0,0,19,19,0,262,3,701,0.0014300000667572,12,0,0.140593274445554,0.47902159039729,3.00613881397323,109.223043574361,3
"101",2020-06-09,2023,106,258,3,6.4,10,0,3,7,0,0,18,18,1,262,7,1338,0.00224000006914139,10,0,0.222338285794598,0.362482666770557,10.0226522301464,106.343019485074,10
"102",2020-06-10,2033,104,258,7,5.7,10,0,4,6,0,0,17,17,0,262,6,1281,0.00233999997377396,12,0,0.231828303666237,0.338560915156841,10.0202449346962,104.3509122014,10
"103",2020-06-11,2040,103,259,5,5.6,7,0,2,5,0,0,16,16,1,262,5,1529,0.00326999992132187,6,0,0.325721816267175,0.306391212841551,7.02370366630234,103.488295525828,7
"104",2020-06-12,2044,106,259,10,5.1,4,0,2,2,0,0,16,16,0,262,2,1596,0.00814999997615814,13,0,0.808415162333648,0.288706330249938,4.02353223184288,107.247208287673,4
"105",2020-06-13,2047,104,259,6,4.4,3,0,3,0,0,0,16,16,0,262,0,1479,0.00270000010728836,23,0.0434800004959106,0.332446083228058,0.326524326294968,3,104.5032145992,3
"106",2020-06-14,2050,101,259,1,5,3,0,1,2,0,0,16,16,0,262,2,768,0,13,0,0,0.294477560819324,3,101,3
"107",2020-06-15,2055,99,259,2,4.6,5,0,2,3,0,0,14,14,0,262,3,720,0.00555999994277954,17,0,0.543175028331244,0.351989239945851,5.02371699832,99.78266094456,5
"108",2020-06-16,2059,98,259,3,4.9,4,0,1,3,1,0,14,14,0,263,3,1250,0.000799999982118607,14,0,0.0791139222822989,0.331528616586952,4.00345440173791,98.1128437901051,4
"109",2020-06-17,2062,88,259,8,4.9,3,0,0,3,1,1,6,5,0,264,3,1098,0.0091100001335144,26,0,0.889927059305944,0.425542724535481,3.03885745380329,89.1398186448965,3
"110",2020-06-18,2064,74,259,2,5,2,0,0,2,0,1,6,5,0,264,2,1304,0.00230000004172325,122,0,0.210322584460527,0.409057119991674,2.00612229959299,74.2265250849405,2
"111",2020-06-19,2067,72,259,5,4.6,3,0,0,3,0,1,5,4,0,264,3,1875,0.0010700000077486,19,0,0.105926611115556,0.308701612674804,3.00462514130222,72.1110033912533,3
"112",2020-06-20,2073,73,259,1,3.9,6,0,0,6,1,1,5,4,0,265,6,1792,0.000560000017285347,158,0,0.0514625656910432,0.268561110169516,6.00449408577485,73.054678043594,6
"113",2020-06-21,2079,77,259,1,3.1,6,0,0,6,0,1,4,3,0,265,6,1102,0.00363000005483627,86,0,0.336722227308886,0.316664285499357,6.02940503551471,77.3773646224388,6
"114",2020-06-22,2081,76,260,6,3.1,2,0,1,1,0,1,1,0,1,265,1,509,0.0039300000667572,10,0,0.385427752211833,0.294128960339441,2.00560972607042,76.4263391813518,2
"115",2020-06-23,2090,81,260,4,3.7,9,0,0,9,0,1,1,0,0,265,9,1255,0.00158999994397163,20,0,0.156505876837992,0.305184953847397,9.02050084829621,81.1845076346659,9
"116",2020-06-24,2092,75,261,3,3.9,2,0,0,2,1,1,2,1,1,266,2,1733,0.00289000004529953,24,0,0.285052366448724,0.218774283439223,2.00829761573901,75.3111605902128,2
"117",2020-06-25,2098,73,261,6,3.1,6,0,0,6,0,1,2,1,0,266,6,1796,0.00277999997138977,21,0.0476200008392334,0.32982388366758,0.235845897611659,6.02880262194259,73.3504319003015,6
"118",2020-06-26,2102,67,261,6,3.7,4,0,0,4,0,1,2,1,0,266,4,2028,0.00196999996900558,23,0,0.194790830674954,0.248540786120145,4.01134036866671,67.1899511751674,4
"119",2020-06-27,2105,69,261,3,3.9,3,0,0,3,0,1,1,0,0,266,3,1574,0.000640000030398369,80,0,0.0609044768952257,0.249889630577885,3.00265931108918,69.061164155051,3
"120",2020-06-28,2107,68,261,2,4.1,2,0,0,2,0,1,1,0,0,266,2,880,0.00114000000059605,12,0,0.112466367771808,0.217853079215445,2.00327379391709,68.1113089931811,2
"121",2020-06-29,2111,69,261,1,4.3,4,0,0,4,2,1,3,2,0,268,4,854,0.00351000010967255,8,0,0.347742470262222,0.212469467508358,4.02024493555565,69.3492251383349,4
"122",2020-06-30,2114,68,261,10,3.6,3,0,0,3,0,1,3,2,0,268,3,1605,0.00435999989509583,11,0,0.433032167798812,0.251973223359904,3.01890776022554,68.4285758984457,3
"123",2020-07-01,2116,67,261,4,4.4,2,0,0,2,0,2,3,1,0,268,2,1601,0.00312000006437302,15,0,0.309103966773589,0.255409166263456,2.00899773600074,67.3014241560246,2
"124",2020-07-02,2122,66,261,4,4.6,6,0,1,5,0,1,3,2,0,268,5,1012,0.00197999998927116,12,0,0.195679686439689,0.236245709516614,6.01424014529536,66.1879699178987,6
"125",2020-07-03,2130,74,261,4,4.3,8,0,0,8,0,1,3,2,0,268,8,1334,0.00300000011920929,14,0,0.296884284794154,0.2508304886765,8.03456812858441,74.3197551894058,8
"126",2020-07-04,2134,75,261,4,4,4,0,0,4,0,1,3,2,0,268,4,1257,0.00317999988794327,40,0,0.308192741645697,0.286157383640853,4.01794242212816,75.3364204149031,4
"127",2020-07-05,2136,72,261,5,4.1,2,0,0,2,0,1,2,1,0,268,2,734,0.00272000014781952,47,0,0.255631255889824,0.306609510514855,2.00744119390651,72.2678829806343,2
"128",2020-07-06,2142,72,261,0,4.6,6,0,1,5,0,1,2,1,0,268,5,602,0,10,0,0,0.256932014763109,6,72,6
"129",2020-07-07,2149,73,261,6,4.4,7,0,1,6,0,1,1,0,0,268,6,1272,0.0039300000667572,21,0,0.386617175940847,0.250301301640543,7.03376222555902,73.4107737443014,7
"130",2020-07-08,2162,79,261,5,3.9,13,0,1,12,0,1,1,0,0,268,12,1684,0.00296999990940094,39,0,0.29027741424441,0.247611794136374,13.0506982728357,79.3337636295017,13
"131",2020-07-09,2170,83,261,5,4,8,0,0,8,1,0,2,2,0,269,8,1504,0.00266000002622604,41,0,0.258941102876632,0.256649139341652,8.03015016219613,83.3128079327849,8
"132",2020-07-10,2186,96,261,12,4.1,16,0,0,16,0,0,2,2,0,269,16,1900,0.00684000015258789,14,0.0714300012588501,0.73124453017455,0.318700602967423,16.1702869181051,97.0217215086306,16
"133",2020-07-11,2193,101,261,7,5.3,7,0,0,7,1,1,2,1,0,270,7,1571,0.00381999999284744,25,0,0.376016290022765,0.328389681307004,7.03830922555671,101.552747397318,7
"134",2020-07-12,2216,121,261,9,5.7,23,0,2,21,1,1,3,2,0,271,21,1068,0.00842999994754791,13,0,0.832862159480219,0.410851238962775,23.2545605483468,122.466753635712,23
"135",2020-07-13,2239,139,261,6,6.3,23,0,2,21,0,0,3,3,0,271,21,808,0.00619000017642975,65,0,0.572911814725686,0.492695783923587,23.1751079023712,140.159047544266,23
"136",2020-07-14,2258,149,261,4,7.1,19,0,2,17,1,0,4,4,0,272,17,1406,0.00356000006198883,66,0,0.340038049399205,0.486041622989067,19.0841346921568,149.737415831257,19
"137",2020-07-15,2279,168,261,15,6.9,21,0,0,21,1,0,5,5,0,273,21,1404,0.00782999992370605,46,0,0.758159992612641,0.552881991327385,21.2317281692502,169.853825354001,21
"138",2020-07-16,2301,186,261,7,8.3,22,0,1,21,0,0,5,5,0,273,21,1695,0.00708000004291534,25,0.04,0.755848841438459,0.623868811121932,22.2310217763573,188.046192876307,22
"139",2020-07-17,2331,213,261,17,8.6,30,0,0,29,0,1,5,4,0,273,29,1787,0.00726999998092651,21,0,0.718555860946663,0.622056144089377,29.3032893821711,215.227608220774,30
"140",2020-07-18,2357,232,261,16,9.3,26,0,0,24,2,1,6,5,0,275,24,1551,0.00708999991416931,81,0,0.673810653607635,0.664598196030073,24.2353682007615,234.275225940694,26
"141",2020-07-19,2375,250,261,28,10.6,18,0,0,18,0,1,6,5,0,275,18,2025,0.0212299990653992,22,0,2.10018310246377,0.845644045027723,18.5502098202031,257.641803058377,18
"142",2020-07-20,2405,275,261,47,13.3,30,0,0,27,2,3,8,5,0,277,27,1548,0.0148599994182587,35,0.0285700011253357,1.51631264301018,0.980415591925508,27.5958695499242,281.069041712191,30
"143",2020-07-21,2429,294,261,23,19.1,24,0,0,23,0,3,8,5,0,277,23,1428,0.0161099994182587,15,0,1.59425358068423,1.15958923925194,23.5336836642698,300.821869447623,24
"144",2020-07-22,2456,314,261,13,21.9,27,0,1,23,2,3,9,6,0,279,23,1771,0.00902999997138977,16,0,0.894914938406899,1.17912566007969,24.2995768611251,318.089875408403,27
"145",2020-07-23,2475,322,261,29,21.6,19,0,1,17,1,3,10,7,0,280,17,1667,0.0101999998092651,32,0,1.0007886805206,1.21411706566285,18.2476224284264,326.6902601149,19
"146",2020-07-24,2498,337,261,34,24.7,23,0,1,18,0,3,7,4,0,280,18,2036,0.0122800004482269,83,0,1.17989999587494,1.28002337065261,19.3091123644536,342.787270378936,23
"147",2020-07-25,2510,336,261,26,27.1,12,0,1,10,0,3,7,4,0,280,10,2126,0.00800000011920929,320,0,0.695339339878943,1.28309889726279,11.1012034862648,339.400437138499,12
"148",2020-07-26,2517,338,261,21,28.6,7,0,0,6,2,4,9,5,0,282,6,1816,0.0121099996566772,73,0,1.16420113163186,1.14938718714395,6.1016665157376,343.727213719885,7
"149",2020-07-27,2532,340,262,22,27.6,15,0,1,13,1,4,9,5,1,283,13,1601,0.00874000012874603,24,0,0.861091704992147,1.05578419599852,14.1629263883162,344.261151694423,15
"150",2020-07-28,2552,330,262,14,24,20,0,1,18,1,4,10,6,0,284,18,1488,0.00739000022411346,24,0,0.727269863325452,0.931929379232976,19.1905314923589,333.493077359914,20
"151",2020-07-29,2568,324,262,20,22.7,16,2,2,12,2,4,11,7,0,286,14,2254,0.00620999991893768,52,0,0.606996522865808,0.89079817701282,16.1236838260661,326.86239711753,16
"152",2020-07-30,2588,334,262,19,23.7,20,1,0,18,1,4,12,8,0,287,19,1891,0.00898999989032745,134,0,0.83951060704243,0.867758452230225,19.2321552242208,338.081044467881,20
"153",2020-07-31,2598,321,262,18,22.3,10,0,1,9,1,3,13,10,0,288,9,2129,0.00797999978065491,207,0,0.727286795077667,0.803099423544901,10.0952679640852,324.397890719039,10
"154",2020-08-01,2616,309,262,15,20,18,0,0,18,1,2,13,11,0,289,18,1629,0.00551999986171722,83,0.0120500004291534,0.58365828331525,0.787144986892945,18.1529078672932,311.624918388533,18
"155",2020-08-02,2624,294,262,2,18.4,8,0,0,8,0,2,13,11,0,289,8,1340,0.00149000003933907,11,0,0.147786828476266,0.641942943585003,8.01720776191772,294.632385250476,8
"156",2020-08-03,2633,280,262,10,15.7,9,0,1,7,0,1,12,11,0,289,7,1046,0.0114699995517731,47,0,1.09767790769942,0.675740972543185,8.11183342762125,284.47333710485,9
"157",2020-08-04,2645,268,262,20,14,12,0,1,11,1,1,11,10,0,290,11,1699,0.0058899998664856,12,0,0.584869069150148,0.655398001946713,12.0936375435028,270.281351059886,12
"158",2020-08-05,2654,248,262,12,14.9,9,1,0,8,1,1,12,11,0,291,9,1599,0.005,70,0,0.479029358897543,0.637116978522675,9.06274849491024,249.729069637527,9
"159",2020-08-06,2664,224,262,13,13.7,10,0,0,10,1,2,10,8,0,292,10,1639,0.00305000007152557,10,0,0.303150401287472,0.560494091986252,10.0441221655576,224.988336508491,10
"160",2020-08-07,2676,225,262,6,12.9,12,0,3,9,1,2,10,8,0,293,9,1689,0,39,0,0,0.456595978403729,12,225,12
"161",2020-08-08,2682,208,262,14,11.1,6,1,1,4,0,1,10,9,0,293,5,1518,0.00725000023841858,95,0,0.682300084433937,0.470687664277827,6.04965284089603,210.065558181275,6
"162",2020-08-09,2684,199,262,16,11,2,0,1,1,2,2,12,10,0,295,1,1589,0.00441000014543533,102,0,0.414399185753799,0.508775143888903,2.0060313921417,200.200247036198,2
"163",2020-08-10,2696,200,262,8,13,12,2,0,10,0,1,12,11,0,295,12,1384,0.00578000009059906,27,0,0.566939767922686,0.432955409635084,12.0990186133164,201.65031022194,12
"164",2020-08-11,2709,204,262,8,12.7,13,2,1,10,0,1,12,11,0,295,12,1460,0.00342000007629395,41,0,0.332658235269098,0.396925290509219,13.058100276305,204.987704697186,13
"165",2020-08-12,2716,187,262,12,11,7,3,0,4,0,2,10,8,0,295,7,1486,0.00268999993801117,7,0,0.267738774808078,0.366740921353581,7.02727771478671,187.728704666445,7
"166",2020-08-13,2738,190,262,11,11,22,0,0,22,0,2,9,7,0,295,22,1689,0.00532999992370605,56,0,0.515895121555273,0.397133024248982,22.165189627681,191.426637693608,22
"167",2020-08-14,2749,185,262,6,10.7,11,4,1,6,1,2,10,8,0,296,10,1882,0.00477999985218048,36,0,0.469028139822923,0.464137044223685,11.068264917838,186.262900980004,11
"168",2020-08-15,2753,177,262,2,10.7,4,0,0,4,1,2,11,9,0,297,4,2044,0.00734000027179718,21,0,0.726535620123653,0.470456406465073,4.04229758532857,178.871668150789,4
"169",2020-08-16,2757,158,262,26,9,4,0,1,3,0,2,11,9,0,297,3,1196,0.00501999974250793,22,0,0.492932651234769,0.481675472962354,4.02152323330681,159.133556954159,4
"170",2020-08-17,2781,173,263,8,10.4,24,1,4,19,1,1,9,8,1,298,20,1358,0.00662999987602234,32,0,0.647736678535132,0.493217888764132,24.1885502697454,174.630959833297,24
"171",2020-08-18,2807,192,263,15,10.4,26,1,1,24,0,1,7,6,0,298,25,1888,0.00583000004291534,77,0.0519500017166138,0.763724692783889,0.554798811266245,26.2778916603141,194.134207951213,26
"172",2020-08-19,2831,201,263,23,11.4,24,4,3,15,2,1,7,6,0,300,19,1519,0.0118499994277954,25,0.04,1.23057960691847,0.69234750156773,22.3403000297663,204.60001610437,24
"173",2020-08-20,2848,209,264,24,13,17,1,0,16,3,0,6,6,1,303,17,1607,0.00995999991893768,103,0,0.936007009925898,0.752363485620677,17.2315936754015,211.847239891701,17
"174",2020-08-21,2869,216,264,16,14.9,21,3,2,16,0,0,6,6,0,303,19,1804,0.00721000015735626,116,0.00861999988555908,0.729518764093518,0.789576431945047,21.2017384781451,218.29344796207,21
"175",2020-08-22,2888,226,264,16,16.3,19,1,0,18,1,0,7,7,0,304,19,1864,0.00589999973773956,73,0,0.56776455917122,0.766894851808986,19.1570075558704,227.867563559301,19
"176",2020-08-23,2905,236,264,13,18.3,17,1,1,15,0,0,7,7,0,304,16,694,0.0172899997234344,5,0,1.71663230444399,0.941709087981731,17.3997568700769,241.896413833634,17
"177",2020-08-24,2924,252,264,19,16.4,19,2,0,17,1,1,8,7,0,305,19,1142,0.00962999999523163,58,0,0.91645499954621,0.980097419554742,19.253433147983,255.361323857459,19
"178",2020-08-25,2938,254,264,23,18,14,0,1,13,4,2,11,9,0,309,13,1647,0.0145700001716614,73,0,1.3951622257399,1.0703027814056,14.263977391998,259.157712120577,14
"179",2020-08-26,2956,262,264,15,19.1,18,1,4,13,0,2,11,9,0,309,14,1832,0.0049099999666214,41,0,0.480251998870817,0.963113123113079,18.097857899442,263.831340689558,18
"180",2020-08-27,2969,265,264,16,18,13,1,3,9,1,2,9,7,0,310,10,1469,0.00612999975681305,9,0,0.609267228874044,0.916436011534243,13.0886760810049,267.349916146629,13
"181",2020-08-28,2997,275,264,20,16.9,28,0,3,21,1,1,9,8,0,311,21,2137,0.00607999980449677,35,0,0.598202559033591,0.897676553668539,24.1828379038677,277.394305883981,28
"182",2020-08-29,3018,289,264,12,17.4,21,0,2,18,0,1,9,8,0,311,18,1790,0.00726000010967255,11,0.0909099960327148,0.777091068999096,0.927580340786807,20.2035837431764,292.268650098777,21
"183",2020-08-30,3038,303,265,16,16.9,20,0,6,12,2,1,10,9,1,313,12,1402,0.00428000003099442,33,0,0.418157494317364,0.742083939340146,18.073033111413,304.844086063179,20
"184",2020-08-31,3059,313,265,13,17.3,21,1,3,17,1,1,11,10,0,314,18,1353,0.00517000019550323,54,0,0.497157801315982,0.682184339592971,21.1302463124066,315.264838654627,21
"185",2020-09-01,3084,317,265,18,16.4,25,1,2,22,0,1,11,10,0,314,23,1361,0.0154299998283386,22,0.0909099960327148,1.66306939111269,0.720456791789084,25.5567200709708,324.673054891207,25
"186",2020-09-02,3120,327,265,15,15.7,36,1,9,26,0,1,9,8,0,314,27,1528,0.00261999994516373,51,0,0.253537676770752,0.688069031489075,36.0996333981931,328.206671155894,36
"187",2020-09-03,3142,328,265,24,15.7,22,1,4,17,1,1,8,7,0,315,18,1493,0.00938000023365021,133,0.00751999974250793,0.922785997207461,0.732857426965277,22.2417531676233,332.405279943357,22
"188",2020-09-04,3164,332,265,24,16.9,22,0,3,19,3,1,11,10,0,318,19,2705,0.00813000023365021,258,0.00774999976158142,0.809691210614641,0.763070091476856,22.2239090762796,335.912516490781,22
"189",2020-09-05,3189,339,265,17,17.4,25,1,11,13,2,1,13,12,0,320,14,2256,0.00398999989032745,164,0,0.371960320354493,0.705194270241913,25.075791991936,340.835248947593,25
"190",2020-09-06,3210,341,265,27,18.1,21,1,3,16,1,1,14,13,0,321,17,1310,0.00611000001430511,192,0.03125,0.932363516560565,0.778652273419513,20.2306921757217,345.627413642417,21
"191",2020-09-07,3251,366,265,29,19.7,41,2,6,33,0,1,12,11,0,321,35,1290,0.0147300004959106,44,0,1.4244153403092,0.911117636132829,41.725610166451,373.587809169173,41
"192",2020-09-08,3303,403,265,24,22,52,0,14,36,3,1,14,13,0,324,36,1097,0.0127600002288818,4,0,1.27136423715562,0.855159756996104,50.666148668197,410.457164257872,52
"193",2020-09-09,3348,434,265,15,22.9,45,2,10,31,0,1,13,12,0,324,33,1587,0.0144900000095367,29,0,1.42299690687715,1.02222536129702,43.6834654547504,442.988606283687,45
"194",2020-09-10,3425,496,265,33,22.9,77,1,21,52,2,2,14,12,0,326,53,1959,0.0127600002288818,61,0,1.23746734892968,1.06717984011448,74.9545711196547,504.9333448179,77
"195",2020-09-11,3455,510,265,60,24.1,30,0,1,25,0,1,12,11,0,326,25,2314,0.0155599999427795,93,0.0752699995040894,1.78670335776785,1.20675300399351,26.6501164192677,523.26237495306,30
"196",2020-09-12,3504,535,267,47,29.3,49,0,4,42,1,0,12,12,2,327,42,1900,0.0168400001525879,26,0,1.66126688940379,1.39093965671483,47.0155174070603,547.935757447078,49
"197",2020-09-13,3539,548,268,31,33.6,35,1,5,29,1,1,11,10,1,328,30,1199,0.0166799998283386,44,0,1.6089557356539,1.48759568801388,35.7025286231713,560.832856183262,35
"198",2020-09-14,3607,598,270,59,34.1,68,0,19,49,1,1,11,10,2,329,49,2394,0.0141999995708466,218,0.0412799978256226,1.6460121936674,1.51925238135077,69.1738910746323,612.326262502655,68
"199",2020-09-15,3679,646,271,41,38.4,72,0,14,55,1,1,11,10,1,330,55,2961,0.0121599996089935,28,0,1.20460886056306,1.5097158989804,69.9642894498484,657.326017901855,72
"200",2020-09-16,3755,684,272,41,40.9,76,0,7,66,1,0,11,11,1,331,66,1887,0.0190799999237061,162,0.00616999983787537,1.80592971350753,1.56442058564189,74.7347761852813,701.978589556551,76
"201",2020-09-17,3805,709,276,57,44.6,50,2,4,38,2,2,11,9,4,333,40,2512,0.0191100001335144,208,0.00481000006198883,1.80164707162801,1.6450176888845,45.0488862298477,727.591508424051,50
"202",2020-09-18,3893,777,276,46,48,88,1,6,78,0,2,11,9,0,333,79,2409,0.0128699994087219,281,0.0213499999046326,1.37558284568077,1.58628618715778,86.5816577547025,792.556304751947,88
"203",2020-09-19,3963,828,278,46,46,70,2,4,60,0,2,10,8,2,333,62,2101,0.0214199995994568,161,0,1.98954107685494,1.6331824996508,67.7953258003428,851.976286494901,70
"204",2020-09-20,4006,860,278,76,45.9,43,1,4,34,2,2,11,9,0,335,35,2847,0.0186199998855591,112,0,1.79152212484578,1.6592634123925,39.9126177108762,882.424320895816,43
"205",2020-09-21,4115,940,278,56,52.3,109,2,22,82,1,3,12,9,0,336,84,2949,0.0189900004863739,73,0,1.85312744653596,1.68885130565944,108.265600056754,965.353143492249,109
"206",2020-09-22,4225,1020,278,85,51.9,110,0,27,82,3,3,15,12,0,339,82,2507,0.0135599994659424,64,0.03125,1.40003573166541,1.71676943010263,110.670904561663,1040.78442259629,110
"207",2020-09-23,4332,1080,279,67,58.1,107,0,26,76,2,3,16,13,1,341,76,1896,0.0168799996376038,7,0.571430015563965,1.89198578149472,1.7290631541008,104.092811595903,1109.73995425757,107
"208",2020-09-24,4433,1133,280,38,61.9,101,2,18,75,2,3,18,15,1,343,77,2730,0.0128199994564056,55,0,1.25668217292593,1.65121102571479,96.4083637944005,1153.72306726046,101
"209",2020-09-25,4552,1196,282,57,59.1,119,5,16,86,3,3,20,17,2,346,91,3291,0.0133700001239777,59,0.0339000010490417,1.37315732745982,1.6508645231118,108.818697054671,1219.90287557567,119
"210",2020-09-26,4637,1243,284,76,60.7,85,3,14,66,3,4,21,17,2,349,69,3437,0.0299699997901917,12,0,2.98657260883992,1.79329759910965,85.9993064456086,1297.03098423031,85
"211",2020-09-27,4719,1273,285,109,65,82,2,12,64,2,4,22,18,1,351,66,2684,0.0331599998474121,13,0,3.30001629923819,2.00879676687999,81.1699958443231,1334.14249560338,82
"212",2020-09-28,4834,1343,286,86,69.7,115,3,11,97,6,4,27,23,1,357,100,3135,0.0258400011062622,192,0.0104200005531311,2.49501182970644,2.10049453590435,114.631376523041,1391.76938670444,115
"213",2020-09-29,4941,1374,289,58,74,107,5,18,74,4,3,27,24,3,361,79,2165,0.0263299989700317,79,0.0253200006484985,2.62944419881239,2.27612431692535,100.023359022445,1426.58348477011,107
"214",2020-09-30,5024,1404,289,108,70.1,83,1,10,67,5,5,30,25,0,366,68,3170,0.0305999994277954,281,0.0142299997806549,2.92670611777674,2.42394150782278,80.8965878223055,1463.80601915466,83
"215",2020-10-01,5125,1440,291,105,76,101,2,11,78,3,5,29,24,2,369,80,3844,0.0226300001144409,120,0.00833000004291534,2.21971040476944,2.56151696951471,93.5845502312599,1486.52190416268,101
"216",2020-10-02,5221,1490,292,115,85.6,96,0,13,79,1,5,29,24,1,370,79,3362,0.021710000038147,197,0,2.05082945007727,2.65832727274577,94.358062484911,1534.47484939895,96
"217",2020-10-03,5293,1502,293,65,93.9,72,2,6,63,5,6,31,25,1,375,65,3113,0.0301999998092651,485,0.0103100001811981,2.75188853513406,2.62480097650208,73.6034117938819,1562.15883868324,72
"218",2020-10-04,5350,1482,293,77,92.3,57,1,7,47,3,6,32,26,0,378,48,3118,0.0291899991035461,102,0,2.826534695803,2.55716074743991,56.974668646686,1542.96789446643,57
"219",2020-10-05,5428,1483,293,82,87.7,78,3,13,59,3,6,33,27,0,381,62,3821,0.0177999997138977,238,0.00839999973773956,1.72488294763206,2.44714233571499,76.5565031023891,1520.2305500136,78
"220",2020-10-06,5503,1454,294,139,87.1,75,5,15,52,2,7,34,27,1,383,57,2158,0.0194599997997284,55,0,1.89763576899295,2.34259827431222,73.574295978196,1494.15835705784,75
"221",2020-10-07,5604,1468,294,174,98.7,101,12,22,63,3,10,36,26,0,386,75,2268,0.0313100004196167,76,0,3.02948297575472,2.35728068259479,100.306956270946,1532.72815740998,101
"222",2020-10-08,5684,1427,294,85,108.1,80,5,14,55,2,9,36,27,0,388,60,2434,0.0271199989318848,182,0,2.52332100153699,2.40065362499015,76.2035475429765,1479.40770573046,80
"223",2020-10-09,5767,1428,294,96,105.3,83,5,19,57,2,9,37,28,0,390,62,2508,0.0207299995422363,247,0.00810000002384186,1.95976547578285,2.38764448580523,82.7684568377226,1468.73155426238,83
"224",2020-10-10,5832,1413,295,68,102.6,65,5,8,50,6,9,43,34,1,396,55,2628,0.0300600004196167,21,0,2.98216991705371,2.42054182607947,65.3872271596325,1474.33003593747,65
"225",2020-10-11,5896,1378,295,138,103,64,6,6,48,5,10,46,36,0,401,54,2660,0.0233100008964539,238,0.0168099999427795,2.2776184393012,2.34212521800778,61.7900839653111,1423.68029081849,64
"226",2020-10-12,5957,1349,295,62,111.7,61,2,13,43,3,10,46,36,0,404,45,1994,0.0150499999523163,237,0.0126600003242493,1.47961093598233,2.30708635920068,58.9690779652764,1378.0508038924,61
"227",2020-10-13,6042,1370,296,74,108.9,85,5,9,68,1,7,45,38,1,405,73,2117,0.0302300000190735,18,0,2.9975133508374,2.4642117280356,85.1848036231717,1429.76960224308,85
"228",2020-10-14,6109,1375,298,84,99.6,67,2,15,49,2,7,45,38,2,407,51,3004,0.0296300005912781,110,0.0363599991798401,2.98677333609447,2.45811035094128,68.2170276733892,1434.77280491981,67
"229",2020-10-15,6195,1400,298,107,86.7,86,4,24,52,5,8,49,41,0,412,56,2119,0.021710000038147,105,0.00952000021934509,2.11344829603708,2.39955710729844,81.7225757420334,1443.06439355083,86
"230",2020-10-16,6270,1420,299,77,89.9,75,2,10,59,4,8,47,39,1,416,61,3126,0.0214299988746643,280,0.0035699999332428,1.99617664308598,2.40475870262745,72.7722601696133,1461.25589247297,75
"231",2020-10-17,6317,1402,300,64,87.1,47,3,8,36,6,8,50,42,1,422,39,3037,0.0214000010490417,149,0,2.03991849296735,2.2701513563294,48.1579134391554,1443.62550363323,47
"232",2020-10-18,6374,1369,303,74,86.6,57,1,11,40,2,6,49,43,3,424,41,1144,0.0271000003814697,37,0.0540500020980835,2.79443272769098,2.34398196895651,53.6675397228625,1424.67955806339,57
"233",2020-10-19,6438,1349,304,69,77.4,64,1,6,57,3,6,48,42,1,427,58,1334,0.0374799990653992,27,0,3.67364575703472,2.65741551482114,67.1011583441784,1421.1286656258,64
"234",2020-10-20,6516,1353,306,46,78.4,78,3,14,57,4,5,46,41,2,431,60,1595,0.0250799989700317,48,0.0208299994468689,2.49558358677117,2.58571126281168,76.1793252137054,1402.14378356906,78
"235",2020-10-21,6604,1376,309,69,74.4,88,1,46,40,4,4,45,41,3,435,41,2258,0.0305599999427795,446,0.00897000014781952,2.69989274913919,2.54472832181807,88.6111242765104,1430.07090254825,88
"236",2020-10-22,6669,1361,309,88,72.3,65,1,24,36,1,3,44,41,0,436,37,2238,0.0268099999427795,87,0.0114900004863739,2.62367354469914,2.6176176430555,62.412895990446,1412.97166062154,65
"237",2020-10-23,6748,1363,310,92,69.6,79,1,13,64,2,3,37,34,1,438,65,2768,0.0245700001716614,65,0.0153799998760223,2.4359145946735,2.68043735042515,80.3044860660947,1411.32330012442,79
"238",2020-10-24,6813,1354,313,63,71.7,65,2,17,41,2,3,36,33,3,440,43,2358,0.0211999988555908,191,0,1.96114544140773,2.6691840573452,61.2273740327175,1392.64801023952,65
"239",2020-10-25,6883,1335,315,69,71.6,70,1,24,42,3,3,38,35,2,443,43,1751,0.0308400011062622,77,0,2.95409419787008,2.69199283879936,68.8488065352586,1392.39899359466,70
"240",2020-10-26,6956,1295,316,77,70.9,73,1,16,51,4,3,39,36,1,447,52,995,0.0392000007629395,121,0.0165299999713898,3.67420526484435,2.69207276848645,70.780772316179,1364.251925951,73
"241",2020-10-27,7034,1265,318,61,72,78,0,15,60,2,3,32,29,2,449,60,1354,0.0288000011444092,116,0,2.65273479928776,2.71452294170311,77.3165610897615,1313.84082964247,78
"242",2020-10-28,7146,1271,321,93,74.1,112,2,69,38,2,2,30,28,3,451,40,1900,0.0405299997329712,166,0.01807000041008,3.87253724882471,2.88204358451533,111.254520909689,1342.63740190536,112
"243",2020-10-29,7210,1255,322,65,77.6,64,0,18,42,9,2,38,36,1,460,42,2190,0.0292199993133545,96,0,2.79929127280168,2.90713183138712,61.7111814080532,1306.13173016921,64
"244",2020-10-30,7260,1224,324,122,74.3,50,1,9,36,4,2,41,39,2,464,37,2789,0.0358599996566772,105,0.0571400022506714,3.66320799166528,3.0824594595288,47.9727042238355,1289.25918837769,50
"245",2020-10-31,7299,1154,325,83,78.6,39,0,5,32,2,2,40,38,1,466,32,2352,0.0276399993896484,322,0,2.43116224997955,3.1496047178962,38.1323028340839,1194.83367095415,39
"246",2020-11-01,7349,1113,328,50,81.4,50,1,6,40,1,2,38,36,3,467,41,1714,0.0256699991226196,104,0,2.42015283257261,3.07332737999656,48.4441932860727,1152.2045640829,50
"247",2020-11-02,7413,1066,328,56,78.7,64,3,8,47,6,2,43,41,0,473,50,1030,0.0174800002574921,14,0.0714300012588501,1.82034677038705,2.80849045221695,59.3247160688923,1094.24294658878,64
"248",2020-11-03,7484,996,329,36,75.7,71,1,36,33,2,2,44,42,1,475,34,1456,0.0219799995422363,13,0,2.1785486271951,2.74074957048942,71.0780647543504,1027.58095574509,71
"249",2020-11-04,7549,919,333,53,72.1,65,5,1,51,1,1,41,40,4,476,56,1466,0.0272900009155273,295,0.0033899998664856,2.32863096551824,2.52019153001707,58.8979613652583,950.146901690579,65
"250",2020-11-05,7596,876,333,45,66.4,47,0,6,34,5,2,44,42,0,481,34,2536,0.0240499997138977,41,0,2.36673648717286,2.45839798921295,41.1711903777614,906.175375615264,47
"251",2020-11-06,7670,870,337,79,63.6,74,1,12,58,5,3,47,44,4,486,59,2342,0.0234800004959106,116,0.0258599996566772,2.35923194148076,2.27211569632945,73.0259154829614,899.873668986041,74
"252",2020-11-07,7705,836,342,75,57.4,35,3,4,25,3,4,47,43,5,489,28,2499,0.0276099991798401,142,0,2.61254782091709,2.2980279207491,33.0646845512266,867.788438743767,35
"253",2020-11-08,7742,774,342,47,56.3,37,1,5,29,1,4,48,44,0,490,30,1176,0.0204099988937378,92,0.0108700001239777,1.97178223268467,2.23397497790797,35.860951874825,796.212558370484,37
"254",2020-11-09,7813,744,346,31,55.9,71,3,24,42,7,4,47,43,4,497,45,711,0.0210999989509583,20,0.1,2.3258685710166,2.3061923779979,70.5233382827119,769.185859607504,71
"255",2020-11-10,7880,753,346,52,52.3,67,0,11,54,3,5,48,43,0,500,54,1374,0.0334800004959106,17,0,3.30708272332,2.46741153458718,67.5991867877522,789.244215762544,67
"256",2020-11-11,7936,751,349,77,54.6,56,0,6,48,2,5,47,42,3,502,48,2375,0.0261100006103516,241,0.0290499997138977,2.63808491516187,2.51161924167912,55.8430141957927,779.83549293834,56
"257",2020-11-12,7978,741,351,60,58,42,1,8,31,3,3,44,41,2,505,32,2318,0.0215700006484985,214,0.00467000007629395,2.0141643570121,2.4612517945133,40.9380879494056,762.722599078423,42
"258",2020-11-13,8017,717,353,79,60.1,39,1,7,27,0,3,36,33,2,505,28,2719,0.0217000007629395,200,0,2.02131901591067,2.41297851943186,35.8237426745304,738.093696344224,39
"259",2020-11-14,8038,693,353,50,60.1,21,3,2,14,3,3,37,34,0,508,17,1710,0.015789999961853,245,0.0163300001621246,1.58576726212221,2.26629558246116,19.3923620920268,708.994525280857,21
"260",2020-11-15,8068,650,355,30,56.6,30,1,1,25,0,2,35,33,2,508,26,984,0.0152400004863739,306,0.00653999984264374,1.31762794034426,2.17284496926967,27.4986143989547,662.465359973868,30
"261",2020-11-16,8112,612,358,11,54.1,44,0,3,39,3,2,33,31,3,511,39,735,0.0122399997711182,53,0,1.14167510555481,2.0036744742037,42.6480459647915,622.169336678267,44
"262",2020-11-17,8153,589,358,40,51.3,41,1,10,29,1,2,32,30,0,512,30,1828,0.020789999961853,38,0,2.03666237568421,1.82218585311287,40.8892809062101,606.459548458591,41
"263",2020-11-18,8195,582,358,66,49.6,42,3,6,31,1,2,32,30,0,513,34,2684,0.0204900002479553,20,0.05,2.07082694768905,1.74114900061676,41.0247581884537,599.541448990589,42
"264",2020-11-19,8215,563,359,53,48,20,2,1,17,0,2,30,28,1,513,19,2476,0.0121200001239777,187,0.0160399997234344,1.23952685900304,1.63048650090118,20.3427742704685,573.156942856514,20
"265",2020-11-20,8240,520,359,28,47,25,1,2,20,1,2,30,28,0,514,21,2643,0.00757000029087067,222,0.0225200009346008,0.872842966012306,1.46641849377284,23.2667805008543,526.605993354488,25
"266",2020-11-21,8269,488,360,27,39.7,29,4,4,19,2,2,31,29,1,516,23,1495,0.0187300002574921,71,0,1.7880811229215,1.49532047388702,27.5985683189013,500.700058244514,29
"267",2020-11-22,8296,475,363,26,36.4,27,3,4,19,3,4,31,27,3,519,22,1220,0.0147500002384186,36,0,1.4327229530948,1.51176261856567,26.4587579166831,484.905000473841,27
"268",2020-11-23,8336,457,365,20,35.9,40,2,9,26,1,3,27,24,2,520,28,922,0.0173500001430511,13,0,1.71087701945381,1.5930771776941,37.6972290869002,468.379774739764,40
"269",2020-11-24,8379,466,365,21,37.1,43,2,7,33,1,3,23,20,0,521,35,1403,0.00855000019073486,41,0.0975599956512451,1.10772923056108,1.46037244267651,42.5642873736501,473.513083317742,43
"270",2020-11-25,8434,474,366,38,34.4,55,4,10,39,2,2,23,21,1,523,43,2618,0.0122200000286102,72,0.0138900005817413,1.22646989281736,1.33975000626627,53.7675806529032,482.461237894793,55
"271",2020-11-26,8479,490,366,60,30.4,45,3,4,37,3,2,23,21,0,526,40,3059,0.0143799996376038,224,0.00446000009775162,1.37031553193196,1.35843410239897,44.7977728349932,499.772717228667,45
"272",2020-11-27,8527,503,367,56,31.4,48,2,3,42,3,1,24,23,1,529,44,3154,0.0177600002288818,336,0.00298000007867813,1.63370546556817,1.46712874519267,48.046225041958,514.960254456929,48
"273",2020-11-28,8571,505,368,60,35.4,44,2,3,39,2,1,25,24,1,531,41,2597,0.0119400000572205,191,0,1.1122015835223,1.3705745252785,44.6636911677908,513.174732676448,44
"274",2020-11-29,8616,517,370,22,40.1,45,0,4,38,5,1,28,27,2,536,38,898,0.0245000004768372,12,0,2.41769235474723,1.51128443980027,43.3371597833423,535.192410736525,45
"275",2020-11-30,8659,523,371,47,39.6,43,1,7,34,1,1,25,24,1,537,35,1135,0.0229099988937378,61,0,2.17415123280873,1.57746647027955,43.107532468434,539.549699456886,43
"276",2020-12-01,8713,544,371,34,43.4,54,2,12,39,3,1,27,26,0,540,41,1906,0.0141700005531311,113,0.0176999998092651,1.43675686145195,1.62447041754967,53.8573651155833,555.37577128969,54
"277",2020-12-02,8755,558,372,49,45.3,42,1,5,34,6,1,31,30,1,546,35,2859,0.0101400005817413,81,0.0123500001430511,1.0200888324757,1.59498740892943,40.5196425554971,566.284587027639,42
"278",2020-12-03,8793,557,373,38,46.9,38,0,5,32,3,1,33,32,1,549,32,3327,0.0102199995517731,202,0,0.963500666158943,1.53687099953329,37.4487460822258,564.810986493742,38
"279",2020-12-04,8836,561,375,55,43.7,43,1,5,33,2,1,31,30,2,551,34,2994,0.0110199999809265,165,0.0121200001239777,1.10774548791865,1.46173385986907,39.5481729222879,570.04485321775,43
"280",2020-12-05,8871,550,375,46,43.6,35,3,2,29,1,1,31,30,0,552,32,2277,0.0184500002861023,209,0,1.68988940673592,1.54426069175673,34.7870583563691,563.527565500093,35
"281",2020-12-06,8910,544,376,33,41.6,39,0,7,30,1,2,31,29,1,553,30,1397,0.0157500004768372,20,0,1.55276998349623,1.42070035300659,37.6779958792117,556.294325276372,39
"282",2020-12-07,8964,547,377,23,43.1,54,0,4,45,2,1,30,29,1,555,45,1068,0.0168499994277954,25,0.04,1.73795053878184,1.3583859681456,50.1382786723968,560.836409640023,54
"283",2020-12-08,9011,551,377,57,39.7,47,1,1,44,0,1,27,26,0,555,45,2367,0.01942999958992,69,0,1.88796424586784,1.4228441659193,47.2365308375377,566.140633144073,47
"284",2020-12-09,9064,562,377,36,43,53,2,3,46,1,3,24,21,0,556,48,2911,0.00962000012397766,167,0.00598999977111816,0.942305078709412,1.41173220109555,51.6583114996973,569.707730475622,53
"285",2020-12-10,9109,561,377,60,41.1,45,2,0,43,1,3,23,20,0,557,45,3091,0.0139100003242493,252,0.00397000014781952,1.3160709255012,1.46209938100158,45.8619666857203,571.745851348646,45
"286",2020-12-11,9148,544,377,48,44.3,39,6,2,30,1,2,23,21,0,558,36,3047,0.0118099999427795,32,0,1.16872587936503,1.47081086549392,38.6123698978416,553.253589567384,39
"287",2020-12-12,9181,533,378,59,43.3,33,2,5,26,0,2,20,18,1,558,28,2616,0.0156700003147125,24,0,1.55275457663969,1.45122017548018,33.6327898752163,545.04560726751,33
"288",2020-12-13,9220,530,379,30,45.1,39,5,2,32,0,2,19,17,1,558,37,1502,0.0119799995422363,47,0,1.16165005244925,1.39534589961632,39.625569711111,538.960863429427,39
"289",2020-12-14,9263,526,379,16,44.7,43,4,4,35,2,2,20,18,0,560,39,917,0.0174500000476837,20,0,1.70775347318313,1.39103203310222,43.9693675037411,539.074033511995,43
"290",2020-12-15,9309,534,380,54,43.7,46,1,7,37,1,1,20,19,1,561,38,2079,0.0134700000286102,49,0,1.31598355542672,1.30932050589635,45.7278346570444,544.227992285835,46
"291",2020-12-16,9364,552,380,53,43.3,55,3,4,47,0,1,18,17,0,561,50,2312,0.0168700003623962,94,0,1.62109064164007,1.4062898720293,55.1797119411787,565.024019830612,55
"292",2020-12-17,9401,547,381,61,45.7,37,1,5,29,1,0,17,17,1,562,30,3207,0.0134099996089935,83,0.0241000008583069,1.36796865706023,1.41370383368059,35.5973048952745,557.890859257171,37
"293",2020-12-18,9442,534,381,25,45.9,41,3,4,34,0,0,16,16,0,562,37,3298,0.00727999985218048,170,0.00587999999523163,0.72113724082124,1.34976259960291,41.3883455387109,539.604770747881,41
"294",2020-12-19,9481,531,381,46,42.6,39,1,6,29,3,0,19,19,0,565,30,2799,0.0117900002002716,140,0,1.12283805922287,1.28834595425765,36.4902719560955,539.677813622891,39
"295",2020-12-20,9525,525,381,24,40.7,44,5,2,34,0,0,16,16,0,565,39,1360,0.0161800003051758,51,0,1.55951810170369,1.34518424700828,41.8852250591356,536.916491180672,44
"296",2020-12-21,9600,547,381,22,39.9,75,7,8,60,1,0,15,15,0,566,67,1365,0.00658999979496002,32,0.03125,0.715486737302822,1.20343185616823,75.6977101853121,552.696230915907,75
"297",2020-12-22,9684,591,381,73,40.7,84,5,7,70,2,0,15,15,0,568,75,3021,0.0225099992752075,48,0,2.21579367254486,1.33197615861368,84.4187403722638,610.059674133439,84
"298",2020-12-23,9784,658,381,52,43.4,100,5,6,88,1,1,13,12,0,569,93,2652,0.0199800002574921,199,0.0150800001621246,1.96379799070964,1.38093435133791,101.658143559134,676.80708023559,100
"299",2020-12-24,9859,685,381,49,43.3,75,11,6,56,2,1,13,12,0,571,67,3469,0.01557000041008,144,0,1.49494413015686,1.39907370463743,74.4578016498461,699.904390002158,75
"300",2020-12-25,9925,717,381,47,41.6,66,6,3,56,0,1,10,9,0,571,62,2537,0.0295600008964539,161,0,2.77960423551903,1.69314041816568,67.5082644720551,746.00686494296,66
"301",2020-12-26,10018,760,381,95,44.7,93,5,5,82,2,2,12,10,0,573,87,951,0.0199800002574921,50,0,1.89819982466284,1.80390638465711,94.4035870417958,780.996852319136,93
"302",2020-12-27,10128,824,382,37,51.7,110,8,6,94,2,4,12,8,1,575,102,1480,0.0270300006866455,32,0.0625,2.77806885028012,1.97798506302517,112.124220238088,857.317230158674,110
"303",2020-12-28,10260,918,382,65,53.6,132,15,7,108,1,2,13,11,0,576,123,1188,0.04125,39,0.0256399989128113,4.07538385962507,2.45797036621406,137.295789665461,972.451503356853,132
"304",2020-12-29,10381,996,382,112,59.7,121,5,15,101,3,4,12,8,0,579,106,1880,0.0505299997329712,25,0.04,5.03918107600976,2.8613114238519,128.774357401882,1069.04962237995,121
"305",2020-12-30,10518,1087,382,88,65.3,137,12,10,115,3,5,13,8,0,582,127,2458,0.0573600006103516,62,0,5.59487625000969,3.3800368894662,147.341722459013,1175.51537254289,137
"306",2020-12-31,10643,1174,382,147,70.4,125,0,9,116,2,5,13,8,0,584,116,2652,0.0331800007820129,144,0,3.14711595400208,3.6160614357298,130.313362009476,1227.77488792349,125
"307",2021-01-01,10760,1229,383,87,84.4,117,0,5,111,2,6,13,7,1,586,111,2759,0.0391400003433228,134,0.0149300003051758,3.80186246070242,3.76209832504171,122.142116542441,1297.00595703297,117
"308",2021-01-02,10873,1290,383,134,90.1,113,2,8,101,2,6,15,9,0,588,103,2369,0.0295499992370605,431,0,2.50014100687844,3.84808992250108,114.748007061943,1336.94105931948,113
"309",2021-01-03,10996,1317,384,106,95.7,123,0,5,118,4,5,19,14,1,592,118,1516,0.0600299978256226,126,0.0238100004196167,5.72506313986088,4.26908910672691,132.832432201385,1426.73994245105,123
"310",2021-01-04,11171,1429,384,117,105.6,175,4,30,140,5,8,21,13,0,597,144,1386,0.0533900022506714,155,0.00644999980926514,4.86685873393035,4.38215694591337,184.200228602195,1530.22310189262,175
"311",2021-01-05,11312,1502,386,105,113,141,2,19,120,6,8,23,15,2,603,122,2417,0.0575099992752075,97,0.0103100001811981,5.56888378145397,4.45782876097683,150.888414383828,1623.74097052877,141
"312",2021-01-06,11495,1596,386,132,112,183,11,42,129,7,7,28,21,0,610,140,2627,0.0513899993896484,211,0.0142200005054474,4.86264793880394,4.35322471651887,191.908308849025,1708.95472087888,183
"313",2021-01-07,11613,1633,386,186,118.3,118,2,7,108,6,9,32,23,0,616,110,2311,0.048899998664856,91,0.0109899997711182,4.74637747267502,4.58169064775786,124.598950782678,1745.8098784374,118
"314",2021-01-08,11743,1662,386,185,123.9,130,6,13,110,0,11,30,19,0,616,116,2661,0.0368300008773804,249,0,3.36785678126149,4.51968983640915,134.68604479036,1743.46729691015,130
"315",2021-01-09,11841,1671,388,155,137.9,98,6,2,90,4,11,30,19,2,620,96,3020,0.0324499988555908,375,0.00266999989748001,2.91606027998348,4.57910687542416,102.074425702455,1741.92047238335,98
"316",2021-01-10,11933,1655,388,114,140.9,92,5,3,82,5,11,34,23,0,625,87,1824,0.0509899997711182,78,0,4.88989272252995,4.45979681580546,96.1918047989137,1772.78663151957,92
"317",2021-01-11,12097,1707,388,66,142,164,2,25,135,3,13,34,21,0,628,137,1608,0.0342000007629395,115,0,3.1917354165297,4.22049348474822,168.364233749213,1786.29742342997,164
"318",2021-01-12,12237,1735,389,161,134.7,140,1,22,115,4,13,35,22,1,632,116,2211,0.0705600023269653,74,0.0135099995136261,6.87124311198812,4.40654481768167,149.60090782886,1908.51357830234,140
"319",2021-01-13,12325,1723,393,172,142.7,88,0,9,75,3,11,35,24,4,635,75,2532,0.0375200009346008,173,0.0115600001811981,3.58597125315181,4.22416243401708,87.914413851455,1812.92713421409,88
"320",2021-01-14,12417,1711,393,128,148.4,92,2,14,75,9,10,41,31,0,644,77,2581,0.0337100005149841,146,0,3.19052113418313,4.00189724280395,94.5756172463169,1790.45300140842,92
"321",2021-01-15,12511,1681,395,145,140.1,94,6,7,79,5,11,41,30,2,649,85,2923,0.0372900009155273,206,0.00485000014305115,3.51542897748657,4.02297898512182,96.3490652787608,1767.00916157173,94
"322",2021-01-16,12573,1635,396,119,134.4,62,0,0,60,2,9,39,30,1,651,60,2470,0.0323900008201599,289,0,2.89972098679938,4.02064480038124,62.5322474040707,1704.00374176093,62
"323",2021-01-17,12653,1576,398,72,129.3,80,2,3,72,2,9,39,30,2,653,74,2036,0.026029999256134,32,0,2.56272139678379,3.68819175384607,79.7601442972671,1634.78361368234,80
"324",2021-01-18,12774,1597,399,63,123.3,121,2,45,72,7,10,43,33,1,660,74,1021,0.0391799998283386,48,0,3.74207481990025,3.7668116686133,123.030350894583,1683.9793294412,121
"325",2021-01-19,12848,1541,406,81,122.9,74,3,24,47,8,9,45,36,7,668,50,2337,0.0410799980163574,89,0,3.95729412053698,3.35053324126313,76.8798310278508,1629.75639227836,74
"326",2021-01-20,12909,1500,406,166,111.4,61,1,9,49,2,7,37,30,0,670,50,3065,0.0225099992752075,163,0.00612999975681305,2.16828803404187,3.14800706710457,60.5779224307199,1547.3376729216,61
"327",2021-01-21,12980,1467,408,81,110.6,71,1,9,60,3,7,37,30,2,673,61,2636,0.0242799997329712,117,0,2.32481217929939,3.02433435926403,72.064031778688,1516.63827244812,71
"328",2021-01-22,13061,1439,409,95,103.9,81,1,4,75,5,6,37,31,1,678,76,2311,0.0307200002670288,111,0.00901000022888184,2.97250332958338,2.94677355242072,83.2880212408874,1501.25608638996,81
"329",2021-01-23,13109,1372,409,84,96.7,48,1,4,40,4,9,39,30,0,682,41,2122,0.0329900002479553,276,0,2.91929860409346,2.9495703548913,46.7420517362912,1430.29499956565,48
"330",2021-01-24,13155,1291,410,44,91.7,46,2,9,35,3,8,38,30,1,685,37,1247,0.0224499988555908,36,0,2.18200690357925,2.8951825701478,47.1750504598491,1331.99973361257,46
"331",2021-01-25,13218,1232,410,29,87.7,63,1,18,43,4,7,39,32,0,689,44,825,0.0206100010871887,48,0,1.94768051511233,2.63884052660667,63.2472946755648,1266.92425091581,63
"332",2021-01-26,13281,1171,411,74,82.9,63,1,19,41,8,5,40,35,1,697,42,2354,0.024210000038147,79,0,2.34238964610761,2.40813988740247,62.431881580806,1210.92222216961,63
"333",2021-01-27,13359,1132,413,80,81.9,78,1,26,50,1,4,30,26,2,698,51,2800,0.0196399998664856,175,0.00570999979972839,1.88205880978528,2.36724999822296,78.3970181177846,1163.0083237124,78
"334",2021-01-28,13397,1071,413,66,69.6,38,1,3,33,3,5,30,25,0,701,34,2355,0.0212299990653992,209,0.0287100005149841,2.18397183723271,2.34712994935629,38.0807484546471,1105.04357632138,38
"335",2021-01-29,13427,970,413,73,67.4,30,1,2,27,3,4,31,27,0,704,28,2847,0.0122899997234344,180,0.00555999994277954,1.18898015204222,2.09234092399327,30.4845418673141,986.785914689094,30
"336",2021-01-30,13446,873,414,42,64.3,19,1,6,12,2,5,33,28,1,706,13,2155,0.0157799994945526,216,0,1.43424288953019,1.88019010762709,19.2713718093028,891.223660732408,19
"337",2021-01-31,13489,815,415,25,58.3,43,3,5,35,4,6,32,26,1,710,38,922,0.0195200002193451,24,0,1.90247782264653,1.84025738177955,44.0522086601087,837.567106789173,43
"338",2021-02-01,13529,724,415,26,55.6,40,6,7,25,4,5,29,24,0,714,31,548,0.0292000007629395,29,0,2.77324097367259,1.95819459014531,39.2512611899607,753.22300327521,40
"339",2021-02-02,13571,660,416,59,55.1,42,4,5,31,3,5,27,22,1,717,35,2439,0.0221399998664856,107,0.0280399990081787,2.23879574109322,1.94339546085754,41.1404629705769,681.505873159451,42
"340",2021-02-03,13634,645,416,54,53,63,5,21,36,2,4,26,22,0,719,41,2865,0.0129100000858307,212,0,1.20205233168362,1.84625167827158,62.7173083796862,656.284485485307,63
"341",2021-02-04,13716,647,416,51,49.3,82,3,43,33,2,5,25,20,0,721,36,2814,0.0127900004386902,90,0,1.23936161275738,1.71130736048939,79.6493804557535,658.67080985757,82
"342",2021-02-05,13774,647,417,72,47.1,58,1,8,48,2,5,21,16,1,723,49,2435,0.0160199999809265,149,0,1.50962461120573,1.75711371179847,58.0766231647356,661.215820154775,58
"343",2021-02-06,13799,616,417,61,47,25,2,3,19,3,6,21,15,0,726,21,2369,0.0143499994277954,205,0.0146300005912781,1.43722994427581,1.75754043390498,24.4392828255562,628.885629549648,25
"344",2021-02-07,13824,571,419,33,49.7,25,1,2,19,3,4,23,19,2,729,20,1004,0.0249000000953674,75,0,2.31692308579693,1.81674690006933,22.6744352871822,590.255127449051,25
"345",2021-02-08,13871,568,421,24,50.9,47,1,7,38,2,5,21,16,2,731,39,852,0.0140799999237061,29,0,1.36165266004513,1.61509142669397,46.7729112314848,579.256758448291,47
"346",2021-02-09,13926,586,421,43,50.6,55,5,8,39,0,2,19,17,0,731,44,2244,0.0178299999237061,149,0,1.67198160588368,1.5341179788069,53.0707370836642,600.26027115971,55
"347",2021-02-10,13983,602,422,40,48.3,57,0,6,50,3,4,20,16,1,734,50,2791,0.0125399994850159,100,0,1.21062395581734,1.53534249654029,56.8810041217126,612.60728962542,57
"348",2021-02-11,14043,628,423,51,46.3,60,1,11,46,1,3,16,13,1,735,47,2563,0.0152199995517731,58,0,1.48831968146488,1.57090793492707,59.0181054335214,641.603621537264,60
"349",2021-02-12,14094,630,425,52,46.3,51,1,7,41,3,2,16,14,2,738,42,2612,0.0157000005245209,173,0,1.47247401687787,1.56560070716595,49.9001100335661,643.501650503492,51
"350",2021-02-13,14126,628,425,46,43.4,32,0,3,28,6,2,21,19,0,744,28,2099,0.0219199991226196,46,0.0217400002479553,2.19161390068925,1.67336984379644,31.8931424885835,648.031910101088,32
"351",2021-02-14,14167,603,427,48,41.3,41,0,4,35,4,2,21,19,2,748,35,1175,0.0170200002193451,10,0,1.6876371525511,1.58347185333275,39.8596977584541,617.811364238509,41
"352",2021-02-15,14229,626,428,34,43.4,62,2,8,51,4,2,23,21,1,752,53,867,0.0265300011634827,26,0,2.57575711184093,1.75691534644644,62.986915737482,649.468099087995,62
"353",2021-02-16,14280,621,428,60,44.9,51,3,13,32,3,2,24,22,0,755,35,1561,0.0333100008964539,23,0,3.28263329541443,1.98700844495083,49.6722033415943,650.669665003716,51
"354",2021-02-17,14337,637,428,49,47.3,57,5,6,44,2,2,25,23,0,757,49,2063,0.0184200000762939,222,0,1.66303983183345,2.0516392843817,56.1860347224996,652.418451392495,57
"355",2021-02-18,14409,652,428,68,48.6,72,3,12,53,3,3,26,23,0,760,56,2348,0.0212899994850159,116,0,2.02877105482213,2.12884662343274,69.6535591676073,671.252153165713,72
"356",2021-02-19,14463,656,429,58,51,54,3,15,33,1,3,26,23,1,761,36,2576,0.0151400005817413,96,0,1.4596048465032,2.12700817052207,51.764779908209,669.935989438474,54
"357",2021-02-20,14512,635,429,66,51.9,49,0,3,45,4,3,26,23,0,765,45,2384,0.0255900001525879,68,0,2.48803264126303,2.16935370488975,49.6295483839039,657.994738306199,49
"358",2021-02-21,14554,625,429,53,54.7,42,0,7,33,2,4,24,20,0,767,33,1000,0.03,28,0,2.91828793774319,2.34516095991719,41.401653779304,651.546473092879,42
"359",2021-02-22,14619,640,429,32,55.4,65,0,11,54,1,6,23,17,0,768,54,863,0.0150600004196167,66,0,1.39900757396439,2.17705388307769,66.0995437085901,653.031629138845,65
"360",2021-02-23,14674,646,429,47,55.1,55,0,7,47,4,6,26,20,0,772,47,2036,0.019650000333786,84,0,1.88714154149001,1.97769791823134,55.2909249814689,663.743351872956,55
"361",2021-02-24,14720,653,430,60,53.3,46,2,10,34,1,6,24,18,1,773,36,2874,0.0187899994850159,41,0,1.85257147581255,2.00477386737122,46.9706801444355,670.607059286566,46
"362",2021-02-25,14753,649,430,43,54.9,33,1,5,25,1,6,23,17,0,774,26,2376,0.0185199999809265,128,0.00781000018119812,1.79725239528254,1.97169977315127,31.6801130238704,665.976667403535,33
"363",2021-02-26,14818,652,430,57,51.3,65,5,12,43,1,6,21,15,0,775,48,2639,0.0181900000572205,181,0,1.70224858691507,2.00636316463868,61.1892218830492,668.153597244752,65
"364",2021-02-27,14864,657,431,71,51.1,46,0,4,34,3,6,23,17,1,778,34,2535,0.0209100008010864,47,0.0212800002098083,2.09167358794016,1.94974044273542,39.0350742437488,677.001287592441,46
"365",2021-02-28,14929,668,431,49,51.9,65,2,8,54,7,6,28,22,0,785,56,1552,0.0257699990272522,94,0,2.42983222905804,1.87996105578039,65.9804459199852,691.623890616966,65
"366",2021-03-01,15006,682,431,54,51.3,77,4,7,64,3,6,29,23,0,788,68,996,0.0291199994087219,45,0,2.78612098089212,2.07812011391293,77.7574494260642,709.65559571435,77
"367",2021-03-02,15069,691,432,61,54.4,63,1,6,54,3,4,29,25,1,791,55,2006,0.0259200000762939,41,0,2.54008403287961,2.17139761268287,63.0333373884443,716.546111553,63
"368",2021-03-03,15128,701,432,65,56.4,59,0,5,51,6,5,32,27,0,797,51,2676,0.0209299993515015,109,0,2.01108360016582,2.19404220187619,57.4927908794368,721.518556989906,59
"369",2021-03-04,15185,697,432,61,57.1,57,3,3,50,1,5,31,26,0,798,53,2414,0.0202999997138977,225,0.00444000005722046,1.89477829944008,2.2079744738987,57.4616148412791,716.221614044746,57
"370",2021-03-05,15258,702,432,51,59.7,73,1,11,56,1,2,28,26,0,799,57,2440,0.0188499999046326,154,0,1.77309174122219,2.218094924514,69.4709731144349,720.11619519883,73
"371",2021-03-06,15314,715,434,46,58.9,56,3,3,47,1,2,27,25,2,800,50,1957,0.0209500002861023,25,0,2.06857470029779,2.21479508342224,54.5053583140129,736.526623890384,56
"372",2021-03-07,15354,706,435,54,55.3,40,1,0,38,2,5,26,21,1,802,39,1752,0.0194099998474121,16,0.0625,1.97999545999242,2.15053268784143,40.1238994893649,726.345462551066,40
"373",2021-03-08,15437,747,436,38,56,83,1,9,65,6,4,29,25,1,808,66,1170,0.0205100011825562,142,0,1.8290168737493,2.01380352967817,76.7569537127197,766.885521566691,83
"374",2021-03-09,15494,753,436,70,53.7,57,0,8,47,1,3,27,24,0,809,47,2105,0.0318300008773804,57,0,3.09908195406502,2.0936603755618,57.1199693961288,786.964616069893,57
"375",2021-03-10,15574,776,436,76,55,80,5,8,64,0,2,24,22,0,809,69,2655,0.0180799996852875,173,0,1.69739742448509,2.04884806475027,78.7046346105729,795.170963156588,80
"376",2021-03-11,15635,773,439,73,56.6,61,1,7,52,1,2,20,18,3,810,53,2321,0.0280100011825562,86,0,2.70092283941475,2.16401157046094,62.0834674475662,803.387176169221,61
"377",2021-03-12,15717,778,439,93,58.3,82,5,4,67,2,2,17,15,0,812,72,2361,0.0228699994087219,133,0,2.16503883736938,2.22000401276768,78.2688033782279,802.515680948074,82
"378",2021-03-13,15785,796,439,56,64.3,68,5,3,54,5,4,22,18,0,817,59,2353,0.0187000000476837,99,0,1.79449837325448,2.18085025176149,63.5409684713931,816.790015308964,68
"379",2021-03-14,15853,821,439,65,65.7,68,2,10,51,2,3,23,20,0,819,53,1535,0.0299699997901917,36,0,2.92832270387933,2.31632557231676,65.2588816461057,855.99135531043,68
"380",2021-03-15,15960,868,440,58,67.3,107,4,3,97,4,5,25,20,1,823,101,1000,0.0320000004768372,13,0,3.1589339068941,2.50631371990888,108.64366183505,907.907905671522,107
"381",2021-03-16,16047,887,441,85,70.1,87,7,4,73,5,6,27,21,1,828,80,1583,0.0341100001335144,9,0,3.39171672181867,2.54811868673083,87.9491918490398,930.786664626229,87
"382",2021-03-17,16135,915,442,78,72.3,88,3,5,76,3,5,27,22,1,831,79,2842,0.0267400002479553,175,0,2.51889561500461,2.66547557109076,86.896249248286,948.545165344072,88
"383",2021-03-18,16228,953,443,63,72.6,93,6,3,80,2,5,24,19,1,833,86,2566,0.0284500002861023,161,0,2.67703339692477,2.66206279359219,92.3508185642209,990.131745252355,93
"384",2021-03-19,16353,1000,445,117,71.1,125,8,5,104,2,4,24,20,2,835,112,2615,0.0382399988174438,97,0,3.68722702461709,2.87951824891329,123.010582648163,1053.66591650146,125
"385",2021-03-20,16456,1054,446,83,74.6,103,6,5,87,4,4,27,23,1,839,93,1997,0.0435699987411499,151,0.00662000000476837,4.09724895189927,3.20848261729112,103.545924765776,1116.85381401213,103
"386",2021-03-21,16541,1082,447,87,78.4,85,5,1,77,4,4,29,25,1,843,82,1306,0.0421099996566772,87,0,3.94800140356213,3.35415100296009,87.7118322807483,1144.17320155817,85
"387",2021-03-22,16690,1158,448,56,81.6,149,6,7,133,4,7,30,23,1,847,139,1150,0.0547800016403198,131,0,4.91779874210521,3.60541740799025,155.949109808397,1240.88538962679,149
"388",2021-03-23,16814,1197,449,108,81.3,124,2,0,120,5,9,31,22,1,852,122,1966,0.0350999999046326,153,0,3.25656440832976,3.58610993463469,127.782533735833,1253.73518755567,124
"389",2021-03-24,16967,1287,449,84,84.6,153,7,2,137,4,9,33,24,0,856,144,3106,0.0457200002670288,47,0,4.50384779033909,3.86967453111105,155.439410421073,1371.36473063834,153
"390",2021-03-25,17116,1369,450,123,85.4,149,7,4,132,8,10,40,30,1,864,139,3005,0.0379399991035461,282,0,3.4685031124477,3.98274163332861,150.017065997649,1438.11052770347,149
"391",2021-03-26,17265,1453,451,103,94,149,10,2,130,4,11,42,31,1,868,140,2390,0.0673600006103516,117,0,6.42163547900839,4.37337141252737,155.084958739069,1588.80317891334,149
"392",2021-03-27,17381,1507,452,138,92,116,7,3,100,5,13,44,31,1,873,107,2476,0.0626000022888184,117,0,5.97753974805686,4.64198438340702,119.309040564684,1638.10957131756,116
"393",2021-03-28,17518,1566,453,139,99.9,137,3,5,124,5,13,45,32,1,878,127,2480,0.0826599979400635,157,0,7.77386404593695,5.18853618946057,146.369423165891,1743.18517069122,137
"394",2021-03-29,17727,1714,453,111,107.3,209,7,1,189,4,12,47,35,0,882,196,1644,0.0839400005340576,40,0,8.19461762933437,5.65665317335045,220.376712595712,1918.42696627066,209
"395",2021-03-30,17936,1844,454,170,115.1,209,9,6,186,6,12,48,36,1,888,195,1968,0.0406500005722046,64,0,3.93696855935525,5.75385376635409,212.173654290909,1949.66265903813,209
"396",2021-03-31,18144,1948,455,163,124,208,7,5,191,8,14,54,40,1,896,198,3023,0.0793900012969971,224,0,7.3913142568778,6.16634897585962,224.300290683835,2157.56043561672,208
"397",2021-04-01,18381,2083,456,144,135.3,237,12,4,203,3,15,52,37,1,899,215,2634,0.0721299982070923,100,0.01,6.98575037591372,6.66881287064048,240.860001888204,2294.78783224712,237
"398",2021-04-02,18579,2177,457,242,138.3,198,15,7,162,6,15,56,41,1,905,177,3130,0.0939299964904785,99,0,9.10501359601108,7.05215260164086,207.455923547503,2465.49460770007,198
"399",2021-04-03,18830,2356,457,223,158.1,251,16,3,223,12,14,61,47,0,917,239,2885,0.101909999847412,36,0,10.0654005326869,7.63613271373086,277.012863835982,2701.14772886014,251
"400",2021-04-04,19060,2515,458,152,170.3,230,9,2,215,12,16,64,48,1,929,224,1818,0.0929599952697754,139,0,8.63573180380438,7.7592566791405,254.154371503354,2831.10823362024,230
"401",2021-04-05,19345,2660,459,184,172.1,285,8,4,269,5,18,67,49,1,934,277,2045,0.105620002746582,162,0,9.7867197832696,7.98669984398839,320.456230779378,3038.89376849511,285
"402",2021-04-06,19619,2797,460,156,182.6,274,7,6,245,10,20,70,50,1,944,252,1749,0.128640003204346,83,0,12.2811880788429,9.17873120391519,303.044274413689,3296.95569656781,274
"403",2021-04-07,19927,2938,461,219,180.6,308,3,6,290,12,24,76,52,1,956,293,3364,0.098100004196167,44,0,9.68334548462165,9.50616423645002,340.294453197908,3352.07202558175,308
"404",2021-04-08,20222,3109,462,170,188.6,295,23,5,255,10,30,83,53,1,966,278,3366,0.0858600044250488,194,0.0103100001811981,8.1742953631985,9.67595637749071,316.074538605425,3478.88755584268,295
"405",2021-04-09,20519,3262,464,261,192.3,297,13,2,276,14,31,88,57,2,980,289,3418,0.110299997329712,158,0,10.542656344322,9.8813339129637,335.345194631596,3762.53295809088,297
"406",2021-04-10,20806,3426,467,381,195,287,12,2,262,14,27,92,65,3,994,274,3187,0.0875399971008301,97,0,8.49543150914572,9.65705262388639,309.879319472799,3849.61514056135,287
"407",2021-04-11,21075,3564,467,205,217.6,269,7,5,249,13,29,100,71,0,1007,256,2714,0.145909996032715,29,0,14.4367382148301,10.4857678254615,314.790764793973,4312.86830361609,269
"408",2021-04-12,21390,3658,468,265,225.1,315,16,4,291,16,27,101,74,1,1023,307,2125,0.0804699993133545,107,0,7.66123425362358,10.1821270355121,345.232277152313,4065.88817531974,315
"409",2021-04-13,21626,3684,470,245,236.7,236,10,0,219,12,28,105,77,2,1035,229,2670,0.0767799997329712,178,0,7.19812497496605,9.45597516352965,252.991286521403,4069.95589320895,236
"410",2021-04-14,21899,3755,472,389,249.4,273,10,11,248,12,28,101,73,2,1047,258,3971,0.171490001678467,97,0.0103100001811981,16.7646722390061,10.4675932712989,331.952567225427,4671.22825554837,273
"411",2021-04-15,22121,3758,472,312,273.7,222,15,3,202,19,29,107,78,0,1066,217,3902,0.130959997177124,98,0.0101999998092651,12.8001377241611,11.1284278942935,260.427142822099,4458.11614159193,222
"412",2021-04-16,22357,3797,474,348,294,236,1,10,219,20,24,114,90,2,1086,220,2970,0.120539999008179,244,0.00409999996423721,11.1700123536268,11.2180501813371,265.766381669295,4414.29523271961,236
"413",2021-04-17,22538,3744,477,405,306.4,181,5,7,167,16,23,123,100,3,1102,172,2935,0.101870002746582,121,0.00825999975204468,9.81635857431988,11.4067540477905,203.574095027477,4278.91518478416,181
"414",2021-04-18,22700,3685,477,294,309.9,162,5,8,146,11,22,122,100,0,1113,151,1949,0.0646500015258789,188,0.0159599995613098,6.03665572725616,10.2067422638514,172.266978590322,4008.76699407508,162
"415",2021-04-19,22927,3625,478,258,322.6,227,5,4,218,22,22,116,94,1,1135,223,2084,0.112279996871948,88,0.0340899991989136,10.9112077997534,10.6710241990128,262.414112476638,4200.67783734445,227
"416",2021-04-20,23116,3513,479,188,321.6,189,8,2,179,17,27,119,92,1,1152,187,2775,0.100539999008179,221,0,9.3123663967856,10.9730586878442,214.345469119474,3989.14242254926,189
"417",2021-04-21,23311,3414,480,207,313.4,195,3,2,185,12,25,111,86,1,1164,188,2521,0.136850004196167,236,0.0211899995803833,12.6949474239937,10.3916694285567,224.736609645355,4044.80204962363,195
"418",2021-04-22,23487,3306,483,239,287.4,176,7,4,161,14,22,107,85,3,1178,168,2358,0.163269996643066,213,0.00939000010490417,15.0521478843522,10.7133851657268,208.804966830325,4030.26916869675,176
"419",2021-04-23,23695,3230,486,189,277,208,5,8,186,21,29,113,84,3,1199,191,2507,0.0805700016021729,86,0.0116299998760223,7.82835225630488,10.2360051518237,220.762180056631,3598.02011299957,208
"420",2021-04-24,23851,3109,487,227,254.3,156,2,2,150,17,31,119,88,1,1216,152,2464,0.0852299976348877,214,0.00467000007629395,7.87924175461875,9.95927417758067,171.43117593406,3465.53635512495,156
"421",2021-04-25,24000,2979,492,139,228.9,149,2,6,137,20,30,125,95,5,1236,139,1621,0.135719995498657,93,0.0215100002288818,12.9523070434428,10.9472243656073,171.203578431135,3540.58604421835,149
"422",2021-04-26,24163,2843,497,173,206.7,163,4,7,148,12,31,124,93,5,1248,152,1304,0.115030002593994,31,0,11.2358893919527,10.9936074502072,183.857057425856,3307.92509382704,163
"423",2021-04-27,24323,2750,498,189,194.6,160,3,5,148,10,31,121,90,1,1258,151,2425,0.0610300016403198,332,0.00903999984264374,5.47693267774876,10.4456883474877,168.036854818182,2969.21424337748,160
"424",2021-04-28,24489,2647,500,186,194.7,166,2,7,155,12,27,116,89,2,1270,157,2408,0.0689400005340576,38,0,6.78689784489005,9.60168126475858,179.508494385273,2908.47123973133,166
"425",2021-04-29,24615,2550,500,159,191.7,126,2,7,113,12,29,113,84,0,1282,115,2728,0.0652500009536743,111,0.00901000022888184,6.30511139933178,8.35210462404138,132.55332412608,2784.00849149134,126
"426",2021-04-30,24768,2459,503,178,180.3,153,4,3,139,13,27,109,82,3,1295,143,2122,0.0669199991226196,179,0,6.17141408684045,8.11539917126075,158.844564897764,2679.87262296224,153
"427",2021-05-01,24892,2404,507,138,178.7,124,3,5,113,7,29,110,81,4,1302,116,2051,0.089709997177124,70,0.0285700011253357,8.76921755252498,8.24253857096164,135.805310029065,2710.82728715407,124
"428",2021-05-02,24989,2343,507,128,166,97,0,4,91,8,27,108,81,0,1310,91,1279,0.0695900011062622,21,0,6.84658549345456,7.37029263524904,104.068054055052,2576.47747968117,97
"429",2021-05-03,25096,2226,510,102,164.4,107,4,3,100,10,22,98,76,3,1320,104,976,0.174179992675781,140,0.0071399998664856,15.3225154868163,7.9540963630867,130.193275175805,2722.42529366674,107
"430",2021-05-04,25201,2131,511,141,154.3,105,1,2,99,8,23,94,71,1,1328,100,2386,0.0389800000190735,57,0.0175399994850159,3.84797625935961,7.72138830331683,107.600554868352,2250.34782424458,105
"431",2021-05-05,25283,2016,512,114,147.4,82,1,2,75,8,23,88,65,1,1336,76,1904,0.0777299976348877,65,0.0307699990272522,7.61797691384447,7.84011388459603,86.4265910339017,2239.52641479402,82
"432",2021-05-06,25389,1946,514,122,137.1,106,3,6,92,12,22,88,66,2,1348,95,2133,0.0534499979019165,246,0,4.79230119902429,7.62399814169496,107.626228126602,2081.7330519407,106
"433",2021-05-07,25501,1848,517,108,131.9,112,4,4,103,19,23,95,72,3,1367,107,2302,0.0469199991226196,82,0.0122000002861023,4.57257709747193,7.39559285749945,118.121041010116,1970.98769894107,112
"434",2021-05-08,25590,1773,521,136,121.9,89,1,3,85,4,21,86,65,4,1371,86,1901,0.0489200019836426,86,0.0116299998760223,4.73060411475805,6.81864808067561,94.9212545147626,1895.07423551947,89
"435",2021-05-09,25673,1711,524,69,121.6,83,0,5,78,4,22,83,61,3,1375,78,1173,0.172210006713867,123,0.00813000023365021,15.6637598691439,8.0782444200598,100.782355640888,2101.07192950717,83
"436",2021-05-10,25766,1645,524,82,113.1,93,3,2,87,9,22,85,63,0,1384,90,715,0.104899997711182,14,0,10.2885457288745,7.35910588321097,105.477060378675,1891.33071469912,93
"437",2021-05-11,25898,1614,526,124,110.3,132,1,6,123,5,21,79,58,2,1389,124,1899,0.0458099985122681,86,0.0232599997520447,4.48330212360065,7.44986672095969,138.091301121519,1719.31741943654,132
"438",2021-05-12,25995,1554,527,115,107.9,97,3,3,90,8,22,80,58,1,1397,93,2118,0.0495800018310547,174,0.00574999988079071,4.62525933060347,7.02233563763954,102.26062525633,1658.61302847673,97
"439",2021-05-13,26088,1526,527,78,108,93,1,1,90,7,20,77,57,0,1404,91,1684,0.0795699977874756,54,0.0185199999809265,7.76731624125886,7.44733778653019,102.287528521444,1698.51393982113,93
"440",2021-05-14,26171,1447,527,128,101.7,83,2,4,75,7,21,70,49,0,1411,77,1738,0.0471799993515015,105,0,4.44920449663102,7.42971312926721,85.9862237739471,1540.70215325846,83
"441",2021-05-15,26245,1399,528,85,104.6,74,2,8,63,7,19,64,45,1,1418,65,1779,0.0522800016403198,61,0,5.05468059337657,7.47600976906985,77.7819578820483,1501.92244733824,74
"442",2021-05-16,26314,1371,529,46,97.3,69,2,3,63,7,19,67,48,1,1425,65,805,0.0409899997711182,20,0,3.99963028069699,5.80970554214887,71.7838322704544,1450.80975450451,69
"443",2021-05-17,26388,1336,531,87,94,74,7,5,59,10,19,71,52,2,1435,66,774,0.229969997406006,19,0,22.4459997468157,7.54648468756904,92.5616286305945,1772.45963409809,74
"444",2021-05-18,26467,1304,532,97,94.7,79,1,6,71,5,16,64,48,1,1440,72,1920,0.0265599989891052,56,0,2.58072864671468,7.27468847658533,80.7044160921705,1352.97998033598,79
"445",2021-05-19,26538,1290,536,91,90.9,71,2,5,64,4,14,57,43,4,1444,66,2042,0.0665999984741211,122,0.0163900005817413,6.37693054321293,7.52492722124382,77.1256798416991,1409.72919690594,71
"446",2021-05-20,26598,1245,539,73,87.4,60,5,8,45,11,15,63,48,3,1455,50,1487,0.0511100006103516,65,0.0307699990272522,5.02581319873481,7.13328392945467,61.6574215484227,1336.06979655572,60
"447",2021-05-21,26679,1209,540,77,86.7,81,4,11,63,4,13,59,46,1,1459,67,1682,0.0416200017929077,190,0,3.73957494741831,7.03190827956714,81.646663723478,1274.80323047291,81
"448",2021-05-22,26738,1177,544,77,79.4,59,0,13,46,8,15,58,43,4,1467,46,1380,0.0623199987411499,101,0.00990000009536743,5.87451034925179,7.14902681612074,62.933038315817,1277.63448038514,59
"449",2021-05-23,26793,1153,545,39,78.3,55,0,4,51,5,12,59,47,1,1472,51,826,0.0375300002098083,14,0.0714300012588501,3.80950002272923,7.12186535069678,57.8277227702894,1216.92871282635,55
"450",2021-05-24,26844,1107,547,65,77.3,51,2,11,38,5,11,57,46,2,1477,40,733,0.0832199954986572,30,0,7.99479117962198,5.05740698395482,55.6544223399071,1235.81113825693,51
"451",2021-05-25,26904,1041,548,56,74.1,60,1,12,46,3,11,54,43,1,1480,47,1035,0.0647300004959106,19,0.0526300001144409,6.45118790469088,5.61032973509427,63.4130233176576,1138.74377178046,60
"452",2021-05-26,26960,1000,551,76,68.3,56,1,11,44,1,8,47,39,3,1481,45,1371,0.0320900011062622,61,0.0491800022125244,3.28179969634424,5.1681681855416,58.1494297553746,1047.76510567499,56
"453",2021-05-27,27007,954,551,62,66.1,47,0,8,38,3,9,42,33,0,1484,38,1368,0.0548199987411499,113,0.00884999990463257,5.13124971418748,5.18323054489199,48.8379544414018,1025.24759308151,47
"454",2021-05-28,27042,904,554,65,64.6,35,0,1,30,1,7,34,27,3,1485,30,1589,0.0346099996566772,197,0.0152300000190735,3.24723401221823,5.11289612557769,32.4178605347347,946.724864113339,35
"455",2021-05-29,27077,865,556,45,62.9,35,0,3,31,5,9,36,27,2,1490,31,1074,0.024210000038147,104,0.00962000012397766,2.29219185516668,4.60113634070839,35.0342161880422,893.857967827628,35
"456",2021-05-30,27104,816,558,46,58.3,27,0,3,22,5,8,36,28,2,1495,22,718,0.0905300045013428,34,0,8.6436892595697,5.29173480311417,27.7677094644231,918.656860134965,27
"457",2021-05-31,27152,784,561,40,59.3,48,1,2,41,5,6,35,29,3,1500,42,783,0.0855700016021729,27,0.037039999961853,8.39523348808289,5.34894084718001,49.1319302141413,879.796030663972,48
"458",2021-06-01,27194,748,562,38,55.7,42,1,5,36,2,5,31,26,1,1502,37,1565,0.0172500002384186,27,0.037039999961853,1.75856346558387,4.67856592730758,42.9470184560454,767.145129868161,42
"459",2021-06-02,27225,709,562,48,53.1,31,0,0,30,1,6,30,24,0,1503,30,1688,0.042649998664856,43,0.0232599997520447,4.21683291366926,4.81214210121116,31.8412226982612,752.514229768906,31
"460",2021-06-03,27270,697,562,48,49.1,45,2,4,39,2,5,29,24,0,1505,41,1176,0.0136099994182587,186,0,1.17513651364701,4.24698307256252,45.7012467313578,708.921194433083,45
"461",2021-06-04,27300,649,564,43,47.1,30,0,0,27,3,6,29,23,2,1508,27,1195,0.0476999998092651,68,0.0147099995613098,4.59238161062873,4.43914701519259,28.8046808328216,692.379180018564,30
"462",2021-06-05,27319,617,567,39,44,19,1,0,18,2,4,30,26,3,1510,19,999,0.0160199999809265,90,0.0222199988365173,1.65323965805621,4.34786812989109,19.4571809102673,631.846348507102,19
"463",2021-06-06,27336,568,567,21,43.1,17,0,1,16,3,4,29,25,0,1513,16,608,0.106909999847412,22,0,10.3176634773375,4.58700730385793,19.402702574995,653.295941412324,17
"464",2021-06-07,27363,535,568,17,39.6,27,1,3,23,1,4,27,23,1,1514,24,843,0.00949000000953674,30,0.0666699981689453,1.14549483998944,3.55133035413029,27.4001317848365,543.919604370313,27
"465",2021-06-08,27396,507,569,28,36.3,33,0,2,30,1,3,26,23,1,1515,30,1771,0.0299300003051758,100,0,2.83303209729911,3.70482587294676,33.2370049061087,527.905382913237,33
"466",2021-06-09,27423,481,570,33,34.9,27,1,0,24,2,4,24,20,1,1517,25,1194,0.0594600009918213,26,0,5.81928206428153,3.93374718017708,27.117425258027,521.739261964439,27
"467",2021-06-10,27452,468,570,20,32.7,29,0,0,28,2,5,21,16,0,1519,28,1216,0.0304299998283386,136,0,2.73689939284465,4.1568561629196,29.1153612111875,486.642465958419,29
"468",2021-06-11,27474,458,570,36,28.7,22,0,1,20,1,4,16,12,0,1520,20,1055,0.017059999704361,96,0,1.56370979045186,3.72418876003719,21.4551817313479,468.423661647867,22
"469",2021-06-12,27492,435,570,29,27.7,18,0,0,18,2,6,17,11,0,1522,18,880,0.011360000371933,44,0,1.08190479732695,3.64256949421873,18.2834394026482,441.849785563998,18
"470",2021-06-13,27513,428,571,18,26.3,21,0,1,18,2,5,16,11,1,1524,18,583,0.132080001831055,17,0,12.8337735112508,4.00201378477777,22.3622155172418,507.946013409973,21
"471",2021-06-14,27532,391,574,22,25.9,19,2,1,16,2,4,15,11,3,1526,18,655,0.0564900016784668,29,0,5.40949577476546,4.61115677546006,20.4171896222437,421.784507905405,19
"472",2021-06-15,27559,377,574,22,26.6,27,1,0,24,0,4,15,11,0,1526,25,1518,0.0144900000095367,36,0,1.41543243336401,4.40864253775504,25.5150244226571,384.766568293669,27
"473",2021-06-16,27576,356,574,24,25.7,17,0,0,17,1,4,13,9,0,1527,17,1251,0.0223799991607666,42,0,2.16530386311825,3.88664565187458,17.5357552611282,367.219345468331,17
"474",2021-06-17,27587,314,574,12,24.4,11,0,0,11,0,5,12,7,0,1527,11,1101,0.0208899998664856,123,0.0243899989128113,2.12417154569252,3.79911310228141,11.3400798845564,323.707734886428,11
"475",2021-06-18,27601,284,574,26,23.3,14,1,0,13,1,4,13,9,0,1528,14,864,0.0196800005435944,63,0,1.83425247784958,3.83776205762395,14.373753976976,291.581866390085,14
"476",2021-06-19,27610,251,574,18,21.9,9,0,0,9,0,3,11,8,0,1528,9,926,0.0194400000572205,37,0,1.86930841671715,3.9502482889654,9.24486242334288,257.828940917674,9
"477",2021-06-20,27622,238,574,7,20.3,12,0,0,10,0,3,11,8,0,1528,10,562,0.0266899991035461,15,0,2.59961516398491,2.48822566792741,10.3783621930381,247.005020194306,12
"478",2021-06-21,27633,228,575,13,18.7,11,0,0,11,2,2,10,8,1,1530,11,520,0.0230800008773804,7,0,2.27734354008308,2.04077534868707,11.3646027223071,235.557220062364,11
"479",2021-06-22,27644,205,575,13,17.4,11,0,0,10,0,2,7,5,0,1530,10,1297,0.0115699994564056,65,0,1.10178335498958,1.99596833749072,10.1603595686862,208.287371158067,11
"480",2021-06-23,27655,192,575,18,16.1,11,0,0,10,0,1,5,4,0,1530,10,1105,0.00814000010490417,18,0,0.800952815308914,1.80106104494653,10.1165750484605,194.238240930442,11
"481",2021-06-24,27661,180,575,8,15.3,6,1,0,5,1,0,5,5,0,1531,6,904,0.00995999991893768,51,0,0.942810463530855,1.63229517606629,6.0823330713429,182.469992140287,6
"482",2021-06-25,27665,159,575,7,14.7,4,0,0,4,2,0,7,7,0,1533,4,1024,0.00194999992847443,64,0,0.183529405032888,1.39647759423534,4.01068474890241,159.424718768871,4
"483",2021-06-26,27669,144,575,9,12,4,0,0,4,1,0,7,7,0,1534,4,764,0.00523999989032745,19,0,0.511284791342295,1.20247421918179,4.02976607270174,145.071578617263,4
"484",2021-06-27,27674,130,575,8,10.7,5,0,0,5,0,0,6,6,0,1534,5,398,0.0200999999046326,13,0,1.94642334842914,1.10916110267382,5.1416465438606,133.682810140376,5
"485",2021-06-28,27683,122,575,1,10.9,9,0,0,9,0,0,5,5,0,1534,9,555,0.00180000007152557,5,0,0.178392864231552,0.809311006123604,9.02336784484153,122.316764118963,9
"486",2021-06-29,27686,116,575,8,9.1,3,0,0,3,0,0,4,4,0,1534,3,929,0.00646000027656555,14,0,0.636409359165365,0.742829006720145,3.02778794847865,117.074467341174,3
"487",2021-06-30,27688,101,575,8,8.4,2,0,1,1,0,0,3,3,0,1534,1,1221,0.000820000022649765,51,0,0.0787122663251072,0.639651785436743,2.00114562132574,101.1157077539,2
"488",2021-07-01,27691,97,575,7,7,3,0,0,3,0,0,2,2,0,1534,3,884,0.00225999996066093,74,0,0.208542793864746,0.534756404055871,3.00910573725551,97.2944188379281,3
"489",2021-07-02,27695,86,575,6,6.9,4,0,0,4,2,0,3,3,0,1536,4,785,0.0140100002288818,29,0,1.35108724565998,0.701550381288312,4.07865784756695,87.6911437226895,4
"490",2021-07-03,27701,80,575,6,6.7,6,0,0,6,0,0,2,2,0,1536,6,627,0.00158999994397163,16,0,0.155043540415274,0.650658774013023,6.01353953033833,80.1805270711777,6
"491",2021-07-04,27703,75,576,2,6.3,2,0,0,2,1,0,3,3,1,1537,2,437,0.00685999989509583,34,0,0.636479820415473,0.463523984296785,2.01852735004882,75.6947756268308,2
"492",2021-07-05,27709,74,576,2,5.4,6,0,0,6,0,0,3,3,0,1537,6,505,0.00197999998927116,27,0,0.187951126801116,0.464889450378151,6.01641326027921,74.2024302101103,6
"493",2021-07-06,27714,70,576,12,5.6,5,0,2,3,0,0,3,3,0,1537,3,1174,0.00596000015735626,28,0,0.582116487914829,0.457133325913789,5.02541732415118,70.5930708968608,5
"494",2021-07-07,27720,69,576,6,6.1,6,0,0,6,0,0,3,3,0,1537,6,1218,0.0320199990272522,23,0,3.14265582717109,0.894839548891786,6.27443957872048,72.1560551552855,6
"495",2021-07-08,27722,60,577,5,5.9,2,0,0,2,1,0,4,4,1,1538,2,933,0.00321999996900558,87,0,0.294535291282569,0.907124191380046,2.00857365507639,60.2572096522916,2
"496",2021-07-09,27724,58,577,3,5.6,2,0,0,2,0,0,3,3,0,1538,2,823,0.00486000001430511,56,0,0.455037544001491,0.77911709114312,2.01324573001791,58.3841261705194,2
"497",2021-07-10,27725,54,577,0,5.1,1,0,0,1,0,0,3,3,0,1538,1,930,0,22,0,0,0.756968013940938,1,54,1
"498",2021-07-11,27730,56,577,0,4.3,5,0,0,5,0,0,3,3,0,1538,5,422,0.00237000003457069,8,0,0.23259070106717,0.699269568319752,5.01692626065489,56.1895741193348,5
"499",2021-07-12,27733,54,577,1,4,3,0,1,2,0,0,2,2,0,1538,2,460,0.00216999992728233,16,0,0.209705875325603,0.702377389537536,3.00610434774965,54.1648173892406,3
"500",2021-07-13,27735,53,577,2,3.9,2,0,0,2,0,0,2,2,0,1538,2,1188,0.000839999988675117,14,0,0.0830216294963427,0.63107812404918,2.0024166843032,53.0640421340348,2
"501",2021-07-14,27740,55,577,0,2.4,5,0,0,5,0,0,1,1,0,1538,5,1098,0,15,0,0,0.182127291596168,5,55,5
"502",2021-07-15,27751,61,577,1,1.6,11,0,0,11,0,0,1,1,0,1538,11,947,0.00105999998748302,31,0,0.102640080587569,0.154713690068311,11.0164326778729,61.0911266682041,11
"503",2021-07-16,27754,61,577,8,1,3,0,0,3,0,0,1,1,0,1538,3,867,0.00460999995470047,34,0,0.443603769225894,0.153080293671797,3.01936935481331,61.3938435478706,3
"504",2021-07-17,27756,58,577,5,1.7,2,0,0,2,0,0,1,1,0,1538,2,761,0.00263000011444092,18,0,0.256922989356809,0.189783577865627,2.00747879509565,58.2168850577739,2
"505",2021-07-18,27764,63,577,4,2.4,8,0,0,8,0,0,1,1,0,1538,8,214,0.00467000007629395,17,0,0.432632041699959,0.21836091224174,8.05037410470409,63.3966960745447,8
"506",2021-07-19,27773,68,577,2,3,9,0,0,9,0,0,1,1,0,1538,9,367,0,10,0,0,0.188402930052368,9,68,9
"507",2021-07-20,27777,69,577,10,3.1,4,0,0,4,0,0,1,1,0,1538,4,1142,0.00437999993562698,22,0,0.429721643168901,0.237931503434162,4.02501761423119,69.431553845488,4
"508",2021-07-21,27782,72,577,12,4.3,5,0,0,5,0,0,1,1,0,1538,5,1058,0.0103999996185303,8,0,1.03219508409053,0.385387944018523,5.0751156557844,73.0816654432954,5
"509",2021-07-22,27787,74,577,5,6,5,0,0,5,1,0,2,2,0,1539,5,1046,0.00477999985218048,28,0,0.46553816064998,0.437230526884582,5.03387848360148,74.5014015573019,5
"510",2021-07-23,27799,82,577,3,6.6,12,0,0,12,0,0,2,2,0,1539,12,928,0.00647000014781952,38,0,0.621548668444774,0.462651226772993,12.1085563065783,82.7418014282852,12
"511",2021-07-24,27802,84,577,2,5.9,3,0,0,3,0,0,2,2,0,1539,3,713,0.0028099998831749,16,0,0.274832636036173,0.465209747727188,3.01200019298968,84.3360054037111,3
"512",2021-07-25,27809,86,577,7,5.4,7,0,0,7,0,0,2,2,0,1539,7,410,0.00244000002741814,14,0,0.235943398877698,0.437111370181151,7.02403834388578,86.2953282248824,7
"513",2021-07-26,27818,90,577,5,5.9,9,0,0,9,1,0,3,3,0,1540,9,410,0,10,0,0,0.437111370181151,9,90,9
"514",2021-07-27,27826,97,577,7,6.3,8,0,0,8,0,0,3,3,0,1540,8,1125,0.0106700003147125,5,0,1.06227879239394,0.5274766772133,8.12368788706153,98.499715630621,8
"515",2021-07-28,27832,97,577,8,5.9,6,0,0,6,0,0,2,2,0,1540,6,1074,0.00372000008821487,11,0,0.368228580160624,0.432624319509027,6.03215639954538,97.5198617926503,6
"516",2021-07-29,27836,93,577,9,5.3,4,0,0,4,0,0,2,2,0,1540,4,1234,0.00243000000715256,15,0,0.240081666038932,0.400416248850306,4.0139771189104,93.3249680146668,4
"517",2021-07-30,27839,88,577,4,5.9,3,0,0,3,0,0,2,2,0,1540,3,940,0.00745000004768372,21,0,0.72872008791079,0.415726451631166,3.03181857080917,88.9333447437356,3
"518",2021-07-31,27846,89,577,8,6,7,0,0,7,0,0,1,1,0,1540,7,936,0.00962000012397766,8,0,0.953847469919819,0.512728570757401,7.09717972024468,90.2355707288252,7
"519",2021-08-01,27855,91,577,1,6.9,9,0,0,7,0,0,1,1,0,1540,7,563,0.00178000003099442,13,0,0.173982641918378,0.503877034048927,7.01772566893791,91.2304336961928,9
"520",2021-08-02,27866,93,577,3,6,11,0,0,11,1,0,2,2,0,1541,11,462,0.0043299999833107,4,0,0.429283260147971,0.565203214070065,11.06872825401,93.5810661475388,11
"521",2021-08-03,27883,105,577,10,5.7,17,0,0,16,0,0,2,2,0,1541,16,550,0.0109099996089935,3,0,1.08508133543335,0.568460720218552,16.2526858648231,106.658250987902,17
"522",2021-08-04,27895,114,577,15,6.1,12,0,0,10,2,0,4,4,0,1543,10,1289,0.00776000022888184,22,0,0.762977901985408,0.624853480479235,10.111047972113,115.265946882088,12
"523",2021-08-05,27915,127,577,9,7.1,20,0,0,20,0,1,4,3,0,1543,20,1482,0.00472000002861023,19,0,0.466025319280504,0.657131145228031,20.1356557418629,127.86141396083,20
"524",2021-08-06,27929,129,577,15,7.1,14,0,0,12,1,1,5,4,0,1544,12,1109,0.00541000008583069,44,0,0.520354735055181,0.627364666248658,12.0908823250953,129.976984994774,14
"525",2021-08-07,27942,139,577,13,8.7,13,0,0,13,0,1,5,4,0,1544,13,846,0.01182000041008,14,0,1.16275817987531,0.657209053385157,13.2200044311586,141.352355071619,13
"526",2021-08-08,27962,151,577,5,9.4,20,0,0,19,1,1,4,3,0,1545,19,612,0.00653999984264374,4,0,0.6497532311198,0.725176280413932,19.1796804064099,152.427986387784,20
"527",2021-08-09,27976,159,577,13,10,14,0,0,14,1,1,4,3,0,1546,14,556,0.0143900001049042,9,0,1.41607788642951,0.866146941311295,14.2885451965595,162.277049018068,14
"528",2021-08-10,27996,174,577,18,11.4,20,3,0,17,1,1,5,4,0,1547,20,1264,0.0102799999713898,16,0,1.01514999717474,0.856156750131494,20.2955009529986,176.570858291088,20
"529",2021-08-11,28011,180,577,20,12.6,15,2,0,13,0,1,5,4,0,1547,15,1296,0.0108000004291534,8,0,1.07337427578089,0.900499089245134,15.2343371341429,182.812045609715,15
"530",2021-08-12,28030,194,577,18,13.3,19,3,0,16,0,1,4,3,0,1547,19,1053,0.0133000004291534,38,0,1.28367556845999,1.01730626769935,19.3549829947622,197.624563209677,19
"531",2021-08-13,28047,208,577,26,14.6,17,3,0,14,0,1,4,3,0,1547,17,1077,0.0213599991798401,14,0,2.10859020317945,1.24419704885996,17.5217227540941,214.38343134421,17
"532",2021-08-14,28064,216,577,16,16.1,17,2,0,15,1,1,5,4,0,1548,17,1005,0.0119400000572205,12,0,1.17991151007931,1.24664752460339,17.2919423042456,219.709384571591,17
"533",2021-08-15,28082,213,577,8,16.6,18,1,0,17,0,1,5,4,0,1548,18,543,0.0221000003814697,2,0,2.20188994626386,1.46838134105254,18.5768551656375,219.826119460044,18
"534",2021-08-16,28101,216,577,21,17,19,0,0,19,0,1,4,3,0,1548,19,611,0.0114600002765656,8,0,1.1311890418387,1.42768293468242,19.3128149226956,219.55621175275,19
"535",2021-08-17,28122,212,577,18,18.1,21,0,0,21,0,1,4,3,0,1548,21,1323,0.0158700001239777,10,0,1.57509453593567,1.50767501164827,21.4814205138292,216.860054711037,21
"536",2021-08-18,28153,225,577,24,18.1,31,0,0,31,0,1,3,2,0,1548,31,1295,0.015440000295639,12,0,1.52982405377601,1.57288212279043,31.69024274635,230.009826384799,31
"537",2021-08-19,28175,232,577,19,18.7,22,0,0,22,3,1,6,5,0,1551,22,1279,0.0172000002861023,17,0,1.69743829983988,1.63199108441613,22.5435197757184,237.731663089394,22
"538",2021-08-20,28194,232,577,17,18.9,19,0,0,19,0,2,6,4,0,1551,19,1142,0.014889999628067,50,0,1.42654191067555,1.53455561405843,19.3944907358585,236.816939511536,19
"539",2021-08-21,28217,241,577,27,17.6,23,1,0,22,1,2,7,5,0,1552,23,879,0.0182000005245209,12,0,1.79548826723388,1.62249515079479,23.6010478942752,247.297936631318,23
"540",2021-08-22,28248,258,577,17,19.1,31,0,0,31,1,1,6,5,0,1553,31,520,0.0173099994659424,6,0,1.71125470005514,1.55240440133641,31.7721026094177,264.425886233218,31
"541",2021-08-23,28289,277,577,16,20.4,41,1,0,40,0,1,4,3,0,1553,41,575,0.0139100003242493,11,0.0909099960327148,1.53553927351591,1.61016872014743,41.916312176432,283.190694460284,41
"542",2021-08-24,28321,291,577,26,19.7,32,1,0,31,0,1,4,3,0,1553,32,1233,0.0154100000858307,23,0,1.51278105938131,1.60126679492538,32.7045709437535,297.407192019758,32
"543",2021-08-25,28348,308,577,27,20.9,27,0,0,26,2,1,6,5,0,1555,26,1318,0.0197300004959106,68,0,1.8762006243586,1.65074916215147,26.7099884709401,316.410632655752,27
"544",2021-08-26,28376,316,577,44,21.3,28,2,0,24,3,1,9,8,0,1558,26,1198,0.0125199997425079,22,0,1.22942292553479,1.58388982296503,26.4652360156514,321.654406959455,28
"545",2021-08-27,28409,333,577,24,24.9,33,0,0,33,2,1,10,9,0,1560,33,896,0.0278999996185303,9,0,2.7622541058788,1.7747058508512,34.3267107254321,346.387717320269,33
"546",2021-08-28,28441,337,577,38,25.9,32,0,0,29,2,1,12,11,0,1562,29,1115,0.0242199993133545,16,0,2.38773644866404,1.85931273391266,30.0078202011304,348.71156578555,32
"547",2021-08-29,28480,358,577,28,27.4,39,0,0,35,1,0,11,11,0,1563,35,537,0.0260700011253357,2,0,2.59732664272825,1.98589444000881,36.3231018820315,371.533442107636,39
"548",2021-08-30,28517,380,577,20,29,37,0,0,36,1,1,10,9,0,1564,36,627,0.0111600005626678,9,0,1.10020760264036,1.92370420131231,36.5764688102906,386.084948553067,37
"549",2021-08-31,28547,388,577,22,29.6,30,0,0,24,0,1,8,7,0,1564,24,553,0.0361700010299683,16,0,3.51529183999516,2.20977716997143,25.2279234694513,407.851429422796,30
"550",2021-09-01,28586,399,577,55,29,39,0,0,37,2,1,10,9,0,1566,37,807,0.0309800004959106,5,0,3.07892369460589,2.38159475143533,38.6580564879296,416.880122667133,39
"551",2021-09-02,28631,427,577,34,33,45,0,1,39,1,1,11,10,0,1567,39,1298,0.0169500005245209,8,0,1.68461720373875,2.44662250546447,40.9562347254395,437.469544301606,45
"552",2021-09-03,28683,459,577,50,31.6,52,0,1,49,1,2,6,4,0,1568,49,1050,0.035239999294281,45,0.0222199988365173,3.47049307823181,2.5477995015149,52.4750611598037,482.184756578569,52
"553",2021-09-04,28738,490,577,38,35.3,55,0,0,52,0,2,6,4,0,1568,52,911,0.0318300008773804,8,0,3.1552917083018,2.65745025289172,54.3880396438021,512.502681258904,55
"554",2021-09-05,28764,484,577,23,35.3,26,0,0,25,2,1,8,7,0,1570,25,412,0.0388299989700317,6,0,3.82726305637633,2.83315545484145,26.3926019352845,510.960773467108,26
"555",2021-09-06,28824,501,577,29,34.6,60,0,1,53,1,1,9,8,0,1571,53,519,0.0346799993515015,2,0,3.45468707551426,3.169509665252,56.6649143612416,526.190982924189,60
"556",2021-09-07,28889,526,577,50,35.9,65,1,2,56,1,1,9,8,0,1572,57,825,0.0460599994659424,11,0.0909099960327148,4.66501309997157,3.33375555953435,62.8701375055838,561.713900490124,65
"557",2021-09-08,28941,538,578,66,39.9,52,0,1,50,2,1,8,7,1,1574,50,1376,0.03125,17,0,3.08686288585786,3.3348897297132,53.2463944419193,562.171204195052,52
"558",2021-09-09,29011,583,578,58,41.4,70,0,3,63,3,2,11,9,0,1577,63,1485,0.0343400001525879,13,0,3.40419894703558,3.58054426446989,69.1214339879955,611.885651031768,70
"559",2021-09-10,29077,613,578,62,44.9,66,0,0,58,0,1,8,7,0,1577,58,1263,0.0332500004768372,35,0,3.23534288152892,3.54695137922662,60.7311589731042,641.865525008843,66
"560",2021-09-11,29131,635,578,44,46.6,54,0,0,49,1,1,8,7,0,1578,49,1162,0.0309800004959106,15,0,3.05851831573901,3.5331266088605,51.1812519775117,663.267245014692,54
"561",2021-09-12,29186,647,578,53,47.4,55,0,1,50,2,1,9,8,0,1580,50,585,0.0598299980163574,3,0,5.95247429244372,3.83672821401299,55.3317781387291,703.053209115155,55
"562",2021-09-13,29248,676,578,36,51.7,62,0,0,55,5,4,14,10,0,1585,55,530,0.0301900005340576,20,0,2.90921823328191,3.75880409369408,57.3288293333232,704.623429624118,62
"563",2021-09-14,29310,696,578,63,52.7,62,0,2,55,2,5,11,6,0,1587,55,1224,0.0334999990463257,29,0,3.27246598824443,3.55986879201878,59.6196091783492,729.149963420564,62
"564",2021-09-15,29357,708,578,58,54.6,47,0,1,42,2,6,12,6,0,1589,42,1537,0.0305800008773804,13,0,3.03235234506669,3.55208157190575,44.8536495312084,739.247234954656,47
"565",2021-09-16,29417,736,578,63,53.4,60,1,1,50,1,7,12,5,0,1590,51,1708,0.0316199994087219,39,0,3.09141150487104,3.50739765159653,54.2946986881485,769.115651656418,60
"566",2021-09-17,29477,733,579,90,54.1,60,1,2,46,0,7,10,3,1,1590,47,1417,0.0310500001907349,4,0,3.09625969530411,3.48752862499299,51.118038791424,766.032392215186,60
"567",2021-09-18,29539,749,579,44,58.1,62,0,5,50,0,7,9,2,0,1590,50,1575,0.0298399996757507,28,0,2.93187769739909,3.46943710808728,57.133607486746,780.961440151455,62
"568",2021-09-19,29582,740,579,60,58.1,43,2,1,39,3,7,10,3,0,1593,41,1058,0.0321399998664856,3,0,3.20491233352891,3.07692825681374,43.912487844668,774.518073294009,43
"569",2021-09-20,29633,719,579,60,59.1,51,2,0,40,2,8,12,4,0,1595,42,1220,0.0385199999809265,66,0.0606099987030029,3.965370131503,3.22780709941675,44.4239948557715,760.496483364279,51
"570",2021-09-21,29693,718,579,36,62.6,60,0,0,51,1,7,13,6,0,1596,51,1196,0.0200699996948242,23,0,1.96913204552992,3.04161653617182,52.4616510013465,738.577753313074,60
"571",2021-09-22,29744,705,579,63,58.7,51,0,0,42,5,9,17,8,0,1601,42,2383,0.0180400002002716,29,0,1.7823101358726,2.86303907771552,43.0895100476048,723.28820437051,51
"572",2021-09-23,29780,677,579,44,59.4,36,0,0,29,3,9,18,9,0,1604,29,1528,0.0274900007247925,48,0,2.66527418194689,2.80216231729779,30.1249638391291,703.262086865185,36
"573",2021-09-24,29824,671,579,56,56.7,44,1,0,34,2,8,17,9,0,1606,35,2089,0.0181900000572205,48,0,1.77814272903761,2.61385989354543,35.905802124618,688.365520731963,44
"574",2021-09-25,29868,666,579,62,51.9,44,0,1,35,2,10,17,7,0,1608,35,1935,0.0273900008201599,32,0,2.6944408534321,2.57994034440729,37.3725727467431,692.118098552311,44
"575",2021-09-26,29916,644,579,38,54.4,48,1,0,38,3,11,18,7,0,1611,39,1060,0.0339599990844727,4,0,3.38323299149822,2.60541472411719,40.9204154294181,675.711475296032,48
"576",2021-09-27,29957,625,579,31,51.3,41,0,0,29,0,11,18,7,0,1611,29,852,0.0164300000667572,15,0.0666699981689453,1.72992041861722,2.28606476513351,29.7301679987362,640.736379283107,41
"577",2021-09-28,30002,601,580,44,47.1,45,1,1,32,3,11,19,8,1,1614,33,1723,0.0203099989891052,35,0,1.99056474733949,2.28912657967773,34.9560683046291,618.412031850973,45
"578",2021-09-29,30047,589,580,65,48.3,45,1,0,37,0,11,19,8,0,1614,38,2041,0.0215599989891052,8,0,2.14758213454191,2.34130829377335,39.1877691783635,607.410422264634,45
"579",2021-09-30,30095,592,580,61,48.6,48,2,0,38,3,12,21,9,0,1617,40,1837,0.017960000038147,29,0,1.76808789228703,2.21313882382194,41.0293486846481,607.234360532792,48
"580",2021-10-01,30138,575,580,48,51,43,0,0,24,1,11,20,9,0,1618,24,1834,0.0196300005912781,13,0,1.94918359958874,2.23757323390067,24.6808675914111,591.312452710891,43
"581",2021-10-02,30174,557,580,60,49.9,36,0,0,28,0,9,15,6,0,1618,28,1477,0.0189600002765656,13,0,1.87945774553607,2.12114707562981,28.7659303344936,572.236542725462,36
"582",2021-10-03,30201,543,581,37,49.6,27,5,0,18,2,7,14,7,1,1620,23,1029,0.0213800001144409,12,0,2.11335447817096,1.9397358594402,23.707455059519,559.702091187775,27
"583",2021-10-04,30245,540,582,25,49.4,44,1,0,40,0,4,10,6,1,1620,41,1256,0.0199000000953674,8,0,1.97740507276752,1.9750908100331,42.17998958227,555.541326205508,44
"584",2021-10-05,30295,537,582,33,48.6,50,1,0,42,0,4,9,5,0,1620,43,1637,0.0116100001335144,13,0,1.15185274051897,1.85527480905874,43.7208818445473,546.002640709812,50
"585",2021-10-06,30336,528,582,28,47,41,1,0,33,0,4,8,4,0,1620,34,1958,0.0127699995040894,36,0,1.25394478580778,1.72761233066815,34.6205203136647,537.636315459263,41
"586",2021-10-07,30373,517,582,53,41.7,37,1,0,31,2,3,8,5,0,1622,32,1681,0.0184399998188019,9,0,1.83417986363349,1.7370540408605,32.8542609847736,530.801654035248,37
"587",2021-10-08,30401,499,584,58,40.6,28,0,0,19,0,2,6,4,2,1622,19,2154,0.0246099996566772,13,0,2.44623623721655,1.80806156052162,19.6764733135996,516.766325446642,28
"588",2021-10-09,30430,479,584,37,42,29,1,0,26,3,3,7,4,0,1625,27,1520,0.0184200000762939,12,0,1.82757180913621,1.80064928389307,27.7181859205515,491.741150220155,29
"589",2021-10-10,30451,441,585,20,38.7,21,0,0,19,2,3,7,4,1,1627,19,1009,0.0178400003910065,24,0,1.7425518290925,1.74767747688186,19.4818789747333,452.184664624072,21
"590",2021-10-11,30470,419,585,18,36.3,19,0,0,17,1,4,8,4,0,1628,17,635,0.0220499992370605,7,0,2.18095786846315,1.77675644769552,17.5396284892067,432.300255116331,19
"591",2021-10-12,30504,419,585,31,35.3,34,0,0,27,2,5,8,3,0,1630,27,1118,0.0143099999427795,12,0,1.41580353416172,1.8144637039302,27.5563722089709,427.634072428104,34
"592",2021-10-13,30526,414,585,24,35,22,0,0,20,0,5,8,3,0,1630,20,1674,0.0203099989891052,9,0,2.02013893688426,1.92392001122684,20.5880441143677,426.17251316741,22
"593",2021-10-14,30546,401,585,39,34.4,20,0,0,17,0,5,7,2,0,1630,17,1288,0.0116499996185303,33,0,1.13589701049713,1.82416531792165,17.2810519160102,407.62951872471,20
"594",2021-10-15,30582,386,585,33,32.4,36,1,0,20,2,5,9,4,0,1632,21,1605,0.0155799996852875,15,0,1.54357404289422,1.6952135758756,21.4717864178368,394.671883680239,36
"595",2021-10-16,30612,380,586,22,28.9,30,0,0,24,1,4,9,5,1,1633,24,1409,0.0156099998950958,8,0,1.55218700438885,1.65587288948312,24.5421930634553,388.584723504709,30
"596",2021-10-17,30637,371,586,34,26.7,25,1,0,20,0,4,9,5,0,1633,21,815,0.0368099999427795,8,0,3.64521870636273,1.92768244337887,22.1141445942445,390.683221164986,25
"597",2021-10-18,30673,376,586,23,28.7,36,3,0,23,1,3,10,7,0,1634,26,812,0.0135500001907349,20,0,1.32242790323038,1.80503530548847,26.5004307922902,383.236999150043,36
"598",2021-10-19,30695,360,586,23,29.4,22,0,0,19,3,2,12,10,0,1637,19,1138,0.0105400002002716,9,0,1.04572974959975,1.75216762197962,19.2891823193848,365.479243946238,22
"599",2021-10-20,30721,355,586,35,28.3,26,1,0,20,1,3,12,9,0,1638,21,1788,0.0134200000762939,19,0,1.32788932686295,1.653274820548,21.4058633608724,361.861023481415,26
"600",2021-10-21,30739,344,586,44,29.9,18,0,0,15,0,3,12,9,0,1638,15,1305,0.0214599990844727,7,0,2.13455021381379,1.79593956387895,15.4660111492101,354.687189021886,18
"601",2021-10-22,30765,330,586,34,30.6,26,0,0,12,0,2,9,7,0,1638,12,1417,0.0218799996376038,19,0,2.15905010351564,1.8838647153963,12.3770879367205,340.369918259813,26
"602",2021-10-23,30789,331,586,22,30.7,24,0,1,20,0,1,7,6,0,1638,20,1331,0.0120200002193451,9,0,1.19392688745883,1.83268469869201,21.3475412835903,336.751808243419,24
"603",2021-10-24,30809,324,587,14,30.7,20,0,0,12,1,1,7,6,1,1639,12,822,0.00243000000715256,8,0,0.240657832033663,1.34631885950214,12.0420319867471,325.13486364217,20
"604",2021-10-25,30835,316,587,15,27.9,26,0,2,19,3,1,7,6,0,1642,19,815,0.0135000002384186,5,0,1.34176831637941,1.34908177566629,21.3710477529746,322.17110999684,26
"605",2021-10-26,30857,303,587,30,26.7,22,0,6,14,3,2,9,7,0,1645,14,1386,0.0180400002002716,10,0,1.79107738378055,1.45556000912069,20.3649564622884,310.898700576671,22
"606",2021-10-27,30883,312,587,35,27.7,26,1,5,19,2,2,10,8,0,1647,20,1365,0.014650000333786,9,0,1.45540396329097,1.47377638575326,25.4236548877973,318.609016249637,26
"607",2021-10-28,30908,304,587,26,27.7,25,1,6,17,4,3,14,11,0,1651,18,1856,0.0113100004196167,41,0,1.10655565518232,1.32692002023448,24.2898974795904,308.896046321971,25
"608",2021-10-29,30929,299,587,12,25.1,21,0,1,17,1,3,15,12,0,1652,17,1548,0.0148599994182587,18,0,1.46891948272442,1.22832993155002,18.3634507629382,305.392457536383,21
"609",2021-10-30,30952,290,587,28,22,23,0,2,20,1,2,16,14,0,1653,20,1178,0.0118799996376038,7,0,1.18098224245547,1.22648069654954,22.3437732148858,294.984711615844,23
"610",2021-10-31,30973,276,588,32,22.9,21,0,2,16,0,1,15,14,1,1653,16,936,0.0181599998474121,7,0,1.80251960309414,1.44960380670104,18.4197576807332,283.240819992649,21
"611",2021-11-01,31024,302,588,13,25.4,51,0,10,37,1,1,14,13,0,1654,37,773,0.0116400003433228,14,0,1.14329355341659,1.42125026913492,47.6156844020433,307.025315930192,51
"612",2021-11-02,31074,330,588,31,25.1,50,1,6,37,3,0,16,16,0,1657,38,1531,0.0267799997329712,17,0,2.64859041286685,1.54375213043296,45.4648632096129,342.721180504533,50
"613",2021-11-03,31117,352,588,44,25.3,43,0,19,22,2,0,17,17,0,1659,22,1657,0.0169000005722046,11,0,1.67885497291025,1.57567370323572,41.537569394084,360.601110305344,43
"614",2021-11-04,31150,371,588,33,26.6,33,2,5,23,4,0,20,20,0,1663,25,1511,0.0258100008964539,35,0,2.52256865165212,1.77796127415998,30.9178710567924,384.6212064828,33
"615",2021-11-05,31189,388,590,45,27.6,39,0,7,23,2,1,20,19,2,1665,23,1264,0.0213599991798401,15,0.0666699981689453,2.18913908802596,1.88084978920306,30.7328243036422,400.362427383182,39
"616",2021-11-06,31222,394,591,40,32.3,33,3,4,21,3,1,21,20,1,1668,24,1414,0.0212199997901917,10,0.1,2.17732301287437,2.02318418497718,28.7605587671744,406.485839761113,33
"617",2021-11-07,31260,413,592,39,34,38,3,3,27,6,3,25,22,1,1674,30,1016,0.0255900001525879,10,0,2.53405849464223,2.12768974091263,34.1064621517092,428.232295621864,38
"618",2021-11-08,31324,449,593,36,35,64,6,7,45,1,2,24,22,1,1675,51,849,0.0270900011062622,13,0.0769199991226196,2.7841497596068,2.36209777036837,60.066623867742,467.194394443454,64
"619",2021-11-09,31366,465,593,39,38.3,42,0,9,29,3,2,26,24,0,1678,29,1627,0.0215100002288818,21,0.0476200008392334,2.18427126153001,2.29576646303454,38.9219412399347,479.782850916194,42
"620",2021-11-10,31407,483,593,34,39.4,41,1,5,28,5,2,30,28,0,1683,29,1507,0.00995000004768372,72,0.0555600023269653,1.20297468267263,2.22778356442916,34.5077537712859,491.45672660452,41
"621",2021-11-11,31454,488,594,48,38,47,1,5,35,3,5,33,28,1,1686,36,1632,0.0208299994468689,24,0,2.05281153969143,2.16067540557763,42.0755986626494,502.580337427026,47
"622",2021-11-12,31513,509,594,50,40.1,59,1,2,36,1,5,34,29,0,1687,37,1517,0.0184599995613098,29,0.0344799995422363,1.87605040887657,2.11594845141344,40.0102873148725,522.898276845138,59
"623",2021-11-13,31549,526,595,43,40.9,36,1,5,28,1,3,32,29,1,1688,29,1627,0.0196700000762939,20,0,1.94311415447056,2.08249004307004,34.8201532037062,540.875882246533,36
"624",2021-11-14,31582,535,595,43,41.3,33,1,2,27,0,3,28,25,0,1688,28,912,0.037279999256134,8,0,3.69558253495589,2.24842204882913,31.5060507605826,563.77632703256,33
"625",2021-11-15,31622,533,597,41,41.9,40,1,3,34,1,2,24,22,2,1689,35,921,0.0217199993133545,18,0,2.1303641499041,2.15502410458589,39.0852269290203,549.526455804794,40
"626",2021-11-16,31672,549,598,42,42.6,50,1,3,37,1,1,24,23,1,1690,38,1729,0.0208200001716614,24,0,2.0534957385512,2.13634188701748,42.1357325556595,565.408346659396,50
"627",2021-11-17,31694,517,598,44,43,22,0,1,12,1,2,23,21,0,1691,12,1886,0.0148500001430511,19,0.0526300001144409,1.52268085417159,2.18201419723162,13.2659431481689,528.457717300276,22
"628",2021-11-18,31731,506,598,39,44.4,37,2,1,21,1,3,21,18,0,1692,23,1686,0.0183899998664856,42,0.0238100004196167,1.85217359910409,2.15335163429057,24.6200235679003,519.640518493807,37
"629",2021-11-19,31767,505,599,25,43.1,36,0,2,24,2,2,19,17,1,1694,24,1564,0.0140699994564056,40,0,1.37191266520065,2.08133195662258,26.479221594199,515.083621044605,36
"630",2021-11-20,31808,488,600,50,39.6,41,1,0,36,1,2,16,14,1,1695,37,1680,0.0166700005531311,76,0.0131599998474121,1.65180870829519,2.03971689288324,37.8895290748536,499.732167257528,41
"631",2021-11-21,31850,490,600,25,40.6,42,2,2,30,1,1,16,15,0,1696,32,924,0.0238100004196167,5,0,2.36818518705337,1.85008870032574,35.1029715515526,506.889251883149,42
"632",2021-11-22,31904,483,600,31,38,54,2,2,41,2,0,18,18,0,1698,43,1048,0.0152699995040894,18,0,1.50121571109622,1.76021035192462,45.9395290845867,493.553315066404,54
"633",2021-11-23,31951,492,601,27,36.6,47,3,1,30,2,0,17,17,1,1700,33,1457,0.0102999997138977,9,0,1.0236766427796,1.61309333824296,34.4916719205737,499.330381361281,47
"634",2021-11-24,32000,502,601,46,34.4,49,1,1,36,1,0,15,15,0,1701,37,1743,0.0183599996566772,16,0,1.81929956802663,1.65546744022225,38.9797259534359,515.292498070941,49
"635",2021-11-25,32044,508,602,60,34.7,44,2,0,37,0,0,13,13,1,1701,39,1548,0.0219600009918213,6,0,2.18752133432042,1.70337425953887,40.2416968423892,524.173897331633,44
"636",2021-11-26,32084,500,602,51,37.7,40,8,1,27,3,1,15,14,0,1704,35,1853,0.0221300005912781,40,0,2.16623830404851,1.81684935080285,37.1035015503497,515.764307862139,40
"637",2021-11-27,32113,499,602,43,41.4,29,6,0,18,2,1,16,15,0,1706,24,1818,0.0203500008583069,2,0,2.03276382200011,1.87127150990355,24.7100629246444,513.763391641564,29
"638",2021-11-28,32178,533,602,22,40.4,65,13,1,39,1,2,15,13,0,1707,52,1272,0.0117900002002716,46,0,1.13785130916127,1.69550952734754,53.8611672980599,541.826964805114,65
"639",2021-11-29,32228,539,602,26,40,50,7,0,35,1,2,16,14,0,1708,42,989,0.0161800003051758,16,0,1.59224082605163,1.70851311519831,42.97332239955,551.490970794226,50
"640",2021-11-30,32296,570,602,61,39.3,68,6,1,49,2,2,17,15,0,1710,55,1907,0.0272699999809265,25,0,2.69171273103659,1.94680398494931,58.1547161684896,592.330694837075,68
"641",2021-12-01,32374,608,602,62,44.1,78,4,0,54,0,2,17,15,0,1710,58,1958,0.0194099998474121,72,0.0138900005817413,1.92142166222257,1.96139285554873,59.6219943931928,625.002975707952,78
"642",2021-12-02,32445,634,602,64,46.4,71,6,0,50,0,2,15,13,0,1710,56,2077,0.0245499992370605,19,0,2.43274563050452,1.99642489786074,57.9828205012171,656.448360674494,71
"643",2021-12-03,32536,694,602,59,47,91,7,0,68,1,2,12,10,0,1711,75,1911,0.0245900011062622,12,0,2.44365533614493,2.03605590244594,77.6674721074744,718.68300856783,91
"644",2021-12-04,32590,715,602,70,48.1,54,2,0,45,0,2,12,10,0,1711,47,1446,0.0242000007629395,6,0.166669998168945,2.4788719760485,2.09978563873857,48.6957062781934,740.79638274273,54
"645",2021-12-05,32668,751,602,35,52,78,5,1,58,0,2,11,9,0,1711,63,1461,0.0246399998664856,10,0,2.44724947688208,2.28684251984155,66.2439721688111,777.749572996463,78
"646",2021-12-06,32777,812,602,69,53.9,109,4,3,82,0,2,10,8,0,1711,86,1178,0.0348000001907349,14,0,3.439127535628,2.55068347835246,93.3047249258614,852.644612090692,109
"647",2021-12-07,32876,859,602,70,60,99,4,2,73,2,1,11,10,0,1713,77,1905,0.0278200006484985,22,0.0454500007629395,2.80212772455497,2.56645704885508,82.1403447264319,894.033196363702,98
"648",2021-12-08,32986,914,602,44,61.3,110,5,4,88,2,1,12,11,0,1715,93,2324,0.0249600005149841,13,0,2.48211558394622,2.64655618052989,100.359724158852,947.01922452893,109
"649",2021-12-09,33111,1002,602,147,58.7,125,5,3,95,1,1,13,12,0,1716,100,1969,0.0304699993133545,15,0,3.02396313749975,2.73101582438635,107.401241153775,1046.10043636082,124
"650",2021-12-10,33281,1139,603,87,70.6,170,6,6,129,3,0,14,14,1,1719,135,2152,0.0399600005149841,23,0,3.95374349922969,2.94674270482703,148.768567288092,1204.54368993434,169
"651",2021-12-11,33411,1226,603,150,74.6,130,3,4,106,0,0,13,13,0,1719,109,1669,0.0437400007247925,12,0,4.34277580069475,3.21301467977649,119.88957733614,1303.49194324869,128
"652",2021-12-12,33594,1347,604,106,86,183,4,4,155,1,0,14,14,1,1720,159,1977,0.0364199995994568,14,0.0714300012588501,3.66661774112255,3.38721014609656,171.485187279122,1418.88394506275,185
"653",2021-12-13,33891,1582,604,100,96.1,297,5,9,262,1,0,15,15,0,1721,267,2090,0.0377999997138977,79,0.0126600003242493,3.68843427513425,3.42282539459745,290.333491158501,1666.9272772013,297
"654",2021-12-14,34198,1819,604,199,100.6,307,4,3,266,2,0,16,16,0,1723,270,2041,0.0494899988174438,12,0,4.9200724591526,3.7253889281114,292.334544068759,1949.25753948546,307
"655",2021-12-15,34526,2070,604,255,119,328,1,4,306,0,0,13,13,0,1723,307,2780,0.0460400009155273,20,0.05,4.60682866232735,4.02891936788013,331.584442446388,2208.79412333558,326
"656",2021-12-16,34938,2422,605,309,149.1,412,7,2,388,3,0,16,16,1,1726,395,2938,0.0871300029754639,58,0.0172399997711182,8.57769922325226,4.82231023727335,446.313585643211,2724.37342893128,411
"657",2021-12-17,35411,2825,605,355,172.3,473,7,9,432,2,0,18,18,0,1728,439,3115,0.102089996337891,10,0.1,10.208330834961,5.71582271380639,513.22557690529,3244.73178760238,472
"658",2021-12-18,35915,3282,605,308,210.6,504,23,15,437,1,0,18,18,0,1729,460,2673,0.0912800025939941,3,0,9.1177670752521,6.39796432445744,536.044283063062,3717.53768915863,502
"659",2021-12-19,36461,3763,605,402,233.1,546,21,8,497,1,0,19,19,0,1730,518,2673,0.0939000034332275,46,0.0217400002479553,9.26792016139842,7.19815038449685,595.873213331655,4270.5924744537,546
"660",2021-12-20,37375,4550,605,386,275.4,914,8,20,859,1,0,18,18,0,1731,867,2474,0.100240001678467,11,0,9.9796283361178,8.09689239320879,1012.93085076357,5210.88278082379,912
"661",2021-12-21,38238,5306,605,489,316.3,863,5,17,817,3,0,19,19,0,1734,822,2743,0.117749996185303,96,0.0208299994468689,11.4472673294535,9.02934880325178,975.953241231214,6190.03150604966,861
"662",2021-12-22,39071,6014,605,670,357.7,833,6,29,774,2,0,21,21,0,1736,780,4020,0.182089996337891,124,0.0161300003528595,17.7124011902045,10.9015734500914,1010.08085150026,7564.3849242597,830
"663",2021-12-23,39940,6765,605,740,417,869,1,45,807,3,1,22,21,0,1739,808,3597,0.217959995269775,96,0.0104200005531311,21.2564966974948,12.712830232126,1102.9779618576,8857.94667322607,865
"664",2021-12-24,40720,7394,605,861,478.6,780,0,33,730,3,1,24,23,0,1742,730,3803,0.26636999130249,68,0.0735300016403198,26.2982463713488,15.0113895944671,1042.41410270328,10224.1203772439,771
"665",2021-12-25,41261,7809,606,504,550.9,541,0,32,501,3,1,24,23,1,1745,501,2656,0.250380001068115,57,0.035090000629425,24.5856768475043,17.2210909905032,712.27451954615,10603.3208046624,540
"666",2021-12-26,42071,8441,606,429,578.9,810,0,51,747,7,1,27,26,0,1752,747,2040,0.21863000869751,54,0.0185199999809265,21.34695786733,18.9466678056362,1030.08937935267,11063.5789171565,810
"667",2021-12-27,43228,9293,606,548,582.7,1157,1,57,1092,5,2,31,29,0,1757,1093,1898,0.272390003204346,183,0.0546400022506714,25.3241396681269,21.1387408530661,1552.85943049329,12718.2266126021,1151
"668",2021-12-28,44500,10263,606,873,605.9,1272,0,76,1190,7,1,37,36,0,1764,1190,2597,0.388139991760254,90,0.1,37.848885694134,24.910400619449,1921.53929814212,15916.6132914559,1262
"669",2021-12-29,45945,11361,606,1242,660.7,1445,0,80,1358,5,4,41,37,0,1769,1358,3486,0.304360008239746,144,0.0347199988365173,29.3663545056808,26.5752510930885,2018.4281668298,16216.850076107,1422
"670",2021-12-30,47398,12410,607,1347,742.4,1453,0,75,1375,11,5,47,42,1,1780,1375,3324,0.314680004119873,129,0.0542600011825562,30.4951020517523,27.8950518579824,2060.2832658646,17918.0838759125,1443
"671",2021-12-31,48319,12850,610,1346,829.1,921,0,67,853,13,5,55,50,3,1793,853,3305,0.357639999389648,182,0.0164800000190735,33.9833541148912,28.9929243927742,1341.9042930801,19205.7680727776,911
"672",2022-01-01,48755,12746,610,1179,898.4,436,0,58,377,17,6,71,65,0,1810,377,2500,0.400400009155273,169,0.118339996337891,38.2540083278114,30.9455431756752,644.902190441145,19842.5870540128,433
"673",2022-01-02,49381,12720,611,505,994.9,626,0,74,552,9,5,76,71,1,1819,552,2226,0.312220001220703,64,0.0468800020217896,30.4804385522567,32.2503261306648,870.883182934625,18362.9603024066,616
"674",2022-01-03,50135,12498,611,568,1005.7,754,0,110,644,8,4,73,69,0,1827,644,1773,0.250990009307861,105,0.1428600025177,24.4944401899465,32.1317976337819,983.589518938109,16953.6052914418,742
"675",2022-01-04,50923,12343,613,808,1008.6,788,0,107,681,12,4,80,76,2,1839,681,2135,0.333019981384277,300,0.146669998168945,31.006105121401,31.1542575519629,1095.32153904543,17913.1464852242,770
"676",2022-01-05,51589,12082,614,705,999.3,666,0,124,541,17,7,94,87,1,1856,541,2678,0.314409999847412,314,0.0541400003433228,28.7095568081274,31.0604293094552,891.059324658146,17130.5189658405,654
"677",2022-01-06,52219,11787,618,855,922.6,630,2,119,509,12,7,93,86,4,1868,511,2294,0.282040004730225,121,0.0743800020217896,27.1635507700113,30.5844934120637,832.025463607894,16447.0276703449,620
"678",2022-01-07,52797,11620,619,665,852.3,578,4,143,431,19,8,100,92,1,1887,435,2309,0.298400001525879,444,0.0427899980545044,25.7175576701582,29.4036653485304,740.823712128431,15969.4518044422,574
"679",2022-01-08,53238,11528,620,711,755,441,0,95,346,21,10,112,102,1,1908,346,2371,0.309150009155273,280,0.0964299964904785,28.6682410684454,28.0342700257638,585.369621864435,16338.0953781885,436
"680",2022-01-09,53637,11214,620,512,688.1,399,0,86,313,18,13,122,109,0,1926,313,1324,0.273409996032715,172,0.0581400012969971,24.865970252032,27.2322031257317,512.278742609537,15272.4914364963,392
"681",2022-01-10,54285,10770,621,422,689.1,648,0,143,505,14,14,124,110,1,1940,505,1342,0.175109996795654,126,0.0714300012588501,16.6211032601078,26.1074407071833,770.165871683719,13375.3988871954,645
"682",2022-01-11,54792,10048,624,614,668.3,507,1,115,390,15,9,127,118,3,1955,391,2155,0.292339992523193,415,0.101199998855591,26.1474974090487,25.413353891133,654.800900159739,13871.9167386319,502
"683",2022-01-12,55306,9111,627,487,640.6,514,1,156,357,18,9,127,118,3,1973,358,1537,0.297329998016357,163,0.208589992523193,28.882139748966,25.438008596967,664.491185747324,12940.9586406253,509
"684",2022-01-13,55736,8111,630,401,609.4,430,0,110,320,15,11,126,115,3,1988,320,2030,0.139409999847412,163,0.134969997406006,13.9079985986058,23.5443582867663,494.775875118037,9752.86600963251,417
"685",2022-01-14,56163,7595,632,439,544.6,427,0,101,326,20,15,137,122,2,2008,326,1747,0.215230007171631,275,0.167269992828369,20.8707255468171,22.8519536977175,526.027044957053,9902.08713634607,422
"686",2022-01-15,56488,7498,636,382,512.3,325,0,79,246,15,11,140,129,4,2023,246,1535,0.18371000289917,208,0.144230003356934,17.8998677652592,21.3136146544052,389.089015785083,9451.41235917297,320
"687",2022-01-16,56770,7169,642,395,465.3,282,0,62,220,12,14,142,128,6,2035,220,1342,0.225779991149902,85,0.188239994049072,22.3543901623924,20.9548174987424,353.578761528662,9501.49155181354,279
"688",2022-01-17,57081,6748,646,297,448.6,311,1,101,209,14,15,137,122,4,2049,210,892,0.177129993438721,183,0.0819699954986572,16.0930663556831,20.8793836552532,360.187728719009,8328.56568283748,309
"689",2022-01-18,57515,6378,647,218,430.7,434,2,116,316,17,16,135,119,1,2066,318,991,0.16548999786377,18,0.166669998168945,16.5511048414308,19.5084704313078,510.604235386115,7914.42079651774,432
"690",2022-01-19,57876,6077,651,504,374.1,361,0,105,256,23,21,141,120,4,2089,256,1685,0.216620006561279,290,0.1,19.9496056230762,18.2323941276092,435.331509502684,7841.50227831176,359
"691",2022-01-20,58178,5762,654,489,376.6,302,0,89,213,18,19,138,119,3,2107,213,1748,0.206520004272461,159,0.226420001983643,20.8179207018176,19.2195258566395,366.538018288087,7507.85944307962,303
"692",2022-01-21,58471,5482,657,361,389.1,293,1,92,200,13,20,136,116,3,2120,201,1221,0.239969997406006,87,0.241380004882812,24.0063782306986,19.6674762400511,363.229790703689,7397.42145590856,290
"693",2022-01-22,58714,5267,660,389,378,243,0,48,195,12,22,132,110,3,2132,195,1273,0.18068000793457,94,0.223400001525879,18.361759344853,19.7334607514217,295.113179975674,6674.5903534968,243
"694",2022-01-23,58929,5057,667,250,379,215,1,65,149,21,20,136,116,7,2153,150,955,0.221989994049072,120,0.0666699981689453,20.4651947997337,19.4635756996133,259.679243831858,6563.2862403847,214
"695",2022-01-24,59251,4739,673,239,358.3,322,0,104,218,11,19,127,108,6,2164,218,923,0.17443000793457,71,0.323940010070801,18.5109293801444,19.8089847031078,380.733163018882,6015.77275021322,322
"696",2022-01-25,59526,4512,678,268,350,275,1,104,170,11,22,120,98,5,2175,171,1417,0.175020008087158,62,0.338709983825684,18.1881927286474,20.0428544012815,320.267272778947,5706.42067121993,275
"697",2022-01-26,59730,4244,682,388,357.1,204,0,71,133,10,23,119,96,4,2185,133,1320,0.201520004272461,272,0.10293999671936,18.467718891163,19.8311562967225,239.748972899699,5384.7416615513,206
"698",2022-01-27,59920,4008,683,293,340.6,190,0,48,142,6,21,103,82,1,2191,142,1248,0.158649997711182,121,0.148760004043579,15.77758638662,19.1111085374086,222.608256874654,4928.37953206769,190
"699",2022-01-28,60101,3763,685,228,312.6,181,0,46,135,3,20,92,72,2,2194,135,1042,0.182339992523193,126,0.0793699979782104,17.1231928043169,18.1277963336398,214.644740867287,4700.81599913779,179
"700",2022-01-29,60251,3564,688,197,293.6,150,0,35,115,8,18,92,74,3,2202,115,905,0.140329999923706,82,0.0609800004959106,13.3737598755439,17.4152249808813,172.384635863204,4257.72906275182,150
"701",2022-01-30,60426,3469,688,193,266.1,175,0,40,135,3,17,87,70,0,2205,135,694,0.167150001525879,110,0.0363599991798401,14.9255846976048,16.6238521091486,204.326740356335,4222.58860960092,176
"702",2022-01-31,60643,3365,691,225,258,217,0,28,189,5,18,81,63,3,2210,189,822,0.10706000328064,56,0.178570003509521,11.1621005573143,15.5740194201729,247.70480950066,3911.67557655936,217
"703",2022-02-01,60845,3161,695,274,256,202,0,48,154,4,15,70,55,4,2214,154,1315,0.112550001144409,101,0,10.452207027182,14.4688786056778,225.427578214764,3641.87386192773,201
"704",2022-02-02,60985,2961,698,277,256.9,140,0,27,113,9,16,70,54,3,2223,113,1054,0.144209995269775,204,0.0833300018310547,13.4337563901334,13.7497411055308,162.094011939875,3539.94132171655,139
"705",2022-02-03,61125,2817,700,208,241,140,0,18,122,6,15,66,51,2,2229,122,972,0.148149995803833,129,0.0542600011825562,13.7149260739215,13.4550753465738,164.35297226244,3379.31412183028,140
"706",2022-02-04,61265,2690,706,186,228.9,140,0,17,123,6,15,64,49,6,2235,123,925,0.108109998703003,84,0.0714300012588501,10.5056361651161,12.5097101124023,158.807286479658,3101.31382626245,139
"707",2022-02-05,61377,2568,712,146,222.9,112,0,9,103,4,15,58,43,6,2239,103,836,0.123210000991821,117,0.0940200042724609,11.9626339274964,12.3081206912526,129.933403082602,3015.11630209828,110
"708",2022-02-06,61475,2449,715,138,215.6,98,0,5,93,3,12,52,40,3,2242,93,649,0.151000003814697,115,0.017389999628067,13.0888550304929,12.0457307388081,115.716718247158,2915.54024717516,98
"709",2022-02-07,61616,2258,716,167,207.7,141,0,7,134,4,10,49,39,1,2246,134,694,0.0936600017547607,29,0.103450002670288,9.40526850556601,11.7947547314155,159.343181752512,2567.09630147144,142
"710",2022-02-08,61721,2092,717,215,199.4,105,0,6,99,2,9,46,37,1,2248,99,923,0.13326000213623,116,0.0172399997711182,12.0306854615197,12.0202516506066,122.33501570561,2458.31164501148,105
"711",2022-02-09,61812,1950,720,174,191,91,0,7,84,5,9,39,30,3,2253,84,753,0.095620002746582,85,0.0470599985122681,9.06944653242471,11.396778813791,102.088141086572,2207.403275224,90
"712",2022-02-10,61900,1839,724,182,176.3,88,0,7,81,0,7,31,24,4,2253,81,855,0.100579996109009,41,0.121949996948242,10.1557864450983,10.8883302953877,99.9728419981125,2110.82785721641,88
"713",2022-02-11,61985,1735,724,117,172.6,85,0,8,77,3,5,27,22,0,2256,77,693,0.0923499965667725,59,0.0169500005245209,8.64343053879256,10.6223009201987,94.6866931770887,1953.26509950973,85
"714",2022-02-12,62055,1664,727,137,162.7,70,0,5,65,4,5,28,23,3,2260,65,638,0.112849998474121,48,0,10.4953788668352,10.4126930543899,79.9291060572868,1918.18511506654,69
"715",2022-02-13,62149,1604,728,143,161.4,94,0,6,88,0,4,25,21,1,2260,88,463,0.099350004196167,32,0.0625,9.69677817026774,9.92811064578631,106.419634214198,1830.37605999515,94
"716",2022-02-14,62246,1500,728,173,162.1,97,0,3,94,2,2,23,21,0,2262,94,581,0.0705700016021729,36,0.0277800011634827,6.80733403123952,9.55697714945396,106.313299892908,1648.61648765279,97
"717",2022-02-15,62323,1396,731,177,163,77,0,4,73,1,2,19,17,3,2263,73,651,0.124420003890991,71,0.0140799999237061,11.3569394082574,9.46072771327362,89.0665423443251,1626.75196044764,77
"718",2022-02-16,62435,1368,731,200,157.6,112,0,15,97,4,3,18,15,0,2267,97,893,0.0839900016784668,53,0.0565999984741211,8.24554666152212,9.34302773171611,123.64098850494,1532.17394097689,111
"719",2022-02-17,62531,1334,732,181,161.3,96,0,9,87,2,4,19,15,1,2269,87,592,0.12331000328064,16,0.125,12.3354476878518,9.65440790925232,111.619705487296,1573.5021508052,96
"720",2022-02-18,62631,1301,735,126,161.1,100,0,15,85,2,3,18,15,3,2271,85,627,0.105260000228882,21,0.0476200008392334,10.3392037285699,9.89666122207766,112.791005659317,1496.77762779731,100
"721",2022-02-19,62729,1291,736,120,162.4,98,0,4,94,2,3,19,16,1,2273,94,644,0.124219999313354,24,0,11.9757005326048,10.108135745759,114.384283476611,1516.02244647132,97
"722",2022-02-20,62798,1252,738,119,160,69,0,4,65,3,5,19,14,2,2276,65,562,0.0925300025939941,27,0.037039999961853,8.99863182628094,10.0084005537609,77.5131152393132,1415.97569660954,68
"723",2022-02-21,62876,1200,740,76,156.6,78,0,3,75,4,3,22,19,2,2280,75,428,0.0794399976730347,11,0,7.74494738133459,10.1423453180602,86.4543146523106,1335.26903443697,78
"724",2022-02-22,62993,1215,740,117,142.7,117,0,5,112,2,3,23,20,0,2282,112,574,0.121949996948242,36,0.0277800011634827,11.6392423426518,10.182674308688,135.973235874939,1420.82572846474,114
"725",2022-02-23,63102,1234,741,154,134.1,109,0,7,102,1,4,21,17,1,2283,102,777,0.105530004501343,40,0.075,10.4035267438854,10.490957177597,124.44469840634,1420.85056699435,107
"726",2022-02-24,63198,1244,741,142,127.6,96,0,5,91,5,4,25,21,0,2288,91,771,0.085600004196167,34,0.0882400035858154,8.57115072759782,9.95320046898932,107.352178131151,1399.18801752915,94
"727",2022-02-25,63280,1239,742,141,122,82,0,4,78,1,3,24,21,1,2289,78,739,0.112309999465942,16,0,10.9929920007061,10.0465987935802,94.4798448742229,1437.23753588669,83
"728",2022-02-26,63354,1238,742,124,124.1,74,0,4,70,3,2,24,22,0,2292,70,675,0.0933300018310547,13,0,9.15664988894795,9.64387727305781,83.3289619425337,1402.98935549795,75
"729",2022-02-27,63444,1233,743,68,124.7,90,0,2,88,1,1,21,20,1,2293,88,562,0.0622800016403198,35,0.0571400022506714,6.19786616426017,9.24376789276912,97.9382274521537,1344.22539146029,84
"730",2022-02-28,63549,1236,743,77,117.4,105,0,6,99,3,1,20,19,0,2296,99,465,0.0860200023651123,32,0,8.0481491146433,9.28708242609894,116.596578744384,1380.78152856625,101
"731",2022-03-01,63656,1263,744,120,117.6,107,0,7,100,2,0,16,16,1,2298,100,916,0.171399993896484,52,0.0576900005340576,16.5291605823296,9.98564217462433,131.057443323349,1566.8455091739,102
"732",2022-03-02,63727,1212,748,153,118,71,0,13,58,0,0,9,9,4,2298,58,758,0.139840002059937,55,0.01817999958992,13.1609620589026,10.3795615053411,82.1100062460365,1444.1608201758,72
"733",2022-03-03,63803,1203,749,147,117.9,76,0,10,66,2,0,10,10,1,2300,66,711,0.0928299999237061,65,0.107690000534058,9.40747164696763,10.4990359223939,85.0368177979481,1367.71654258987,81
"734",2022-03-04,63867,1178,749,120,118.6,64,0,7,57,4,0,14,14,0,2304,57,464,0.116379995346069,29,0.0344799995422363,11.1562348534079,10.5223563299227,73.2553144014832,1369.27649763065,69
"735",2022-03-05,63937,1153,750,63,115.6,70,0,0,70,1,0,13,13,1,2305,70,526,0.09125,45,0.0666699981689453,8.93128720098118,10.4901616602132,79.0993583249654,1302.8794306955,69
"736",2022-03-06,64020,1169,751,74,106.9,83,0,10,73,1,0,11,11,1,2306,73,309,0.187700004577637,15,0,17.9010189550895,12.1620406303317,102.019508290332,1473.57267385477,67
"737",2022-03-07,64107,1174,751,136,107.7,87,0,8,79,1,1,9,8,0,2307,79,320,0.140629997253418,24,0,13.0818602096203,12.8811422153284,102.041642683643,1397.53023431136,66
"738",2022-03-08,64185,1127,752,162,116.1,78,0,8,70,4,2,11,9,1,2311,70,592,0.173990001678467,71,0.0704199981689453,16.2898794666135,12.8469591987975,94.596426360685,1394.20246440703,NA
"739",2022-03-09,64271,1094,752,82,122.1,86,0,7,79,0,2,7,5,0,2311,79,535,0.0878499984741211,32,0.09375,8.8182979159885,12.2265786069526,96.1393597091545,1234.41088002298,NA
"740",2022-03-10,64339,1067,752,138,112,68,0,5,63,2,1,9,8,0,2313,63,520,0.107690000534058,21,0,10.3509797186156,12.3613654743309,77.4911902639752,1227.74761923272,NA
"741",2022-03-11,64404,1047,754,89,110.7,65,0,10,55,2,2,9,7,2,2315,55,495,0.133330001831055,29,0.0689699983596802,12.976809324199,12.6214475415868,75.3879364777128,1244.74853622119,NA
"742",2022-03-12,64443,1010,754,66,106.3,39,0,2,37,3,2,12,10,0,2318,37,277,0.180510005950928,24,0,16.611718155617,13.7186519636776,47.9457127865277,1254.19378147008,NA
"743",2022-03-13,64475,966,754,49,106.7,32,0,0,32,1,2,13,11,0,2319,32,162,0.16048999786377,10,0,15.1159184034481,13.3207804563003,39.0401707036004,1178.52515311494,NA
"744",2022-03-14,64534,918,755,67,103.1,59,0,6,53,0,2,12,10,1,2319,53,189,0.116400003433228,16,0.1875,12.1949271457952,13.1940757328967,68.4070564930361,1080.93731812466,NA
"745",2022-03-15,64576,845,755,115,93.3,42,0,1,41,1,2,12,10,0,2320,41,377,0.167110004425049,63,0.0476200008392334,15.000120845708,13.0098245013388,50.9511180963819,1029.4803607669,NA
"746",2022-03-16,64578,779,755,61,86.6,2,0,0,2,0,2,11,9,0,2320,2,NA,NA,NA,NA,NA,NA,NA,NA,NA
