"","date","observed_cumulative_cases","observed_active_cases","observed_cumulative_deaths","observed_new_cases","observed_daily_average_cases","observed_new_episodes","observed_new_cases_community_outbreak","observed_new_cases_institution_outbreak","observed_new_cases_sporadic","observed_new_ICU_p_acute_care","observed_census_ICU","observed_census_ICU_p_acute_care","observed_census_acute_care","observed_new_deaths","cumulative_hosp","observed_new_community_cases","num_non_ltch_tests","non_ltch_pct_positivity","num_ltch_tests","ltch_pct_positivity","observed_pct_positivity","pct_positivity_7_day","adjusted_new_episodes","adjusted_active_cases","adjusted_episode_cases"
"1",2020-03-01,7,7,0,0,0,2,0,0,2,0,0,1,1,0,0,2,NA,NA,NA,NA,NA,NA,NA,NA,2
"2",2020-03-02,10,10,0,0,0,3,2,0,1,0,0,1,1,0,0,3,NA,NA,NA,NA,NA,NA,NA,NA,3
"3",2020-03-03,11,11,0,0,0,1,0,0,1,0,0,1,1,0,0,1,NA,NA,NA,NA,NA,NA,NA,NA,1
"4",2020-03-04,12,12,0,0,0,1,0,0,1,0,0,1,1,0,0,1,NA,NA,NA,NA,NA,NA,NA,NA,1
"5",2020-03-05,18,18,0,0,0,6,2,0,4,0,0,1,1,0,0,6,NA,NA,NA,NA,NA,NA,NA,NA,6
"6",2020-03-06,23,23,0,0,0,5,0,1,4,0,0,1,1,0,0,4,NA,NA,NA,NA,NA,NA,NA,NA,5
"7",2020-03-07,27,27,0,0,0,4,0,0,4,0,0,1,1,0,0,4,NA,NA,NA,NA,NA,NA,NA,NA,4
"8",2020-03-08,36,36,0,0,0,9,1,0,8,0,0,1,1,0,0,9,NA,NA,NA,NA,NA,NA,NA,NA,9
"9",2020-03-09,45,45,0,1,0.1,9,0,0,9,0,0,1,1,0,0,9,NA,NA,NA,NA,NA,NA,NA,NA,9
"10",2020-03-10,52,52,0,0,0.1,7,1,0,6,0,0,1,1,0,0,7,NA,NA,NA,NA,NA,NA,NA,NA,7
"11",2020-03-11,61,61,0,0,0.1,9,0,0,9,0,0,1,1,0,0,9,NA,NA,NA,NA,NA,NA,NA,NA,9
"12",2020-03-12,75,75,0,3,0.6,14,1,0,13,0,0,1,1,0,0,14,NA,NA,NA,NA,NA,NA,NA,NA,14
"13",2020-03-13,97,97,0,1,0.7,22,2,2,18,0,0,1,1,0,0,20,NA,NA,NA,NA,NA,NA,NA,NA,22
"14",2020-03-14,115,115,0,4,1.3,18,1,1,16,1,0,2,2,0,1,17,NA,NA,NA,NA,NA,NA,NA,NA,18
"15",2020-03-15,142,142,0,4,1.9,27,1,0,26,0,0,2,2,0,1,27,NA,NA,NA,NA,NA,NA,NA,NA,27
"16",2020-03-16,157,157,0,0,1.7,15,0,0,15,0,0,2,2,0,1,15,NA,NA,NA,NA,NA,NA,NA,NA,15
"17",2020-03-17,180,179,0,5,2.4,23,1,0,22,2,0,4,4,0,3,23,127,0,4,0,0,0,23,179,23
"18",2020-03-18,196,194,0,4,3,16,0,0,16,0,0,3,3,0,3,16,210,0.0190499997138977,1,0,1.89597153550641,0.947985767753204,15.6918418725723,190.263582704939,16
"19",2020-03-19,221,219,0,1,2.7,25,0,0,25,4,0,7,7,0,7,25,110,0.0272699999809265,9,0,2.52075630075791,1.47224261208811,24.3598338579358,213.392144595518,25
"20",2020-03-20,243,241,0,2,2.9,22,1,1,20,3,1,10,9,0,10,21,137,0.00730000019073486,4,0,0.709290798674238,1.28150465873464,21.8486907594344,239.263546334461,22
"21",2020-03-21,263,261,0,4,2.9,20,0,2,18,3,1,10,9,0,13,18,204,0.0147099995613098,3,0,1.44968111618705,1.31513995022512,19.7349261916721,257.156429779246,20
"22",2020-03-22,289,287,0,7,3.3,26,0,1,25,3,5,13,8,0,16,25,159,0.0314499998092651,2,0,3.10593165818208,1.61360523488462,25.2112239146103,277.944850539726,26
"23",2020-03-23,310,308,0,9,4.6,21,1,0,20,4,5,17,12,0,20,21,138,0.0362299990653992,3,0,3.54591480214545,1.88964945877902,20.2435688199736,296.90567602628,21
"24",2020-03-24,328,324,1,8,5,18,1,3,14,3,7,20,13,1,23,15,253,0.0197599995136261,4,0,1.94524508830638,2.16754161425136,17.7035937087986,317.59762411005,18
"25",2020-03-25,351,347,1,8,5.6,23,0,1,22,4,8,23,15,0,27,22,153,0.0588199996948242,2,0,5.80610319568265,2.7261318514194,21.7024345827328,326.533854554922,23
"26",2020-03-26,365,357,1,19,8.1,14,1,3,10,2,7,25,18,0,29,11,274,0.025550000667572,3,0,2.5273285858898,2.72707074929538,13.7175925004606,347.834592969493,14
"27",2020-03-27,382,365,1,27,11.7,17,3,2,12,5,9,26,17,0,34,15,577,0.0294600009918213,4,0,2.92571782655437,3.04370318184968,16.5541943916045,354.152063529043,17
"28",2020-03-28,407,387,2,26,14.9,25,1,1,23,3,8,25,17,1,37,24,367,0.0817399978637695,3,0,8.10772411243336,3.99485218131344,23.0233397231459,355.126353035727,25
"29",2020-03-29,426,399,2,11,15.4,19,5,4,10,7,8,31,23,0,44,15,184,0.0434800004959106,0,0,4.34800004959107,4.1722905229433,18.3374744516307,381.376820413378,19
"30",2020-03-30,451,408,3,48,21,25,8,3,14,4,12,32,20,1,48,22,549,0.0783199977874756,0,0,7.83199977874756,4.7845883767436,23.2496811168455,375.539540712408,25
"31",2020-03-31,468,405,3,51,27.1,17,2,3,12,6,13,34,21,0,54,14,943,0.064689998626709,0,0,6.4689998626709,5.43083905879567,16.0800017348133,378.385764471384,17
"32",2020-04-01,495,408,3,37,31.3,27,6,4,16,3,15,33,18,0,57,22,575,0.0573899984359741,4,0.25,5.87206374795943,5.44026199483521,24.6876935199832,383.662679825144,27
"33",2020-04-02,512,404,6,32,33.1,17,5,4,7,6,14,34,20,3,63,12,107,0.0841100025177002,9,0,7.75842264602924,6.1875611462837,15.0542496486817,372.159738172283,17
"34",2020-04-03,539,409,6,26,33,27,3,4,19,5,14,37,23,0,68,22,217,0.110600004196167,2,0,10.9589958495745,7.33517229242944,23.5508506233654,363.468086588929,27
"35",2020-04-04,556,416,7,18,31.9,17,3,7,6,7,14,43,29,1,75,9,315,0.0253999996185303,3,0,2.51603769806196,6.53635994751924,15.7699715864838,405.36757555303,17
"36",2020-04-05,583,427,8,40,36,27,4,8,13,4,13,43,30,1,79,17,422,0.0663500022888184,5,0.2,6.79149905524153,6.88543123404074,23.8271664069831,397.541179751869,27
"37",2020-04-06,602,427,9,40,34.9,19,3,7,9,4,12,44,32,1,83,12,238,0.117650003433228,4,0.25,11.9837606682265,7.47853993253773,17.5391816894778,375.019215117251,19
"38",2020-04-07,625,425,9,25,31.1,23,2,11,10,4,14,45,31,0,87,12,285,0.108769998550415,6,0,10.6527318167932,8.07621592598378,21.701433871563,379.009116284524,23
"39",2020-04-08,645,428,11,26,29.6,20,1,10,8,5,16,44,28,2,92,9,368,0.0434800004959106,6,0.333330001831055,4.81300005173301,7.92492111223715,18.5599721073312,407.074229104195,20
"40",2020-04-09,681,436,11,25,28.6,36,1,20,13,6,16,47,31,0,98,14,295,0.0949199962615967,5,0,9.33379963239034,8.14997496743159,32.6725800507508,394.660350151954,36
"41",2020-04-10,715,453,11,37,30.1,34,0,20,13,4,16,49,33,0,102,13,331,0.090629997253418,8,0,8.84912362562872,7.84856464972504,31.8314011744057,412.278825538906,34
"42",2020-04-11,759,483,11,31,32,44,0,34,8,5,19,53,34,0,107,8,225,0.102220001220703,11,0.363639984130859,11.4404830932617,9.12348542046786,41.070271419991,426.867636981957,44
"43",2020-04-12,792,498,13,35,31.3,33,0,18,14,1,18,49,31,2,108,14,227,0.101319999694824,12,0.5,12.1337405567887,9.88666277783175,30.2743823621195,436.617315452536,33
"44",2020-04-13,816,505,16,16,27.9,24,0,19,5,3,20,51,31,3,111,5,165,0.0606099987030029,26,0.0384599995613098,5.75948155737672,8.99748004771035,23.7074667560869,475.454142364776,24
"45",2020-04-14,849,505,18,32,28.9,33,0,26,7,5,20,50,30,2,116,7,208,0.0673099994659424,18,0.166669998168945,7.52236276812258,8.55028446932883,32.4650980952471,466.410648299968,33
"46",2020-04-15,878,503,24,60,33.7,29,2,18,9,4,16,50,34,6,120,11,390,0.1,24,0.208330001831055,10.6280000106148,9.38099874916909,27.8124112848405,448.694806934068,29
"47",2020-04-16,948,552,24,21,33.1,70,1,55,13,7,13,52,39,0,127,14,310,0.0354800009727478,11,0,3.42641753942424,8.5370870216025,68.5127070244249,532.786734105897,70
"48",2020-04-17,980,556,26,73,38.3,32,0,26,6,0,13,49,36,2,127,6,378,0.0846599960327148,66,0.5,14.6399726352176,9.36435116582949,31.1076949597394,473.313066269185,32
"49",2020-04-18,1020,578,31,31,38.3,40,0,31,9,1,11,46,35,5,128,9,421,0.0617600011825562,8,0,6.06082995288022,8.59582928863213,39.4458894237847,542.41378743862,40
"50",2020-04-19,1037,581,35,38,38.7,17,0,13,4,5,15,47,32,4,133,4,452,0.0442500019073486,47,0.127659997940063,5.21062540386865,7.60681283821498,16.7882752276191,550.246976811669,17
"51",2020-04-20,1098,617,39,16,38.7,61,1,47,13,3,13,45,32,4,136,14,325,0.0523099994659424,43,0.0232599997520447,4.89155701515467,7.48282361789754,60.304340073653,586.341273245994,61
"52",2020-04-21,1134,630,47,51,41.4,36,0,26,10,2,11,43,32,8,138,10,543,0.069980001449585,25,0.36,8.27449661745152,7.59027131065882,35.1594502688698,577.045366938799,36
"53",2020-04-22,1175,647,54,35,37.9,41,1,31,9,4,9,45,36,7,142,10,656,0.0243899989128113,122,0.106560001373291,3.7275269221524,6.60448944087848,40.6213459383635,622.501082212117,41
"54",2020-04-23,1220,662,57,50,42,45,0,35,10,5,11,48,37,3,147,10,775,0.0361299991607666,105,0.0285700011253357,3.522795394063,6.61825770582687,44.6421432193155,638.309881118684,45
"55",2020-04-24,1261,669,65,38,37,41,0,36,5,7,10,48,38,8,154,5,517,0.0406199979782104,94,0.106379995346069,5.07369206501887,5.25164619579848,40.7422990969569,634.519619172831,41
"56",2020-04-25,1362,741,78,53,40.1,101,0,95,6,4,9,48,39,13,158,6,557,0.0502699995040894,28,0.0357100009918213,4.95731106864081,5.09400064090713,100.697852327808,703.684762484269,101
"57",2020-04-26,1416,760,87,87,47.1,54,0,41,13,5,9,50,41,9,163,13,358,0.0502799987792969,81,0.0123500001430511,4.32815252268233,4.96793308645194,53.428432218943,726.585268184361,54
"58",2020-04-27,1477,784,95,87,57.3,61,0,54,7,8,11,56,45,8,171,7,269,0.0632000017166138,80,0.1,7.16355314090805,5.29250396155957,60.4906124128833,726.94859024293,61
"59",2020-04-28,1497,779,103,65,59.3,20,0,13,7,7,13,61,48,8,178,7,503,0.0616300010681152,11,0.272730007171631,6.61477054788909,5.05540023733637,19.5296353719388,726.655136391476,20
"60",2020-04-29,1522,768,111,28,58.3,25,0,17,8,7,13,62,49,8,185,8,668,0.0314400005340576,74,0.148649997711182,4.31294072606172,5.13903078075198,24.6495021911036,734.352210345948,25
"61",2020-04-30,1542,758,122,30,55.4,20,0,10,10,2,11,56,45,11,187,10,603,0.0414599990844727,6,0.333330001831055,4.43355656139956,5.26913951894292,19.549625198012,723.861590009312,20
"62",2020-05-01,1565,741,135,43,56.1,23,0,16,7,6,11,57,46,13,193,7,516,0.031010000705719,55,0.0909099960327148,3.67797025323123,5.06975068868754,22.7384660438852,713.31476264556,23
"63",2020-05-02,1586,742,139,22,51.7,21,0,15,6,4,12,57,45,4,197,6,508,0.0511800003051758,28,0.0357100009918213,5.03718660126871,5.08116147906296,20.6929839211425,704.032344914626,21
"64",2020-05-03,1605,723,148,23,42.6,19,0,13,6,3,12,52,40,9,200,6,826,0.0205800008773804,231,0.0043299999833107,1.70286761786764,4.70612077837514,18.8962103689549,710.493349459063,19
"65",2020-05-04,1623,720,152,14,32.1,18,0,11,7,6,10,52,42,4,206,7,637,0.0109899997711182,24,0.125,1.51295459216373,3.89889241426881,17.8924164762988,708.934266133595,18
"66",2020-05-05,1648,720,156,29,27,25,0,24,1,3,9,50,41,4,209,1,923,0.0292499995231628,29,0.172409992218018,3.36109656871868,3.4340818458159,24.9658569101209,695.416975287053,25
"67",2020-05-06,1664,693,161,23,26.3,16,0,11,5,4,10,52,42,5,213,5,598,0.0167200005054474,149,0.0134200000762939,1.60617674881196,3.04740127763736,15.9184197240764,681.692973756987,16
"68",2020-05-07,1687,671,167,32,26.6,23,0,16,7,6,10,54,44,6,219,7,813,0.0356699991226196,234,0.0128199994564056,3.05631224063884,2.85065208895726,22.7826710450651,650.167467319811,23
"69",2020-05-08,1700,638,173,16,22.7,13,0,8,5,4,8,54,46,6,223,5,715,0.00978999972343445,127,0.0472399997711182,1.54386339349022,2.54577968042283,12.9215847186666,627.994210101855,13
"70",2020-05-09,1717,622,179,12,21.3,17,0,12,5,5,6,51,45,6,228,5,1100,0.0154499995708466,164,0.0304900002479553,1.74013920637626,2.0747729097239,16.9116155574368,611.004975345141,17
"71",2020-05-10,1729,553,185,25,21.6,12,0,8,4,3,5,52,47,6,231,4,907,0.0176400005817413,316,0.0126600003242493,1.6353262984548,2.06512414980778,11.9335513376088,543.813472424411,12
"72",2020-05-11,1749,534,188,14,21.6,20,0,14,6,1,5,51,46,3,232,6,517,0.00967000007629394,197,0.0152300000190735,1.12040616851561,2.00904580357234,19.9317113428955,527.9223095177,20
"73",2020-05-12,1772,517,193,13,19.3,23,0,17,6,4,6,51,45,5,236,6,835,0.0131700003147125,322,0.00310999989509583,1.03702422031165,1.67703546808562,22.9367934652808,511.553703591693,23
"74",2020-05-13,1793,499,195,21,19,21,0,15,6,2,7,47,40,2,238,6,1249,0.0144099998474121,224,0.0133899998664856,1.42548878340193,1.65122290159847,20.9131165844392,491.774195939193,21
"75",2020-05-14,1807,471,198,25,18,14,0,10,4,2,6,45,39,3,240,4,1046,0.0267700004577637,127,0.0236199998855591,2.6428951802461,1.59216332154237,13.8926105146517,458.354888100237,14
"76",2020-05-15,1827,457,201,17,18.1,20,0,12,8,1,5,44,39,3,241,8,1163,0.012039999961853,137,0.0146000003814697,1.23097846214588,1.54746547420746,19.8999626284744,451.285365151602,20
"77",2020-05-16,1843,438,207,19,19.1,16,0,6,10,1,4,42,38,6,242,10,967,0.0134399998188019,25,0.04,1.4109354662078,1.50043636846911,15.8566726797299,431.722263372171,16
"78",2020-05-17,1855,398,212,15,17.7,12,0,9,3,1,2,42,40,5,243,3,353,0.0254999995231628,10,0.1,2.7552341134095,1.66042319917693,11.9160343619571,386.860558686309,12
"79",2020-05-18,1870,390,213,26,19.4,15,0,8,7,2,1,43,42,1,245,7,376,0.0398900008201599,17,0.0588199996948242,4.07088557333133,2.08192025700774,14.7105265307818,373.872192429273,15
"80",2020-05-19,1882,353,219,23,20.9,12,0,8,4,0,1,40,39,6,245,4,359,0.0390000009536743,31,0.225809993743896,5.38490003805894,2.70304537382879,11.7811938785687,333.690359783684,12
"81",2020-05-20,1897,339,223,17,20.3,15,0,9,6,3,1,41,40,4,248,6,675,0.0296300005912781,36,0.0555600023269653,3.0942912071566,2.94144572007945,14.8114032239693,328.344282154265,15
"82",2020-05-21,1905,325,229,11,18.3,8,0,1,7,0,1,38,37,6,248,7,478,0.0209200000762939,36,0,1.94547860631683,2.8418147809467,7.86166045905353,318.577092741771,8
"83",2020-05-22,1912,309,233,7,16.9,7,0,3,4,1,1,36,35,4,249,4,514,0.00583999991416931,14,0,0.568515143159664,2.74717716394867,6.97689936812744,307.215476187845,7
"84",2020-05-23,1921,305,236,6,15,9,1,3,5,1,0,35,35,3,250,6,582,0.00859000027179718,43,0,0.799900825309753,2.65988650096323,8.95124611528197,302.521677526834,9
"85",2020-05-24,1931,302,237,8,14,10,0,3,7,1,1,36,35,1,251,7,332,0.0150600004196167,25,0.04,1.68064989896716,2.50637447032861,9.88049195978823,296.844081693721,10
"86",2020-05-25,1946,298,240,6,11.1,15,1,7,7,0,1,35,34,3,251,8,401,0.0174600005149841,8,0,1.71184846124906,2.16936916860257,14.8608839831244,292.817928371382,15
"87",2020-05-26,1952,288,243,16,10.1,6,0,2,4,1,1,35,34,3,252,4,1123,0.00800999999046326,41,0.0731699991226196,1.03051545990701,1.54731422886658,5.95812678243539,284.985128335348,6
"88",2020-05-27,1957,261,243,8,8.9,5,0,1,4,1,1,33,32,0,253,4,1150,0.00957000017166138,13,0.0769199991226196,1.03228376491871,1.25274173711831,4.95805493041245,258.263084209412,5
"89",2020-05-28,1961,236,244,4,7.9,4,0,2,2,1,1,31,30,1,254,2,1403,0.00284999996423721,88,0,0.268179071081476,1.01312751779898,3.99455150309405,235.357077365098,4
"90",2020-05-29,1968,226,247,7,7.9,7,0,3,4,2,1,32,31,3,256,4,1380,0.0065200001001358,37,0,0.634975309681539,1.0226218273021,6.97419887393747,224.542236377467,7
"91",2020-05-30,1971,208,248,15,9.1,3,1,1,1,0,1,31,30,1,256,2,1020,0.0127499997615814,119,0,1.1417910234252,1.07146328417574,2.9768026459586,205.587475179695,3
"92",2020-05-31,1975,193,249,10,9.4,4,0,1,3,3,1,34,33,1,259,3,1309,0.00535000026226044,11,0.0909099960327148,0.606300022701422,0.917984730423489,3.98152303355864,191.811315158939,4
"93",2020-06-01,1986,184,250,5,9.3,11,0,5,6,0,1,31,30,1,259,6,763,0.00130999997258186,20,0,0.127653892602805,0.691671220616882,10.9922195065103,183.761398199648,11
"94",2020-06-02,1989,165,251,8,8.1,3,0,1,2,0,1,26,25,1,259,2,858,0.0104900002479553,9,0,1.03811075118174,0.692756262227556,2.97890908044004,163.259999136303,3
"95",2020-06-03,1999,156,251,8,8.1,10,0,7,3,0,0,22,22,0,259,3,1110,0.00449999988079071,141,0,0.399280564962245,0.602327233662347,9.98783194239937,155.367261004767,10
"96",2020-06-04,2006,146,254,8,8.7,7,0,2,5,0,0,20,20,3,259,5,1430,0.00559000015258789,21,0,0.550909732474203,0.642717328147022,6.97201841701575,145.18293777686,7
"97",2020-06-05,2010,137,256,15,9.9,4,0,1,3,1,0,21,21,2,260,3,1366,0.00952000021934509,29,0,0.932209340474939,0.685179332546079,3.97159096147889,135.702653907536,4
"98",2020-06-06,2013,128,257,2,8,3,0,0,3,0,0,21,21,1,260,3,1404,0.000710000023245811,68,0,0.0677201109128478,0.5317406307586,2.9979362326078,127.911945924599,3
"99",2020-06-07,2014,118,258,4,7.1,1,0,0,1,0,0,20,20,1,260,1,870,0.00230000004172325,22,0,0.22432735832951,0.477173107276898,0.997721211217474,117.731102923662,1
"100",2020-06-08,2017,110,258,0,6.4,3,0,0,3,0,0,19,19,0,260,3,701,0.0014300000667572,12,0,0.140593274445554,0.479021590397291,2.99571542616437,109.84289895936,3
"101",2020-06-09,2027,107,259,3,5.7,10,0,3,7,0,0,18,18,1,260,7,1338,0.00224000006914139,10,0,0.222338285794598,0.362482666770557,9.98418991795038,106.758331602956,10
"102",2020-06-10,2037,105,259,7,5.6,10,0,4,6,0,0,17,17,0,260,6,1281,0.00233999997377396,12,0,0.231828303666236,0.338560915156841,9.98587008534846,104.752726493598,10
"103",2020-06-11,2044,104,260,5,5.1,7,0,2,5,0,0,16,16,1,260,5,1529,0.00326999992132187,6,0,0.325721816267175,0.306391212841551,6.98345607003397,103.655886256706,7
"104",2020-06-12,2048,107,260,10,4.4,4,0,2,2,0,0,16,16,0,260,2,1596,0.00814999997615814,13,0,0.808415162333648,0.288706330249938,3.98357572239723,106.121301148252,4
"105",2020-06-13,2051,105,260,6,5,3,0,3,0,0,0,16,16,0,260,0,1479,0.00270000010728836,23,0.0434800004959106,0.332446083228058,0.326524326294968,3,104.64540520985,3
"106",2020-06-14,2054,102,260,1,4.6,3,0,1,2,0,0,16,16,0,260,2,768,0,13,0,0,0.294477560819324,3,102,3
"107",2020-06-15,2059,100,260,2,4.9,5,0,2,3,0,0,14,14,0,260,3,720,0.00555999994277954,17,0,0.543175028331244,0.351989239945851,4.98344676497695,99.4482254992315,5
"108",2020-06-16,2063,99,260,3,4.9,4,0,1,3,1,0,14,14,0,261,3,1250,0.000799999982118607,14,0,0.0791139222822989,0.331528616586951,3.99758900670902,98.9204372213977,4
"109",2020-06-17,2066,89,260,8,5,3,0,0,3,1,1,6,5,0,262,3,1098,0.0091100001335144,26,0,0.889927059305944,0.425542724535481,2.97287951213199,88.1954255265822,3
"110",2020-06-18,2068,75,260,2,4.6,2,0,0,2,0,1,6,5,0,262,2,1304,0.00230000004172325,122,0,0.210322584460527,0.409057119991674,1.99572695234545,74.8397607129544,2
"111",2020-06-19,2071,73,260,5,3.9,3,0,0,3,0,1,5,4,0,262,3,1875,0.0010700000077486,19,0,0.105926611115556,0.308701612674804,2.99677189119982,72.9214493525291,3
"112",2020-06-20,2077,73,261,1,3.1,6,0,0,6,1,1,5,4,1,263,6,1792,0.000560000017285347,158,0,0.0514625656910432,0.268561110169516,5.99686336116227,72.9618375608077,6
"113",2020-06-21,2083,77,261,1,3.1,6,0,0,6,0,1,4,3,0,263,6,1102,0.00363000005483627,86,0,0.336722227308887,0.316664285499357,5.97947680995846,76.7366190611336,6
"114",2020-06-22,2085,76,262,6,3.7,2,0,1,1,0,1,1,0,1,263,1,509,0.0039300000667572,10,0,0.385427752211834,0.294128960339441,1.99608470208558,75.7024373585041,2
"115",2020-06-23,2094,81,262,4,3.9,9,0,0,9,0,1,1,0,0,263,9,1255,0.00158999994397163,20,0,0.156505876837992,0.305184953847398,8.9856914709256,80.8712232383304,9
"116",2020-06-24,2096,75,263,3,3.1,2,0,0,2,1,1,2,1,1,264,2,1733,0.00289000004529953,24,0,0.285052366448724,0.218774283439223,1.99420869447282,74.7828260427307,2
"117",2020-06-25,2102,73,263,6,3.7,6,0,0,6,0,1,2,1,0,264,6,1796,0.00277999997138977,21,0.0476200008392334,0.32982388366758,0.235845897611659,5.97989726339468,72.7554167046353,6
"118",2020-06-26,2106,67,263,6,3.9,4,0,0,4,0,1,2,1,0,264,4,2028,0.00196999996900558,23,0,0.194790830674955,0.248540786120145,3.99208501070602,66.8674239293259,4
"119",2020-06-27,2109,69,263,3,4.1,3,0,0,3,0,1,1,0,0,264,3,1574,0.000640000030398369,80,0,0.0609044768952257,0.249889630577885,2.99814393875377,68.9573105913368,3
"120",2020-06-28,2111,68,263,2,4.3,2,0,0,2,0,1,1,0,0,264,2,880,0.00114000000059605,12,0,0.112466367771807,0.217853079215445,1.99771506160284,67.9223120944967,2
"121",2020-06-29,2115,69,263,1,3.6,4,0,0,4,2,1,3,2,0,266,4,854,0.00351000010967255,8,0,0.347742470262222,0.212469467508358,3.9858700847486,68.7562589619134,4
"122",2020-06-30,2118,68,263,10,4.4,3,0,0,3,0,1,3,2,0,266,3,1605,0.00435999989509583,11,0,0.433032167798812,0.251973223359904,2.98680336379208,67.7008762459537,3
"123",2020-07-01,2120,67,263,4,4.6,2,0,0,2,0,2,3,1,0,266,2,1601,0.00312000006437302,15,0,0.309103966773589,0.255409166263456,1.99372004683367,66.7896215689279,2
"124",2020-07-02,2126,66,263,4,4.3,6,0,1,5,0,1,3,2,0,266,5,1012,0.00197999998927116,12,0,0.195679686439689,0.236245709516614,5.99006111698217,65.8688067441647,6
"125",2020-07-03,2134,74,263,4,4,8,0,0,8,0,1,3,2,0,266,8,1334,0.00300000011920929,14,0,0.296884284794154,0.2508304886765,7.97587323871916,73.7768274581522,8
"126",2020-07-04,2138,75,263,4,4.1,4,0,0,4,0,1,3,2,0,266,4,1257,0.00317999988794327,40,0,0.308192741645697,0.286157383640853,3.9874771197281,74.7651959949018,4
"127",2020-07-05,2140,72,263,5,4.6,2,0,0,2,0,1,2,1,0,266,2,734,0.00272000014781952,47,0,0.255631255889824,0.306609510514855,1.99480643250362,71.8130315701302,2
"128",2020-07-06,2146,72,263,0,4.4,6,0,1,5,0,1,2,1,0,266,5,602,0,10,0,0,0.256932014763109,6,72,6
"129",2020-07-07,2153,73,263,6,3.9,7,0,1,6,0,1,1,0,0,266,6,1272,0.0039300000667572,21,0,0.386617175940848,0.250301301640543,6.97643571724216,72.7133012264463,7
"130",2020-07-08,2166,79,263,5,4,13,0,1,12,0,1,1,0,0,266,12,1684,0.00296999990940094,39,0,0.29027741424441,0.247611794136374,12.9646152344327,78.7670502933489,13
"131",2020-07-09,2174,83,263,5,4.1,8,0,0,8,1,0,2,2,0,267,8,1504,0.00266000002622604,41,0,0.258941102876632,0.256649139341652,7.97895675017209,82.7816762830355,8
"132",2020-07-10,2190,96,263,12,5.3,16,0,0,16,0,0,2,2,0,267,16,1900,0.00684000015258789,14,0.0714300012588501,0.73124453017455,0.318700602967423,15.881148561099,95.2868913665938,16
"133",2020-07-11,2197,101,263,7,5.7,7,0,0,7,1,1,2,1,0,268,7,1571,0.00381999999284744,25,0,0.376016290022765,0.328389681307004,6.97326214702066,100.614210978441,7
"134",2020-07-12,2220,121,263,9,6.3,23,0,2,21,1,1,3,2,0,269,21,1068,0.00842999994754791,13,0,0.832862159480219,0.410851238962775,22.822329937055,119.976282018269,23
"135",2020-07-13,2243,139,263,6,7.1,23,0,2,21,0,0,3,3,0,269,21,808,0.00619000017642975,65,0,0.572911814725686,0.492695783923587,22.8777837640651,138.191044914526,23
"136",2020-07-14,2262,149,263,4,6.9,19,0,2,17,1,0,4,4,0,270,17,1406,0.00356000006198883,66,0,0.340038049399205,0.486041622989067,18.9412783475348,148.485321987217,19
"137",2020-07-15,2283,168,263,15,8.3,21,0,0,21,1,0,5,5,0,271,21,1404,0.00782999992370606,46,0,0.758159992612641,0.552881991327386,20.8382657537305,166.706126029844,21
"138",2020-07-16,2305,186,263,7,8.6,22,0,1,21,0,0,5,5,0,271,21,1695,0.00708000004291534,25,0.04,0.75584884143846,0.623868811121932,21.838758779341,184.571863474163,22
"139",2020-07-17,2335,213,263,17,9.3,30,0,0,29,0,1,5,4,0,271,29,1787,0.00726999998092651,21,0,0.718555860946664,0.622056144089377,28.7883197377958,211.445244970707,30
"140",2020-07-18,2361,232,263,16,10.6,26,0,0,24,2,1,6,5,0,273,24,1551,0.00708999991416931,81,0,0.673810653607635,0.664598196030073,23.8357252004832,230.412010271338,26
"141",2020-07-19,2379,250,263,28,13.3,18,0,0,18,0,1,6,5,0,273,18,2025,0.0212299990653992,22,0,2.10018310246377,0.845644045027723,17.6159820756856,244.666417717856,18
"142",2020-07-20,2409,275,263,47,19.1,30,0,0,27,2,3,8,5,0,275,27,1548,0.0148599994182587,35,0.0285700011253357,1.51631264301018,0.980415591925508,26.5841139519473,270.764123584649,30
"143",2020-07-21,2433,294,263,23,21.9,24,0,0,23,0,3,8,5,0,275,23,1428,0.0161099994182587,15,0,1.59425358068423,1.15958923925194,22.6275164755916,289.238688861909,24
"144",2020-07-22,2460,314,263,13,21.6,27,0,1,23,2,3,9,6,0,277,23,1771,0.00902999997138977,16,0,0.894914938406899,1.17912566007969,23.7909108849795,311.145479038415,27
"145",2020-07-23,2479,322,263,29,24.7,19,0,1,17,1,3,10,7,0,278,17,1667,0.0101999998092651,32,0,1.0007886805206,1.21411706566285,17.8271723849951,318.726441645201,19
"146",2020-07-24,2502,337,263,34,27.1,23,0,1,18,0,3,7,4,0,278,18,2036,0.0122800004482269,83,0,1.17989999587494,1.28002337065261,18.7842555981034,332.960785364491,23
"147",2020-07-25,2514,336,263,26,28.6,12,0,1,10,0,3,7,4,0,278,10,2126,0.00800000011920929,320,0,0.695339339878943,1.28309889726279,10.9293652143205,333.626671201169,12
"148",2020-07-26,2521,338,263,21,27.6,7,0,0,6,2,4,9,5,0,280,6,1816,0.0121099996566772,73,0,1.16420113163186,1.14938718714395,5.92904204375811,334.002701798374,7
"149",2020-07-27,2536,340,264,22,24,15,0,1,13,1,4,9,5,1,281,13,1601,0.00874000012874603,24,0,0.861091704992148,1.05578419599852,13.886285829224,337.025937072012,15
"150",2020-07-28,2556,330,264,14,22.7,20,0,2,17,1,4,10,6,0,282,17,1488,0.00739000022411346,24,0,0.727269863325452,0.931929379232978,18.8744067370165,327.562013130321,20
"151",2020-07-29,2572,324,264,20,23.7,16,2,2,12,2,4,11,7,0,284,14,2254,0.00620999991893768,52,0,0.606996522865808,0.890798177012822,15.9136751028187,322.002195236661,16
"152",2020-07-30,2592,334,264,19,22.3,20,1,0,18,1,4,12,8,0,285,19,1891,0.00898999989032745,134,0,0.839510607042431,0.867758452230227,18.8379676915052,331.151642576987,20
"153",2020-07-31,2602,321,264,18,20,10,0,1,9,1,3,13,10,0,286,9,2129,0.00797999978065491,207,0,0.727286795077667,0.803099423544901,9.93350790102555,318.628448469911,10
"154",2020-08-01,2620,309,264,15,18.4,18,0,0,18,1,2,13,11,0,287,18,1629,0.00551999986171722,83,0.0120500004291534,0.583658283315251,0.787144986892945,17.8932782374048,307.167943075449,18
"155",2020-08-02,2628,294,264,2,15.7,8,0,0,8,0,2,13,11,0,287,8,1340,0.00149000003933907,11,0,0.147786828476266,0.641942943585003,7.98798987446044,293.558627886421,8
"156",2020-08-03,2637,280,264,10,14,9,0,1,7,0,1,12,11,0,287,7,1046,0.0114699995517731,47,0,1.09767790769942,0.675740972543185,7.92194606645112,276.877842658045,9
"157",2020-08-04,2649,268,264,20,14.9,12,0,1,11,1,1,11,10,0,288,11,1699,0.0058899998664856,12,0,0.584869069150148,0.655398001946712,11.9346458500494,266.407735255749,12
"158",2020-08-05,2658,248,264,12,13.7,9,1,0,8,1,1,12,11,0,289,9,1599,0.005,70,0,0.479029358897543,0.637116978522675,8.95620480426833,246.79319905095,9
"159",2020-08-06,2668,224,264,13,12.9,10,0,0,10,1,2,10,8,0,290,10,1639,0.00305000007152557,10,0,0.303150401287472,0.560494091986252,9.96920501632005,223.310192365569,10
"160",2020-08-07,2680,225,264,6,11.1,12,0,3,9,1,2,10,8,0,291,9,1689,0,39,0,0,0.456595978403728,12,225,12
"161",2020-08-08,2686,208,264,14,11,6,1,1,4,0,1,10,9,0,291,5,1518,0.00725000023841858,95,0,0.682300084433937,0.470687664277826,5.96534489171755,206.55834749545,6
"162",2020-08-09,2688,199,264,16,13,2,0,1,1,2,2,12,10,0,293,1,1589,0.00441000014543533,102,0,0.414399185753799,0.508775143888902,1.9957904010326,198.162289805487,2
"163",2020-08-10,2700,200,264,8,12.7,12,2,0,10,0,1,12,11,0,293,12,1384,0.00578000009059906,27,0,0.566939767922686,0.432955409635084,11.9308901423457,198.848169039095,12
"164",2020-08-11,2713,204,264,8,11,13,2,1,10,0,1,12,11,0,293,12,1460,0.00342000007629395,41,0,0.332658235269098,0.396925290509219,12.9594490198293,203.310633337099,13
"165",2020-08-12,2720,187,264,12,11,7,3,0,4,0,2,10,8,0,293,7,1486,0.00268999993801117,7,0,0.267738774808078,0.366740921353581,6.98096156951803,186.491401928553,7
"166",2020-08-13,2742,190,264,11,10.7,22,0,0,22,0,2,9,7,0,293,22,1689,0.00532999992370605,56,0,0.515895121555274,0.397133024248982,21.8847062055038,189.004280865714,22
"167",2020-08-14,2753,185,264,6,10.7,11,4,1,6,1,2,10,8,0,294,10,1882,0.00477999985218048,36,0,0.469028139822923,0.464137044223685,10.9523546271094,184.118560601524,11
"168",2020-08-15,2757,177,264,2,9,4,0,0,4,1,2,11,9,0,295,4,2044,0.00734000027179718,21,0,0.726535620123653,0.470456406465073,3.97047847870946,175.693672682894,4
"169",2020-08-16,2761,158,264,26,10.4,4,0,1,3,0,2,11,9,0,295,3,1196,0.00501999974250793,22,0,0.492932651234769,0.481675472962354,3.98497789920223,157.208836024651,4
"170",2020-08-17,2785,173,265,8,10.4,24,1,4,19,1,1,9,8,1,296,20,1358,0.00662999987602234,32,0,0.647736678535132,0.493217888764132,23.8684016886689,171.861674606986,24
"171",2020-08-18,2811,192,265,15,11.4,26,1,1,24,0,1,7,6,0,296,25,1888,0.00583000004291534,77,0.0519500017166138,0.76372469278389,0.554798811266246,25.8060460306966,190.51043351575,26
"172",2020-08-19,2835,201,265,23,13,24,4,3,15,2,1,7,6,0,298,19,1519,0.0118499994277954,25,0.04,1.23057960691847,0.692347501567731,21.762488224898,198.487375431816,24
"173",2020-08-20,2852,209,266,24,14.9,17,1,0,16,3,0,6,6,1,301,17,1607,0.00995999991893768,103,0,0.936007009925898,0.752363485620677,16.8383596234629,207.012774194338,17
"174",2020-08-21,2873,216,266,16,16.3,21,3,2,16,0,0,6,6,0,301,19,1804,0.00721000015735626,116,0.00861999988555908,0.729518764093518,0.789576431945048,20.8591970030578,214.399292245289,21
"175",2020-08-22,2892,226,266,16,18.3,19,1,0,18,1,0,7,7,0,302,19,1864,0.00589999973773956,73,0,0.567764559171221,0.766894851808986,18.8904168673602,224.696537474916,19
"176",2020-08-23,2909,236,266,13,16.4,17,0,1,15,0,0,7,7,0,302,15,694,0.0172899997234344,5,0,1.71663230444399,0.941709087981732,15.7384285313067,231.884608892559,17
"177",2020-08-24,2928,252,266,19,18,19,2,0,17,1,1,8,7,0,303,19,1142,0.00962999999523163,58,0,0.91645499954621,0.980097419554743,18.8231168040495,249.653970243182,19
"178",2020-08-25,2942,254,266,23,19.1,14,0,1,13,4,2,11,9,0,307,13,1647,0.0145700001716614,73,0,1.3951622257399,1.0703027814056,13.8157574684807,250.400184384161,14
"179",2020-08-26,2960,262,266,15,18,18,1,4,13,0,2,11,9,0,307,14,1832,0.0049099999666214,41,0,0.480251998870817,0.96311312311308,17.9317002604432,260.721819159722,18
"180",2020-08-27,2973,265,266,16,16.9,13,1,3,9,1,2,9,7,0,308,10,1469,0.00612999975681305,9,0,0.609267228874044,0.916436011534243,12.9381086936048,263.359880380528,13
"181",2020-08-28,3001,275,266,20,17.4,28,0,3,21,1,1,9,8,0,309,21,2137,0.00607999980449677,35,0,0.598202559033591,0.897676553668539,23.8723886238466,273.32889864561,28
"182",2020-08-29,3022,289,266,12,16.9,21,0,2,18,0,1,9,8,0,309,18,1790,0.00726000010967255,11,0.0909099960327148,0.777091068999096,0.927580340786807,19.857909103749,286.718651721303,21
"183",2020-08-30,3042,303,267,16,17.3,20,0,6,12,2,1,10,9,1,311,12,1402,0.00428000003099442,33,0,0.418157494317364,0.742083939340146,17.9490266752406,301.712923549824,20
"184",2020-08-31,3063,313,267,13,16.4,21,1,3,17,1,1,11,10,0,312,18,1353,0.00517000019550324,54,0,0.497157801315983,0.682184339592971,20.9090948276395,311.419260058398,21
"185",2020-09-01,3088,317,267,18,15.7,25,1,2,22,0,1,11,10,0,312,23,1361,0.0154299998283386,22,0.0909099960327148,1.6630693911127,0.720456791789084,24.6114382582277,311.644605559051,25
"186",2020-09-02,3124,327,267,15,15.7,36,1,9,26,0,1,9,8,0,312,27,1528,0.00261999994516373,51,0,0.253537676770752,0.688069031489075,35.9304610543804,326.157806103051,36
"187",2020-09-03,3146,328,267,24,16.9,22,1,4,17,1,1,8,7,0,313,18,1493,0.00938000023365021,133,0.00751999974250793,0.922785997207461,0.732857426965278,21.8312688246952,324.925343027779,22
"188",2020-09-04,3168,332,267,24,17.4,22,0,3,19,3,1,11,10,0,316,19,2705,0.00813000023365021,258,0.00774999976158142,0.809691210614641,0.763070091476856,21.8437230751783,329.269266366273,22
"189",2020-09-05,3193,339,267,17,18.1,25,1,11,13,2,1,13,12,0,318,14,2256,0.00398999989032745,164,0,0.371960320354493,0.705194270241913,24.9471011196925,337.719091398269,25
"190",2020-09-06,3214,341,267,27,19.7,21,1,3,16,1,1,14,13,0,319,17,1310,0.00611000001430511,192,0.03125,0.932363516560566,0.778652273419513,19.8389888234937,337.770305224198,21
"191",2020-09-07,3255,366,267,29,22,41,2,6,33,0,1,12,11,0,319,35,1290,0.0147300004959106,44,0,1.4244153403092,0.91111763613283,40.493561729089,360.704102652759,41
"192",2020-09-08,3307,403,267,24,22.9,52,0,14,36,3,1,14,13,0,322,36,1097,0.0127600002288818,4,0,1.27136423715562,0.855159756996105,49.5350627715962,397.795286026479,52
"193",2020-09-09,3352,434,267,15,22.9,45,2,10,31,0,1,13,12,0,322,33,1587,0.0144900000095367,29,0,1.42299690687715,1.02222536129702,42.5229765525142,427.726418902762,45
"194",2020-09-10,3429,496,267,33,24.1,77,1,21,52,2,2,14,12,0,324,53,1959,0.0127600002288818,61,0,1.23746734892968,1.06717984011448,73.3337588561307,489.764988540393,77
"195",2020-09-11,3459,510,267,60,29.3,30,0,1,25,0,1,12,11,0,324,25,2314,0.0155599999427795,93,0.0752699995040894,1.78670335776785,1.20675300399351,25.5462524500241,500.743549980491,30
"196",2020-09-12,3508,535,269,47,33.6,49,0,4,42,1,0,12,12,2,325,42,1900,0.0168400001525879,26,0,1.66126688940379,1.39093965671484,45.2912215077869,525.971512063475,49
"197",2020-09-13,3543,548,270,31,34.1,35,1,5,29,1,1,11,10,1,326,30,1199,0.0166799998283386,44,0,1.6089557356539,1.48759568801389,34.5096714494443,539.04333180985,35
"198",2020-09-14,3611,598,272,59,38.4,68,0,19,49,1,1,11,10,2,327,49,2394,0.0141999995708466,218,0.0412799978256226,1.6460121936674,1.51925238135077,67.1806849000168,588.001011636939,68
"199",2020-09-15,3683,646,273,41,40.9,72,0,14,55,1,1,11,10,1,328,55,2961,0.0121599996089935,28,0,1.20460886056306,1.5097158989804,68.3269759655829,638.095026795755,72
"200",2020-09-16,3759,684,274,41,44.6,76,0,7,66,1,0,11,11,1,329,66,1887,0.0190799999237061,162,0.00616999983787537,1.80592971350752,1.56442058564189,71.7892161765201,671.451876738481,76
"201",2020-09-17,3809,709,278,57,48,50,2,4,38,2,2,11,9,4,331,40,2512,0.0191100001335144,208,0.00481000006198883,1.80164707162801,1.6450176888845,43.2679317997644,696.024091150823,50
"202",2020-09-18,3897,777,278,46,46,88,1,6,78,0,2,11,9,0,331,79,2409,0.0128699994087219,281,0.0213499999046326,1.37558284568078,1.58628618715778,83.8960849013702,766.142505928667,88
"203",2020-09-19,3967,828,280,46,45.9,70,2,4,60,0,2,10,8,2,331,62,2101,0.0214199995994568,161,0,1.98954107685494,1.6331824996508,64.7469556849036,811.26579527581,70
"204",2020-09-20,4010,860,280,76,52.3,43,1,4,34,2,2,11,9,0,333,35,2847,0.0186199998855591,112,0,1.79152212484578,1.6592634123925,38.3630401600359,844.348986789454,43
"205",2020-09-21,4119,940,280,56,51.9,109,2,22,82,1,3,12,9,0,334,84,2949,0.0189900004863739,73,0,1.85312744653596,1.68885130565944,104.418728639194,922.304820486221,109
"206",2020-09-22,4228,1019,280,85,58.1,109,0,27,81,3,3,15,12,0,337,81,2507,0.0135599994659424,64,0.03125,1.4000357316654,1.71676943010263,106.848017266903,1004.50777277746,109
"207",2020-09-23,4334,1078,281,67,61.9,106,0,26,75,2,3,16,13,1,339,75,1896,0.0168799996376038,7,0.571430015563965,1.89198578149472,1.7290631541008,99.558545419624,1057.2814928314,106
"208",2020-09-24,4435,1131,282,38,59.1,101,2,18,75,2,3,18,15,1,341,77,2730,0.0128199994564056,55,0,1.25668217292594,1.65121102571479,94.0170350997997,1116.56190516719,101
"209",2020-09-25,4554,1194,284,57,60.7,119,5,16,86,3,3,20,17,2,344,91,3291,0.0133700001239777,59,0.0339000010490417,1.37315732745982,1.65086452311179,105.730643761259,1177.34493023015,119
"210",2020-09-26,4639,1241,286,75,64.9,85,3,14,66,3,4,21,17,2,347,69,3437,0.0299699997901916,12,0,2.98657260883992,1.79329759910965,80.9066396248613,1203.34985180367,85
"211",2020-09-27,4721,1271,287,109,69.6,82,2,12,64,2,4,22,18,1,349,66,2684,0.0331599998474121,13,0,3.30001629923819,2.00879676687999,75.7875072753649,1228.39275374225,82
"212",2020-09-28,4836,1341,288,86,73.9,115,3,11,97,6,4,27,23,1,355,100,3135,0.0258400011062622,192,0.0104200005531311,2.49501182970644,2.10049453590435,108.465487485724,1307.01218718356,115
"213",2020-09-29,4943,1372,291,58,70,107,5,18,74,4,3,27,24,3,359,79,2165,0.0263299989700317,79,0.0253200006484985,2.62944419881239,2.27612431692535,94.8898521734349,1335.35287572092,107
"214",2020-09-30,5026,1402,291,107,75.7,83,1,10,67,5,5,30,25,0,364,68,3170,0.0305999994277954,281,0.0142299997806549,2.92670611777675,2.42394150782278,75.9783318976287,1360.31796059523,83
"215",2020-10-01,5127,1438,293,105,85.3,101,2,11,78,3,5,29,24,2,367,80,3844,0.0226300001144409,120,0.00833000004291534,2.21971040476944,2.56151696951471,89.196117956004,1405.57522025917,101
"216",2020-10-02,5223,1488,294,115,93.6,96,0,13,79,1,5,29,24,1,368,79,3362,0.021710000038147,197,0,2.05082945007727,2.65832727274577,90.3541946588215,1457.00052724464,96
"217",2020-10-03,5296,1501,295,65,92.1,73,2,6,64,5,6,31,25,1,373,66,3113,0.0301999998092651,485,0.0103100001811981,2.75188853513406,2.62480097650208,70.1549990027636,1459.04020459315,73
"218",2020-10-04,5353,1482,295,77,87.6,57,1,7,47,3,6,32,26,0,376,48,3118,0.0291899991035461,102,0,2.82653469580301,2.55716074743991,53.621783677672,1439.44757104812,57
"219",2020-10-05,5431,1483,295,82,87,78,3,13,59,3,6,33,27,0,379,62,3821,0.0177999997138977,238,0.00839999973773956,1.72488294763206,2.447142335715,73.9136415443336,1457.01500661688,78
"220",2020-10-06,5506,1455,296,139,98.6,75,5,15,52,2,7,34,27,1,381,57,2158,0.0194599997997284,55,0,1.89763576899295,2.34259827431222,70.9012230396394,1426.95227232764,75
"221",2020-10-07,5607,1469,296,174,108.1,101,12,22,63,3,10,36,26,0,384,75,2268,0.0313100004196167,76,0,3.02948297575472,2.35728068259479,94.6919159994306,1423.79232804218,101
"222",2020-10-08,5687,1428,296,85,105.3,80,5,14,55,2,9,36,27,0,386,60,2434,0.0271199989318848,182,0,2.52332100153698,2.40065362499015,72.4620380761843,1391.39650621319,80
"223",2020-10-09,5770,1429,296,96,102.6,83,5,19,57,2,9,37,28,0,388,62,2508,0.0207299995422363,247,0.00810000002384186,1.95976547578285,2.38764448580523,79.7657088275685,1400.55157926767,83
"224",2020-10-10,5835,1414,297,68,103,65,5,7,51,6,9,43,34,1,394,56,2628,0.0300600004196167,21,0,2.98216991705371,2.42054182607947,61.3035453959347,1371.16452124735,65
"225",2020-10-11,5899,1379,297,139,111.9,64,6,6,48,5,10,46,36,0,399,54,2660,0.0233100008964539,238,0.0168099999427795,2.2776184393012,2.34212521800778,58.7506142139494,1347.09438890808,64
"226",2020-10-12,5960,1350,297,62,109,61,2,13,43,3,10,46,36,0,402,45,1994,0.0150499999523163,237,0.0126600003242493,1.47961093598233,2.30708635920068,57.3236338301143,1329.70901490343,61
"227",2020-10-13,6045,1371,298,74,99.7,85,4,10,68,1,7,45,38,1,403,72,2117,0.0302300000190735,18,0,2.9975133508374,2.4642117280356,79.8076219092652,1329.25346718893,85
"228",2020-10-14,6112,1376,300,84,86.9,67,1,16,49,2,7,45,38,2,405,50,3004,0.0296300005912781,110,0.0363599991798401,2.98677333609447,2.45811035094128,64.4829702393581,1334.25134098713,67
"229",2020-10-15,6198,1401,300,107,90,86,3,25,52,5,8,49,41,0,410,55,2119,0.021710000038147,105,0.00952000021934509,2.11344829603708,2.39955710729843,78.8192005344656,1370.92181725066,86
"230",2020-10-16,6273,1421,301,77,87.3,75,2,10,59,4,8,47,39,1,414,61,3126,0.0214299988746643,280,0.0035699999332428,1.99617664308598,2.40475870262745,69.7630542991241,1392.1852485091,75
"231",2020-10-17,6320,1402,302,64,86.7,47,1,10,36,6,8,49,41,1,420,37,3037,0.0214000010490417,149,0,2.03991849296735,2.2701513563294,46.2332807451336,1372.94755688317,47
"232",2020-10-18,6377,1370,305,74,77.4,57,1,11,40,2,6,48,42,3,422,41,1144,0.0271000003814697,37,0.0540500020980835,2.79443272769098,2.34398196895651,50.8361437408568,1331.1101689018,57
"233",2020-10-19,6441,1349,307,69,78.4,64,1,6,57,3,6,47,41,2,425,58,1334,0.0374799990653992,27,0,3.67364575703472,2.65741551482114,61.8355522810153,1298.65793150155,64
"234",2020-10-20,6519,1353,309,46,74.4,78,3,14,57,4,5,45,40,2,429,60,1595,0.0250799989700317,48,0.0208299994468689,2.49558358677117,2.58571126281168,72.4789440060081,1318.70018733548,78
"235",2020-10-21,6607,1377,312,69,72.3,88,1,46,40,4,4,44,40,3,433,41,2258,0.0305599999427795,446,0.00897000014781952,2.69989274913919,2.54472832181807,85.8755187970843,1339.23388740451,88
"236",2020-10-22,6672,1363,312,88,69.6,65,1,24,36,1,3,43,40,0,434,37,2238,0.0268099999427795,87,0.0114900004863739,2.62367354469915,2.61761764305551,60.0138718619692,1326.67317156389,65
"237",2020-10-23,6751,1365,313,92,71.7,79,1,13,64,2,3,36,33,1,436,65,2768,0.0245700001716614,65,0.0153799998760223,2.4359145946735,2.68043735042515,76.3915882210419,1331.22335264188,79
"238",2020-10-24,6816,1356,317,63,71.6,65,2,17,41,2,3,36,33,4,438,43,2358,0.0211999988555908,191,0,1.96114544140773,2.6691840573452,59.1433565685404,1328.98584899862,65
"239",2020-10-25,6886,1337,319,69,70.9,70,1,24,42,3,3,38,35,2,441,43,1751,0.0308400011062622,77,0,2.95409419787008,2.69199283879936,65.7096289050843,1296.87846153715,70
"240",2020-10-26,6959,1297,320,77,72,73,1,16,51,4,3,39,36,1,445,52,995,0.0392000007629395,121,0.0165299999713898,3.67420526484435,2.69207276848645,66.0591651154904,1248.5910991306,73
"241",2020-10-27,7037,1267,322,61,74.1,78,0,15,60,2,3,32,29,2,447,60,1354,0.0288000011444092,116,0,2.65273479928776,2.71452294170311,73.3831604806521,1232.85773881644,78
"242",2020-10-28,7149,1273,325,93,77.6,112,2,69,38,2,2,30,28,3,449,40,1900,0.0405299997329712,166,0.01807000041008,3.87253724882471,2.88204358451532,107.426461309356,1222.92213117025,112
"243",2020-10-29,7213,1257,326,65,74.3,64,0,18,42,9,2,38,36,1,458,42,2190,0.0292199993133545,96,0,2.79929127280168,2.90713183138712,58.8056841075585,1221.25583150479,64
"244",2020-10-30,7263,1226,328,122,78.6,50,1,9,36,4,2,41,39,2,462,37,2789,0.0358599996566772,105,0.0571400022506714,3.66320799166528,3.0824594595288,44.6231547429599,1180.37804634781,50
"245",2020-10-31,7302,1156,329,83,81.4,39,0,5,32,2,2,40,38,1,464,32,2352,0.0276399993896484,322,0,2.43116224997955,3.1496047178962,36.2097113354326,1127.4508219925,39
"246",2020-11-01,7352,1115,332,50,78.7,50,1,6,40,1,2,38,36,3,465,41,1714,0.0256699991226196,104,0,2.42015283257261,3.07332737999656,45.9920279724893,1087.58807778843,50
"247",2020-11-02,7416,1068,332,56,75.7,64,3,8,47,6,2,43,41,0,471,50,1030,0.0174800002574921,14,0.0714300012588501,1.82034677038704,2.80849045221695,57.0754168747949,1048.25090444562,64
"248",2020-11-03,7487,995,333,36,72.1,71,1,36,33,1,2,44,42,1,472,34,1456,0.0219799995422363,13,0,2.17854862719511,2.74074957048943,69.2475667026639,972.980260857369,71
"249",2020-11-04,7552,919,337,53,66.4,65,5,1,51,1,1,41,40,4,473,56,1466,0.0272900009155273,295,0.0033899998664856,2.32863096551825,2.52019153001707,55.6753213825839,897.26107768919,65
"250",2020-11-05,7599,876,337,45,63.6,47,0,6,34,5,2,44,42,0,478,34,2536,0.0240499997138977,41,0,2.36673648717286,2.45839798921296,39.1825698463926,854.93915251294,47
"251",2020-11-06,7673,870,341,79,57.4,74,1,12,58,4,3,46,43,4,482,59,2342,0.0234800004959106,116,0.0258599996566772,2.35923194148077,2.27211569632945,69.5860160432687,849.149728095657,74
"252",2020-11-07,7708,837,346,75,56.3,35,3,4,25,3,4,46,42,5,485,28,2499,0.0276099991798401,142,0,2.61254782091709,2.2980279207491,31.2569053906368,814.786778998678,35
"253",2020-11-08,7745,775,346,47,55.9,37,1,5,29,1,4,47,43,0,486,30,1176,0.0204099988937378,92,0.0108700001239777,1.97178223268467,2.23397497790797,34.3991002345563,759.476756059372,37
"254",2020-11-09,7816,745,350,31,52.3,71,3,24,42,7,4,46,42,4,493,45,711,0.0210999989509583,20,0.1,2.3258685710166,2.30619237799791,67.9367888687633,727.397949049526,71
"255",2020-11-10,7883,754,350,52,54.6,67,0,11,54,3,5,47,42,0,496,54,1374,0.0334800004959106,17,0,3.30708272332,2.46741153458718,63.1859023985259,728.669822379417,67
"256",2020-11-11,7939,752,353,77,58,56,0,6,48,2,5,46,41,3,498,48,2375,0.0261100006103516,241,0.0290499997138977,2.63808491516186,2.51161924167912,52.7136716576796,731.847522636981,56
"257",2020-11-12,7981,742,355,60,60.1,42,1,8,31,3,3,43,40,2,501,32,2318,0.0215700006484985,214,0.00467000007629395,2.01416435701211,2.4612517945133,39.345263254258,726.818291708108,42
"258",2020-11-13,8020,719,357,79,60.1,39,1,7,27,0,3,36,33,2,501,28,2719,0.0217000007629395,200,0,2.02131901591067,2.41297851943186,34.4250703269426,704.236627323991,39
"259",2020-11-14,8041,696,357,50,56.6,21,3,2,14,3,3,37,34,0,504,17,1710,0.015789999961853,245,0.0163300001621246,1.58576726212221,2.26629558246116,18.7261516050292,684.788324535314,21
"260",2020-11-15,8071,652,360,30,54.1,30,1,1,25,0,2,35,33,3,504,26,984,0.0152400004863739,306,0.00653999984264374,1.31762794034426,2.17284496926967,26.6519930043248,643.273055339223,30
"261",2020-11-16,8115,614,363,11,51.3,44,0,3,39,3,2,33,31,3,507,39,735,0.0122399997711182,53,0,1.1416751055548,2.0036744742037,41.5476975198885,606.879135313117,44
"262",2020-11-17,8156,591,363,40,49.6,41,1,10,29,1,2,32,30,0,508,30,1828,0.020789999961853,38,0,2.03666237568421,1.82218585311287,39.3793280396029,578.772762380177,41
"263",2020-11-18,8198,584,363,66,48,42,3,6,31,1,2,32,30,0,509,34,2684,0.0204900002479553,20,0.05,2.07082694768906,1.74114900061676,39.2847719215392,571.714905946438,42
"264",2020-11-19,8218,565,364,53,47,20,2,1,17,0,2,30,28,1,509,19,2476,0.0121200001239777,187,0.0160399997234344,1.23952685900304,1.63048650090118,19.7607613331854,557.885797539461,20
"265",2020-11-20,8243,522,364,28,39.7,25,1,2,20,1,2,30,28,0,510,21,2643,0.00757000029087067,222,0.0225200009346008,0.872842966012306,1.46641849377284,22.8138010438494,517.371625947114,25
"266",2020-11-21,8272,490,365,27,36.4,29,4,4,19,2,2,31,29,1,512,23,1495,0.0187300002574921,71,0,1.7880811229215,1.49532047388702,26.5822303511414,481.099690089534,29
"267",2020-11-22,8299,477,368,26,35.9,27,3,4,19,3,4,31,27,3,515,22,1220,0.0147500002384186,36,0,1.4327229530948,1.51176261856567,25.6798107622608,470.057715163564,27
"268",2020-11-23,8339,460,370,20,37.1,40,2,10,25,1,3,27,24,2,516,27,922,0.0173500001430511,13,0,1.71087701945381,1.5930771776941,36.5307498848574,452.005368408681,40
"269",2020-11-24,8382,469,370,21,34.4,43,2,7,33,1,3,23,20,0,517,35,1403,0.00855000019073486,41,0.0975599956512451,1.10772923056108,1.46037244267651,41.606156673347,463.72249942285,43
"270",2020-11-25,8437,477,371,38,30.4,55,4,10,39,2,2,23,21,1,519,43,2618,0.0122200000286102,72,0.0138900005817413,1.22646989281736,1.33975000626627,52.464268505853,471.057118076555,55
"271",2020-11-26,8482,492,372,60,31.4,45,3,4,37,3,2,23,21,1,522,40,3059,0.0143799996376038,224,0.00446000009775162,1.37031553193196,1.35843410239897,43.443195928318,485.151309918312,45
"272",2020-11-27,8530,504,374,56,35.4,48,2,3,42,3,1,24,23,2,525,44,3154,0.0177600002288818,336,0.00298000007867813,1.63370546556817,1.46712874519267,46.26978917092,495.635766866902,48
"273",2020-11-28,8574,506,375,60,40.1,44,2,3,39,2,1,25,24,1,527,41,2597,0.0119400000572205,191,0,1.11220158352229,1.3705745252785,43.5367779794502,500.283162380532,44
"274",2020-11-29,8619,518,377,22,39.6,45,0,4,38,5,1,28,27,2,532,38,898,0.0245000004768372,12,0,2.41769235474723,1.51128443980027,41.0667318073563,505.27808095291,45
"275",2020-11-30,8662,524,378,47,43.4,43,1,7,34,1,1,25,24,1,533,35,1135,0.0229099988937378,61,0,2.17415123280873,1.57746647027955,41.2269997662313,512.427082214435,43
"276",2020-12-01,8716,546,378,34,45.3,54,2,12,39,3,1,27,26,0,536,41,1906,0.0141700005531311,113,0.0176999998092651,1.43675686145195,1.62447041754967,52.4016036065218,538.031111442948,54
"277",2020-12-02,8758,560,379,49,46.9,42,1,5,34,6,1,31,30,1,542,35,2859,0.0101400005817413,81,0.0123500001430511,1.0200888324757,1.59498740892943,39.6373164414373,554.197063062997,42
"278",2020-12-03,8796,559,380,38,43.7,38,0,5,32,3,1,33,32,1,545,32,3327,0.0102199995517731,202,0,0.963500666158941,1.53687099953329,36.6867985035655,553.528761359161,38
"279",2020-12-04,8839,563,382,55,43.6,43,1,5,33,2,1,31,30,2,547,34,2994,0.0110199999809265,165,0.0121200001239777,1.10774548791865,1.46173385986907,38.6174037248106,556.664655796128,43
"280",2020-12-05,8874,552,382,46,41.6,35,3,2,29,1,1,31,30,0,548,32,2277,0.0184500002861023,209,0,1.68988940673592,1.54426069175673,33.4506740788168,542.524127859589,35
"281",2020-12-06,8913,546,383,33,43.1,39,0,7,30,1,2,31,29,1,549,30,1397,0.0157500004768372,20,0,1.55276998349623,1.42070035300659,36.5267940326248,537.387651393771,39
"282",2020-12-07,8967,549,384,23,39.7,54,0,4,45,2,1,30,29,1,551,45,1068,0.0168499994277954,25,0.04,1.73795053878184,1.3583859681456,48.205540510157,539.307594223916,54
"283",2020-12-08,9014,553,384,57,43,47,1,1,44,0,1,27,26,0,551,45,2367,0.01942999958992,69,0,1.88796424586785,1.4228441659193,45.1369655935863,542.394266072294,47
"284",2020-12-09,9067,562,386,36,41.1,53,2,3,46,1,3,24,21,2,552,48,2911,0.00962000012397766,167,0.00598999977111816,0.942305078709412,1.41173220109555,50.540532708826,556.620403799171,53
"285",2020-12-10,9112,561,386,60,44.3,45,2,0,43,1,3,23,20,0,553,45,3091,0.0139100003242493,252,0.00397000014781952,1.3160709255012,1.46209938100158,44.3983919491727,553.499952966353,45
"286",2020-12-11,9151,545,386,48,43.3,39,6,2,30,1,2,23,21,0,554,36,3047,0.0118099999427795,32,0,1.16872587936503,1.47081086549392,37.5725975646983,538.529602021127,39
"287",2020-12-12,9184,534,387,59,45.1,33,2,5,26,0,2,20,18,1,554,28,2616,0.0156700003147125,24,0,1.5527545766397,1.45122017548018,32.5583454793337,525.577017355863,33
"288",2020-12-13,9223,531,388,30,44.7,39,5,2,32,0,2,19,17,1,554,37,1502,0.0119799995422363,47,0,1.16165005244926,1.39534589961632,38.56338477949,524.733981565113,39
"289",2020-12-14,9266,528,388,16,43.7,43,4,4,35,2,2,20,18,0,556,39,917,0.0174500000476837,20,0,1.70775347318313,1.39103203310222,42.3234317472795,518.8403067324,43
"290",2020-12-15,9312,536,389,54,43.3,46,1,7,37,1,1,20,19,1,557,38,2079,0.0134700000286102,49,0,1.31598355542672,1.30932050589635,44.4920091500019,528.834655378974,46
"291",2020-12-16,9367,554,389,53,45.7,55,3,4,47,0,1,18,17,0,557,50,2312,0.0168700003623962,94,0,1.62109064164007,1.4062898720293,53.1766222369985,544.876974385943,55
"292",2020-12-17,9404,549,390,61,45.9,37,1,5,29,1,0,17,17,1,558,30,3207,0.0134099996089935,83,0.0241000008583069,1.36796865706023,1.41370383368059,34.5831121553202,541.37095244236,37
"293",2020-12-18,9445,536,390,25,42.6,41,3,4,34,0,0,16,16,0,558,37,3298,0.00727999985218048,170,0.00587999999523163,0.72113724082124,1.34976259960291,40.7289549509723,532.073509560031,41
"294",2020-12-19,9484,533,390,46,40.7,39,1,7,28,3,0,19,19,0,561,29,2799,0.0117900002002716,140,0,1.12283805922287,1.28834595425765,35.6692217436289,526.920523770834,39
"295",2020-12-20,9528,527,390,24,39.9,44,5,2,34,0,0,16,16,0,561,39,1360,0.0161800003051758,51,0,1.55951810170369,1.34518424700828,40.3821588105519,518.65122290156,44
"296",2020-12-21,9603,549,390,22,40.7,75,7,8,60,1,0,15,15,0,562,67,1365,0.00658999979496002,32,0.03125,0.715486737302823,1.20343185616824,74.5130344692182,545.009789904489,75
"297",2020-12-22,9687,593,390,73,43.4,84,5,7,70,2,0,15,15,0,564,75,3021,0.0225099992752075,48,0,2.21579367254487,1.33197615861369,80.3118446397971,579.652318285329,84
"298",2020-12-23,9787,660,390,52,43.3,100,5,6,88,1,1,13,12,0,565,93,2652,0.0199800002574921,199,0.0150800001621246,1.96379799070964,1.38093435133791,97.1447536292041,646.833735433061,100
"299",2020-12-24,9862,687,390,49,41.6,75,11,6,56,2,1,13,12,0,567,67,3469,0.01557000041008,144,0,1.49494413015686,1.39907370463743,71.9825300402139,676.567136382492,75
"300",2020-12-25,9927,718,390,47,44.7,65,6,2,56,0,1,10,9,0,567,62,2537,0.0295600008964539,161,0,2.77960423551903,1.69314041816568,62.2493614602616,697.72647626561,65
"301",2020-12-26,10019,760,390,95,51.7,92,5,4,82,2,2,12,10,0,569,87,951,0.0199800002574921,50,0,1.89819982466283,1.80390638465711,89.3224208787138,745.34528583704,92
"302",2020-12-27,10129,824,391,37,53.6,110,8,6,94,2,4,12,8,1,571,102,1480,0.0270300006866455,32,0.0625,2.77806885028012,1.97798506302517,105.121508128188,800.746300957123,110
"303",2020-12-28,10260,917,391,65,59.7,131,15,6,108,1,2,13,11,0,572,123,1188,0.04125,39,0.0256399989128113,4.07538385962507,2.45797036621406,123.90791712418,879.037073194086,131
"304",2020-12-29,10381,995,391,112,65.3,121,5,15,101,3,4,12,8,0,575,106,1880,0.0505299997329712,25,0.04,5.03918107600976,2.8613114238519,115.573901659467,944.066341048774,121
"305",2020-12-30,10518,1086,391,88,70.4,137,12,10,115,3,5,13,8,0,578,127,2458,0.0573600006103516,62,0,5.59487625000969,3.38003688946619,129.782013975905,1024.27769431365,137
"306",2020-12-31,10643,1173,391,147,84.4,125,0,9,116,2,5,13,8,0,580,116,2652,0.0331800007820129,144,0,3.14711595400209,3.6160614357298,121.291548832668,1135.49988604068,125
"307",2021-01-01,10760,1228,392,87,90.1,117,0,5,111,2,6,13,7,1,582,111,2759,0.0391400003433228,134,0.0149300003051758,3.80186246070242,3.76209832504171,111.713121142305,1180.5739888536,117
"308",2021-01-02,10873,1288,392,134,95.7,113,2,8,101,2,6,15,9,0,584,103,2369,0.0295499992370605,431,0,2.50014100687844,3.84808992250108,108.384085417247,1255.28836910111,113
"309",2021-01-03,10996,1315,393,106,105.6,123,0,5,118,3,5,18,13,1,587,118,1516,0.0600299978256226,126,0.0238100004196167,5.72506313986087,4.26908910672691,116.137472167356,1238.52352457689,123
"310",2021-01-04,11171,1426,393,117,113,175,4,30,140,5,8,21,13,0,592,144,1386,0.0533900022506714,155,0.00644999980926514,4.86685873393035,4.38215694591337,166.880769351043,1355.49984093463,175
"311",2021-01-05,11312,1499,395,105,112,141,2,19,120,6,8,23,15,2,598,122,2417,0.0575099992752075,97,0.0103100001811981,5.56888378145397,4.45782876097683,134.098399506871,1414.20082672787,141
"312",2021-01-06,11495,1593,395,132,118.3,183,11,42,129,7,7,28,21,0,605,140,2627,0.0513899993896484,211,0.0142200005054474,4.86264793880394,4.35322471651887,175.084514201757,1514.31165088142,183
"313",2021-01-07,11613,1630,395,186,123.9,118,2,7,108,6,9,32,23,0,611,110,2311,0.048899998664856,91,0.0109899997711182,4.74637747267502,4.58169064775786,111.696326384262,1551.4092000577,118
"314",2021-01-08,11743,1660,395,185,137.9,130,6,13,110,0,11,30,19,0,611,116,2661,0.0368300008773804,249,0,3.36785678126148,4.51968983640915,125.031435576438,1603.20847462834,130
"315",2021-01-09,11841,1669,397,155,140.9,98,6,2,90,4,11,30,19,2,615,96,3020,0.0324499988555908,375,0.00266999989748001,2.91606027998348,4.57910687542416,95.1562621320495,1619.5604322749,98
"316",2021-01-10,11933,1652,397,114,142,92,5,3,82,5,11,34,23,0,620,87,1824,0.0509899997711182,78,0,4.88989272252994,4.45979681580545,85.6784413157859,1569.94005808826,92
"317",2021-01-11,12097,1705,397,66,134.7,164,2,25,135,3,13,34,21,0,623,137,1608,0.0342000007629395,115,0,3.1917354165297,4.22049348474822,157.558094849485,1649.71935560855,164
"318",2021-01-12,12237,1733,398,161,142.7,140,1,22,115,4,13,35,22,1,627,116,2211,0.0705600023269653,74,0.0135099995136261,6.87124311198813,4.40654481768167,129.903167880652,1612.03612014802,140
"319",2021-01-13,12325,1721,402,172,148.4,88,0,9,75,2,11,34,23,4,629,75,2532,0.0375200009346008,173,0.0115600001811981,3.58597125315181,4.22416243401708,81.267942106907,1658.30837821316,88
"320",2021-01-14,12417,1709,402,129,140.3,92,2,14,75,9,10,41,31,0,638,77,2581,0.0337100005149841,146,0,3.19052113418313,4.00189724280395,88.5044045695759,1653.61074557669,92
"321",2021-01-15,12510,1678,404,144,134.4,93,6,7,78,5,11,41,30,2,643,84,2923,0.0372900009155273,206,0.00485000014305115,3.51542897748658,4.02297898512182,88.0002887964142,1618.07719762361,93
"322",2021-01-16,12571,1630,405,119,129.3,61,0,0,59,2,9,39,30,1,645,59,2470,0.0323900008201599,289,0,2.89972098679938,4.02064480038124,57.2620789070201,1581.98624777022,61
"323",2021-01-17,12651,1571,407,72,123.3,80,2,3,72,2,9,39,30,2,647,74,2036,0.026029999256134,32,0,2.5627213967838,3.68819175384607,75.0735624030604,1530.10225047578,80
"324",2021-01-18,12772,1591,408,63,122.9,121,2,45,72,7,10,43,33,1,654,74,1021,0.0391799998283386,48,0,3.74207481990026,3.7668116686133,116.18702406252,1530.52101734419,121
"325",2021-01-19,12846,1536,415,81,111.4,74,3,24,47,8,9,45,36,7,662,50,2337,0.0410799980163574,89,0,3.95729412053699,3.35053324126313,71.9900272712633,1474.25363777321,74
"326",2021-01-20,12907,1497,415,166,110.6,61,1,8,50,2,7,37,30,0,664,51,3065,0.0225099992752075,163,0.00612999975681305,2.16828803404187,3.14800706710457,57.8766658030977,1464.02683739681,61
"327",2021-01-21,12977,1463,417,81,103.7,70,1,9,59,3,7,37,30,2,667,60,2636,0.0242799997329712,117,0,2.32481217929938,3.02433435926404,67.5830290281706,1428.44952447023,70
"328",2021-01-22,13056,1433,418,95,96.7,79,1,3,74,5,6,37,31,1,672,75,2311,0.0307200002670288,111,0.00901000022888184,2.97250332958338,2.94677355242072,75.7353273045076,1389.72965369813,79
"329",2021-01-23,13104,1366,418,84,91.7,48,1,4,40,4,9,39,30,0,676,41,2122,0.0329900002479553,276,0,2.91929860409346,2.9495703548913,43.7841382191764,1325.4910440828,48
"330",2021-01-24,13150,1285,419,44,87.7,46,2,9,35,2,8,37,29,1,678,37,1247,0.0224499988555908,36,0,2.18200690357925,2.8951825701478,45.1798757092534,1256.51730503758,46
"331",2021-01-25,13213,1226,419,29,82.9,63,1,18,43,4,7,38,31,0,682,44,825,0.0206100010871887,48,0,1.94768051511234,2.63884052660667,61.1294529927838,1201.74339475348,63
"332",2021-01-26,13275,1165,420,74,81.9,62,1,19,40,8,5,40,35,1,690,41,2354,0.024210000038147,79,0,2.3423896461076,2.40813988740247,59.0244156447354,1137.27912746626,62
"333",2021-01-27,13353,1126,422,80,69.6,78,0,27,50,1,4,30,26,2,691,50,2800,0.0196399998664856,175,0.00570999979972839,1.88205880978528,2.36724999822296,76.0440723468303,1104.47250925062,78
"334",2021-01-28,13391,1065,422,66,67.4,38,1,3,33,3,5,30,25,0,694,34,2355,0.0212299990653992,209,0.0287100005149841,2.18397183723271,2.34712994935629,36.2456936190155,1041.37246188975,38
"335",2021-01-29,13420,963,422,73,64.3,29,1,2,26,3,4,31,27,0,697,27,2847,0.0122899997234344,180,0.00555999994277954,1.18898015204223,2.09234092399327,28.6738929409279,951.368848226428,29
"336",2021-01-30,13439,866,423,42,58.3,19,1,6,12,2,5,33,28,1,699,13,2155,0.0157799994945526,216,0,1.43424288953019,1.88019010762709,18.8105965486268,853.382816239295,19
"337",2021-01-31,13481,807,424,25,55.6,42,3,5,34,4,6,32,26,1,703,37,922,0.0195200002193451,24,0,1.90247782264653,1.84025738177955,41.2849388916232,791.403937447026,42
"338",2021-02-01,13521,716,424,26,55.1,40,6,7,25,4,5,29,24,0,707,31,548,0.0292000007629395,29,0,2.77324097367259,1.9581945901453,37.1266845714123,695.829230746168,40
"339",2021-02-02,13563,652,425,59,53,42,4,5,31,3,5,27,22,1,710,35,2439,0.0221399998664856,107,0.0280399990081787,2.23879574109322,1.94339546085754,39.2040159832903,637.171954888723,42
"340",2021-02-03,13626,637,425,54,49.3,63,4,22,36,2,4,26,22,0,712,40,2865,0.0129100000858307,212,0,1.20205233168362,1.84625167827158,61.5115667763667,629.22170091364,63
"341",2021-02-04,13708,639,425,51,47.1,82,3,43,33,2,5,25,20,0,714,36,2814,0.0127900004386902,90,0,1.23936161275738,1.71130736048939,78.5467661143948,630.955098530508,82
"342",2021-02-05,13766,638,427,72,47,58,1,8,48,2,5,21,16,2,716,49,2435,0.0160199999809265,149,0,1.50962461120573,1.75711371179847,56.2485728574638,628.216111899223,58
"343",2021-02-06,13791,607,427,61,49.7,25,1,4,19,3,6,21,15,0,719,20,2369,0.0143499994277954,205,0.0146300005912781,1.43722994427581,1.75754043390498,23.7080032057333,598.137897294005,25
"344",2021-02-07,13816,562,429,33,50.9,25,1,2,19,3,4,23,19,2,722,20,1004,0.0249000000953674,75,0,2.31692308579693,1.81674690006933,21.529279141233,548.772743868646,25
"345",2021-02-08,13863,559,431,24,50.6,47,1,7,38,2,5,21,16,2,724,39,852,0.0140799999237061,29,0,1.36165266004513,1.61509142669397,45.4605480384111,551.267855217225,47
"346",2021-02-09,13918,578,431,43,48.3,55,5,8,39,0,2,19,17,0,724,44,2244,0.0178299999237061,149,0,1.67198160588368,1.5341179788069,51.2526810368391,568.182946347568,55
"347",2021-02-10,13975,595,432,40,46.3,57,0,6,50,3,4,20,16,1,727,50,2791,0.0125399994850159,100,0,1.21062395581734,1.53534249654028,55.3851048060036,587.682747191443,57
"348",2021-02-11,14035,621,433,51,46.3,60,1,11,46,1,3,16,13,1,728,47,2563,0.0152199995517731,58,0,1.48831968146488,1.57090793492707,57.2894151995147,611.611209338269,60
"349",2021-02-12,14086,624,435,52,43.4,51,0,8,41,3,2,16,14,2,731,41,2612,0.0157000005245209,173,0,1.47247401687786,1.56560070716595,48.3867277304667,614.666295214908,51
"350",2021-02-13,14118,622,435,46,41.3,32,0,3,28,6,2,21,19,0,737,28,2099,0.0219199991226196,46,0.0217400002479553,2.19161390068926,1.67336984379644,30.3766328553419,608.152344143668,32
"351",2021-02-14,14159,597,437,48,43.4,41,0,4,35,4,2,21,19,2,741,35,1175,0.0170200002193451,10,0,1.6876371525511,1.58347185333275,38.3999755427531,586.765297114961,41
"352",2021-02-15,14221,620,438,34,44.9,62,2,8,51,4,2,23,21,1,745,53,867,0.0265300011634827,26,0,2.57575711184093,1.75691534644643,59.6132358433484,603.77747590332,62
"353",2021-02-16,14272,615,438,60,47.3,51,3,13,32,3,2,24,22,0,748,35,1561,0.0333100008964539,23,0,3.28263329541442,1.98700844495083,46.832888776806,594.492188506734,51
"354",2021-02-17,14329,630,439,49,48.6,57,5,6,44,2,2,25,23,1,750,49,2063,0.0184200000762939,222,0,1.66303983183345,2.0516392843817,54.1722092634934,619.356976244916,57
"355",2021-02-18,14401,646,439,68,51,72,3,12,53,3,3,26,23,0,753,56,2348,0.0212899994850159,116,0,2.02877105482213,2.12884662343274,66.8459014434873,632.686648794514,72
"356",2021-02-19,14455,650,440,58,51.9,54,2,16,33,1,3,26,23,1,754,35,2576,0.0151400005817413,96,0,1.45960484650321,2.12700817052207,50.4810504115212,640.362364785393,54
"357",2021-02-20,14504,629,440,66,54.7,49,0,3,45,4,3,26,23,0,758,45,2384,0.0255900001525879,68,0,2.48803264126303,2.16935370488975,46.8626597254742,613.102510384961,49
"358",2021-02-21,14546,618,440,53,55.4,42,0,7,33,2,4,24,20,0,760,33,1000,0.03,28,0,2.91828793774319,2.34516095991719,39.0217183424007,599.679452594049,42
"359",2021-02-22,14611,633,440,32,55.1,65,0,11,54,1,6,23,17,0,761,54,863,0.0150600004196167,66,0,1.39900757396439,2.17705388307769,64.232575506359,624.004079546763,65
"360",2021-02-23,14666,639,440,47,53.3,55,0,7,47,3,6,25,19,0,764,47,2036,0.019650000333786,84,0,1.88714154149001,1.97769791823135,53.0990013016375,626.750251739284,55
"361",2021-02-24,14712,646,441,60,54.9,46,2,10,34,1,6,24,18,1,765,36,2874,0.0187899994850159,41,0,1.85257147581254,2.00477386737122,45.3225155921396,633.842918681171,46
"362",2021-02-25,14745,642,441,43,51.3,33,1,5,25,1,6,23,17,0,766,26,2376,0.0185199999809265,128,0.00781000018119812,1.79725239528254,1.97169977315127,30.5253163754338,630.278965885713,33
"363",2021-02-26,14810,645,441,57,51.1,65,5,12,43,1,6,21,15,0,767,48,2639,0.0181900000572205,181,0,1.70224858691506,2.00636316463868,59.1699847906945,633.846670624958,65
"364",2021-02-27,14856,650,442,71,51.9,46,0,4,34,3,6,23,17,1,770,34,2535,0.0209100008010864,47,0.0212800002098083,2.09167358794017,1.94974044273542,37.2775718498645,636.188873600351,46
"365",2021-02-28,14921,661,442,49,51.3,65,2,8,54,7,6,28,22,0,777,56,1552,0.0257699990272522,94,0,2.42983222905804,1.87996105578039,62.6177514404799,644.684530395664,65
"366",2021-03-01,14998,676,442,54,54.4,77,4,7,64,3,6,29,23,0,780,68,996,0.0291199994087219,45,0,2.78612098089213,2.07812011391293,73.075443283422,656.867642052842,77
"367",2021-03-02,15061,685,443,61,56.4,63,1,6,54,3,4,29,25,1,783,55,2006,0.0259200000762939,41,0,2.54008403287961,2.17139761268287,59.5808359380919,667.324956683508,63
"368",2021-03-03,15120,695,443,65,57.1,59,0,5,51,6,5,32,27,0,789,51,2676,0.0209299993515015,109,0,2.01108360016581,2.19404220187619,54.9581093722661,680.801686543627,59
"369",2021-03-04,15177,691,443,61,59.7,57,3,3,50,1,5,31,26,0,790,53,2414,0.0202999997138977,225,0.00444000005722046,1.89477829944008,2.2079744738987,54.9798686303202,677.699796670778,57
"370",2021-03-05,15250,694,444,51,58.9,73,1,10,57,1,2,28,26,1,791,58,2440,0.0188499999046326,154,0,1.77309174122218,2.218094924514,66.9553254100535,681.499928182364,73
"371",2021-03-06,15306,707,446,46,55.3,56,3,3,47,0,2,26,24,2,791,50,1957,0.0209500002861023,25,0,2.06857470029779,2.21479508342224,51.9493379545948,692.143638677971,56
"372",2021-03-07,15346,698,447,54,56,40,1,0,38,2,5,25,20,1,793,39,1752,0.0194099998474121,16,0.0625,1.97999545999242,2.15053268784143,38.2155764343054,683.960829516544,40
"373",2021-03-08,15429,740,448,38,53.7,83,1,9,65,6,4,29,25,1,799,66,1170,0.0205100011825562,142,0,1.82901687374929,2.01380352967817,73.7737374123457,726.250995229331,83
"374",2021-03-09,15486,747,448,70,55,57,0,8,47,1,3,27,24,0,800,47,2105,0.0318300008773804,57,0,3.09908195406502,2.0936603755618,53.5203712888824,723.483347931812,57
"375",2021-03-10,15566,770,448,76,56.6,80,5,8,64,0,2,24,22,0,800,69,2655,0.0180799996852875,173,0,1.69739742448509,2.04884806475027,75.8102534327268,756.723118017386,80
"376",2021-03-11,15627,767,451,73,58.3,61,1,7,52,1,2,20,18,3,801,53,2321,0.0280100011825562,86,0,2.70092283941474,2.16401157046093,58.5458477562331,745.955947717561,61
"377",2021-03-12,15709,772,451,93,64.3,82,5,4,67,2,2,17,15,0,803,72,2361,0.0228699994087219,133,0,2.16503883736938,2.22000401276768,74.4164928869083,755.021284842961,82
"378",2021-03-13,15777,790,451,56,65.7,68,5,3,54,5,4,22,18,0,808,59,2353,0.0187000000476837,99,0,1.79449837325448,2.18085025176149,60.9244839112471,775.599021862462,68
"379",2021-03-14,15845,815,451,65,67.3,68,2,10,51,2,3,23,20,0,810,53,1535,0.0299699997901916,36,0,2.92832270387932,2.31632557231676,61.4234177414552,790.75632942049,68
"380",2021-03-15,15952,862,452,58,70.1,107,4,3,97,4,5,25,20,1,814,101,1000,0.0320000004768372,13,0,3.15893390689409,2.50631371990887,100.758964828262,834.338887940216,107
"381",2021-03-16,16038,880,453,85,72.3,86,7,4,72,5,6,27,21,1,819,79,1583,0.0341100001335144,9,0,3.39171672181867,2.54811868673083,80.2781230070969,849.680357547408,86
"382",2021-03-17,16126,907,454,77,72.4,88,3,5,76,3,5,27,22,1,822,79,2842,0.0267400002479553,175,0,2.51889561500461,2.66547557109076,81.9785682047382,883.791915970854,88
"383",2021-03-18,16219,945,455,63,71,93,6,3,80,2,5,24,19,1,824,86,2566,0.0284500002861023,161,0,2.67703339692477,2.66206279359219,86.6613023931285,919.301520482633,93
"384",2021-03-19,16344,993,457,117,74.4,125,7,6,104,2,4,24,20,2,826,111,2615,0.0382399988174438,97,0,3.6872270246171,2.87951824891329,112.84238100701,955.806165224869,125
"385",2021-03-20,16447,1047,458,83,78.3,103,5,6,87,4,4,27,23,1,830,92,1997,0.0435699987411499,151,0.00662000000476837,4.09724895189927,3.20848261729112,94.1708532482586,1003.42264511877,103
"386",2021-03-21,16532,1075,459,87,81.4,85,5,1,77,4,4,29,25,1,834,82,1306,0.0421099996566772,87,0,3.94800140356213,3.35415100296009,79.7113853920264,1031.88706459059,85
"387",2021-03-22,16681,1151,460,56,81.1,149,6,7,133,4,7,30,23,1,838,139,1150,0.0547800016403198,131,0,4.91779874210521,3.60541740799025,139.056037247779,1093.49999188629,149
"388",2021-03-23,16805,1190,461,108,84.4,124,2,0,120,5,9,31,22,1,843,122,1966,0.0350999999046326,153,0,3.25656440832976,3.58610993463469,117.964091295767,1150.63334952428,124
"389",2021-03-24,16958,1280,461,85,85.6,153,7,2,137,4,9,33,24,0,847,144,3106,0.0457200002670288,47,0,4.50384779033909,3.86967453111105,139.411780990543,1221.43805324927,153
"390",2021-03-25,17107,1362,462,123,94.1,149,7,4,132,8,10,40,30,1,855,139,3005,0.0379399991035461,282,0,3.46850311244771,3.98274163332861,138.102451791574,1314.01107438938,149
"391",2021-03-26,17256,1446,463,103,92.1,149,10,2,130,4,11,42,31,1,859,140,2390,0.0673600006103516,117,0,6.42163547900839,4.37337141252737,132.867377298243,1351.67305409471,149
"392",2021-03-27,17372,1499,465,138,100,116,7,3,100,5,13,44,31,2,864,107,2476,0.0626000022888184,117,0,5.97753974805686,4.64198438340702,103.502772390197,1407.9780917094,116
"393",2021-03-28,17509,1558,466,139,107.4,137,3,5,124,5,13,45,32,1,869,127,2480,0.0826599979400635,157,0,7.77386404593695,5.18853618946057,121.970887732023,1434.96569359442,137
"394",2021-03-29,17718,1706,466,111,115.3,209,7,1,189,4,12,47,35,0,873,196,1644,0.0839400005340576,40,0,8.19461762933437,5.65665317335045,180.684266767567,1563.98652604831,209
"395",2021-03-30,17927,1837,467,170,124.1,209,9,6,186,6,12,48,36,1,879,195,1968,0.0406500005722046,64,0,3.93696855935525,5.75385376635409,193.201368695642,1763.53289381484,209
"396",2021-03-31,18134,1940,468,163,135.3,207,7,5,190,8,14,54,40,1,887,197,3023,0.0793900012969971,224,0,7.3913142568778,6.16634897585962,187.208584918046,1794.33834893913,207
"397",2021-04-01,18371,2075,469,144,138.3,237,12,4,203,3,15,52,37,1,890,215,2634,0.0721299982070923,100,0.01,6.98575037591372,6.66881287064048,203.742852194972,1927.75078281194,237
"398",2021-04-02,18569,2168,470,242,158.1,198,15,7,162,6,15,56,41,1,896,177,3130,0.0939299964904785,99,0,9.10501359601108,7.05215260164086,167.628981630565,1967.47814788172,198
"399",2021-04-03,18820,2346,470,222,170.1,251,16,3,223,11,14,60,46,0,907,239,2885,0.101909999847412,36,0,10.0654005326869,7.63613271373086,217.562836574541,2106.12725775679,251
"400",2021-04-04,19050,2505,471,152,172,230,9,2,215,12,15,63,48,1,919,224,1818,0.0929599952697754,139,0,8.63573180380438,7.7592566791405,206.349708587348,2285.2500893362,230
"401",2021-04-05,19335,2650,472,184,182.4,285,8,4,269,5,17,66,49,1,924,277,2045,0.105620002746582,162,0,9.78671978326961,7.98669984398839,253.461596851229,2386.54596265616,285
"402",2021-04-06,19609,2787,473,156,180.4,274,7,6,245,10,19,69,50,1,934,252,1749,0.128640003204346,83,0,12.2811880788428,9.17873120391518,226.561432152907,2439.30441035775,274
"403",2021-04-07,19917,2928,474,219,188.4,308,3,6,290,12,23,75,52,1,946,293,3364,0.098100004196167,44,0,9.68334548462165,9.50616423645002,270.178612920969,2639.98286222729,308
"404",2021-04-08,20211,3099,475,170,192.1,294,22,5,255,10,29,82,53,1,956,277,3366,0.0858600044250488,194,0.0103100001811981,8.1742953631985,9.6759563774907,258.998724173782,2841.66803687563,294
"405",2021-04-09,20508,3252,477,261,194.9,297,13,2,276,14,30,87,57,2,970,289,3418,0.110299997329712,158,0,10.542656344322,9.8813339129637,260.049353591224,2903.72490615454,297
"406",2021-04-10,20795,3416,480,381,217.6,287,12,2,262,14,26,91,65,3,984,274,3187,0.0875399971008301,97,0,8.49543150914572,9.65705262388639,252.353991762042,3121.20159072677,287
"407",2021-04-11,21064,3554,480,205,225.1,269,8,4,249,13,28,99,71,0,997,257,2714,0.145909996032715,29,0,14.43673821483,10.4857678254615,223.310182415028,3032.79528522572,269
"408",2021-04-12,21379,3649,481,264,236.6,315,16,4,291,16,27,100,73,1,1013,307,2125,0.0804699993133545,107,0,7.66123425362358,10.182127035512,287.107645603757,3365.01563129678,315
"409",2021-04-13,21615,3675,483,245,249.3,236,10,0,219,12,28,104,76,2,1025,229,2670,0.0767799997329712,178,0,7.19812497496605,9.45597516352965,212.255326035112,3406.2808872447,236
"410",2021-04-14,21888,3748,485,389,273.6,273,10,11,248,12,28,101,73,2,1037,258,3971,0.171490001678467,97,0.0103100001811981,16.7646722390061,10.4675932712989,225.06237237415,3109.71229324928,273
"411",2021-04-15,22110,3751,485,313,294,222,15,3,202,19,29,107,78,0,1056,217,3902,0.130959997177124,98,0.0101999998092651,12.8001377241611,11.1284278942935,191.78395059039,3263.26543163389,222
"412",2021-04-16,22346,3790,487,348,306.4,236,1,10,219,20,24,114,90,2,1076,220,2970,0.120539999008179,244,0.00409999996423721,11.1700123536268,11.2180501813371,205.036920199264,3359.95421616006,236
"413",2021-04-17,22527,3737,490,405,309.9,181,5,7,167,16,23,123,100,3,1092,172,2935,0.101870002746582,121,0.00825999975204468,9.81635857431989,11.4067540477905,161.848555918408,3364.35496201798,181
"414",2021-04-18,22689,3679,490,294,322.6,162,5,8,146,11,22,122,100,0,1103,151,1949,0.0646500015258789,188,0.0159599995613098,6.03665572725616,10.2067422638514,149.740336880396,3453.39536015216,162
"415",2021-04-19,22916,3618,491,258,321.7,227,5,4,218,22,22,115,93,1,1125,223,2084,0.112279996871948,88,0.0340899991989136,10.9112077997534,10.6710241990128,202.282785829424,3216.98259699935,227
"416",2021-04-20,23105,3506,492,188,313.6,189,9,2,178,17,27,118,91,1,1142,187,2775,0.100539999008179,221,0,9.31236639678558,10.9730586878442,171.310176800477,3174.33946450519,189
"417",2021-04-21,23300,3407,493,207,287.6,195,3,2,185,12,25,110,85,1,1154,188,2521,0.136850004196167,236,0.0211899995803833,12.6949474239937,10.3916694285567,165.755647674911,2967.6355937682,195
"418",2021-04-22,23476,3299,496,239,277,176,7,4,161,14,22,106,84,3,1168,168,2358,0.163269996643066,213,0.00939000010490417,15.0521478843522,10.7133851657268,146.31204161092,2794.56800758585,176
"419",2021-04-23,23684,3223,499,189,254.3,208,5,8,186,21,29,112,83,3,1189,191,2507,0.0805700016021729,86,0.0116299998760223,7.82835225630487,10.2360051518237,183.811126761027,2966.6977044544,208
"420",2021-04-24,23841,3103,500,227,228.9,157,2,2,151,18,31,118,87,1,1207,153,2464,0.0852299976348877,214,0.00467000007629395,7.87924175461875,9.95927417758068,142.753903213507,2854.63635079419,157
"421",2021-04-25,23989,2972,505,139,206.7,148,2,6,136,21,30,124,94,5,1228,138,1621,0.135719995498657,93,0.0215100002288818,12.9523070434428,10.9472243656073,125.842834658619,2580.96307685085,148
"422",2021-04-26,24152,2836,510,173,194.6,163,4,7,148,12,31,123,92,5,1240,152,1304,0.115030002593994,31,0,11.2358893919527,10.9936074502072,141.65106283687,2512.30535661424,163
"423",2021-04-27,24312,2743,511,189,194.7,160,3,5,148,10,31,120,89,1,1250,151,2425,0.0610300016403198,332,0.00903999984264374,5.47693267774876,10.4456883474877,147.598899487389,2590.38928009211,160
"424",2021-04-28,24478,2640,513,186,191.7,166,2,7,155,13,27,115,88,2,1263,157,2408,0.0689400005340576,38,0,6.78689784489006,9.60168126475859,153.17587508548,2457.98923710617,166
"425",2021-04-29,24604,2544,513,159,180.3,126,2,7,113,13,29,113,84,0,1276,115,2728,0.0652500009536743,111,0.00901000022888184,6.30511139933179,8.35210462404138,114.634326984535,2381.05850303179,126
"426",2021-04-30,24757,2453,516,178,178.7,153,4,3,139,13,27,109,82,3,1289,143,2122,0.0669199991226196,179,0,6.17141408684045,8.11539917126075,137.035159734263,2299.21850928775,153
"427",2021-05-01,24881,2398,520,138,166,124,3,5,113,7,29,110,81,4,1296,116,2051,0.089709997177124,70,0.0285700011253357,8.76921755252498,8.24253857096164,110.666661303694,2184.38494660568,124
"428",2021-05-02,24978,2337,520,128,164.4,97,0,4,91,8,27,108,81,0,1304,91,1279,0.0695900011062622,21,0,6.84658549345457,7.37029263524904,88.670968477978,2174.46212453884,97
"429",2021-05-03,25085,2220,523,102,154.3,107,4,3,100,10,22,98,76,3,1314,104,976,0.174179992675781,140,0.0071399998664856,15.3225154868164,7.95409636308671,90.8122965748288,1874.45479227038,107
"430",2021-05-04,25190,2125,524,141,147.4,105,1,2,99,8,23,94,71,1,1322,100,2386,0.0389800000190735,57,0.0175399994850159,3.84797625935961,7.72138830331683,98.091103109066,2041.93594106765,105
"431",2021-05-05,25272,2010,525,114,137.1,82,1,2,75,8,23,88,65,1,1330,76,1904,0.0777299976348877,65,0.0307699990272522,7.61797691384447,7.84011388459603,72.1186764047749,1854.45446807365,82
"432",2021-05-06,25378,1940,527,122,131.9,106,3,6,92,12,22,88,66,2,1342,95,2133,0.0534499979019165,246,0,4.79230119902429,7.62399814169496,96.3752363593369,1845.55745828541,106
"433",2021-05-07,25490,1842,530,108,121.9,112,4,4,103,19,23,95,72,3,1361,107,2302,0.0469199991226196,82,0.0122000002861023,4.57257709747193,7.39559285749946,106.029882624318,1756.43966162611,112
"434",2021-05-08,25579,1766,534,136,121.6,89,1,3,85,4,21,86,65,4,1365,86,1901,0.0489200019836426,86,0.0116299998760223,4.73060411475805,6.81864808067561,84.867271385202,1681.13489844496,89
"435",2021-05-09,25662,1705,537,69,113.1,83,0,5,78,4,22,83,61,3,1369,78,1173,0.172210006713867,123,0.00813000023365021,15.6637598691439,8.0782444200598,70.5888378362401,1433.7047244973,83
"436",2021-05-10,25755,1638,538,82,110.3,93,3,2,87,9,22,85,63,1,1378,90,715,0.104899997711182,14,0,10.2885457288745,7.35910588321096,82.5937106855564,1466.80553447713,93
"437",2021-05-11,25887,1607,540,124,107.9,132,1,6,123,5,21,79,58,2,1383,124,1899,0.0458099985122681,86,0.0232599997520447,4.48330212360065,7.44986672095968,124.352691377734,1533.8127019679,132
"438",2021-05-12,25984,1547,541,115,108,97,3,3,90,8,22,80,58,1,1391,93,2118,0.0495800018310547,174,0.00574999988079071,4.62525933060347,7.02233563763954,91.6304082050765,1474.31442465864,97
"439",2021-05-13,26077,1519,541,78,101.7,93,1,1,90,7,20,77,57,0,1398,91,1684,0.0795699977874756,54,0.0185199999809265,7.76731624125886,7.44733778653019,84.8198385341951,1399.14653553233,93
"440",2021-05-14,26160,1440,541,128,104.6,83,2,4,75,7,21,70,49,0,1405,77,1738,0.0471799993515015,105,0,4.44920449663101,7.4297131292672,77.5198743578743,1374.91713084856,83
"441",2021-05-15,26234,1391,542,85,97.3,74,2,8,63,7,19,64,45,1,1412,65,1779,0.0522800016403198,61,0,5.05468059337657,7.47600976906985,69.6624413585619,1319.57624507323,74
"442",2021-05-16,26303,1363,543,46,94,69,2,3,63,7,19,67,48,1,1419,65,805,0.0409899997711182,20,0,3.99963028069698,5.80970554214886,65.3590812793612,1307.62196590414,69
"443",2021-05-17,26377,1328,545,87,94.7,74,7,5,59,10,19,71,52,2,1429,66,774,0.229969997406006,19,0,22.4459997468157,7.54648468756904,55.9511012571498,1025.19791620447,74
"444",2021-05-18,26456,1296,546,97,90.9,79,1,6,71,5,16,64,48,1,1434,72,1920,0.0265599989891052,56,0,2.58072864671468,7.27468847658533,76.1124578005272,1262.02424040949,79
"445",2021-05-19,26527,1282,550,91,87.4,71,2,5,64,4,14,57,43,4,1438,66,2042,0.0665999984741211,122,0.0163900005817413,6.37693054321293,7.52492722124382,66.7245931071253,1198.95346005052,71
"446",2021-05-20,26587,1237,553,73,86.7,60,5,8,45,11,15,63,48,3,1449,50,1487,0.0511100006103516,65,0.0307699990272522,5.0258131987348,7.13328392945467,55.447309408528,1173.84643476698,60
"447",2021-05-21,26668,1202,554,77,79.4,81,4,11,63,3,13,58,45,1,1452,67,1682,0.0416200017929077,190,0,3.73957494741831,7.03190827956714,75.4548178125108,1156.33867180057,81
"448",2021-05-22,26727,1170,558,77,78.3,59,0,13,46,8,15,57,42,4,1460,46,1380,0.0623199987411499,101,0.00990000009536743,5.87451034925179,7.14902681612074,56.254943196522,1100.18007695502,59
"449",2021-05-23,26782,1146,559,39,77.3,55,0,4,51,5,12,58,46,1,1465,51,826,0.0375300002098084,14,0.0714300012588501,3.80950002272924,7.12186535069678,53.0263961330567,1101.65196016633,55
"450",2021-05-24,26833,1100,561,65,74.1,51,2,11,38,5,11,56,45,2,1470,40,733,0.0832199954986572,30,0,7.99479117962199,5.05740698395482,47.7514545538395,1010.66500023059,51
"451",2021-05-25,26893,1032,563,56,68.3,60,1,12,46,3,11,53,42,2,1473,47,1035,0.0647300004959106,19,0.0526300001144409,6.45118790469088,5.61032973509428,55.919938554037,964.369714633324,60
"452",2021-05-26,26949,991,566,76,66.1,56,1,11,44,1,8,46,38,3,1474,45,1371,0.0320900011062622,61,0.0491800022125244,3.28179969634424,5.16816818554161,54.4998094857453,957.962471119413,56
"453",2021-05-27,26996,945,566,62,64.6,47,0,8,38,3,9,41,32,0,1477,38,1368,0.0548199987411499,113,0.00884999990463257,5.13124971418748,5.18323054489199,44.019254957166,895.741998276891,47
"454",2021-05-28,27031,895,569,65,62.9,35,0,1,30,1,7,33,26,3,1478,30,1589,0.0346099996566772,197,0.0152300000190735,3.24723401221823,5.11289612557769,30.0104068674836,865.47713821326,35
"455",2021-05-29,27066,857,571,45,58.3,35,0,3,31,4,9,35,26,2,1482,31,1074,0.024210000038147,104,0.00962000012397766,2.29219185516668,4.60113634070839,33.2781707282548,837.044913358527,35
"456",2021-05-30,27093,808,573,46,59.3,27,0,3,22,5,8,35,27,2,1487,22,718,0.0905300045013428,34,0,8.6436892595697,5.29173480311417,23.0682823086642,737.053277518214,27
"457",2021-05-31,27141,776,576,40,55.7,48,1,2,41,5,6,34,28,3,1492,42,783,0.0855700016021728,27,0.037039999961853,8.39523348808288,5.34894084718001,40.4181788179766,709.821589589281,48
"458",2021-06-01,27183,740,577,38,53.1,42,1,5,36,2,5,30,25,1,1494,37,1565,0.0172500002384186,27,0.037039999961853,1.75856346558386,4.67856592730758,41.3390302236995,726.780604473991,42
"459",2021-06-02,27215,702,577,48,49.1,32,0,1,30,1,6,29,23,0,1495,30,1688,0.042649998664856,43,0.0232599997520447,4.21683291366925,4.81214210121116,29.7149220300616,671.929175503442,32
"460",2021-06-03,27260,691,577,48,47.1,45,2,4,39,2,5,28,23,0,1497,41,1176,0.0136099994182587,186,0,1.175136513647,4.24698307256252,44.5105661434599,682.751248905628,45
"461",2021-06-04,27290,644,579,44,44.1,30,0,0,27,3,6,28,22,2,1500,27,1195,0.0476999998092651,68,0.0147099995613098,4.59238161062873,4.43914701519259,25.7404263573226,613.956836078362,30
"462",2021-06-05,27309,612,582,39,43.3,19,1,0,18,2,4,29,25,3,1502,19,999,0.0160199999809265,90,0.0222199988365173,1.65323965805621,4.34786812989109,18.6809114309661,601.721989250066,19
"463",2021-06-06,27326,563,582,21,39.7,17,0,1,16,2,4,27,23,0,1504,16,608,0.106909999847412,22,0,10.3176634773375,4.58700730385793,15.3230381906782,503.99190633449,17
"464",2021-06-07,27353,531,583,17,36.4,27,1,3,23,1,4,26,22,1,1505,24,843,0.00949000000953674,30,0.0666699981689453,1.14549483998944,3.55133035413029,26.7207287623322,524.821123866599,27
"465",2021-06-08,27386,503,584,28,35,33,0,2,30,1,3,25,22,1,1506,30,1771,0.0299300003051758,100,0,2.83303209729911,3.70482587294676,31.1366347183058,488.524242110261,33
"466",2021-06-09,27413,477,585,33,32.9,27,1,0,24,2,4,23,19,1,1508,25,1194,0.0594600009918213,26,0,5.81928206428153,3.93374718017708,23.5221469653555,448.802564098983,27
"467",2021-06-10,27442,464,585,20,28.9,29,0,0,28,2,5,20,15,0,1510,28,1216,0.0304299998283386,136,0,2.73689939284466,4.1568561629196,27.2215357097355,451.099734618474,29
"468",2021-06-11,27464,454,585,36,27.7,22,0,1,20,1,4,15,11,0,1511,20,1055,0.017059999704361,96,0,1.56370979045185,3.72418876003719,20.6823067541878,446.788363320064,22
"469",2021-06-12,27482,431,585,29,26.3,18,0,0,18,2,6,16,10,0,1513,18,880,0.011360000371933,44,0,1.08190479732695,3.64256949421873,17.8021739942161,426.263166194841,18
"470",2021-06-13,27503,423,586,18,25.9,21,0,1,18,2,5,15,10,1,1515,18,583,0.132080001831055,17,0,12.8337735112508,4.00201378477776,16.6533479108894,367.8536759059,21
"471",2021-06-14,27522,386,589,22,26.6,19,2,1,16,2,4,14,10,3,1517,18,655,0.0564900016784668,29,0,5.40949577476546,4.61115677546005,18.0108751296133,364.788766668374,19
"472",2021-06-15,27549,372,589,22,25.7,27,1,0,24,0,4,14,10,0,1517,25,1518,0.0144900000095367,36,0,1.41543243336401,4.40864253775504,24.6405396586942,366.65123012137,27
"473",2021-06-16,27566,351,589,24,24.4,17,0,0,17,1,4,12,8,0,1518,17,1251,0.0223799991607666,42,0,2.16530386311825,3.88664565187457,16.6260706084035,343.279457855861,17
"474",2021-06-17,27577,308,590,12,23.3,11,0,0,11,0,5,11,6,1,1518,11,1101,0.0208899998664856,123,0.0243899989128113,2.12417154569252,3.79911310228141,10.7626418748393,301.3539724955,11
"475",2021-06-18,27591,278,590,26,21.9,14,1,0,13,1,4,12,8,0,1519,14,864,0.0196800005435944,63,0,1.83425247784957,3.83776205762394,13.7391391044427,272.820047931077,14
"476",2021-06-19,27600,245,590,18,20.3,9,0,0,9,0,3,10,7,0,1519,9,926,0.0194400000572205,37,0,1.86930841671715,3.9502482889654,8.82909872542803,240.347687525541,9
"477",2021-06-20,27612,232,590,7,18.7,12,0,0,10,0,3,10,7,0,1519,10,562,0.0266899991035461,15,0,2.59961516398491,2.48822566792741,9.73592280858259,225.873409159116,12
"478",2021-06-21,27623,222,591,13,17.4,11,0,0,11,2,2,9,7,1,1521,11,520,0.0230800008773804,7,0,2.27734354008307,2.04077534868707,10.7455262056791,216.864256150977,11
"479",2021-06-22,27634,199,591,13,16.1,11,0,0,10,0,2,6,4,0,1521,10,1297,0.0115699994564056,65,0,1.10178335498958,1.99596833749072,9.88807733622768,196.772738990931,11
"480",2021-06-23,27645,186,591,18,15.3,11,0,0,10,0,1,4,3,0,1521,10,1105,0.00814000010490418,18,0,0.800952815308915,1.80106104494653,9.91863666097392,184.486641894115,11
"481",2021-06-24,27651,174,591,8,14.7,6,1,0,5,1,0,4,4,0,1522,6,904,0.00995999991893768,51,0,0.942810463530855,1.63229517606629,5.94253578544298,172.333537777846,6
"482",2021-06-25,27655,153,591,7,12,4,0,0,4,2,0,6,6,0,1524,4,1024,0.00194999992847443,64,0,0.183529405032887,1.39647759423534,3.99254259930546,152.714754423434,4
"483",2021-06-26,27659,138,591,9,10.7,4,0,0,4,1,0,6,6,0,1525,4,764,0.00523999989032745,19,0,0.511284791342296,1.20247421918179,3.97922482472288,137.283256452939,4
"484",2021-06-27,27664,124,591,8,10.9,5,0,0,5,0,0,5,5,0,1525,5,398,0.0200999999046326,13,0,1.94642334842914,1.10916110267382,4.90113805722411,121.548223819158,5
"485",2021-06-28,27673,116,591,1,9.1,9,0,0,9,0,0,4,4,0,1525,9,555,0.00180000007152557,5,0,0.178392864231552,0.809311006123604,8.98369045600016,115.789788099558,9
"486",2021-06-29,27676,110,591,8,8.4,3,0,0,3,0,0,3,3,0,1525,3,929,0.00646000027656555,14,0,0.636409359165366,0.742829006720144,2.98060545285835,109.288866604806,3
"487",2021-06-30,27678,95,591,8,7,2,0,1,1,0,0,2,2,0,1525,1,1221,0.000820000022649765,51,0,0.0787122663251072,0.639651785436743,1.99920041571886,94.9240394932921,2
"488",2021-07-01,27681,91,591,7,6.9,3,0,0,3,0,0,1,1,0,1525,3,884,0.00225999996066093,74,0,0.208542793864746,0.53475640405587,2.99364466755806,90.8072215825944,3
"489",2021-07-02,27685,80,591,6,6.7,4,0,0,4,2,0,2,2,0,1527,4,785,0.0140100002288818,29,0,1.35108724565998,0.701550381288312,3.94510090106616,78.9020180213233,4
"490",2021-07-03,27691,74,591,6,6.3,6,0,0,6,0,0,1,1,0,1527,6,627,0.00158999994397163,16,0,0.155043540415274,0.650658774013024,5.99055010989299,73.8834513553469,6
"491",2021-07-04,27693,69,592,2,5.4,2,0,0,2,1,0,2,2,1,1528,2,437,0.00685999989509583,34,0,0.636479820415472,0.463523984296785,1.98706887036991,68.5538760277619,2
"492",2021-07-05,27699,68,592,2,5.6,6,0,0,6,0,0,2,2,0,1528,6,505,0.00197999998927116,27,0,0.187951126801116,0.464889450378152,5.9885443954066,67.8701698146081,6
"493",2021-07-06,27704,64,592,12,6.1,5,0,2,3,0,0,2,2,0,1528,3,1174,0.00596000015735626,28,0,0.58211648791483,0.457133325913789,4.98226002571427,63.6215472152377,5
"494",2021-07-07,27710,63,592,6,5.9,6,0,0,6,0,0,2,2,0,1528,6,1218,0.0320199990272522,23,0,3.14265582717109,0.894839548891786,5.80845540464718,60.9887817487954,6
"495",2021-07-08,27712,54,593,5,5.6,2,0,0,2,1,0,3,3,1,1529,2,933,0.00321999996900558,87,0,0.29453529128257,0.907124191380047,1.99401603332887,53.8384328998796,2
"496",2021-07-09,27714,52,593,3,5.1,2,0,0,2,0,0,2,2,0,1529,2,823,0.00486000001430511,56,0,0.455037544001491,0.77911709114312,1.99075516728213,51.7596343493354,2
"497",2021-07-10,27715,48,593,0,4.3,1,0,0,1,0,0,2,2,0,1529,1,930,0,22,0,0,0.756968013940938,1,48,1
"498",2021-07-11,27720,50,593,0,4,5,0,0,5,0,0,2,2,0,1529,5,422,0.00237000003457069,8,0,0.23259070106717,0.699269568319752,4.98818634774513,49.8818634774513,5
"499",2021-07-12,27723,48,593,1,3.9,3,0,1,2,0,0,1,1,0,1529,2,460,0.00216999992728233,16,0,0.209705875325604,0.702377389537536,2.99573948180123,47.8977475632296,3
"500",2021-07-13,27725,47,593,2,2.4,2,0,0,2,0,0,1,1,0,1529,2,1188,0.000839999988675117,14,0,0.0830216294963427,0.631078124049181,1.99831327966939,46.9603620722306,2
"501",2021-07-14,27730,49,593,0,1.6,5,0,0,5,0,0,0,0,0,1529,5,1098,0,15,0,0,0.182127291596168,5,49,5
"502",2021-07-15,27741,55,593,1,1,11,0,0,11,0,0,0,0,0,1529,11,947,0.00105999998748302,31,0,0.102640080587569,0.154713690068311,10.9885308429331,54.9426542146655,11
"503",2021-07-16,27744,55,593,8,1.7,3,0,0,3,0,0,0,0,0,1529,3,867,0.00460999995470047,34,0,0.443603769225894,0.153080293671797,2.98648119470501,54.7521552362586,3
"504",2021-07-17,27746,52,593,5,2.4,2,0,0,2,0,0,0,0,0,1529,2,761,0.00263000011444092,18,0,0.256922989356809,0.189783577865627,1.99478018882334,51.8642849094069,2
"505",2021-07-18,27754,57,593,4,3,8,0,0,8,0,0,0,0,0,1529,8,214,0.00467000007629395,17,0,0.432632041699959,0.21836091224174,7.96484148697943,56.7494955947284,8
"506",2021-07-19,27762,61,593,2,3.1,8,0,0,8,0,0,0,0,0,1529,8,367,0,10,0,0,0.188402930052368,8,61,8
"507",2021-07-20,27766,62,593,10,4.3,4,0,0,4,0,0,0,0,0,1529,4,1142,0.00437999993562698,22,0,0.429721643168902,0.237931503434162,3.98253900251215,61.7293545389383,4
"508",2021-07-21,27771,65,593,12,6,5,0,0,5,0,0,0,0,0,1529,5,1058,0.0103999996185303,8,0,1.03219508409053,0.385387944018523,4.9475731672561,64.3184511743293,5
"509",2021-07-22,27776,67,593,5,6.6,5,0,0,5,1,0,1,1,0,1530,5,1046,0.00477999985218048,28,0,0.46553816064998,0.437230526884582,4.97635457515688,66.6831513071022,5
"510",2021-07-23,27788,75,593,3,5.9,12,0,0,12,0,0,1,1,0,1530,12,928,0.00647000014781952,38,0,0.621548668444774,0.462651226772993,11.9242333270096,74.5264582938099,12
"511",2021-07-24,27791,77,593,2,5.4,3,0,0,3,0,0,1,1,0,1530,3,713,0.0028099998831749,16,0,0.274832636036173,0.465209747727188,2.99162448754265,76.7850285135946,3
"512",2021-07-25,27798,79,593,7,5.9,7,0,0,7,0,0,1,1,0,1530,7,410,0.00244000002741814,14,0,0.235943398877697,0.43711137018115,6.98322248243486,78.8106537303362,7
"513",2021-07-26,27807,83,593,5,6.3,9,0,0,9,1,0,2,2,0,1531,9,410,0,10,0,0,0.43711137018115,9,83,9
"514",2021-07-27,27815,90,593,7,5.9,8,0,0,8,0,0,2,2,0,1531,8,1125,0.0106700003147125,5,0,1.06227879239395,0.5274766772133,7.91367226845449,89.028813020113,8
"515",2021-07-28,27821,90,593,8,5.3,6,0,0,6,0,0,1,1,0,1531,6,1074,0.00372000008821487,11,0,0.368228580160624,0.432624319509028,5.97755650053232,89.6633475079848,6
"516",2021-07-29,27825,86,593,9,5.9,4,0,0,4,0,0,1,1,0,1531,4,1234,0.00243000000715256,15,0,0.240081666038932,0.400416248850307,3.99024469576009,85.790260958842,4
"517",2021-07-30,27828,81,593,4,6,3,0,0,3,0,0,1,1,0,1531,3,940,0.00745000004768372,21,0,0.72872008791079,0.415726451631166,2.97779228747266,80.400391761762,3
"518",2021-07-31,27835,82,593,8,6.9,7,0,0,7,0,0,0,0,0,1531,7,936,0.00962000012397766,8,0,0.953847469919819,0.512728570757401,6.93217359435708,81.2054621053258,7
"519",2021-08-01,27844,84,593,1,6,9,0,0,7,0,0,0,0,0,1531,7,563,0.00178000003099442,13,0,0.173982641918378,0.503877034048927,6.98762840221553,83.8515408265864,9
"520",2021-08-02,27855,87,593,3,5.7,11,0,0,11,1,0,1,1,0,1532,11,462,0.0043299999833107,4,0,0.429283260147971,0.565203214070066,10.9520312424869,86.6206107360326,11
"521",2021-08-03,27872,99,593,10,6.1,17,0,0,16,0,0,1,1,0,1532,16,550,0.0109099996089935,3,0,1.08508133543335,0.568460720218552,15.823638368946,97.9087624078533,17
"522",2021-08-04,27884,108,593,15,7.1,12,0,0,10,2,0,3,3,0,1534,10,1289,0.00776000022888184,22,0,0.762977901985407,0.624853480479236,9.92249427366741,107.162938155608,12
"523",2021-08-05,27904,121,593,9,7.1,20,0,0,20,0,1,3,2,0,1534,20,1482,0.00472000002861023,19,0,0.466025319280504,0.657131145228032,19.9053193263757,120.427181924573,20
"524",2021-08-06,27918,123,593,15,8.7,14,0,0,12,1,1,4,3,0,1535,12,1109,0.00541000008583069,44,0,0.520354735055181,0.627364666248659,11.9365688496307,122.349830708715,14
"525",2021-08-07,27931,133,593,13,9.4,13,0,0,13,0,1,4,3,0,1535,13,846,0.01182000041008,14,0,1.16275817987531,0.657209053385157,12.8464483150041,131.429048145811,13
"526",2021-08-08,27951,145,593,5,10,20,0,0,19,1,1,3,2,0,1536,19,612,0.00653999984264374,4,0,0.6497532311198,0.725176280413932,18.8745923933455,144.042941949215,20
"527",2021-08-09,27965,153,593,13,11.4,14,0,0,14,1,1,3,2,0,1537,14,556,0.0143900001049042,9,0,1.41607788642951,0.866146941311294,13.7986104148182,150.79909953337,14
"528",2021-08-10,27985,168,593,18,12.6,20,3,0,17,1,1,4,3,0,1538,20,1264,0.0102799999713898,16,0,1.01514999717474,0.856156750131492,19.7937556575025,166.267547523021,20
"529",2021-08-11,28000,174,593,20,13.3,15,2,0,13,0,1,4,3,0,1538,15,1296,0.0108000004291534,8,0,1.07337427578089,0.900499089245133,14.8364448315188,172.102760045618,15
"530",2021-08-12,28019,188,593,18,14.6,19,3,0,16,0,1,3,2,0,1538,19,1053,0.0133000004291534,38,0,1.28367556846,1.01730626769935,18.7522402766909,185.548482737783,19
"531",2021-08-13,28036,202,593,26,16.1,17,3,0,14,0,1,3,2,0,1538,17,1077,0.0213599991798401,14,0,2.10859020317945,1.24419704885996,16.6358645706817,197.673214310453,17
"532",2021-08-14,28053,210,593,16,16.6,17,2,0,15,1,1,4,3,0,1539,17,1005,0.0119400000572205,12,0,1.17991151007931,1.24664752460339,16.7962394098045,207.482957415232,17
"533",2021-08-15,28071,207,593,8,17,18,1,0,17,0,1,4,3,0,1539,18,543,0.0221000003814697,2,0,2.20188994626386,1.46838134105254,17.5973850062211,202.369927571543,18
"534",2021-08-16,28090,210,593,21,18.1,19,0,0,19,0,1,3,2,0,1539,19,611,0.0114600002765656,8,0,1.1311890418387,1.42768293468242,18.7816714044402,207.586894470129,19
"535",2021-08-17,28111,206,593,18,18.1,21,0,0,21,0,1,3,2,0,1539,21,1323,0.0158700001239777,10,0,1.57509453593567,1.50767501164827,20.663993444583,202.703935694481,21
"536",2021-08-18,28142,219,593,24,18.7,31,0,0,31,0,1,2,1,0,1539,31,1295,0.015440000295639,12,0,1.52982405377602,1.57288212279043,30.5182463544025,215.596643600456,31
"537",2021-08-19,28165,227,593,19,18.9,23,0,0,23,3,1,5,4,0,1542,23,1279,0.0172000002861023,17,0,1.69743829983988,1.63199108441613,22.6034082607367,223.085811964663,23
"538",2021-08-20,28184,227,593,17,17.6,19,0,0,19,0,2,5,3,0,1542,19,1142,0.014889999628067,50,0,1.42654191067555,1.53455561405843,18.7246659220118,223.710482331405,19
"539",2021-08-21,28207,236,593,27,19.1,23,1,0,22,1,2,6,4,0,1543,23,879,0.0182000005245209,12,0,1.79548826723388,1.62249515079479,22.5804997361046,231.695562509595,23
"540",2021-08-22,28238,253,593,17,20.4,31,0,0,31,1,1,5,4,0,1544,31,520,0.0173099994659424,6,0,1.71125470005514,1.5524044013364,30.4611124146842,248.601981965003,31
"541",2021-08-23,28279,272,593,16,19.7,41,1,0,40,0,1,3,2,0,1544,41,575,0.0139100003242493,11,0.0909099960327148,1.5355392735159,1.61016872014743,40.3604616146482,267.757208760593,41
"542",2021-08-24,28311,286,593,26,20.9,32,1,0,31,0,1,3,2,0,1544,32,1233,0.0154100000858307,23,0,1.51278105938131,1.60126679492538,31.508246015579,281.604948764237,32
"543",2021-08-25,28337,302,593,27,21.3,26,0,0,25,2,1,5,4,0,1546,25,1318,0.0197300004959106,68,0,1.8762006243586,1.65074916215147,24.5235239062686,296.244168787724,26
"544",2021-08-26,28365,310,593,44,24.9,28,2,0,24,3,1,8,7,0,1549,26,1198,0.0125199997425079,22,0,1.2294229255348,1.58388982296503,25.6752893850917,306.128450360709,28
"545",2021-08-27,28398,327,593,24,25.9,33,0,0,33,2,1,9,8,0,1551,33,896,0.0278999996185303,9,0,2.7622541058788,1.7747058508512,32.0740247079596,317.8244266516,33
"546",2021-08-28,28430,331,593,38,27.4,32,0,0,29,2,1,11,10,0,1553,29,1115,0.0242199993133545,16,0,2.38773644866404,1.85931273391266,28.2965937584005,322.971466690709,32
"547",2021-08-29,28469,352,593,28,29,39,0,0,35,1,0,10,10,0,1554,35,537,0.0260700011253357,2,0,2.59732664272825,1.98589444000881,34.0765434935229,342.712665992001,39
"548",2021-08-30,28506,374,593,20,29.6,37,0,0,36,1,1,9,8,0,1555,36,627,0.0111600005626678,9,0,1.10020760264037,1.92370420131231,35.5976546622195,369.820078990836,37
"549",2021-08-31,28537,383,593,22,29,31,0,0,25,0,1,7,6,0,1555,25,553,0.0361700010299683,16,0,3.51529183999516,2.20977716997143,24.1072636356149,369.323278897621,31
"550",2021-09-01,28575,393,593,55,33,38,0,0,36,2,1,9,8,0,1557,36,807,0.0309800004959106,5,0,3.0789236946059,2.38159475143533,34.8740392350192,380.70826164896,38
"551",2021-09-02,28620,420,593,34,31.6,45,0,1,39,1,1,10,9,0,1558,39,1298,0.0169500005245209,8,0,1.68461720373875,2.44662250546447,39.3325977455563,412.812591105991,45
"552",2021-09-03,28672,452,593,50,35.3,52,0,1,49,1,2,5,3,0,1559,49,1050,0.035239999294281,45,0.0222199988365173,3.47049307823181,2.5477995015149,48.2725356505122,436.065022735337,52
"553",2021-09-04,28727,483,593,38,35.3,55,0,0,52,0,2,5,3,0,1559,52,911,0.0318300008773804,8,0,3.1552917083018,2.65745025289172,50.3332721563297,467.518662528986,55
"554",2021-09-05,28753,477,593,23,34.6,26,0,0,25,2,1,7,6,0,1561,25,412,0.0388299989700317,6,0,3.82726305637633,2.83315545484145,24.0280360601584,458.454928027823,26
"555",2021-09-06,28813,494,593,29,35.9,60,0,1,53,1,1,8,7,0,1562,53,519,0.0346799993515015,2,0,3.45468707551425,3.169509665252,52.140027960421,476.663656838641,60
"556",2021-09-07,28878,519,593,50,39.9,65,1,2,56,1,1,8,7,0,1563,57,825,0.0460599994659424,11,0.0909099960327148,4.66501309997157,3.33375555953435,56.298844700451,494.405270167265,65
"557",2021-09-08,28930,532,594,66,41.4,52,0,1,50,2,1,7,6,1,1565,50,1376,0.03125,17,0,3.08686288585786,3.3348897297132,49.4321331624747,515.31789684873,52
"558",2021-09-09,29000,577,594,58,44.9,70,0,3,63,3,2,10,8,0,1568,63,1485,0.0343400001525879,13,0,3.40419894703558,3.58054426446989,63.8214009329897,557.046799021192,70
"559",2021-09-10,29066,607,594,62,46.6,66,0,0,58,0,1,7,6,0,1568,58,1263,0.0332500004768372,35,0,3.23534288152892,3.54695137922662,56.0937926563417,587.0505541793,66
"560",2021-09-11,29120,629,594,44,47.4,54,0,0,49,1,1,7,6,0,1569,49,1162,0.0309800004959106,15,0,3.05851831573901,3.5331266088605,47.4775992247803,609.457345150752,54
"561",2021-09-12,29175,641,594,53,51.7,55,0,1,50,2,1,8,7,0,1571,50,585,0.0598299980163574,3,0,5.95247429244372,3.83672821401299,47.9766434760995,602.240569363596,55
"562",2021-09-13,29237,670,594,36,52.7,62,0,0,55,5,4,13,9,0,1576,55,530,0.0301900005340576,20,0,2.90921823328192,3.75880409369408,53.3745978827948,650.199646935864,62
"563",2021-09-14,29299,688,594,63,54.6,62,0,2,55,2,5,10,5,0,1578,55,1224,0.0334999990463257,29,0,3.27246598824442,3.55986879201878,55.1716486288573,665.128986484615,62
"564",2021-09-15,29346,701,594,58,53.4,47,0,1,42,2,6,11,5,0,1580,42,1537,0.0305800008773804,13,0,3.03235234506669,3.55208157190575,41.7062487450366,679.406675482634,47
"565",2021-09-16,29406,729,594,63,54.1,60,1,1,50,1,7,11,4,0,1581,51,1708,0.0316199994087219,39,0,3.09141150487104,3.50739765159653,50.3984193033406,706.106817100693,60
"566",2021-09-17,29465,725,595,90,58.1,59,1,2,45,0,7,9,2,1,1581,46,1417,0.0310500001907349,4,0,3.0962596953041,3.48752862499299,46.5531715433931,702.196725412174,59
"567",2021-09-18,29527,741,595,44,58.1,62,0,5,50,0,7,8,1,0,1581,50,1575,0.0298399996757507,28,0,2.93187769739909,3.46943710808728,53.5108526088114,718.930835662585,62
"568",2021-09-19,29570,732,595,60,59.1,43,2,1,39,3,7,9,2,0,1584,41,1058,0.0321399998664856,3,0,3.20491233352891,3.07692825681374,40.6651826532017,708.168626881552,43
"569",2021-09-20,29621,711,595,60,62.6,51,2,0,40,2,8,11,3,0,1586,42,1220,0.0385199999809265,66,0.0606099987030029,3.965370131503,3.22780709941675,40.308177282771,682.359858286909,51
"570",2021-09-21,29681,710,595,36,58.7,60,0,0,51,1,7,12,5,0,1587,51,1196,0.0200699996948242,23,0,1.96913204552992,3.04161653617182,49.9798433924682,695.797819777498,60
"571",2021-09-22,29732,697,595,63,59.4,51,0,0,42,4,9,15,6,0,1591,42,2383,0.0180400002002716,29,0,1.78231013587261,2.86303907771552,41.2395784814484,684.380623846893,51
"572",2021-09-23,29768,669,595,44,56.7,36,0,0,29,3,9,16,7,0,1594,29,1528,0.0274900007247925,48,0,2.66527418194689,2.80216231729779,28.2148335733601,650.887022778548,36
"573",2021-09-24,29812,663,595,56,51.9,44,1,0,34,2,8,16,8,0,1596,35,2089,0.0181900000572205,48,0,1.7781427290376,2.61385989354543,34.3677970858336,651.024270511648,44
"574",2021-09-25,29855,658,595,62,54.4,43,0,0,35,2,10,16,6,0,1598,35,1935,0.0273900008201599,32,0,2.6944408534321,2.57994034440729,34.0420153951811,639.989889429404,43
"575",2021-09-26,29903,636,595,38,51.3,48,1,0,38,3,11,17,6,0,1601,39,1060,0.0339599990844727,4,0,3.38323299149822,2.60541472411719,37.6596496101175,614.1419782573,48
"576",2021-09-27,29944,617,595,31,47.1,41,0,0,29,0,11,17,6,0,1601,29,852,0.0164300000667572,15,0.0666699981689453,1.72992041861722,2.28606476513351,28.4903805984925,606.157407905858,41
"577",2021-09-28,29988,592,596,44,48.3,44,1,0,32,3,11,18,7,1,1604,33,1723,0.0203099989891052,35,0,1.99056474733949,2.28912657967773,32.3327138986525,580.029291757645,44
"578",2021-09-29,30033,580,596,65,48.6,45,1,0,37,0,11,18,7,0,1604,38,2041,0.0215599989891052,8,0,2.14758213454191,2.34130829377335,37.1709987032377,567.346822312575,45
"579",2021-09-30,30081,583,596,61,51,48,2,0,38,3,12,20,8,0,1607,40,1837,0.017960000038147,29,0,1.76808789228703,2.21313882382194,39.2815679932278,572.528853501295,48
"580",2021-10-01,30124,567,596,48,49.9,43,0,0,24,1,11,19,8,0,1608,24,1834,0.0196300005912781,13,0,1.94918359958874,2.23757323390067,23.5247897264173,555.773157286608,43
"581",2021-10-02,30161,550,596,60,49.6,37,0,0,29,0,9,14,5,0,1608,29,1477,0.0189600002765656,13,0,1.87945774553606,2.12114707562981,28.4463282119045,539.49932815681,37
"582",2021-10-03,30188,536,597,37,49.4,27,5,0,18,2,7,13,6,1,1610,23,1029,0.0213800001144409,12,0,2.11335447817096,1.9397358594402,22.5062330523256,524.493083306369,27
"583",2021-10-04,30232,533,598,25,48.6,44,1,0,40,0,4,9,5,1,1610,41,1256,0.0199000000953674,8,0,1.97740507276752,1.9750908100331,40.1764284579133,522.293569952873,44
"584",2021-10-05,30282,530,598,33,47,50,1,0,42,0,4,8,4,0,1610,43,1637,0.0116100001335144,13,0,1.15185274051897,1.85527480905874,42.4968618525987,523.798529811101,50
"585",2021-10-06,30322,520,598,28,41.7,40,1,0,32,0,4,7,3,0,1610,33,1958,0.0127699995040894,36,0,1.25394478580777,1.72761233066815,32.5796469677537,513.376255249453,40
"586",2021-10-07,30359,509,598,53,40.6,37,1,0,31,2,3,7,4,0,1612,32,1681,0.0184399998188019,9,0,1.83417986363349,1.7370540408605,31.4037701288676,499.5162186123,37
"587",2021-10-08,30387,491,600,59,42.1,28,0,0,19,0,2,5,3,2,1612,19,2154,0.0246099996566772,13,0,2.44623623721656,1.80806156052162,18.527856704472,478.79882325767,28
"588",2021-10-09,30416,471,600,37,38.9,29,1,0,26,3,3,6,3,0,1615,27,1520,0.0184200000762939,12,0,1.82757180913621,1.80064928389307,26.4987434677553,462.255858270842,29
"589",2021-10-10,30437,433,601,20,36.4,21,0,0,19,2,3,6,3,1,1617,19,1009,0.0178400003910065,24,0,1.7425518290925,1.74767747688186,18.6636734626447,425.335295227639,21
"590",2021-10-11,30456,411,601,18,35.4,19,0,0,17,1,4,7,3,0,1618,17,635,0.0220499992370605,7,0,2.18095786846315,1.77675644769552,16.6233672960443,401.894350510248,19
"591",2021-10-12,30490,410,601,31,35.1,34,0,0,27,2,5,7,2,0,1620,27,1117,0.01432000041008,13,0,1.41552570425304,1.81442401394325,26.6117572495537,404.104461937667,34
"592",2021-10-13,30512,405,601,24,34.6,22,0,0,20,0,5,7,2,0,1620,20,1674,0.0203099989891052,9,0,2.02013893688426,1.92388032123989,19.5895757001913,396.688907928873,22
"593",2021-10-14,30532,392,601,39,32.6,20,0,0,17,0,5,6,1,0,1620,17,1287,0.0116600000858307,34,0,1.13598941033036,1.82413882791087,16.8038243794323,387.476420984557,20
"594",2021-10-15,30568,377,601,33,28.9,36,1,0,20,2,5,8,3,0,1622,21,1605,0.0155799996852875,14,0,1.54452745490342,1.69532328758042,20.6705141577037,371.084944640681,36
"595",2021-10-16,30598,370,602,21,26.6,30,0,0,24,1,4,8,4,1,1623,24,1409,0.0156099998950958,8,0,1.55218700438885,1.65598260118794,23.6215773562004,364.165984241423,30
"596",2021-10-17,30623,361,602,34,28.6,25,1,0,20,0,4,8,4,0,1623,21,815,0.0368099999427795,8,0,3.64521870636274,1.92779215508369,20.2223848452761,347.632425197365,25
"597",2021-10-18,30659,366,602,23,29.3,36,3,0,23,1,3,9,6,0,1624,26,812,0.0135500001907349,20,0,1.32242790323037,1.80514501719329,25.6507252559627,361.083286295474,36
"598",2021-10-19,30680,349,602,23,28.1,21,0,0,18,3,2,11,9,0,1627,18,1138,0.0105400002002716,9,0,1.04572974959975,1.75231702367139,17.8087885921166,345.29262325826,21
"599",2021-10-20,30706,345,602,35,29.7,26,1,0,20,1,3,11,8,0,1628,21,1788,0.0128600001335144,19,0,1.27247815377553,1.64550834037015,20.7285489908455,340.540447706748,26
"600",2021-10-21,30724,334,602,44,30.4,18,0,0,15,0,3,11,8,0,1628,15,1307,0.0229500007629395,7,0,2.28277404849025,1.80933471725013,14.6521628079509,326.254825190373,18
"601",2021-10-22,30749,319,602,34,30.6,25,0,0,11,0,2,8,6,0,1628,11,1412,0.0184099996089935,19,0,1.81655621578608,1.8481959688048,10.7970152747304,313.11344296718,25
"602",2021-10-23,30772,318,602,22,30.7,23,0,0,20,0,1,6,5,0,1628,20,1331,0.0120200002193451,9,0,1.19392688745883,1.79701595210051,19.7574342052117,314.143203862866,23
"603",2021-10-24,30791,310,603,14,27.9,19,0,0,11,1,1,6,5,1,1629,11,820,0.00244000002741814,8,0,0.241642514792617,1.3107907818762,10.9729985017516,309.239048685727,20
"604",2021-10-25,30817,301,603,15,26.7,26,0,2,20,3,1,6,5,0,1632,20,814,0.0135099995136261,5,0,1.34275208841168,1.3136942369021,21.7271979289934,296.894328831351,27
"605",2021-10-26,30838,287,603,30,27.7,21,0,6,13,3,2,8,6,0,1635,13,1382,0.0166400003433228,10,0,1.65204601109713,1.40031084568744,18.7818338730398,282.183563197108,22
"606",2021-10-27,30860,292,603,34,27.6,22,0,5,16,2,2,9,7,0,1637,16,1357,0.0139999997615814,10,0,1.38975857179707,1.41706519111909,20.774118233823,287.877657767269,23
"607",2021-10-28,30881,280,603,26,25,21,0,5,15,3,2,12,10,0,1640,15,1854,0.0102499997615814,42,0,1.00229428048375,1.23413950997531,19.8472756301216,277.149145095604,23
"608",2021-10-29,30904,278,603,12,21.9,23,0,0,21,1,2,13,11,0,1641,21,1543,0.012960000038147,18,0,1.28105573727487,1.15763944161656,20.7267191804947,274.382282484644,25
"609",2021-10-30,30923,265,603,28,22.7,19,0,3,16,1,2,14,12,0,1642,16,1179,0.0127199995517731,7,0,1.26449236690898,1.16772022439516,18.7944781381809,261.596044163621,24
"610",2021-10-31,30934,241,604,32,25.3,11,0,1,10,0,1,13,12,1,1642,10,936,0.0202999997138977,7,0,2.01493104265199,1.4210471569465,10.7953168845855,236.06713691851,23
"611",2021-11-01,30963,245,604,13,25,29,0,7,20,1,1,12,11,0,1643,20,771,0.0103799998760223,13,0,1.02078825311393,1.37505232333253,26.792610153496,242.459474380325,26
"612",2021-11-02,30985,244,604,31,25.1,22,0,5,15,2,0,13,13,0,1645,15,1512,0.0165299999713898,17,0,1.63462131829571,1.37256308150376,19.7509249372291,239.948378978926,26
"613",2021-11-03,30994,232,604,44,26.6,9,0,2,7,2,0,14,14,0,1647,7,1653,0.0163300001621246,11,0,1.6222049439899,1.40576970610273,8.88464787711158,228.176901069984,24
"614",2021-11-04,30994,220,604,11,24.4,0,0,0,0,0,0,14,14,0,1647,0,1301,0.0269000005722046,18,0,2.65329042793314,1.6416262985955,0,214.070346693438,24
