"","date","observed_cumulative_cases","observed_active_cases","observed_cumulative_deaths","observed_new_cases","observed_daily_average_cases","observed_new_episodes","observed_new_cases_community_outbreak","observed_new_cases_institution_outbreak","observed_new_cases_sporadic","observed_new_ICU_p_acute_care","observed_census_ICU","observed_census_ICU_p_acute_care","observed_census_acute_care","observed_new_deaths","cumulative_hosp","observed_new_community_cases","num_non_ltch_tests","non_ltch_pct_positivity","num_ltch_tests","ltch_pct_positivity","observed_pct_positivity","pct_positivity_7_day","adjusted_new_episodes","adjusted_active_cases","adjusted_episode_cases"
"1",2020-03-01,7,7,0,0,0,2,0,0,2,0,0,1,1,0,0,2,NA,NA,NA,NA,NA,NA,NA,NA,2
"2",2020-03-02,10,10,0,0,0,3,2,0,1,0,0,1,1,0,0,3,NA,NA,NA,NA,NA,NA,NA,NA,3
"3",2020-03-03,11,11,0,0,0,1,0,0,1,0,0,1,1,0,0,1,NA,NA,NA,NA,NA,NA,NA,NA,1
"4",2020-03-04,12,12,0,0,0,1,0,0,1,0,0,1,1,0,0,1,NA,NA,NA,NA,NA,NA,NA,NA,1
"5",2020-03-05,18,18,0,0,0,6,2,0,4,0,0,1,1,0,0,6,NA,NA,NA,NA,NA,NA,NA,NA,6
"6",2020-03-06,23,23,0,0,0,5,0,1,4,0,0,1,1,0,0,4,NA,NA,NA,NA,NA,NA,NA,NA,5
"7",2020-03-07,27,27,0,0,0,4,0,0,4,0,0,1,1,0,0,4,NA,NA,NA,NA,NA,NA,NA,NA,4
"8",2020-03-08,36,36,0,0,0,9,1,0,8,0,0,1,1,0,0,9,NA,NA,NA,NA,NA,NA,NA,NA,9
"9",2020-03-09,45,45,0,1,0.1,9,0,0,9,0,0,1,1,0,0,9,NA,NA,NA,NA,NA,NA,NA,NA,9
"10",2020-03-10,52,52,0,0,0.1,7,1,0,6,0,0,1,1,0,0,7,NA,NA,NA,NA,NA,NA,NA,NA,7
"11",2020-03-11,61,61,0,0,0.1,9,0,0,9,0,0,1,1,0,0,9,NA,NA,NA,NA,NA,NA,NA,NA,9
"12",2020-03-12,75,75,0,3,0.6,14,1,0,13,0,0,1,1,0,0,14,NA,NA,NA,NA,NA,NA,NA,NA,14
"13",2020-03-13,97,97,0,1,0.7,22,2,2,18,0,0,1,1,0,0,20,NA,NA,NA,NA,NA,NA,NA,NA,22
"14",2020-03-14,115,115,0,4,1.3,18,1,1,16,1,0,2,2,0,1,17,NA,NA,NA,NA,NA,NA,NA,NA,18
"15",2020-03-15,142,142,0,4,1.9,27,1,0,26,0,0,2,2,0,1,27,NA,NA,NA,NA,NA,NA,NA,NA,27
"16",2020-03-16,157,157,0,0,1.7,15,0,0,15,0,0,2,2,0,1,15,NA,NA,NA,NA,NA,NA,NA,NA,15
"17",2020-03-17,180,179,0,5,2.4,23,1,0,22,2,0,4,4,0,3,23,127,0,4,0,0,0,23,179,23
"18",2020-03-18,196,194,0,4,3,16,0,0,16,0,0,3,3,0,3,16,210,0.01904999971,1,0,1.89597153511848,0.947985767559242,15.6854900604764,190.186566983276,16
"19",2020-03-19,221,219,0,1,2.7,25,0,0,25,4,0,7,7,0,7,25,110,0.02726999998,9,0,2.52075630067227,1.47224261193025,24.3466386353634,213.276554445784,25
"20",2020-03-20,243,241,0,2,2.9,22,1,1,20,3,1,10,9,0,10,21,137,0.00730000019,4,0,0.709290798602837,1.2815046585984,21.8455719454754,239.227754231408,22
"21",2020-03-21,263,261,0,4,2.9,20,0,2,18,3,1,10,9,0,13,18,204,0.01470999956,3,0,1.44968111605797,1.31513995009031,19.7294624414679,257.077205401284,20
"22",2020-03-22,289,287,0,7,3.3,26,0,1,25,3,5,13,8,0,16,25,159,0.03144999981,2,0,3.10593165825466,1.61360523478437,25.1949655164349,277.758204128673,26
"23",2020-03-23,310,308,0,9,4.6,21,1,0,20,4,5,17,12,0,20,21,138,0.03622999907,3,0,3.54591480259574,1.88964945875742,20.2279771208742,296.676997772821,21
"24",2020-03-24,328,324,1,8,5,18,1,3,14,3,7,20,13,1,23,15,253,0.01975999951,4,0,1.94524508794942,2.16754161417877,17.6974841277097,317.46565715853,18
"25",2020-03-25,351,347,1,8,5.6,23,0,1,22,4,8,23,15,0,27,22,153,0.05881999969,2,0,5.80610319520645,2.72613185133419,21.6756889251334,326.112002591878,23
"26",2020-03-26,365,357,1,19,8.1,14,1,3,10,2,7,25,18,0,29,11,274,0.02555000067,3,0,2.52732858612996,2.72707074925672,13.7117714649645,347.645673908393,14
"27",2020-03-27,382,365,1,27,11.7,17,3,2,12,5,9,26,17,0,34,15,577,0.02946000099,4,0,2.92571782637349,3.04370318179539,16.5450053642065,353.928463862358,17
"28",2020-03-28,407,387,2,26,14.9,25,1,1,23,3,8,25,17,1,37,24,367,0.08173999786,3,0,8.10772411205946,3.99485218122417,22.9825964370306,354.469367547118,25
"29",2020-03-29,426,399,2,11,15.4,19,5,4,10,7,8,31,23,0,44,15,184,0.0434800005,0,0,4.34800005,4.17229052290208,18.3238183527657,381.013568183569,19
"30",2020-03-30,451,408,3,48,21,25,8,3,14,4,12,32,20,1,48,22,549,0.07831999779,0,0,7.831999779,4.78458837667411,23.2136032211337,374.870459737389,25
"31",2020-03-31,468,405,3,51,27.1,17,2,3,12,6,13,34,21,0,54,14,943,0.06468999863,0,0,6.468999863,5.4308390588242,16.0610385608359,377.837186938468,17
"32",2020-04-01,495,408,3,37,31.3,27,6,4,16,3,15,33,18,0,57,22,575,0.05738999844,4,0.25,5.87206374835924,5.44026199498888,24.6606440166798,383.161034491152,27
"33",2020-04-02,512,404,6,32,33.1,17,5,4,7,6,14,34,20,3,63,12,107,0.08411000252,9,0,7.75842264624138,6.18756114643337,15.0347556679766,371.503440821878,17
"34",2020-04-03,539,409,6,26,33,27,3,4,19,5,14,37,23,0,68,22,217,0.1106000042,2,0,10.9589958499543,7.3351722926592,23.5003683045983,362.529574390032,27
"35",2020-04-04,556,416,7,18,31.9,17,3,7,6,7,14,43,29,1,75,9,315,0.02539999962,3,0,2.51603769820755,6.53635994782321,15.7652301983836,405.148418058621,17
"36",2020-04-05,583,427,8,40,36,27,4,8,13,4,13,43,30,1,79,17,422,0.06635000229,5,0.2,6.79149905535831,6.88543123430297,23.8029917446219,396.933969114915,27
"37",2020-04-06,602,427,9,40,34.9,19,3,7,9,4,12,44,32,1,83,12,238,0.1176500034,4,0.25,11.9837606649587,7.47853993229707,17.5090710334296,373.947777606205,19
"38",2020-04-07,625,425,9,25,31.1,23,2,11,10,4,14,45,31,0,87,12,285,0.1087699986,6,0,10.6527318216495,8.07621592638985,21.6746675864076,378.06114368527,23
"39",2020-04-08,645,428,11,26,29.6,20,1,11,7,5,16,44,28,2,92,8,368,0.0434800005,6,0.3333300018,4.81300005208556,7.92492111263647,18.6008019299684,406.642903253307,20
"40",2020-04-09,681,436,11,25,28.6,36,1,20,13,6,16,47,31,0,98,14,295,0.09491999626,5,0,9.33379963223333,8.14997496777818,32.6452190259459,393.808249665173,36
"41",2020-04-10,715,452,11,37,30.1,34,0,20,13,4,16,48,32,0,102,13,331,0.09062999725,8,0,8.84912362529498,7.8485646499697,31.8073137999173,410.531218274046,34
"42",2020-04-11,759,482,11,31,32,44,0,34,8,5,19,52,33,0,107,8,225,0.1022200012,11,0.3636399841,11.4404830911441,9.1234854203892,41.0511076831933,424.829237912395,44
"43",2020-04-12,792,497,13,35,31.3,33,0,18,14,1,18,48,30,2,108,14,227,0.1013199997,12,0.5,12.1337405572803,9.88666277780663,30.2388136130175,434.477883262121,33
"44",2020-04-13,816,504,16,16,27.9,24,0,19,5,3,20,50,30,3,111,5,165,0.0606099987,26,0.03845999956,5.75948155709948,8.99748004811246,23.7014370069219,473.90485029773,24
"45",2020-04-14,849,505,18,32,28.9,33,0,26,7,5,20,50,30,2,116,7,208,0.06730999947,18,0.1666699982,7.52236276874336,8.55028446912587,32.4540725984822,465.615237461928,33
"46",2020-04-15,878,503,24,60,33.7,29,2,18,9,4,16,50,34,6,120,11,390,0.1,24,0.2083300018,10.6280000104348,9.38099874889005,27.7879324872213,447.575458279302,29
"47",2020-04-16,948,552,24,21,33.1,70,1,55,13,7,13,52,39,0,127,14,310,0.03548000097,11,0,3.42641753915888,8.53708702130798,68.5026628517729,532.390706727047,70
"48",2020-04-17,980,556,26,73,38.3,32,0,26,6,0,13,49,36,2,127,6,378,0.08465999603,66,0.5,14.6399726349865,9.36435116554963,31.0893026036842,471.608707941405,32
"49",2020-04-18,1020,578,31,31,38.3,40,0,31,9,1,11,46,35,5,128,9,421,0.06176000118,8,0,6.06082995262937,8.59582928861896,39.4344679944092,541.680277863168,40
"50",2020-04-19,1037,581,35,38,38.7,17,0,13,4,5,15,47,32,4,133,4,452,0.04425000191,47,0.1276599979,5.21062540373146,7.60681283811198,16.7839111175652,549.613089826348,17
"51",2020-04-20,1098,617,39,16,38.7,61,1,47,13,3,13,45,32,4,136,14,325,0.05230999947,43,0.02325999975,4.89155701548913,7.48282361788192,60.2900010028928,585.709329913203,61
"52",2020-04-21,1134,629,47,51,41.4,36,0,26,10,2,11,43,32,8,138,10,543,0.06998000145,25,0.36,8.2744966174912,7.59027131056019,35.1421247027739,575.039643804476,36
"53",2020-04-22,1175,646,54,35,37.9,41,1,31,9,4,9,45,36,7,142,10,656,0.02438999891,122,0.1065600014,3.72752692233419,6.60448944083153,40.613541050986,621.034751893693,41
"54",2020-04-23,1220,661,57,50,42,45,0,35,10,5,11,48,37,3,147,10,775,0.03612999916,105,0.02857000113,3.52279539405114,6.61825770581614,44.6347670093489,636.858099317964,45
"55",2020-04-24,1261,668,65,38,37,41,0,36,5,7,10,48,38,8,154,5,517,0.04061999798,94,0.1063799953,5.07369206446154,5.25164619574115,40.736987318441,632.861505743723,41
"56",2020-04-25,1362,740,78,53,40.1,101,0,95,6,4,9,48,39,13,158,6,557,0.0502699995,28,0.03571000099,4.95731106824274,5.09400064082877,100.691624404284,701.967009861726,101
"57",2020-04-26,1416,758,87,87,47.1,54,0,41,13,5,9,50,41,9,163,13,358,0.05027999878,81,0.01235000014,4.32815252268337,4.96793308639333,53.4166509584179,723.986263575441,54
"58",2020-04-27,1477,782,95,87,57.3,61,0,54,7,8,11,56,45,8,171,7,269,0.06320000172,80,0.1,7.16355314116905,5.29250396149046,60.4801128219656,723.921175253868,61
"59",2020-04-28,1497,777,103,65,59.3,20,0,13,7,7,13,61,48,8,178,7,503,0.06163000107,11,0.2727300072,6.61477054813424,5.05540023729661,19.5199401294518,723.71335436915,20
"60",2020-04-29,1522,766,111,28,58.3,25,0,17,8,7,13,62,49,8,185,8,668,0.03144000053,74,0.1486499977,4.31294072558491,5.13903078061814,24.6422776656592,731.74808648687,25
"61",2020-04-30,1542,756,122,30,55.4,20,0,10,10,2,11,56,45,11,187,10,603,0.04145999908,6,0.3333300018,4.43355656092611,5.26913951874314,19.5403419895739,721.249854411788,20
"62",2020-05-01,1565,739,135,43,56.1,23,0,16,7,6,11,57,46,13,193,7,516,0.03101000071,55,0.09090999603,3.67797025359194,5.06975068861891,22.7330752577174,710.820373636162,23
"63",2020-05-02,1586,740,139,22,51.7,21,0,15,6,4,12,57,45,4,197,6,508,0.05118000031,28,0.03571000099,5.03718660171642,5.08116147911515,20.6866556490702,701.354196718658,21
"64",2020-05-03,1605,721,148,23,42.6,19,0,13,6,3,12,52,40,9,200,6,826,0.02058000088,231,0.00432999998,1.702867618,4.7061207784461,18.8940710379282,708.270869724377,19
"65",2020-05-04,1623,718,152,14,32.1,18,0,11,7,6,10,52,42,4,206,7,637,0.01098999977,24,0.125,1.51295459205598,3.89889241428708,17.8901989448731,706.73754891698,18
"66",2020-05-05,1648,718,156,29,27,25,0,24,1,3,9,50,41,4,209,1,923,0.02924999952,29,0.1724099922,3.36109656835714,3.4340818457475,24.9651531464586,692.979959157276,25
"67",2020-05-06,1664,691,161,23,26.3,16,0,11,5,4,10,52,42,5,213,5,598,0.01672000051,149,0.01342000008,1.60617674925033,3.0474012776997,15.9167381763594,679.493215972867,16
"68",2020-05-07,1687,669,167,32,26.6,23,0,16,7,6,10,54,44,6,219,7,813,0.03566999912,234,0.01281999946,3.05631224051576,2.85065208906965,22.77819142057,647.801437194478,23
"69",2020-05-08,1700,636,173,16,22.7,13,0,8,5,4,8,54,46,6,223,5,715,0.00978999972,127,0.04723999977,1.54386339318171,2.54577968043962,12.9199684084405,625.819981553637,13
"70",2020-05-09,1717,620,179,12,21.3,17,0,12,5,5,6,51,45,6,228,5,1100,0.01544999957,164,0.03049000025,1.74013920632911,2.07477290967001,16.9097937610072,608.814426364897,17
"71",2020-05-10,1729,551,185,25,21.6,12,0,8,4,3,5,52,47,6,231,4,907,0.01764000058,316,0.01266000032,1.63532629821586,2.06512414970084,11.9321816855334,541.658027182232,12
"72",2020-05-11,1749,532,188,14,21.6,20,0,14,6,1,5,51,46,3,232,6,517,0.00967000008,197,0.01523000002,1.12040616880952,2.00904580352278,19.9303037644816,525.820267117368,20
"73",2020-05-12,1772,515,193,13,19.3,23,0,17,6,4,6,50,44,5,236,6,835,0.01317000031,322,0.0031099999,1.03702422010804,1.67703546805862,22.9354906405418,509.462946646503,23
"74",2020-05-13,1793,497,195,21,19,21,0,15,6,2,7,46,39,2,238,6,1249,0.01440999985,224,0.01338999987,1.42548878367481,1.65122290154783,20.9113257274356,489.654814422583,21
"75",2020-05-14,1807,469,198,25,18,14,0,10,4,2,6,44,38,3,240,4,1046,0.02677000046,127,0.02361999989,2.64289518049361,1.59216332154467,13.8903969827622,456.149046228862,14
"76",2020-05-15,1827,455,201,17,18.1,20,0,12,8,1,5,43,38,3,241,8,1163,0.01203999996,137,0.01460000038,1.23097846196462,1.54746547422794,19.8979006397364,449.193098885005,20
"77",2020-05-16,1843,436,207,19,19.1,16,0,6,10,1,4,41,37,6,242,10,967,0.01343999982,25,0.04,1.4109354663246,1.50043636851301,15.8537183905567,429.62212182827,16
"78",2020-05-17,1855,397,212,15,17.7,12,0,9,3,1,2,41,39,5,243,3,353,0.02549999952,10,0.1,2.75523411310193,1.66042319921102,11.9143036467484,385.659515919708,12
"79",2020-05-18,1870,389,213,26,19.4,15,0,8,7,2,1,42,41,1,245,7,376,0.03989000082,17,0.05881999969,4.07088557329517,2.08192025699468,14.7045598502455,372.581968820784,15
"80",2020-05-19,1882,352,219,23,20.9,12,0,8,4,0,1,39,38,6,245,4,359,0.03900000095,31,0.2258099937,5.3849000373718,2.70304537374665,11.7766838064649,332.34817496891,12
"81",2020-05-20,1897,338,223,17,20.3,15,0,9,6,3,1,40,39,4,248,6,675,0.02963000059,36,0.05556000233,3.09429120705063,2.94144571994319,14.8075158324429,327.156725227618,15
"82",2020-05-21,1905,324,229,11,18.3,8,0,1,7,0,1,37,36,6,248,7,478,0.02092000008,36,0,1.94547860666148,2.84181478082432,7.85880897889472,317.464872737413,8
"83",2020-05-22,1912,308,233,7,16.9,7,0,3,4,1,1,35,34,4,249,4,514,0.00583999991,14,0,0.568515142753788,2.7471771637942,6.97642321365935,306.18458745177,7
"84",2020-05-23,1921,304,236,6,15,9,1,3,5,1,0,34,34,3,250,6,582,0.00859000027,43,0,0.7999008251424,2.65988650076817,8.95024119122824,301.478887022231,9
"85",2020-05-24,1931,301,237,8,14,10,0,3,7,1,1,35,34,1,251,7,332,0.01506000042,25,0.04,1.6806498990028,2.50637447018258,9.87802863801834,295.755231434788,10
"86",2020-05-25,1946,297,240,6,11.1,15,1,7,7,0,1,34,33,3,251,8,401,0.01746000051,8,0,1.71184846076039,2.1693691683919,14.858016498166,291.728862494414,15
"87",2020-05-26,1952,287,243,16,10.1,6,0,2,4,1,1,34,33,3,252,4,1123,0.00800999999,41,0.07316999912,1.03051545985309,1.54731422874637,5.95726368395395,283.933669323696,6
"88",2020-05-27,1957,261,243,8,8.9,5,0,1,4,1,1,32,31,0,253,4,1150,0.00957000017,13,0.07691999912,1.0322837647515,1.25274173698935,4.95719035090855,258.206670396783,5
"89",2020-05-28,1961,236,244,4,7.9,4,0,2,2,1,1,30,29,1,254,2,1403,0.00284999996,88,0,0.268179070682763,1.01312751756382,3.99443919767916,235.34382532614,4
"90",2020-05-29,1968,226,247,7,7.9,7,0,3,4,2,1,31,30,3,256,4,1380,0.0065200001,37,0,0.634975309668313,1.02262182712304,6.97366705636877,224.512188684836,7
"91",2020-05-30,1971,209,248,15,9.1,3,1,1,1,0,1,31,30,1,256,2,1020,0.01274999976,119,0,1.14179102328358,1.07146328400035,2.97632449782144,206.52591002234,3
"92",2020-05-31,1975,194,249,10,9.4,4,0,1,3,3,1,34,33,1,259,3,1309,0.00535000026,11,0.09090999603,0.606300022475,0.917984730210664,3.98114218292544,192.780527829179,4
"93",2020-06-01,1986,185,250,5,9.3,11,0,5,6,1,1,32,31,1,260,6,763,0.00130999997,20,0,0.127653892351213,0.691671220437924,10.992059133559,184.75515661807,11
"94",2020-06-02,1989,166,251,8,8.1,3,0,1,2,0,1,27,26,1,260,2,858,0.01049000025,9,0,1.03811075138408,0.692756262085208,2.97847435051179,164.213371092479,3
"95",2020-06-03,1999,156,251,8,8.1,10,0,7,3,0,0,22,22,0,260,3,1110,0.00449999988,141,0,0.399280564892086,0.602327233533863,9.98758113215397,155.354218872007,10
"96",2020-06-04,2006,146,254,8,8.7,7,0,2,5,0,0,20,20,3,260,5,1430,0.00559000015,21,0,0.550909732219159,0.642717328039062,6.97144165547949,145.166096340001,7
"97",2020-06-05,2010,137,256,15,9.9,4,0,1,3,1,0,21,21,2,261,3,1366,0.00952000022,29,0,0.932209340539068,0.68517933244917,3.97100538913504,135.6759127705,4
"98",2020-06-06,2013,128,257,2,8,3,0,0,3,0,0,21,21,1,261,3,1404,0.00071000002,68,0,0.0677201106032609,0.531740630637696,2.99789369386329,127.910130938167,3
"99",2020-06-07,2014,118,258,4,7.1,1,0,0,1,0,0,20,20,1,261,1,870,0.00230000004,22,0,0.224327358161435,0.477173107164329,0.997674240404523,117.725560367734,1
"100",2020-06-08,2017,110,258,0,6.4,3,0,0,3,0,0,19,19,0,261,3,701,0.00143000007,12,0,0.140593274764376,0.47902159036621,2.99562711172829,109.839660763371,3
"101",2020-06-09,2027,107,259,3,5.7,10,0,3,7,0,0,18,18,1,261,7,1338,0.00224000007,10,0,0.222338285879822,0.362482666722744,9.98386403761692,106.753350289287,10
"102",2020-06-10,2037,105,259,7,5.6,10,0,4,6,0,0,17,17,0,261,6,1281,0.00233999997,12,0,0.231828303292343,0.338560915065638,9.98557883696476,104.747629646883,10
"103",2020-06-11,2044,104,260,5,5.1,7,0,2,5,0,0,16,16,1,261,5,1529,0.00326999992,6,0,0.325721816135505,0.306391212767973,6.98311506350491,103.648793320902,7
"104",2020-06-12,2048,107,260,10,4.4,4,0,2,2,0,0,16,16,0,261,2,1596,0.00814999998,13,0,0.80841516271473,0.288706330221639,3.98323718215003,106.103189245027,4
"105",2020-06-13,2051,105,260,6,5,3,0,3,0,0,0,16,16,0,261,0,1479,0.00270000011,23,0.0434800005,0.332446083501331,0.326524326349935,3,104.638096236335,3
"106",2020-06-14,2054,102,260,1,4.6,3,0,1,2,0,0,16,16,0,261,2,768,0,13,0,0,0.294477560898301,3,102,3
"107",2020-06-15,2059,100,260,2,4.9,5,0,2,3,0,0,14,14,0,261,3,720,0.00555999994,17,0,0.543175028059701,0.35198923994049,4.98310556665196,99.4368522217321,5
"108",2020-06-16,2063,99,260,3,4.9,4,0,1,3,1,0,14,14,0,262,3,1250,0.00079999998,14,0,0.0791139220727848,0.331528616539485,3.99753931087713,98.9187972589453,4
"109",2020-06-17,2066,89,260,8,5,3,0,0,3,1,1,6,5,0,263,3,1098,0.00911000013,26,0,0.889927058962633,0.425542724492384,2.97232049964453,88.1788414894545,3
"110",2020-06-18,2068,75,260,2,4.6,2,0,0,2,0,1,6,5,0,263,2,1304,0.00230000004,122,0,0.210322584302945,0.409057119944875,1.99563887550233,74.8364578313373,2
"111",2020-06-19,2071,73,260,5,3.9,3,0,0,3,0,1,5,4,0,263,3,1875,0.00107000001,19,0,0.105926611338437,0.308701612605405,2.9967053528189,72.9198302519266,3
"112",2020-06-20,2077,73,261,1,3.1,6,0,0,6,1,1,5,4,1,264,6,1792,0.00056000002,158,0,0.0514625659405128,0.268561110096716,5.9967987081685,72.9610509493834,6
"113",2020-06-21,2083,77,261,1,3.1,6,0,0,6,0,1,4,3,0,264,6,1102,0.00363000005,86,0,0.336722226860269,0.316664285362469,5.97905378220787,76.731190205001,6
"114",2020-06-22,2085,76,262,6,3.7,2,0,1,1,0,1,1,0,1,264,1,509,0.00393000007,10,0,0.385427752529865,0.294128960286778,1.99600399923952,75.6963039422036,2
"115",2020-06-23,2094,81,262,4,3.9,9,0,0,9,0,1,1,0,0,264,9,1255,0.00158999994,20,0,0.156505876447059,0.305184953768817,8.98539654092168,80.8685688682952,9
"116",2020-06-24,2096,75,263,3,3.1,2,0,0,2,1,1,2,1,1,265,2,1733,0.00289000005,24,0,0.285052366912351,0.21877428347592,1.99408932300551,74.7783496127066,2
"117",2020-06-25,2102,73,263,6,3.7,6,0,0,6,0,1,2,1,0,265,6,1796,0.00277999997,21,0.04762000084,0.329823883531095,0.23584589765137,5.97948290208844,72.7503753087427,6
"118",2020-06-26,2106,67,263,6,3.9,4,0,0,4,0,1,2,1,0,265,4,2028,0.00196999997,23,0,0.194790830773281,0.248540786142062,3.99192186548275,66.8646912468361,4
"119",2020-06-27,2109,69,263,3,4.1,3,0,0,3,0,1,1,0,0,265,3,1574,0.00064000003,80,0,0.0609044768573156,0.249889630558748,2.99810568127821,68.9564306693988,3
"120",2020-06-28,2111,68,263,2,4.3,2,0,0,2,0,1,1,0,0,265,2,880,0.00114,12,0,0.112466367713004,0.217853079251996,1.99766796403238,67.9207107771009,2
"121",2020-06-29,2115,69,263,1,3.6,4,0,0,4,2,1,3,2,0,267,4,854,0.00351000011,8,0,0.347742470294664,0.21246946750411,3.98557883632792,68.7512349266567,4
"122",2020-06-30,2118,68,263,10,4.4,3,0,0,3,0,1,3,2,0,267,3,1605,0.0043599999,11,0,0.433032168285891,0.251973223481086,2.98653135227738,67.6947106516206,3
"123",2020-07-01,2120,67,263,4,4.6,2,0,0,2,0,2,3,1,0,267,2,1601,0.00312000006,15,0,0.309103966340347,0.255409166256514,1.99359060328969,66.7852852102047,2
"124",2020-07-02,2126,66,263,4,4.3,6,0,1,5,0,1,3,2,0,267,5,1012,0.00197999999,12,0,0.195679686511719,0.23624570953946,5.98985625488851,65.8661025645284,6
"125",2020-07-03,2134,74,263,4,4,8,0,0,8,0,1,3,2,0,267,8,1334,0.00300000012,14,0,0.296884284872404,0.250830488696478,7.97537593345913,73.7722273844969,8
"126",2020-07-04,2138,75,263,4,4.1,4,0,0,4,0,1,3,2,0,267,4,1257,0.00317999989,40,0,0.308192741845027,0.286157383694722,3.9872189958019,74.7603561712857,4
"127",2020-07-05,2140,72,263,5,4.6,2,0,0,2,0,1,2,1,0,267,2,734,0.00272000015,47,0,0.25563125609475,0.3066095106064,1.99469938172821,71.8091777422157,2
"128",2020-07-06,2146,72,263,0,4.4,6,0,1,5,0,1,2,1,0,267,5,602,0,10,0,0,0.25693201485002,6,72,6
"129",2020-07-07,2153,73,263,6,3.9,7,0,1,6,0,1,1,0,0,267,6,1272,0.00393000007,21,0,0.386617176259861,0.250301301703444,6.97595000587983,72.7073917382046,7
"130",2020-07-08,2166,79,263,5,4,13,0,1,12,0,1,1,0,0,267,12,1684,0.00296999991,39,0,0.29027741430296,0.247611794269531,12.9638858771111,78.7622486909814,13
"131",2020-07-09,2174,83,263,5,4.1,8,0,0,8,1,0,2,2,0,268,8,1504,0.00266000003,41,0,0.258941103244013,0.256649139517002,7.97852300279488,82.7771761539969,8
"132",2020-07-10,2190,96,263,12,5.3,16,0,0,16,0,0,2,2,0,268,16,1900,0.00684000015,14,0.07143000126,0.731244529918495,0.318700603095015,15.8786987733615,95.2721926401688,16
"133",2020-07-11,2197,101,263,7,5.7,7,0,0,7,1,1,2,1,0,269,7,1571,0.00381999999,25,0,0.376016289742481,0.32838968136608,6.97271102148378,100.606259024266,7
"134",2020-07-12,2220,121,263,9,6.3,23,0,2,21,1,1,3,2,0,270,21,1068,0.00842999995,13,0,0.832862159722479,0.410851239027184,22.8186677688947,119.955180954108,23
"135",2020-07-13,2243,139,263,6,7.1,23,0,2,21,0,0,3,3,0,270,21,808,0.00619000018,65,0,0.572911815056128,0.492695784035203,22.8752646203961,138.174370582622,23
"136",2020-07-14,2262,149,263,4,6.9,19,0,2,17,1,0,4,4,0,271,17,1406,0.00356000006,66,0,0.340038049209239,0.486041623027971,18.9400679660369,148.474713349382,19
"137",2020-07-15,2283,168,263,15,8.3,21,0,0,21,1,0,5,5,0,272,21,1404,0.00782999992,46,0,0.758159992253793,0.552881991306661,20.8349320576937,166.67945646155,21
"138",2020-07-16,2305,186,263,7,8.6,22,0,1,21,0,0,5,5,0,272,21,1695,0.00708000004,25,0.04,0.755848841151163,0.623868811007683,21.8354352456234,184.542426461236,22
"139",2020-07-17,2335,213,263,17,9.3,30,0,0,29,0,1,5,4,0,272,29,1787,0.00726999998,21,0,0.718555860855089,0.622056143998625,28.7839565452157,211.413198073481,30
"140",2020-07-18,2361,232,263,16,10.6,26,0,0,24,2,1,6,5,0,274,24,1551,0.00708999991,81,0,0.673810653211397,0.664598195922755,23.8323391381148,230.37927833511,26
"141",2020-07-19,2379,250,263,28,13.3,18,0,0,18,0,1,6,5,0,274,18,2025,0.02122999907,22,0,2.10018310291891,0.845644044950816,17.6080666273152,244.556480934933,18
"142",2020-07-20,2409,275,263,47,19.1,30,0,0,27,2,3,8,5,0,276,27,1548,0.01485999942,35,0.02857000113,1.51631264319078,0.980415591827195,26.5755416319669,270.676812918182,30
"143",2020-07-21,2433,294,263,23,21.9,24,0,0,23,0,3,8,5,0,276,23,1428,0.01610999942,15,0,1.59425358085655,1.15958923920538,22.6198387764433,289.140547838014,24
"144",2020-07-22,2460,314,263,13,21.6,27,0,1,23,2,3,9,6,0,278,23,1771,0.00902999997,16,0,0.894914938269166,1.17912566006472,23.7866011016084,311.086641126306,27
"145",2020-07-23,2479,322,263,29,24.7,19,0,1,17,1,3,10,7,0,279,17,1667,0.01019999981,32,0,1.0007886805927,1.21411706569923,17.823610030305,318.658966456365,19
"146",2020-07-24,2502,337,263,34,27.1,23,0,1,18,0,3,7,4,0,279,18,2036,0.01228000045,83,0,1.1798999960453,1.2800233707264,18.7798086346671,332.877528326822,23
"147",2020-07-25,2514,336,263,26,28.6,12,0,1,10,0,3,7,4,0,279,10,2126,0.00800000012,320,0,0.69533933994767,1.28309889740301,10.9279092770828,333.577751709983,12
"148",2020-07-26,2521,338,263,21,27.6,7,0,0,6,2,4,9,5,0,281,6,1816,0.01210999966,73,0,1.1642011319513,1.14938718726478,5.92757944525646,333.920308749447,7
"149",2020-07-27,2536,340,264,22,24,15,0,1,13,1,4,9,5,1,282,13,1601,0.00874000013,24,0,0.861091705115692,1.0557841961112,13.8839419317455,336.964635137959,15
"150",2020-07-28,2556,330,264,14,22.7,20,0,2,17,1,4,10,6,0,283,17,1488,0.00739000022,24,0,0.727269862920635,0.93192937926321,18.8718179855864,327.511760896678,20
"151",2020-07-29,2572,324,264,20,23.7,16,2,2,12,2,4,11,7,0,285,14,2254,0.00620999992,52,0,0.606996522969644,0.890798177077563,15.9118957581009,321.961016116049,16
"152",2020-07-30,2592,334,264,19,22.3,20,1,0,18,1,4,12,8,0,286,19,1891,0.00898999989,134,0,0.839510607011852,0.867758452280299,18.8346278516828,331.092931708529,20
"153",2020-07-31,2602,321,264,18,20,10,0,1,9,1,3,13,10,0,287,9,2129,0.00797999978,207,0,0.727286795017979,0.80309942356211,9.93213735362303,318.579565612555,10
"154",2020-08-01,2620,309,264,15,18.4,18,0,0,18,1,2,13,11,0,288,18,1629,0.00551999986,83,0.01205000043,0.583658283155958,0.78714498687758,17.8910784687798,307.13018038072,18
"155",2020-08-02,2628,294,264,2,15.7,8,0,0,8,0,2,13,11,0,288,8,1340,0.00149000004,11,0,0.147786828541821,0.641942943533369,7.9877423195322,293.549530242808,8
"156",2020-08-03,2637,280,264,10,14,9,0,1,7,0,1,12,11,0,288,7,1046,0.01146999955,47,0,1.09767790752973,0.675740972449661,7.9203372043886,276.813488175544,9
"157",2020-08-04,2649,268,264,20,14.9,12,0,1,11,1,1,11,10,0,289,11,1699,0.00588999987,12,0,0.584869069499123,0.655398001960873,11.9332987582167,266.374915200189,12
"158",2020-08-05,2658,248,264,12,13.7,9,1,0,8,1,1,12,11,0,290,9,1599,0.005,70,0,0.479029358897543,0.637116978522002,8.95530208961618,246.768324247201,9
"159",2020-08-06,2668,224,264,13,12.9,10,0,0,10,1,2,10,8,0,291,10,1639,0.00305000007,10,0,0.30315040113584,0.560494091968286,9.96857026445223,223.29597392373,10
"160",2020-08-07,2680,225,264,6,11.1,12,0,3,9,1,2,10,8,0,292,9,1689,0,39,0,0,0.456595978394289,12,225,12
"161",2020-08-08,2686,208,264,14,11,6,1,1,4,0,1,10,9,0,292,5,1518,0.00725000024,95,0,0.682300084582765,0.470687664312404,5.96463057422602,206.528631887802,6
"162",2020-08-09,2688,199,264,16,13,2,0,1,1,2,2,12,10,0,294,1,1589,0.00441000015,102,0,0.414399186182732,0.508775143975391,1.9957036319978,198.145022767563,2
"163",2020-08-10,2700,200,264,8,12.7,12,2,0,10,0,1,12,11,0,294,12,1384,0.00578000009,27,0,0.566939767863926,0.432955409737419,11.9294656372202,198.824427287003,12
"164",2020-08-11,2713,204,264,8,11,13,2,1,10,0,1,12,11,0,294,12,1460,0.00342000008,41,0,0.33265823562958,0.396925290613198,12.9586131755019,203.296423983532,13
"165",2020-08-12,2720,187,264,12,11,7,3,0,4,0,2,10,8,0,294,7,1486,0.00268999994,7,0,0.267738775006028,0.366740921485839,6.98056914586306,186.480918610913,7
"166",2020-08-13,2742,190,264,11,10.7,22,0,0,22,0,2,9,7,0,294,22,1689,0.00532999992,56,0,0.515895121196562,0.397133024351656,21.8823297486283,188.983756919971,22
"167",2020-08-14,2753,185,264,6,10.7,11,4,1,6,1,2,10,8,0,295,10,1882,0.00477999985,36,0,0.469028139608968,0.464137044295794,10.9513725519177,184.100392210477,11
"168",2020-08-15,2757,177,264,2,9,4,0,0,4,1,2,11,9,0,296,4,2044,0.00734000027,21,0,0.726535619945763,0.470456406490508,3.96986997567495,175.666746423617,4
"169",2020-08-16,2761,158,264,26,10.4,4,0,1,3,0,2,11,9,0,296,3,1196,0.00501999974,22,0,0.492932650988506,0.481675472891333,3.98466826089752,157.192528407269,4
"170",2020-08-17,2785,173,265,8,10.4,24,1,4,19,1,1,9,8,1,297,20,1358,0.00662999988,32,0,0.647736678923741,0.493217888757021,23.8656891599227,171.838211233331,24
"171",2020-08-18,2811,192,265,15,11.4,26,1,1,24,0,1,7,6,0,297,25,1888,0.00583000004,77,0.05195000172,0.763724692517048,0.554798811169516,25.8020482157769,190.479730297167,26
"172",2020-08-19,2835,201,265,23,13,24,4,3,15,2,1,7,6,0,299,19,1519,0.01184999943,25,0.04,1.23057960713536,0.692347501473707,21.7575925883394,198.435584750328,24
"173",2020-08-20,2852,209,266,24,14.9,17,1,0,16,3,0,6,6,1,302,17,1607,0.00995999992,103,0,0.936007010025731,0.75236348559216,16.8350278621907,206.971813129285,17
"174",2020-08-21,2873,216,266,16,16.3,21,3,2,16,0,0,6,6,0,302,19,1804,0.00721000016,116,0.00861999989,0.72951876436875,0.789576431986414,20.8562947456605,214.366298161193,21
"175",2020-08-22,2892,226,266,16,18.3,19,1,0,18,1,0,7,7,0,303,19,1864,0.00589999974,73,0,0.567764559388745,0.766894851906841,18.8881581195755,224.669670264425,19
"176",2020-08-23,2909,236,266,13,16.4,17,1,1,15,0,0,7,7,0,303,16,694,0.01728999972,5,0,1.716632304103,0.941709088066055,16.715239436802,231.79978169283,17
"177",2020-08-24,2928,252,266,19,18,19,2,0,17,1,1,8,7,0,304,19,1142,0.00963,58,0,0.916455,0.980097419648377,18.8194708549002,249.60561344394,19
"178",2020-08-25,2942,254,266,23,19.1,14,0,1,13,4,2,11,9,0,308,13,1647,0.01457000017,73,0,1.39516222558081,1.07030278151463,13.8119598274601,250.325984321144,14
"179",2020-08-26,2960,262,266,15,18,18,1,4,13,0,2,11,9,0,308,14,1832,0.00490999997,41,0,0.480251999201281,0.963113123238332,17.930292453566,260.695473059593,18
"180",2020-08-27,2973,265,266,16,16.9,13,1,3,9,1,2,9,7,0,309,10,1469,0.00612999976,9,0,0.609267229190798,0.916436011690485,12.9368329785491,263.326073931552,13
"181",2020-08-28,3001,275,266,20,17.4,28,0,3,21,1,1,9,8,0,310,21,2137,0.0060799998,35,0,0.59820255859116,0.897676553722258,23.8697582747206,273.294453597531,28
"182",2020-08-29,3022,289,266,12,16.9,21,0,2,18,0,1,9,8,0,310,18,1790,0.00726000011,11,0.09090999603,0.777091069029983,0.927580340813863,19.854980299982,286.671628149711,21
"183",2020-08-30,3042,303,267,16,17.3,20,0,6,12,2,1,10,9,1,312,12,1402,0.00428000003,33,0,0.418157494220209,0.742083939402035,17.947976003681,301.686394092946,20
"184",2020-08-31,3063,313,267,13,16.4,21,1,3,17,1,1,11,10,0,313,18,1353,0.0051700002,54,0,0.497157801748401,0.682184339651807,20.9072210733793,311.386677553762,21
"185",2020-09-01,3088,317,267,18,15.7,25,1,2,22,0,1,11,10,0,313,23,1361,0.01542999983,22,0.09090999603,1.66306939127187,0.720456791893387,24.6034291519007,311.534219180544,25
"186",2020-09-02,3124,327,267,15,15.7,36,1,9,26,0,1,9,8,0,313,27,1528,0.00261999995,51,0,0.253537677238759,0.688069031613026,35.9290277046763,326.140446645524,36
"187",2020-09-03,3146,328,267,24,16.9,22,1,4,17,1,1,8,7,0,314,18,1493,0.00938000023,133,0.00751999974,0.922785996851783,0.732857426993167,21.8277909066549,324.861967632377,22
"188",2020-09-04,3168,332,267,24,17.4,22,0,3,19,3,1,11,10,0,317,19,2705,0.00813000023,258,0.00774999976,0.809691210267634,0.763070091518377,21.840501866448,329.212979982143,22
"189",2020-09-05,3193,339,267,17,18.1,25,1,11,13,2,1,13,12,0,319,14,2256,0.00398999989,164,0,0.371960320323967,0.705194270274661,24.9460107582192,337.692689074023,25
"190",2020-09-06,3214,341,267,27,19.7,21,1,3,16,1,1,14,13,0,320,17,1310,0.00611000001,192,0.03125,0.932363516185087,0.7786522734125,19.8356700314923,337.703734161111,21
"191",2020-09-07,3255,366,267,29,22,41,2,6,33,0,1,12,11,0,320,35,1290,0.0147300005,44,0,1.42441534070465,0.911117636120536,40.4831229298963,360.594942638344,41
"192",2020-09-08,3307,403,267,24,22.9,52,0,14,36,3,1,14,13,0,323,36,1097,0.01276000023,4,0,1.27136423726703,0.855159756976987,49.5254793996481,397.688005501617,52
"193",2020-09-09,3352,434,267,15,22.9,45,2,10,31,0,1,13,12,0,323,33,1587,0.01449000001,29,0,1.42299690692265,1.02222536121754,42.5131440572153,427.597106691861,45
"194",2020-09-10,3429,496,267,33,24.1,77,1,21,52,2,2,14,12,0,325,53,1959,0.01276000023,61,0,1.23746734903812,1.0671798401013,73.3200261707299,489.636471333624,77
"195",2020-09-11,3459,510,267,60,29.3,30,0,1,25,0,1,12,11,0,325,25,2314,0.01555999994,93,0.0752699995,1.78670335748484,1.20675300398948,25.5368997219066,500.552754326895,30
"196",2020-09-12,3508,535,269,47,33.6,49,0,4,42,1,0,12,12,2,326,42,1900,0.01684000015,26,0,1.66126688914849,1.39093965667869,45.2766120348871,525.785415206299,49
"197",2020-09-13,3543,548,270,31,34.1,35,1,5,29,1,1,11,10,1,327,30,1199,0.01667999983,44,0,1.60895573581416,1.48759568805428,34.4995647068726,538.858715312206,35
"198",2020-09-14,3611,598,272,59,38.4,68,0,19,49,1,1,11,10,2,328,49,2394,0.01419999957,218,0.04127999783,1.64601219362634,1.5192523813288,67.1637970260796,587.794910644808,68
"199",2020-09-15,3683,646,273,41,40.9,72,0,14,55,1,1,11,10,1,329,55,2961,0.01215999961,28,0,1.20460886066276,1.50971589895677,68.3131034699938,637.932088029382,72
"200",2020-09-16,3759,684,274,41,44.6,76,0,7,66,1,0,11,11,1,330,66,1887,0.01907999992,162,0.00616999984,1.80592971318302,1.56442058556539,71.7642592772515,671.193232509698,76
"201",2020-09-17,3809,709,278,57,48,50,2,4,38,2,2,11,9,4,332,40,2512,0.01911000013,208,0.00481000006,1.80164707128824,1.64501768874398,43.2528422751369,695.756629326802,50
"202",2020-09-18,3897,777,278,46,46,88,1,6,78,0,2,11,9,0,332,79,2409,0.01286999941,281,0.0213499999,1.37558284574684,1.58628618706712,83.8733307996934,765.918709257744,88
"203",2020-09-19,3967,828,280,46,45.9,70,2,4,60,0,2,10,8,2,332,62,2101,0.0214199996,161,0,1.98954107690539,1.63318249960382,64.7211277043328,810.920866761089,70
"204",2020-09-20,4010,860,280,76,52.3,43,1,4,34,2,2,11,9,0,334,35,2847,0.01861999989,112,0,1.79152212527307,1.65926341238366,38.3499110261766,844.026385214624,43
"205",2020-09-21,4119,940,280,56,51.9,109,2,22,82,1,3,12,9,0,335,84,2949,0.01899000049,73,0,1.85312744688981,1.68885130570702,104.386135181942,921.940084178877,109
"206",2020-09-22,4228,1019,280,85,58.1,109,0,27,81,3,3,15,12,0,338,81,2507,0.01355999947,64,0.03125,1.40003573206107,1.71676943019249,106.824272386001,1004.20905631277,109
"207",2020-09-23,4334,1078,281,67,61.9,106,0,26,75,2,3,16,13,1,340,75,1896,0.01687999964,7,0.5714300156,1.89198578174672,1.72906315427302,99.5288338917507,1056.85443913743,106
"208",2020-09-24,4435,1131,282,38,59.1,101,2,18,75,2,3,18,15,1,342,77,2730,0.01281999946,55,0,1.25668217327828,1.65121102598588,93.9967740456942,1116.26430448935,101
"209",2020-09-25,4554,1194,284,57,60.7,119,5,16,86,3,3,20,17,2,345,91,3291,0.01337000012,59,0.03390000105,1.37315732707075,1.65086452331787,105.704479556709,1177.00163286495,119
"210",2020-09-26,4639,1241,286,75,64.9,85,3,14,66,3,4,21,17,2,348,69,3437,0.02996999979,12,0,2.98657260882082,1.79329759930579,80.8634908947163,1202.57380000497,85
"211",2020-09-27,4721,1271,287,109,69.6,82,2,12,64,2,4,22,18,1,350,66,2684,0.03315999985,13,0,3.30001629949574,2.00879676705188,75.741902967069,1227.51452532037,82
"212",2020-09-28,4836,1341,288,86,73.9,115,3,11,97,6,4,27,23,1,356,100,3135,0.02584000111,192,0.01042000055,2.49501183004058,2.10049453607342,108.41324564596,1306.31162411232,115
"213",2020-09-29,4943,1372,291,58,70,107,5,18,74,4,3,27,24,3,360,79,2165,0.02632999897,79,0.02532000065,2.62944419881462,2.27612431703821,94.8463574172293,1334.59749843593,107
"214",2020-09-30,5026,1402,291,107,75.7,83,1,10,67,5,5,30,25,0,365,68,3170,0.03059999943,281,0.01422999978,2.92670611797392,2.42394150792781,75.9366609016804,1359.45880270818,83
"215",2020-10-01,5127,1438,293,105,85.3,101,2,11,78,3,5,29,24,2,368,80,3844,0.02263000011,120,0.00833000004,2.21971040432997,2.56151696950663,89.1589360069636,1404.90687472517,101
"216",2020-10-02,5223,1488,294,115,93.6,96,0,13,79,1,5,29,24,1,369,79,3362,0.02171000004,197,0,2.05082945025232,2.65832727281828,90.320271015428,1456.36156039186,96
"217",2020-10-03,5296,1501,295,65,92.1,73,2,6,64,5,6,31,25,1,374,66,3113,0.03019999981,485,0.01031000018,2.75188853518149,2.62480097658409,70.116969501878,1458.17532155029,73
"218",2020-10-04,5353,1481,295,77,87.6,57,1,7,47,3,6,32,26,0,377,48,3118,0.0291899991,102,0,2.82653469545963,2.55716074743607,53.5933756288043,1437.59977721373,57
"219",2020-10-05,5431,1482,295,82,87,78,3,13,59,3,6,33,27,0,380,62,3821,0.01779999971,238,0.00839999974,1.72488294727839,2.4471423356129,73.8912493237012,1455.49728222137,78
"220",2020-10-06,5506,1454,296,139,98.6,75,5,15,52,2,7,34,27,1,382,57,2158,0.0194599998,55,0,1.89763576901943,2.34259827421359,70.8785748462547,1425.39382151674,75
"221",2020-10-07,5607,1468,296,174,108.1,101,12,22,63,3,10,36,26,0,385,75,2268,0.03131000042,76,0,3.02948297579181,2.35728068247329,94.6443413462713,1421.89190795102,101
"222",2020-10-08,5687,1427,296,85,105.3,80,5,14,55,2,9,36,27,0,387,60,2434,0.02711999893,182,0,2.52332100136162,2.40065362490638,72.4303373214529,1389.66818929522,80
"223",2020-10-09,5770,1428,296,96,102.6,83,5,19,57,2,9,37,28,0,389,62,2508,0.02072999954,247,0.00810000002,1.95976547554483,2.38764448566246,79.7402673904186,1398.98551344384,83
"224",2020-10-10,5835,1413,297,68,103,65,5,7,51,6,9,43,34,1,395,56,2628,0.03006000042,21,0,2.98216991709173,2.42054182593535,61.2685777607139,1369.3125067123,65
"225",2020-10-11,5899,1378,297,139,111.9,64,6,6,48,5,10,46,36,0,400,54,2660,0.0233100009,238,0.01680999994,2.27761843960386,2.34212521795595,58.724861643517,1345.46035823642,64
"226",2020-10-12,5960,1349,297,62,109,61,2,13,43,3,10,46,36,0,403,45,1994,0.01504999995,237,0.01266000032,1.47961093573017,2.30708635916335,57.3096924459871,1328.30611354748,61
"227",2020-10-13,6045,1370,298,74,99.7,85,4,10,68,1,7,45,38,1,404,72,2117,0.03023000002,18,0,2.99751335092927,2.46421172800761,79.7624322076209,1327.4240572839,85
"228",2020-10-14,6112,1375,300,84,86.9,67,1,16,49,2,7,45,38,2,406,50,3004,0.02963000059,110,0.03635999918,2.98677333597174,2.45811035089046,64.4517009421893,1332.42177591021,67
"229",2020-10-15,6198,1400,300,107,90,86,3,25,52,5,8,49,41,0,411,55,2119,0.02171000004,105,0.00952000022,2.11344829621673,2.39955710729833,78.7948616779889,1369.32375180335,86
"230",2020-10-16,6273,1420,301,77,87.3,75,2,10,59,4,8,47,39,1,415,61,3126,0.02142999887,280,0.00356999993,1.99617664263124,2.40475870259639,69.7375581464788,1390.61200931147,75
"231",2020-10-17,6320,1401,302,64,86.7,47,1,10,36,6,8,49,41,1,421,37,3037,0.02140000105,149,0,2.03991849305869,2.27015135630596,46.217476986401,1371.36987183643,47
"232",2020-10-18,6377,1369,305,74,77.4,57,1,11,40,2,6,48,42,3,423,41,1144,0.02710000038,37,0.0540500021,2.79443272755461,2.34398196887035,50.8121541210358,1329.33753638288,57
"233",2020-10-19,6441,1348,307,69,78.4,64,1,6,57,3,6,47,41,2,426,58,1334,0.03747999907,27,0,3.67364575748567,2.65741551483542,61.7909382851425,1296.65835876504,64
"234",2020-10-20,6519,1352,309,46,74.4,78,3,14,57,4,5,45,40,2,430,60,1595,0.02507999897,48,0.02082999945,2.49558358677724,2.5857112628137,72.4475917193075,1317.01906674173,78
"235",2020-10-21,6607,1376,312,69,72.3,88,1,46,40,4,4,44,40,3,434,41,2258,0.03055999994,446,0.00897000015,2.69989274894305,2.5447283218096,85.8523407832101,1337.483437017,88
"236",2020-10-22,6672,1362,312,88,69.6,65,1,24,36,1,3,43,40,0,435,37,2238,0.02680999994,87,0.01149000049,2.62367354444516,2.6176176429851,59.9935456070008,1324.9515977496,65
"237",2020-10-23,6751,1364,313,92,71.7,79,1,13,64,2,3,36,33,1,437,65,2768,0.02457000017,65,0.01537999988,2.4359145945203,2.68043735039782,76.3584353408965,1329.55239699974,79
"238",2020-10-24,6816,1355,317,63,71.6,65,2,17,41,2,3,36,33,4,439,43,2358,0.02119999886,191,0,1.96114544181561,2.66918405736309,59.1256992759471,1327.44936090485,65
"239",2020-10-25,6886,1336,319,69,70.9,70,1,24,42,3,3,38,35,2,442,43,1751,0.03084000111,77,0,2.95409419822812,2.69199283888788,65.6830315379159,1295.08209615478,70
"240",2020-10-26,6959,1296,320,77,72,73,1,16,51,4,3,39,36,1,446,52,995,0.03920000076,121,0.01652999997,3.6742052645672,2.69207276847095,66.0191602690263,1246.63137901265,73
"241",2020-10-27,7037,1266,322,61,74.1,78,0,15,60,2,3,32,29,2,448,60,1354,0.02880000114,116,0,2.65273479888163,2.71452294162872,73.3498338865167,1231.1814950055,78
"242",2020-10-28,7149,1272,325,93,77.6,112,2,69,38,2,2,30,28,3,450,40,1900,0.04052999973,166,0.01807000041,3.87253724855082,2.88204358442984,107.394027239749,1220.93006622402,112
"243",2020-10-29,7213,1256,326,65,74.3,64,0,18,42,9,2,38,36,1,459,42,2190,0.02921999931,96,0,2.79929127248031,2.907131831292,58.7810666482398,1219.54808833784,64
"244",2020-10-30,7263,1225,328,122,78.6,50,1,9,36,4,2,41,39,2,463,37,2789,0.03585999966,105,0.05714000225,3.66320799198307,3.08245945950097,44.59477495445,1178.47565727571,50
"245",2020-10-31,7302,1155,329,83,81.4,39,0,5,32,2,2,40,38,1,465,32,2352,0.02763999939,322,0,2.43116225001047,3.14960471781452,36.1934217597048,1125.88756663935,39
"246",2020-11-01,7352,1114,332,50,78.7,50,1,6,40,1,2,38,36,3,466,41,1714,0.02566999912,104,0,2.42015283232563,3.07332737982845,45.9712514672496,1086.04814962234,50
"247",2020-11-02,7416,1067,332,56,75.7,64,3,8,47,6,2,43,41,0,472,50,1030,0.01748000026,14,0.07143000126,1.82034677063602,2.80849045212399,57.0563591967559,1046.86270525877,64
"248",2020-11-03,7487,994,333,36,72.1,71,1,36,33,1,2,44,42,1,473,34,1456,0.02197999954,13,0,2.17854862697345,2.74074957042283,69.232057408836,971.548972481853,71
"249",2020-11-04,7552,918,337,53,66.4,65,5,1,51,1,1,41,40,4,474,56,1466,0.02729000092,295,0.00338999987,2.32863096594946,2.5201915300512,55.6480168623433,895.837133564841,65
"250",2020-11-05,7599,875,337,45,63.6,47,0,6,34,5,2,44,42,0,479,34,2536,0.02404999971,41,0,2.36673648678929,2.4583979892382,39.1657208254321,853.529580066268,47
"251",2020-11-06,7673,869,341,79,57.4,74,1,12,58,4,3,46,43,4,483,59,2342,0.0234800005,116,0.02585999966,2.35923194188609,2.2721156963672,69.5568707449047,847.744418259698,74
"252",2020-11-07,7708,836,346,75,56.3,35,3,4,25,3,4,46,42,5,486,28,2499,0.02760999918,142,0,2.61254782093222,2.29802792078459,31.2415885874853,813.356002112062,35
"253",2020-11-08,7745,774,346,47,55.9,37,1,5,29,1,4,47,43,0,487,30,1176,0.02040999889,92,0.01087000012,1.97178223230915,2.2339749779251,34.3867143778758,758.177230949197,37
"254",2020-11-09,7816,744,350,31,52.3,71,3,24,42,7,4,46,42,4,494,45,711,0.02109999895,20,0.1,2.32586857092339,2.30619237796615,67.9148737648676,726.059246245811,71
"255",2020-11-10,7883,753,350,52,54.6,67,0,11,54,3,5,47,42,0,497,54,1374,0.0334800005,17,0,3.30708272372394,2.46741153464479,63.14850988394,727.181998937163,67
"256",2020-11-11,7939,751,353,77,58,56,0,6,48,2,5,46,41,3,499,48,2375,0.02611000061,241,0.02904999971,2.63808491509404,2.51161924166545,52.6871576206668,730.459486940016,56
"257",2020-11-12,7981,741,355,60,60.1,42,1,8,31,3,3,43,40,2,502,32,2318,0.02157000065,214,0.00467000008,2.01416435718088,2.46125179457853,39.331767699637,725.526245794718,42
"258",2020-11-13,8020,718,357,79,60.1,39,1,7,27,0,3,36,33,2,502,28,2719,0.02170000076,200,0,2.02131901563686,2.41297851940007,34.4132197705591,702.953278402195,39
"259",2020-11-14,8041,695,357,50,56.6,21,3,2,14,3,3,37,34,0,505,17,1710,0.01578999996,245,0.01633000016,1.5857672619335,2.26629558240025,18.7205069914358,683.573668179289,21
"260",2020-11-15,8071,651,360,30,54.1,30,1,1,25,0,2,35,33,3,505,26,984,0.01524000049,306,0.00653999984,1.31762794055814,2.17284496929297,26.6448198198848,642.106834720961,30
"261",2020-11-16,8115,613,363,11,51.3,44,0,3,39,3,2,33,31,3,508,39,735,0.01223999977,53,0,1.14167510545051,2.00367447422541,41.5383745777865,605.744195286746,44
"262",2020-11-17,8156,590,363,40,49.6,41,1,10,29,1,2,32,30,0,509,30,1828,0.02078999996,38,0,2.03666237550268,1.82218585305094,39.3665346347328,577.541847816412,41
"263",2020-11-18,8198,583,363,66,48,42,3,6,31,1,2,32,30,0,510,34,2684,0.02049000025,20,0.05,2.07082694789201,1.74114900059351,39.2700295083954,570.483153041015,42
"264",2020-11-19,8218,564,364,53,47,20,2,1,17,0,2,30,28,1,510,19,2476,0.01212000012,187,0.01603999972,1.23952685860909,1.63048650079754,19.7558301017367,556.752009335762,20
"265",2020-11-20,8243,521,364,28,39.7,25,1,2,20,1,2,30,28,0,511,21,2643,0.00757000029,222,0.02252000093,0.872842965896335,1.46641849369175,22.8099630766473,516.285274425393,25
"266",2020-11-21,8272,489,365,27,36.4,29,4,4,19,2,2,31,29,1,513,23,1495,0.01873000026,71,0,1.78808112316092,1.4953204738671,26.5736192060272,479.934773554231,29
"267",2020-11-22,8299,476,368,26,35.9,27,3,4,19,3,4,31,27,3,516,22,1220,0.01475000024,36,0,1.43272295324841,1.51176261853714,25.6732109626007,468.929473554452,27
"268",2020-11-23,8339,459,370,20,37.1,40,2,10,25,1,3,27,24,2,517,27,922,0.01735000014,13,0,1.71087701915294,1.59307717763748,36.5210776150182,450.85831945531,40
"269",2020-11-24,8382,468,370,21,34.4,43,2,7,33,1,3,23,20,0,518,35,1403,0.00855000019,41,0.09755999565,1.10772923048615,1.46037244263512,41.5980387020834,462.62520321643,43
"270",2020-11-25,8437,476,371,38,30.4,55,4,10,39,2,2,23,21,1,520,43,2618,0.01222000003,72,0.01389000058,1.22646989294796,1.33975000621454,52.4532259094253,469.947337974104,55
"271",2020-11-26,8482,491,372,60,31.4,45,3,4,37,3,2,23,21,1,523,40,3059,0.01437999964,224,0.0044600001,1.37031553217058,1.35843410243761,43.4317189799948,484.024350479436,45
"272",2020-11-27,8530,503,374,56,35.4,48,2,3,42,3,1,24,23,2,526,44,3154,0.01776000023,336,0.00298000008,1.63370546568195,1.46712874526413,46.2547379305766,494.480299524546,48
"273",2020-11-28,8574,505,375,60,40.1,44,2,3,39,2,1,25,24,1,528,41,2597,0.01194000006,191,0,1.11220158378121,1.37057452535274,43.5272299616144,499.176856844275,44
"274",2020-11-29,8619,517,377,22,39.6,45,0,4,38,5,1,28,27,2,533,38,898,0.02450000048,12,0,2.41769235505934,1.51128443989716,41.0474951111115,504.04092032749,45
"275",2020-11-30,8662,523,378,47,43.4,43,1,7,34,1,1,25,24,1,534,35,1135,0.02290999889,61,0,2.17415123245401,1.57746647036874,41.2110665429669,511.211080056334,43
"276",2020-12-01,8716,545,378,34,45.3,54,2,12,39,3,1,27,26,0,537,41,1906,0.01417000055,113,0.01769999981,1.43675686116048,1.62447041760793,52.3892693498131,536.881751113369,54
"277",2020-12-02,8758,559,379,49,46.9,42,1,5,34,6,1,31,30,1,543,35,2859,0.01014000058,81,0.01235000014,1.02008883229796,1.59498740894365,39.6298407410982,553.088027836396,42
"278",2020-12-03,8796,558,380,38,43.7,38,0,5,32,3,1,33,32,1,546,32,3327,0.01021999955,202,0,0.963500665991783,1.53687099948953,36.6803427366086,552.425976469612,38
"279",2020-12-04,8839,562,382,55,43.6,43,1,5,33,2,1,31,30,2,548,34,2994,0.01101999998,165,0.01212000012,1.10774548781007,1.46173385979355,38.6095175798573,555.545555290583,43
"280",2020-12-05,8874,551,382,46,41.6,35,3,2,29,1,1,31,30,0,549,32,2277,0.01845000029,209,0,1.68988940709292,1.54426069169522,33.4393512714914,541.346329705992,35
"281",2020-12-06,8913,545,383,33,43.1,39,0,7,30,1,2,31,29,1,550,30,1397,0.01575000048,20,0,1.55276998380804,1.42070035294504,36.5170402238486,536.226230733249,39
"282",2020-12-07,8967,548,384,23,39.7,54,0,4,45,2,1,30,29,1,552,45,1068,0.01684999943,25,0.04,1.73795053899726,1.3583859681655,48.1891649645191,538.125831123478,54
"283",2020-12-08,9014,552,384,57,43,47,1,1,44,0,1,27,26,0,552,45,2367,0.01942999959,69,0,1.88796424587562,1.42284416598195,45.1191765692168,541.195232582392,47
"284",2020-12-09,9067,561,386,36,41.1,53,2,3,46,1,3,24,21,2,553,48,2911,0.00962000012,167,0.00598999977,0.94230507832716,1.41173220112898,50.5310620844649,555.519288112184,53
"285",2020-12-10,9112,560,386,60,44.3,45,2,0,43,1,3,23,20,0,554,45,3091,0.01391000032,252,0.00397000015,1.31607092512474,1.46209938100511,44.3859914932421,552.359005249235,45
"286",2020-12-11,9151,544,386,48,43.3,39,6,2,30,1,2,23,21,0,555,36,3047,0.01180999994,32,0,1.16872587908996,1.47081086547367,37.563787866973,537.408349989814,39
"287",2020-12-12,9184,533,387,59,45.1,33,2,5,26,0,2,20,18,1,555,28,2616,0.01567000031,24,0,1.55275457617273,1.45122017534222,32.549242015029,524.419499786088,33
"288",2020-12-13,9223,530,388,30,44.7,39,5,2,32,0,2,19,17,1,555,37,1502,0.01197999954,47,0,1.16165005223241,1.39534589940284,38.5543851861172,523.61686888222,39
"289",2020-12-14,9266,527,388,16,43.7,43,4,4,35,2,2,20,18,0,557,39,917,0.01745000005,20,0,1.70775347340982,1.39103203289035,42.3094861975743,517.669210926196,43
"290",2020-12-15,9312,535,389,54,43.3,46,1,7,37,1,1,20,19,1,558,38,2079,0.01347000003,49,0,1.3159835555625,1.30932050570276,44.4815383488527,527.700605700953,46
"291",2020-12-16,9367,553,389,53,45.7,55,3,4,47,0,1,18,17,0,558,50,2312,0.01687000036,94,0,1.62109064140981,1.40628987185742,53.1596506228003,543.705735888171,55
"292",2020-12-17,9404,548,390,61,45.9,37,1,5,29,1,0,17,17,1,559,30,3207,0.01340999961,83,0.02410000086,1.36796865716261,1.41370383357712,34.5745191861417,540.227883800188,37
"293",2020-12-18,9445,535,390,25,42.6,41,3,4,34,0,0,16,16,0,559,37,3298,0.00727999985,170,0.00588,0.721137240637255,1.34976259951245,40.7233681204998,531.000052553173,41
"294",2020-12-19,9484,532,390,46,40.7,39,1,7,28,3,0,19,19,0,562,29,2799,0.0117900002,140,0,1.12283805919701,1.2883459542302,35.6624036812065,525.806853737995,39
"295",2020-12-20,9528,526,390,24,39.9,44,5,2,34,0,0,16,16,0,562,39,1360,0.01618000031,51,0,1.55951810216868,1.34518424707824,40.3694237538103,517.495304987287,44
"296",2020-12-21,9603,548,390,22,40.7,75,7,8,60,1,0,15,15,0,563,67,1365,0.00658999979,32,0.03125,0.715486736818182,1.20343185613658,74.5029970462168,543.934960915326,75
"297",2020-12-22,9687,592,390,73,43.4,84,5,7,70,2,0,15,15,0,565,75,3021,0.02250999928,48,0,2.21579367301662,1.33197615863002,80.2770480697768,578.400166097438,84
"298",2020-12-23,9787,659,390,52,43.3,100,5,6,88,1,1,13,12,0,566,93,2652,0.01998000026,199,0.01508000016,1.9637979909281,1.38093435141835,97.1065129486108,645.582710033704,100
"299",2020-12-24,9862,686,390,49,41.6,75,11,6,56,2,1,13,12,0,568,67,3469,0.01557000041,144,0,1.49494413014918,1.39907370470214,71.9615577617426,675.367591411275,75
"300",2020-12-25,9927,717,390,47,44.7,65,6,2,56,0,1,10,9,0,568,62,2537,0.0295600009,161,0,2.77960423585248,1.69314041830432,62.2132769755726,696.337412765896,65
"301",2020-12-26,10019,759,390,95,51.7,92,5,4,82,2,2,12,10,0,570,87,951,0.01998000026,50,0,1.8981998249011,1.80390638483348,89.2878423082327,744.06290013734,92
"302",2020-12-27,10129,823,391,37,53.6,110,8,6,94,2,4,12,8,1,572,102,1480,0.02703000069,32,0.0625,2.77806885060847,1.97798506318202,105.06217612246,799.295793615535,110
"303",2020-12-28,10260,916,391,65,59.7,131,15,6,108,1,2,13,11,0,573,123,1188,0.04125,39,0.02563999891,4.07538385961614,2.45797036643887,123.802958172754,877.296826717418,131
"304",2020-12-29,10381,994,391,112,65.3,121,5,15,101,3,4,12,8,0,576,106,1880,0.05052999973,25,0.04,5.03918107571654,2.86131142396743,115.462057919987,942.068731815726,121
"305",2020-12-30,10518,1085,391,88,70.4,137,12,10,115,3,5,13,8,0,579,127,2458,0.05736000061,62,0,5.5948762499754,3.38003688954561,129.633235516712,1022.06346878451,137
"306",2020-12-31,10643,1172,391,147,84.4,125,0,9,116,2,5,13,8,0,581,116,2652,0.03318000078,144,0,3.14711595381116,3.61606143578304,121.215109553437,1133.75955514335,125
"307",2021-01-01,10760,1227,392,87,90.1,117,0,5,111,2,6,13,7,1,583,111,2759,0.03914000034,134,0.01493000031,3.80186246040788,3.76209832500524,111.624759204943,1178.63585175193,117
"308",2021-01-02,10873,1287,392,134,95.7,113,2,8,101,2,6,15,9,0,585,103,2369,0.02954999924,431,0,2.50014100712714,3.8480899224661,108.330165703114,1253.64003164959,113
"309",2021-01-03,10996,1314,393,106,105.6,123,0,5,118,3,5,18,13,1,588,118,1516,0.06002999783,126,0.02381000042,5.72506314026797,4.26908910670317,115.996020477424,1236.00653311301,123
"310",2021-01-04,11171,1426,393,117,113,175,4,30,140,5,8,21,13,0,593,144,1386,0.05339000225,155,0.00644999981,4.86685873387735,4.38215694588335,166.734026455891,1354.04667865348,175
"311",2021-01-05,11311,1498,395,105,112,140,2,19,119,6,8,23,15,2,599,121,2417,0.05750999928,97,0.01031000018,5.5688837819101,4.45782876105386,133.01387898132,1411.510667058,140
"312",2021-01-06,11494,1592,395,132,118.3,183,11,42,129,7,7,28,21,0,606,140,2627,0.05138999939,211,0.01422000051,4.86264793887033,4.35322471661028,174.941970932872,1511.74012660809,183
"313",2021-01-07,11612,1629,395,186,123.9,118,2,7,108,6,9,32,23,0,612,110,2311,0.04889999866,91,0.01098999977,4.74637747220358,4.58169064780919,111.587006086005,1548.83848103729,118
"314",2021-01-08,11742,1659,395,185,137.9,130,6,13,110,0,11,30,19,0,612,116,2661,0.03683000088,249,0,3.36785678150103,4.51968983653679,124.949634794276,1601.07279416986,130
"315",2021-01-09,11840,1668,397,155,140.9,98,6,2,90,4,11,30,19,2,616,96,3020,0.03244999886,375,0.0026699999,2.91606028040353,4.57910687557627,95.0976464821887,1617.57160762803,98
"316",2021-01-10,11932,1651,397,114,142,92,5,3,82,5,11,34,23,0,621,87,1824,0.05098999977,78,0,4.88989272242271,4.45979681588409,85.5893645512009,1567.29932039118,92
"317",2021-01-11,12096,1704,397,66,134.7,164,2,25,135,3,13,34,21,0,624,137,1608,0.03420000076,115,0,3.19173541625537,4.22049348479524,157.466537481632,1647.61299174235,164
"318",2021-01-12,12236,1732,398,161,142.7,140,1,22,115,4,13,35,22,1,628,116,2211,0.07056000233,74,0.01350999951,6.87124311227002,4.4065448177038,129.736274483263,1608.61402935354,140
"319",2021-01-13,12324,1720,402,172,148.4,88,0,9,75,2,11,34,23,4,630,75,2532,0.03752000093,173,0.01156000018,3.58597125271349,4.22416243396711,81.2116284260455,1656.05334523731,88
"320",2021-01-14,12416,1708,402,128,140.1,92,2,14,75,9,10,41,31,0,639,77,2581,0.03371000051,146,0,3.1905211337114,4.00189724275394,88.4529648966447,1651.50213043466,92
"321",2021-01-15,12510,1678,404,145,134.4,94,6,7,79,5,11,41,30,2,644,85,2923,0.03729000092,206,0.00485000014,3.51542897788431,4.02297898509441,88.9020112692183,1616.84205776174,94
"322",2021-01-16,12571,1630,405,119,129.3,61,0,0,59,2,9,39,30,1,646,59,2470,0.03239000082,289,0,2.89972098678507,4.02064480029177,57.2262565569124,1580.99657945368,61
"323",2021-01-17,12651,1571,407,72,123.3,80,2,3,72,2,9,39,30,2,648,74,2036,0.02602999926,32,0,2.56272139716441,3.6881917538263,75.0338543157017,1529.25925851307,80
"324",2021-01-18,12772,1591,408,63,122.9,121,2,45,72,7,10,43,33,1,655,74,1021,0.03917999983,48,0,3.74207482005893,3.76681166865538,116.129042483541,1529.27441339612,121
"325",2021-01-19,12846,1536,415,81,111.4,74,3,24,47,8,9,45,36,7,663,50,2337,0.04107999802,89,0,3.95729412088788,3.35053324131507,71.9485973424706,1472.9809103607,74
"326",2021-01-20,12907,1497,415,166,110.6,61,1,8,50,2,7,37,30,0,665,51,3065,0.02250999928,163,0.00612999976,2.16828803451301,3.14800706728643,57.8535114311905,1463.34718848024,61
"327",2021-01-21,12977,1463,417,81,103.9,70,1,9,59,3,7,37,30,2,668,60,2636,0.02427999973,117,0,2.32481217901489,3.02433435947264,67.5538221613253,1427.73736370032,70
"328",2021-01-22,13056,1433,418,95,96.7,79,1,3,74,5,6,37,31,1,673,75,2311,0.03072000027,111,0.00901000023,2.97250332987201,2.94677355261374,75.6886474529799,1388.83775733494,79
"329",2021-01-23,13104,1366,418,84,91.7,48,1,4,40,4,9,39,30,0,677,41,2122,0.03299000025,276,0,2.9192986042744,2.94957035511222,43.7590766518155,1324.65606600927,48
"330",2021-01-24,13150,1285,419,44,87.7,46,2,9,35,2,8,37,29,1,679,37,1247,0.02244999886,36,0,2.18200690400779,2.89518257037556,45.1629711559417,1255.93021446987,46
"331",2021-01-25,13213,1226,419,29,82.9,63,1,18,43,4,7,38,31,0,683,44,825,0.02061000109,48,0,1.94768051537801,2.63884052684971,61.1115091171833,1201.24341312879,63
"332",2021-01-26,13275,1165,420,74,81.9,62,1,19,40,8,5,40,35,1,691,41,2354,0.02421000004,79,0,2.34238964628689,2.408139887621,59.0043067199885,1136.7077397265,62
"333",2021-01-27,13353,1126,422,80,69.6,78,0,27,50,1,4,30,26,2,692,50,2800,0.01963999987,175,0.0057099998,1.88205881011765,2.36724999842166,76.0243685895564,1104.02878063681,78
"334",2021-01-28,13391,1065,422,66,67.4,38,1,3,33,3,5,30,25,0,695,34,2355,0.02122999907,209,0.02871000051,2.18397183761466,2.3471299496502,36.2301457166292,1040.88544671206,38
"335",2021-01-29,13420,963,422,73,64.3,29,1,2,26,3,4,31,27,0,698,27,2847,0.01228999972,180,0.00555999994,1.18898015170268,2.09234092419744,28.6671711621731,951.129104784173,29
"336",2021-01-30,13439,866,423,42,58.3,19,1,6,12,2,5,33,28,1,700,13,2155,0.01577999949,216,0,1.43424288911641,1.8801901077463,18.8066925298087,853.122748524179,19
"337",2021-01-31,13481,807,424,25,55.6,42,3,5,34,4,6,32,26,1,704,37,922,0.01952000022,24,0,1.90247782271036,1.84025738184666,41.2701999201446,791.08246852856,42
"338",2021-02-01,13521,716,424,26,55.1,40,6,7,25,4,5,29,24,0,708,31,548,0.02920000076,29,0,2.77324097339341,1.95819459013458,37.1086836328108,695.413467132017,40
"339",2021-02-02,13563,652,425,59,53,42,4,5,31,3,5,27,22,1,711,35,2439,0.02213999987,107,0.02803999901,2.23879574143755,1.94339546087039,39.187609013799,636.866316485628,42
"340",2021-02-03,13626,637,425,54,49.3,63,4,22,36,2,4,26,22,0,713,40,2865,0.01291000009,212,0,1.20205233207182,1.84625167829241,61.501499100512,629.061373175653,63
"341",2021-02-04,13708,639,425,51,47.1,82,3,43,33,2,5,25,20,0,715,36,2814,0.01279000044,90,0,1.2393616128843,1.71130736047379,78.5374239739014,630.789275536749,82
"342",2021-02-05,13766,638,427,72,47,58,1,8,48,2,5,21,16,2,717,49,2435,0.01601999998,149,0,1.50962461111842,1.7571137118189,56.2330843026505,628.014444593694,58
"343",2021-02-06,13791,607,427,61,49.7,25,1,4,19,3,6,21,15,0,720,20,2369,0.01434999943,205,0.01463000059,1.43722994446853,1.75754043401206,23.701984513913,597.955229997261,25
"344",2021-02-07,13816,562,429,33,50.9,25,1,2,19,3,4,23,19,2,723,20,1004,0.0249000001,75,0,2.31692308622799,1.81674690022886,21.5195765559813,548.500101223076,25
"345",2021-02-08,13863,559,431,24,50.6,47,1,7,38,2,5,21,16,2,725,39,852,0.01407999992,29,0,1.36165265968672,1.61509142684219,45.4494287552254,551.108478824897,47
"346",2021-02-09,13918,578,431,43,48.3,55,5,8,39,0,2,19,17,0,725,44,2244,0.01782999992,149,0,1.67198160553615,1.53411797885628,51.2372771606909,567.980595429076,55
"347",2021-02-10,13975,595,432,40,46.3,57,0,6,50,3,4,20,16,1,728,50,2791,0.01253999949,100,0,1.21062395629851,1.53534249660295,55.3724304726022,587.531922623967,57
"348",2021-02-11,14035,621,433,51,46.3,60,1,11,46,1,3,16,13,1,729,47,2563,0.01521999955,58,0,1.48831968129149,1.57090793494683,57.274768494629,611.417685854566,60
"349",2021-02-12,14086,624,435,52,43.4,51,0,8,41,3,2,16,14,2,732,41,2612,0.01570000052,173,0,1.47247401645386,1.56560070713761,48.3740868495134,614.473907173082,51
"350",2021-02-13,14118,622,435,46,41.3,32,0,3,28,6,2,21,19,0,738,28,2099,0.02191999912,46,0.02174000025,2.1916139004373,1.67336984370457,30.3637838968535,607.866913708674,32
"351",2021-02-14,14159,597,437,48,43.4,41,0,4,35,4,2,21,19,2,742,35,1175,0.01702000022,10,0,1.68763715261603,1.58347185318858,38.3876077279463,586.554337530969,41
"352",2021-02-15,14221,620,438,34,44.9,62,2,8,51,4,2,23,21,1,746,53,867,0.02653000116,26,0,2.5757571115028,1.75691534630516,59.5846516049578,603.443094246677,62
"353",2021-02-16,14272,615,438,60,47.3,51,3,13,32,3,2,24,22,0,749,35,1561,0.0333100009,23,0,3.28263329576389,1.98700844490913,46.8088320648808,594.069477711477,51
"354",2021-02-17,14329,630,439,49,48.6,57,5,6,44,2,2,25,23,1,751,49,2063,0.01842000008,222,0,1.66303983216805,2.05163928431906,54.1551466879821,619.137600274056,57
"355",2021-02-18,14401,646,439,68,51,72,3,12,53,3,3,26,23,0,754,56,2348,0.02128999949,116,0,2.02877105529708,2.12884662346272,66.8221129508989,632.412231540726,72
"356",2021-02-19,14455,650,440,58,51.9,54,2,16,33,1,3,26,23,1,755,35,2576,0.01514000058,96,0,1.45960484633533,2.12700817058864,50.4703537269476,640.163712071883,54
"357",2021-02-20,14504,629,440,66,54.7,49,0,3,45,4,3,26,23,0,759,45,2384,0.02559000015,68,0,2.48803264101142,2.16935370495637,46.8392166580782,612.774828398471,49
"358",2021-02-21,14546,618,440,53,55.4,42,0,7,33,2,4,24,20,0,761,33,1000,0.03,28,0,2.91828793774319,2.34516095997454,39.0015538204367,599.301826091815,42
"359",2021-02-22,14611,633,440,32,55.1,65,0,11,54,1,6,23,17,0,762,54,863,0.01506000042,66,0,1.399007574,2.17705388318842,64.2167572111298,623.81865397491,65
"360",2021-02-23,14666,639,440,47,53.3,55,0,7,47,3,6,25,19,0,765,47,2036,0.01965000033,84,0,1.88714154112641,1.97769791824021,53.0804297504608,626.497757671159,55
"361",2021-02-24,14712,646,441,60,54.9,46,2,10,34,1,6,24,18,1,766,36,2874,0.01878999949,41,0,1.85257147630394,2.00477386740248,45.3085511583839,633.592334675444,46
"362",2021-02-25,14745,642,441,43,51.3,33,1,5,25,1,6,23,17,0,767,26,2376,0.01851999998,128,0.00781000018,1.7972523951885,1.97169977310126,30.5155321090374,630.037369769308,33
"363",2021-02-26,14810,645,441,57,51.1,65,5,12,43,1,6,21,15,0,768,48,2639,0.01819000006,181,0,1.70224858717518,2.00636316464981,59.1528763639801,633.616776140983,65
"364",2021-02-27,14856,650,442,71,51.9,46,0,4,34,3,6,23,17,1,771,34,2535,0.0209100008,47,0.02128000021,2.09167358783385,1.9497404427673,37.2626810276244,635.904196116348,46
"365",2021-02-28,14921,661,442,49,51.3,65,2,8,54,7,6,28,22,0,778,56,1552,0.02576999903,94,0,2.42983222931713,1.87996105584929,62.5892602780741,644.348232925124,65
"366",2021-03-01,14998,676,442,54,54.4,77,4,7,64,3,6,29,23,0,781,68,996,0.02911999941,45,0,2.78612098101441,2.0781201139942,73.0357739653221,656.473282361143,77
"367",2021-03-02,15061,685,443,61,56.4,63,1,6,54,3,4,29,25,1,784,55,2006,0.02592000008,41,0,2.54008403324279,2.17139761286797,59.5515838664854,666.960635428045,63
"368",2021-03-03,15120,695,443,65,57.1,59,0,5,51,6,5,32,27,0,790,51,2676,0.02092999935,109,0,2.01108360002154,2.19404220197049,54.9366337305538,680.509028288919,59
"369",2021-03-04,15177,691,443,61,59.7,57,3,3,50,1,5,31,26,0,791,53,2414,0.02029999971,225,0.00444000006,1.89477829910724,2.20797447395888,54.9588414945548,677.425650429007,57
"370",2021-03-05,15250,695,444,51,58.9,73,1,10,57,1,2,28,26,1,792,58,2440,0.0188499999,154,0,1.77309174078643,2.21809492447477,66.9337923849843,682.223891509725,73
"371",2021-03-06,15306,708,446,46,55.3,56,3,3,47,1,2,27,25,2,793,50,1957,0.02095000029,25,0,2.06857470068264,2.21479508345317,51.9276815145278,692.815970245714,56
"372",2021-03-07,15346,699,447,54,56,40,1,0,38,2,5,26,21,1,795,39,1752,0.01940999985,16,0.0625,1.97999546024887,2.15053268787199,38.199407750984,684.650923536866,40
"373",2021-03-08,15429,740,448,38,53.7,83,1,9,65,6,4,29,25,1,801,66,1170,0.02051000118,142,0,1.82901687352134,2.01380352965869,73.748461461869,725.967598208834,83
"374",2021-03-09,15486,747,448,70,55,57,0,8,47,1,3,27,24,0,802,47,2105,0.03183000088,57,0,3.09908195432007,2.09366037552688,53.4898729088569,722.998618359917,57
"375",2021-03-10,15566,770,448,76,56.6,80,5,8,64,0,2,24,22,0,802,69,2655,0.01807999969,173,0,1.69739742492751,2.04884806479916,75.7857301567248,756.449452473596,80
"376",2021-03-11,15627,767,451,73,58.3,61,1,7,52,1,2,20,18,3,803,53,2321,0.02801000118,86,0,2.70092283916826,2.16401157052216,58.5158745021113,745.522183832441,61
"377",2021-03-12,15709,772,451,93,64.3,82,5,4,67,2,2,17,15,0,805,72,2361,0.02286999941,133,0,2.16503883749038,2.22000401290844,74.3838533461356,754.671316433565,82
"378",2021-03-13,15777,790,451,56,65.7,68,5,3,54,5,4,22,18,0,810,59,2353,0.01870000005,99,0,1.79449837347675,2.18085025187903,60.902315175118,775.302186243106,68
"379",2021-03-14,15845,815,451,65,67.3,68,2,10,51,2,3,23,20,0,812,53,1535,0.02996999979,36,0,2.9283227038606,2.31632557239499,61.3909209371623,790.25661441108,68
"380",2021-03-15,15952,862,452,58,70.1,107,4,3,97,4,5,25,20,1,816,101,1000,0.03200000048,13,0,3.15893390720632,2.50631372006427,100.692160013188,833.768731993741,107
"381",2021-03-16,16038,880,453,85,72.3,86,7,4,72,5,6,27,21,1,821,79,1583,0.03411000013,9,0,3.39171672146922,2.54811868679986,80.2220191767733,849.055403488108,86
"382",2021-03-17,16126,907,454,77,72.4,88,3,5,76,3,5,27,22,1,824,79,2842,0.02674000025,175,0,2.51889561519722,2.66547557112411,81.9369020795768,883.313546660458,88
"383",2021-03-18,16219,945,455,63,71,93,6,3,80,2,5,24,19,1,826,86,2566,0.02845000029,161,0,2.67703339729153,2.66206279371314,86.6130967263715,918.771818679315,93
"384",2021-03-19,16344,993,457,117,74.4,125,7,6,104,2,4,24,20,2,828,111,2615,0.03823999882,97,0,3.68722702486357,2.87951824905217,112.756683397197,955.039519039792,125
"385",2021-03-20,16447,1047,458,83,78.3,103,5,6,87,4,4,27,23,1,832,92,1997,0.04356999874,151,0.00662,4.09724895175885,3.20848261737819,94.0919261692851,1002.52442064393,103
"386",2021-03-21,16532,1075,459,87,81.4,85,5,1,77,4,4,29,25,1,836,82,1306,0.04210999966,87,0,3.94800140387365,3.35415100309434,79.643599860899,1030.99841281057,85
"387",2021-03-22,16681,1151,460,56,81.1,149,6,7,133,4,7,30,23,1,840,139,1150,0.05478000164,131,0,4.9177987420765,3.60541740807579,138.912907006804,1092.3147911139,149
"388",2021-03-23,16805,1190,461,108,84.4,124,2,0,120,5,9,31,22,1,845,122,1966,0.0350999999,153,0,3.25656440789995,3.58610993470875,117.880902401702,1149.82191686906,124
"389",2021-03-24,16958,1280,461,85,85.6,153,7,2,137,4,9,33,24,0,849,144,3106,0.04572000027,47,0,4.50384779063178,3.8696745311994,139.27598340473,1220.2309635976,153
"390",2021-03-25,17107,1362,462,123,94.1,149,7,4,132,8,10,40,30,1,857,139,3005,0.0379399991,282,0,3.46850311212352,3.98274163331826,138.001502625049,1313.02191780803,149
"391",2021-03-26,17256,1446,463,103,92.1,149,10,2,130,4,11,42,31,1,861,140,2390,0.06736000061,117,0,6.42163547897487,4.37337141247702,132.679133994711,1349.72876968823,149
"392",2021-03-27,17372,1499,465,138,100,116,7,3,100,5,13,44,31,2,866,107,2476,0.06260000229,117,0,5.97753974816969,4.64198438339285,103.368850336208,1406.10193134557,116
"393",2021-03-28,17509,1558,466,139,107.4,137,3,5,124,5,13,45,32,1,871,127,2480,0.08265999794,157,0,7.77386404593098,5.18853618940104,121.76416582016,1432.42968777803,137
"394",2021-03-29,17718,1706,466,111,115.3,209,7,1,189,4,12,47,35,0,875,196,1644,0.08394000053,40,0,8.19461762893824,5.65665317323843,180.347963865656,1561.05931813679,209
"395",2021-03-30,17927,1837,467,170,124.1,209,9,6,186,6,12,48,36,1,881,195,1968,0.04065000057,64,0,3.93696855914173,5.75385376627297,193.040621869223,1762.0185762757,209
"396",2021-03-31,18134,1940,468,163,135.3,207,7,5,190,8,14,54,40,1,889,197,3023,0.0793900013,224,0,7.39131425715738,6.16634897577663,186.903701541628,1791.33594411552,207
"397",2021-04-01,18371,2075,469,144,138.3,237,12,4,203,3,15,52,37,1,892,215,2634,0.07212999821,100,0.01,6.98575037619386,6.66881287064382,203.428369049711,1924.7156547821,237
"398",2021-04-02,18569,2169,470,242,158.1,198,15,7,162,6,15,56,41,1,898,177,3130,0.09392999649,99,0,9.10501359596469,7.05215260164237,167.291539180494,1964.25055639826,198
"399",2021-04-03,18820,2348,470,222,170.1,251,16,3,223,12,14,61,47,0,910,239,2885,0.1019099998,36,0,10.0654005280041,7.63613271304728,217.059133266347,2102.97424648277,251
"400",2021-04-04,19050,2507,471,152,172,230,9,2,215,12,16,64,48,1,922,224,1818,0.09295999527,139,0,8.63573180382524,7.75925667846075,205.944673156337,2282.5414982274,230
"401",2021-04-05,19335,2652,472,184,182.4,285,8,4,269,5,18,67,49,1,927,277,2045,0.1056200027,162,0,9.78671977895333,7.98669984274862,252.893970218648,2382.91266794171,285
"402",2021-04-06,19609,2789,473,156,180.4,274,7,6,245,10,20,70,50,1,937,252,1749,0.1286400032,83,0,12.2811880784279,9.17873120264665,225.913414594893,2433.88298930618,274
"403",2021-04-07,19917,2930,474,219,188.4,308,3,6,290,12,24,76,52,1,949,293,3364,0.0981000042,44,0,9.683345485,9.5061642351956,269.584541173434,2635.84541173434,308
"404",2021-04-08,20211,3101,475,170,192.1,294,22,5,255,10,30,83,53,1,959,277,3366,0.08586000443,194,0.01031000018,8.17429536366011,9.6759563762622,258.524617632694,2838.19436562811,294
"405",2021-04-09,20508,3254,477,261,194.9,297,13,2,276,14,31,88,57,2,973,289,3418,0.1102999973,158,0,10.5426563414821,9.88133391133612,259.411393167315,2898.32758950327,297
"406",2021-04-10,20795,3418,480,381,217.6,287,12,2,262,14,27,92,65,3,987,274,3187,0.0875399971,97,0,8.49543150906516,9.65705262291627,251.866595879121,3116.94899530962,287
"407",2021-04-11,21064,3556,480,205,225.1,269,8,4,249,13,29,100,71,0,1000,257,2714,0.145909996,29,0,14.4367382115931,10.485767824026,222.533312951956,3023.75276598115,269
"408",2021-04-12,21379,3650,481,264,236.6,315,16,4,291,16,27,101,74,1,1016,307,2125,0.08046999931,107,0,7.66123425330421,10.1821270346475,286.615171989173,3360.08266371492,315
"409",2021-04-13,21615,3676,483,245,249.3,236,10,0,219,12,28,105,77,2,1028,229,2670,0.07677999973,178,0,7.1981249746875,9.45597516268461,211.910181727566,3401.66737131236,236
"410",2021-04-14,21888,3748,485,389,273.6,273,10,11,248,12,28,101,73,2,1040,258,3971,0.1714900017,97,0.01031000018,16.7646722411052,10.4675932706996,224.156721883909,3096.55578922826,273
"411",2021-04-15,22110,3751,485,312,293.9,222,15,3,202,19,29,107,78,0,1059,217,3902,0.1309599972,98,0.01019999981,12.8001377263945,11.1284278939474,191.202356170673,3253.21215666448,222
"412",2021-04-16,22346,3790,487,348,306.3,236,1,10,219,20,24,114,90,2,1079,220,2970,0.120539999,244,0.00409999996,11.1700123528388,11.2180501812841,204.522376595935,3351.09003317543,236
"413",2021-04-17,22527,3737,490,405,309.7,181,5,7,167,16,23,123,100,3,1095,172,2935,0.1018700027,121,0.00825999975,9.81635856983802,11.4067540471088,161.495027197521,3356.67393393685,181
"414",2021-04-18,22689,3679,490,294,322.4,162,5,8,146,11,22,122,100,0,1106,151,1949,0.06465000153,188,0.01595999956,6.0366557276205,10.2067422636841,149.549474995721,3448.74515569045,162
"415",2021-04-19,22916,3619,491,258,321.6,227,5,4,218,22,22,116,94,1,1128,223,2084,0.1122799969,88,0.0340899992,10.9112078024494,10.6710241992763,201.773310045782,3209.60362805239,227
"416",2021-04-20,23105,3507,492,188,313.4,189,9,2,178,17,27,119,92,1,1145,187,2775,0.100539999,221,0,9.31236639602804,10.9730586880392,170.945550903387,3168.4066685464,189
"417",2021-04-21,23300,3408,493,207,287.4,195,3,2,185,12,25,111,86,1,1157,188,2521,0.1368500042,236,0.02118999958,12.6949474243409,10.3916694285015,165.2559186124,2959.44771612266,195
"418",2021-04-22,23476,3300,496,239,277,176,7,4,161,14,22,107,85,3,1171,168,2358,0.1632699966,213,0.0093900001,15.0521478803617,10.7133851647825,145.782556681582,2785.01450624535,176
"419",2021-04-23,23684,3224,499,189,254.3,208,5,8,186,21,29,113,84,3,1192,191,2507,0.0805700016,86,0.01162999988,7.82835225610798,10.2360051509638,183.498050904729,2962.3335922348,208
"420",2021-04-24,23841,3104,500,227,228.9,157,2,2,151,18,31,119,88,1,1210,153,2464,0.08522999763,214,0.00467000008,7.87924175419866,9.95927417730103,142.501484408499,2850.43534381687,157
"421",2021-04-25,23989,2973,505,139,206.7,148,2,6,136,21,30,125,95,5,1231,138,1621,0.1357199955,93,0.02151000023,12.9523070435758,10.9472243652946,125.468575817444,2573.76866598016,148
"422",2021-04-26,24152,2837,510,173,194.6,163,4,7,148,12,31,124,93,5,1243,152,1304,0.1150300026,31,0,11.2358893925393,10.9936074495932,141.293463343244,2506.51681253146,163
"423",2021-04-27,24312,2744,511,189,194.7,160,3,5,148,10,31,121,90,1,1253,151,2425,0.06103000164,332,0.00903999984,5.47693267768879,10.4456883469733,147.42573445419,2588.18685657151,160
"424",2021-04-28,24478,2641,513,186,191.7,166,2,7,155,13,27,116,89,2,1266,157,2408,0.06894000053,38,0,6.7868978444906,9.60168126413756,152.952766226955,2455.16723315533,166
"425",2021-04-29,24604,2544,513,159,180.3,126,2,7,113,13,29,113,84,0,1279,115,2728,0.06525000095,111,0.00901000023,6.30511139898309,8.35210462394061,114.482504374206,2377.69992285201,126
"426",2021-04-30,24757,2453,516,178,178.7,153,4,3,139,13,27,109,82,3,1292,143,2122,0.06691999912,179,0,6.17141408659887,8.1153991711536,136.850374793559,2296.04873684336,153
"427",2021-05-01,24881,2398,520,138,166,124,3,5,113,7,29,110,81,4,1299,116,2051,0.08970999718,70,0.02857000113,8.76921755281848,8.24253857095643,110.453668620217,2179.98187371794,124
"428",2021-05-02,24978,2337,520,128,164.4,97,0,4,91,8,27,108,81,0,1307,91,1279,0.06959000111,21,0,6.84658549382231,7.37029263527735,88.5405133125514,2171.1118638619,97
"429",2021-05-03,25085,2220,523,102,154.3,107,4,3,100,10,22,98,76,3,1317,104,976,0.1741799927,140,0.00713999987,15.3225154889785,7.95409636334009,90.478632643784,1867.33235066539,107
"430",2021-05-04,25190,2125,524,141,147.4,105,1,2,99,8,23,94,71,1,1325,100,2386,0.03898000002,57,0.01753999949,3.84797625946173,7.72138830359337,98.0105322052742,2040.22380936208,105
"431",2021-05-05,25272,2010,525,114,137.1,82,1,2,75,8,23,88,65,1,1333,76,1904,0.07772999763,65,0.03076999903,7.6179769133809,7.84011388486341,71.9974494784245,1851.24833488991,82
"432",2021-05-06,25378,1940,527,122,131.9,106,3,6,92,12,22,88,66,2,1345,95,2133,0.0534499979,246,0,4.79230119885246,7.62399814198761,96.279909878338,1843.61079119974,106
"433",2021-05-07,25490,1842,530,108,121.9,112,4,4,103,19,23,95,72,3,1364,107,2302,0.04691999912,82,0.01220000029,4.57257709723238,7.39559285779239,105.927437648531,1754.67607615509,112
"434",2021-05-08,25579,1766,534,136,121.6,89,1,3,85,4,21,86,65,4,1368,86,1901,0.04892000198,86,0.01162999988,4.73060411442677,6.81864808087929,84.7820868210349,1679.38564332497,89
"435",2021-05-09,25662,1705,537,69,113.1,83,0,5,78,4,22,83,61,3,1372,78,1173,0.1722100067,123,0.00813000023,15.6637598678542,8.0782444200267,70.3330166736076,1428.11273626283,83
"436",2021-05-10,25755,1638,538,82,110.3,93,3,2,87,9,22,85,63,1,1381,90,715,0.1048999977,14,0,10.2885457277778,7.35910588271231,82.3998265163031,1463.27684259672,93
"437",2021-05-11,25887,1607,540,124,107.9,132,1,6,123,5,21,79,58,2,1386,124,1899,0.04580999851,86,0.02325999975,4.48330212337481,7.44986672041418,124.236288011094,1532.30415188571,132
"438",2021-05-12,25984,1547,541,115,108,97,3,3,90,8,22,80,58,1,1394,93,2118,0.04958000183,174,0.00574999988,4.6252593305,7.02233563714548,91.5403413731572,1472.81621617499,97
"439",2021-05-13,26077,1519,541,78,101.7,93,1,1,90,7,20,77,57,0,1401,91,1684,0.07956999779,54,0.01851999998,7.76731624150057,7.44733778609521,84.671839721501,1396.67609381275,93
"440",2021-05-14,26160,1440,541,128,104.6,83,2,4,75,7,21,70,49,0,1408,77,1738,0.04717999935,105,0,4.44920449648942,7.42971312884622,77.4481413663659,1373.57563074762,83
"441",2021-05-15,26234,1392,542,85,97.3,74,2,8,63,7,19,64,45,1,1415,65,1779,0.05228000164,61,0,5.05468059334565,7.47600976869177,69.593646984275,1319.05164003247,74
"442",2021-05-16,26303,1364,543,46,94,69,2,3,63,7,19,67,48,1,1422,65,805,0.04098999977,20,0,3.99963028058788,5.80970554193945,65.3046461756651,1307.43903667088,69
"443",2021-05-17,26377,1329,545,87,94.7,74,7,5,59,10,19,71,52,2,1432,66,774,0.2299699974,19,0,22.4459997462295,7.54648468743255,55.6409105809943,1019.72379033548,74
"444",2021-05-18,26456,1297,546,97,90.9,79,1,6,71,5,16,64,48,1,1437,72,1920,0.02655999899,56,0,2.58072864680162,7.27468847649352,76.0735514325022,1262.29716955493,79
"445",2021-05-19,26527,1283,550,91,87.4,71,2,5,64,4,14,57,43,4,1441,66,2042,0.06659999847,122,0.01639000058,6.37693054281423,7.52492722110984,66.6364676319519,1198.17557533022,71
"446",2021-05-20,26587,1238,553,73,86.7,60,5,8,45,11,15,63,48,3,1452,50,1487,0.05111000061,65,0.03076999903,5.02581319871263,7.13328392928299,55.3946928792413,1173.49259569002,60
"447",2021-05-21,26668,1203,554,77,79.4,81,4,11,63,4,13,59,46,1,1456,67,1682,0.04162000179,190,0,3.73957494715705,7.03190827937837,75.4023560480019,1156.35872127979,81
"448",2021-05-22,26727,1171,558,77,78.3,59,0,13,46,8,15,58,43,4,1464,46,1380,0.06231999874,101,0.0099000001,5.87451034917623,7.14902681592559,56.1983615794173,1099.68003064125,59
"449",2021-05-23,26782,1147,559,39,77.3,55,0,4,51,5,12,59,47,1,1469,51,826,0.03753000021,14,0.07143000126,3.80950002275,7.12186535052018,52.9857158461222,1101.69835442161,55
"450",2021-05-24,26833,1101,561,65,74.1,51,2,11,38,5,11,57,46,2,1474,40,733,0.0832199955,30,0,7.99479117975098,5.05740698388039,47.6844949358772,1009.74072311002,51
"451",2021-05-25,26893,1034,563,56,68.3,60,1,12,46,3,11,54,43,2,1477,47,1035,0.0647300005,19,0.05263000011,6.45118790508444,5.61032973506365,55.8564517592243,964.841938702934,60
"452",2021-05-26,26949,993,566,76,66.1,56,1,11,44,1,8,47,39,3,1478,45,1371,0.03209000111,61,0.04918000221,3.28179969669134,5.16816818561753,54.4688872820034,959.213446022874,56
"453",2021-05-27,26996,947,566,62,64.6,47,0,8,38,3,9,42,33,0,1481,38,1368,0.05481999874,113,0.0088499999,5.13124971404592,5.18323054495085,43.9784274750636,896.620284707507,47
"454",2021-05-28,27031,897,569,65,62.9,35,0,1,30,1,7,34,27,3,1482,30,1589,0.03460999966,197,0.01523000002,3.24723401252408,5.11289612571757,29.9900091912172,866.801274817393,35
"455",2021-05-29,27066,858,571,45,58.3,35,0,3,31,5,9,36,27,2,1487,31,1074,0.02421000004,104,0.00962000012,2.29219185530051,4.60113634087818,33.263292250126,837.609830664777,35
"456",2021-05-30,27093,809,573,46,59.3,27,0,3,22,5,8,36,28,2,1492,22,718,0.0905300045,34,0,8.64368925944149,5.29173480326268,23.0284653873472,736.501295380177,27
"457",2021-05-31,27141,777,576,40,55.7,48,1,2,41,5,6,35,29,3,1497,42,783,0.0855700016,27,0.03703999996,8.39523348786667,5.34894084727921,40.3443496592238,709.370468695641,48
"458",2021-06-01,27183,741,577,38,53.1,42,1,5,36,2,5,31,26,1,1499,37,1565,0.01725000024,27,0.03703999996,1.75856346573618,4.67856592737231,41.3254061927005,727.489891588948,42
"459",2021-06-02,27214,702,577,48,49.1,31,0,0,30,1,6,30,24,0,1500,30,1688,0.04264999866,43,0.02325999975,4.21683291319064,4.81214210115793,28.68843376607,671.309350126039,31
"460",2021-06-03,27259,691,577,48,47.1,45,2,4,39,2,5,29,24,0,1502,41,1176,0.01360999942,186,0,1.17513651379736,4.24698307255099,44.5004778424721,682.581224125567,45
"461",2021-06-04,27289,644,579,43,44,30,0,0,27,3,6,29,23,2,1505,27,1195,0.04769999981,68,0.01470999956,4.59238161069121,4.43914701514629,25.7144637930623,613.33758084193,30
"462",2021-06-05,27308,612,582,39,43.1,19,1,0,18,2,4,30,26,3,1507,19,999,0.01601999998,90,0.02221999884,1.653239658,4.34786812981765,18.6743343185385,601.510136997134,19
"463",2021-06-06,27325,563,582,21,39.6,17,0,1,16,2,4,28,24,0,1509,16,608,0.1069099998,22,0,10.3176634727619,4.58700730314914,15.2884723453191,502.775620650916,17
"464",2021-06-07,27352,530,583,17,36.3,27,1,3,23,1,4,26,22,1,1510,24,843,0.00949000001,30,0.06666999817,1.1454948400378,3.5513303534593,26.7149723720596,523.705639882983,27
"465",2021-06-08,27385,502,584,28,34.9,33,0,2,30,1,3,25,22,1,1511,30,1771,0.02993000031,100,0,2.83303209775575,3.70482587231924,31.1188388737355,487.255237153841,33
"466",2021-06-09,27412,476,585,33,32.7,27,1,0,24,2,4,23,19,1,1513,25,1194,0.05946000099,26,0,5.81928206410328,3.93374717959247,23.4916851860715,447.281685942801,27
"467",2021-06-10,27441,463,585,20,28.7,29,0,0,28,2,5,20,15,0,1515,28,1216,0.03042999983,136,0,2.73689939299408,4.15685616233486,27.2054898601586,449.86220733048,29
"468",2021-06-11,27463,453,585,36,27.7,22,0,1,20,1,4,15,11,0,1516,20,1055,0.0170599997,96,0,1.56370979005213,3.72418875938642,20.6757584024916,445.655927816436,22
"469",2021-06-12,27481,430,585,29,26.3,18,0,0,18,2,6,16,10,0,1518,18,880,0.01136000037,44,0,1.08190479714286,3.64256949354969,17.7980963681315,425.176746572031,18
"470",2021-06-13,27502,423,586,18,25.9,21,0,1,18,2,5,15,10,1,1520,18,583,0.1320800018,17,0,12.8337735082333,4.00201378433132,16.6049782857674,366.716989715534,21
"471",2021-06-14,27521,386,589,22,26.6,19,2,1,16,2,4,14,10,3,1522,18,655,0.05649000168,29,0,5.40949577491228,4.61115677502767,17.99048710532,364.351556814084,19
"472",2021-06-15,27548,372,589,22,25.7,27,1,0,24,0,4,14,10,0,1522,25,1518,0.01449000001,36,0,1.41543243340927,4.40864253726389,24.6331303958274,366.540980289912,27
"473",2021-06-16,27565,351,589,24,24.4,17,0,0,17,1,4,12,8,0,1523,17,1251,0.02237999916,42,0,2.16530386304408,3.88664565139829,16.6183631068282,343.120320617454,17
"474",2021-06-17,27576,308,590,12,23.3,11,0,0,11,0,5,11,6,1,1523,11,1101,0.02088999987,123,0.02438999891,2.12417154598039,3.79911310182491,10.7577494053515,301.216983349843,11
"475",2021-06-18,27590,278,590,26,21.9,14,1,0,13,1,4,12,8,0,1524,14,864,0.01968000054,63,0,1.83425247751456,3.83776205717668,13.7337621915981,272.713277804591,14
"476",2021-06-19,27599,245,590,18,20.3,9,0,0,9,0,3,10,7,0,1524,9,926,0.01944000006,37,0,1.86930841698442,3.95024828858262,8.82557607681002,240.25179320205,9
"477",2021-06-20,27611,232,590,7,18.7,12,0,0,10,0,3,10,7,0,1524,10,562,0.0266899991,15,0,2.59961516363951,2.48822566792636,9.73047960084163,225.747126739526,12
"478",2021-06-21,27622,222,591,13,17.4,11,0,0,11,2,2,9,7,1,1526,11,520,0.02308000088,7,0,2.27734354034156,2.04077534870197,10.740280944865,216.758397250913,11
"479",2021-06-22,27633,199,591,13,16.1,11,0,0,10,0,2,6,4,0,1526,10,1297,0.01156999946,65,0,1.10178335533186,1.99596833754806,9.88577036560313,196.726830275502,11
"480",2021-06-23,27644,186,591,18,15.3,11,0,0,10,0,1,4,3,0,1526,10,1105,0.0081400001,18,0,0.800952814826358,1.80106104494552,9.91695958487302,184.455448278638,11
"481",2021-06-24,27650,174,591,8,14.7,6,1,0,5,1,0,4,4,0,1527,6,904,0.00995999992,51,0,0.942810463631414,1.63229517603853,5.94135132244739,172.299188350974,6
"482",2021-06-25,27654,153,591,7,12,4,0,0,4,2,0,6,6,0,1529,4,1024,0.00194999993,64,0,0.183529405176471,1.39647759427594,3.99238888598092,152.70887488877,4
"483",2021-06-26,27658,138,591,9,10.7,4,0,0,4,1,0,6,6,0,1530,4,764,0.00523999989,19,0,0.511284791310345,1.20247421917965,3.97879660297955,137.268482802795,4
"484",2021-06-27,27663,124,591,8,10.9,5,0,0,5,0,0,5,5,0,1530,5,398,0.0200999999,13,0,1.94642334798053,1.10916110265693,4.89910029664844,121.497687356881,5
"485",2021-06-28,27672,116,591,1,9.1,9,0,0,9,0,0,4,4,0,1530,9,555,0.00180000007,5,0,0.178392864080357,0.809311006048192,8.98335428068516,115.785455173275,9
"486",2021-06-29,27675,110,591,8,8.4,3,0,0,3,0,0,3,3,0,1530,3,929,0.00646000028,14,0,0.636409359503712,0.74282900664417,2.98020568886495,109.274208591715,3
"487",2021-06-30,27677,95,591,8,7,2,0,1,1,0,0,2,2,0,1530,1,1221,0.00082000002,51,0,0.0787122660707547,0.63965178539337,1.99918393454282,94.922473781568,2
"488",2021-07-01,27680,91,591,7,6.9,3,0,0,3,0,0,1,1,0,1530,3,884,0.00225999996,74,0,0.208542793803758,0.534756403989419,2.99351367027546,90.8032479983556,3
"489",2021-07-02,27684,80,591,6,6.7,4,0,0,4,2,0,2,2,0,1532,4,785,0.01401000023,29,0,1.35108724576781,0.701550381216753,3.9439693107087,78.8793862141739,4
"490",2021-07-03,27690,74,591,6,6.3,6,0,0,6,0,0,1,1,0,1532,6,627,0.00158999994,16,0,0.155043540027994,0.650658773890703,5.99035532703923,73.8810490334838,6
"491",2021-07-04,27692,69,592,2,5.4,2,0,0,2,1,0,2,2,1,1533,2,437,0.0068599999,34,0,0.636479820870488,0.463523984303554,1.98680233153148,68.544680437836,2
"492",2021-07-05,27698,68,592,2,5.6,6,0,0,6,0,0,2,2,0,1533,6,505,0.00197999999,27,0,0.187951126870301,0.464889450416403,5.9883082703675,67.8674937308317,6
"493",2021-07-06,27703,64,592,12,6.1,5,0,2,3,0,0,2,2,0,1533,3,1174,0.00596000016,28,0,0.582116488173045,0.457133325940593,4.98189436608424,63.6137464764637,5
"494",2021-07-07,27709,63,592,6,5.9,6,0,0,6,0,0,2,2,0,1533,6,1218,0.03201999903,23,0,3.14265582744077,0.894839548993453,5.80450725210187,60.9473261470696,6
"495",2021-07-08,27711,54,593,5,5.6,2,0,0,2,1,0,3,3,1,1534,2,933,0.00321999997,87,0,0.294535291373529,0.90712419150342,1.99389269070226,53.835102648961,2
"496",2021-07-09,27713,52,593,3,5.1,2,0,0,2,0,0,2,2,0,1534,2,823,0.00486000001,56,0,0.455037543598407,0.779117091193505,1.99056461109336,51.7546798884274,2
"497",2021-07-10,27714,48,593,0,4.3,1,0,0,1,0,0,2,2,0,1534,1,930,0,22,0,0,0.756968014046649,1,48,1
"498",2021-07-11,27719,50,593,0,4,5,0,0,5,0,0,2,2,0,1534,5,422,0.00237000003,8,0,0.232590700618605,0.69926956829638,4.98794284258915,49.8794284258915,5
"499",2021-07-12,27722,48,593,1,3.9,3,0,1,2,0,0,1,1,0,1534,2,460,0.00216999993,16,0,0.209705875588235,0.702377389541799,2.99565166320885,47.8956399170125,3
"500",2021-07-13,27724,47,593,2,2.4,2,0,0,2,0,0,1,1,0,1534,2,1188,0.00083999999,14,0,0.0830216296272879,0.631078124035263,1.99827851267611,46.9595450478887,2
"501",2021-07-14,27729,49,593,0,1.6,5,0,0,5,0,0,0,0,0,1534,5,1098,0,15,0,0,0.182127291543724,5,49,5
"502",2021-07-15,27740,55,593,1,1,11,0,0,11,0,0,0,0,0,1534,11,947,0.00105999999,31,0,0.102640080831288,0.154713690037689,10.9882944385244,54.9414721926221,11
"503",2021-07-16,27743,55,593,8,1.7,3,0,0,3,0,0,0,0,0,1534,3,867,0.00460999995,34,0,0.443603768773585,0.153080293634143,2.98620254261089,54.747046614533,3
"504",2021-07-17,27745,52,593,5,2.4,2,0,0,2,0,0,0,0,0,1534,2,761,0.00263000011,18,0,0.256922988922978,0.189783577765997,1.9946725971216,51.8614875251617,2
"505",2021-07-18,27753,57,593,4,3,8,0,0,8,0,0,0,0,0,1534,8,214,0.00467000008,17,0,0.43263204204329,0.218360912255238,7.96411679319582,56.7443321515202,8
"506",2021-07-19,27761,61,593,2,3.1,8,0,0,8,0,0,0,0,0,1534,8,367,0,10,0,0,0.188402930028347,8,61,8
"507",2021-07-20,27765,62,593,10,4.3,4,0,0,4,0,0,0,0,0,1534,4,1142,0.00437999994,22,0,0.429721643597938,0.237931503452726,3.98217909319357,61.7237759445003,4
"508",2021-07-21,27770,65,593,12,6,5,0,0,5,0,0,0,0,0,1534,5,1058,0.01039999962,8,0,1.0321950842364,0.385387944057925,4.94649253570224,64.3044029641292,5
"509",2021-07-22,27775,67,593,5,6.6,5,0,0,5,1,0,1,1,0,1535,5,1046,0.00477999985,28,0,0.465538160437616,0.437230526858829,4.97586719130978,66.6766203635511,5
"510",2021-07-23,27787,75,593,3,5.9,12,0,0,12,0,0,1,1,0,1535,12,928,0.00647000015,38,0,0.621548668654244,0.462651226841781,11.9226716103452,74.5166975646575,12
"511",2021-07-24,27790,77,593,2,5.4,3,0,0,3,0,0,1,1,0,1535,3,713,0.00280999988,16,0,0.274832635725652,0.465209747813591,2.99145184994473,76.7805974819146,3
"512",2021-07-25,27797,79,593,7,5.9,7,0,0,7,0,0,1,1,0,1535,7,410,0.00244000003,14,0,0.235943399127358,0.437111370254172,6.98287666113018,78.8067508898978,7
"513",2021-07-26,27806,83,593,5,6.3,9,0,0,9,1,0,2,2,0,1536,9,410,0,10,0,0,0.437111370254172,9,83,9
"514",2021-07-27,27814,90,593,7,5.9,8,0,0,8,0,0,2,2,0,1536,8,1125,0.01067000031,5,0,1.06227879192478,0.527476677158007,7.91189286536821,89.0087947353924,8
"515",2021-07-28,27820,90,593,8,5.3,6,0,0,6,0,0,1,1,0,1536,6,1074,0.00372000009,11,0,0.368228580337327,0.43262431945814,5.97709389097075,89.6564083645612,6
"516",2021-07-29,27824,86,593,9,5.9,4,0,0,4,0,0,1,1,0,1536,4,1234,0.00243000001,15,0,0.240081666320256,0.400416248869945,3.99004361761813,85.7859377787898,4
"517",2021-07-30,27827,81,593,4,6,3,0,0,3,0,0,1,1,0,1536,3,940,0.00745000005,21,0,0.728720088137357,0.415726451653247,2.97733453799894,80.3880325259714,3
"518",2021-07-31,27834,82,593,8,6.9,7,0,0,7,0,0,0,0,0,1536,7,936,0.00962000012,8,0,0.953847469525424,0.5127285707675,6.93077554400247,81.1890849440289,7
"519",2021-08-01,27843,84,593,1,6,9,0,0,7,0,0,0,0,0,1536,7,563,0.00178000003,13,0,0.173982641821181,0.503877034009475,6.98737339656719,83.8484807588063,9
"520",2021-08-02,27854,87,593,3,5.7,11,0,0,11,1,0,1,1,0,1537,11,462,0.00432999998,4,0,0.429283259819742,0.565203213983724,10.9510425016469,86.6127906948439,11
"521",2021-08-03,27871,99,593,10,6.1,17,0,0,16,0,0,1,1,0,1537,16,550,0.01090999961,3,0,1.08508133553345,0.568460720213534,15.8200031704614,97.8862696172298,17
"522",2021-08-04,27883,108,593,15,7.1,12,0,0,10,2,0,3,3,0,1539,10,1289,0.00776000023,22,0,0.762977902095347,0.62485348046468,9.92089671132943,107.145684482358,12
"523",2021-08-05,27903,121,593,9,7.1,20,0,0,20,0,1,3,2,0,1539,20,1482,0.00472000003,19,0,0.466025319417722,0.657131145192889,19.9033677508393,120.415374892578,20
"524",2021-08-06,27917,123,593,15,8.7,14,0,0,12,1,1,4,3,0,1540,12,1109,0.00541000009,44,0,0.520354735456201,0.627364666238439,11.93526139501,122.336429298852,14
"525",2021-08-07,27930,133,593,13,9.4,13,0,0,13,0,1,4,3,0,1540,13,846,0.01182000041,14,0,1.16275817986744,0.657209053430156,12.8432832793524,131.396667396452,13
"526",2021-08-08,27950,145,593,5,10,20,0,0,19,1,1,3,2,0,1541,19,612,0.00653999984,4,0,0.649753230857143,0.725176280435293,18.8720074686783,144.023214892545,20
"527",2021-08-09,27964,153,593,13,11.4,14,0,0,14,1,1,3,2,0,1542,14,556,0.0143900001,9,0,1.4160778859469,0.866146941310602,13.7944593356135,150.753734167776,14
"528",2021-08-10,27984,168,593,18,12.6,20,3,0,17,1,1,4,3,0,1543,20,1264,0.01027999997,16,0,1.0151499970375,0.856156750096894,19.789504511103,166.231837893265,20
"529",2021-08-11,27999,174,593,20,13.3,15,2,0,13,0,1,4,3,0,1543,15,1296,0.01080000043,8,0,1.07337427586503,0.900499089206849,14.8330736022063,172.063653785593,15
"530",2021-08-12,28018,188,593,18,14.6,19,3,0,16,0,1,3,2,0,1543,19,1053,0.01330000043,38,0,1.2836755685417,1.01730626765313,18.7471334075603,185.497951611649,19
"531",2021-08-13,28035,202,593,26,16.1,17,3,0,14,0,1,3,2,0,1543,17,1077,0.02135999918,14,0,2.10859020319523,1.24419704875871,16.6283589440475,197.58402980574,17
"532",2021-08-14,28052,210,593,16,16.6,17,2,0,15,1,1,4,3,0,1544,17,1005,0.01194000006,12,0,1.17991151035398,1.2466475245425,16.7920394588887,207.431075668625,17
"533",2021-08-15,28070,207,593,8,17,18,1,0,17,0,1,4,3,0,1544,18,543,0.02210000038,2,0,2.20188994611743,1.46838134100826,17.589086231737,202.274491664976,18
"534",2021-08-16,28089,210,593,21,18.1,19,0,0,19,0,1,3,2,0,1544,19,611,0.01146000028,8,0,1.13118904217771,1.42768293475551,18.7771711750925,207.537155093128,19
"535",2021-08-17,28110,206,593,18,18.1,21,0,0,21,0,1,3,2,0,1544,21,1323,0.01587000012,10,0,1.57509453554089,1.50767501168457,20.6570676155746,202.635996609922,21
"536",2021-08-18,28141,219,593,24,18.7,31,0,0,31,0,1,2,1,0,1544,31,1295,0.0154400003,12,0,1.52982405420811,1.57288212287644,30.5083163592643,215.526492989641,31
"537",2021-08-19,28164,227,593,19,18.9,23,0,0,23,3,1,5,4,0,1547,23,1279,0.01720000029,17,0,1.69743830022454,1.63199108454541,22.5952336385666,223.005131998027,23
"538",2021-08-20,28183,227,593,17,17.6,19,0,0,19,0,2,5,3,0,1547,19,1142,0.01488999963,50,0,1.42654191086074,1.53455561421191,18.7189906851763,223.642678186054,19
"539",2021-08-21,28206,236,593,27,19.1,23,1,0,22,1,2,6,4,0,1548,23,879,0.01820000052,12,0,1.79548826678788,1.62249515084533,22.5718529193975,231.606838651209,23
"540",2021-08-22,28237,253,593,17,20.4,31,0,0,31,1,1,5,4,0,1549,31,520,0.01730999947,6,0,1.71125470045627,1.55240440146516,30.4500047642525,248.511329205028,31
"541",2021-08-23,28278,272,593,16,19.7,41,1,0,40,0,1,3,2,0,1549,41,575,0.01391000032,11,0.09090999603,1.53553927309386,1.61016872016747,40.3472793316701,267.669755566202,41
"542",2021-08-24,28310,286,593,26,20.9,32,1,0,31,0,1,3,2,0,1549,32,1233,0.01541000009,23,0,1.51278105979061,1.60126679506029,31.4981098916156,281.514357156314,32
"543",2021-08-25,28336,302,593,27,21.3,26,0,0,25,2,1,5,4,0,1551,25,1318,0.0197300005,68,0,1.87620062474747,1.65074916228019,24.5137026930409,296.125528531935,26
"544",2021-08-26,28364,310,593,44,24.9,28,2,0,24,3,1,8,7,0,1554,26,1198,0.01251999974,22,0,1.22942292528852,1.58388982300362,25.6685963900729,306.048649266254,28
"545",2021-08-27,28397,327,593,24,25.9,33,0,0,33,2,1,9,8,0,1556,33,896,0.02789999962,9,0,2.76225410602431,1.77470585088413,32.0549383344003,317.635298040876,33
"546",2021-08-28,28429,331,593,38,27.4,32,0,0,29,2,1,11,10,0,1558,29,1115,0.02421999931,16,0,2.38773644833333,1.85931273396205,28.2820950193095,322.805981082463,32
"547",2021-08-29,28468,352,593,28,29,39,0,0,35,1,0,10,10,0,1559,35,537,0.02607000113,2,0,2.59732664319295,1.98589444006729,34.0575090375173,342.521233748746,39
"548",2021-08-30,28505,374,593,20,29.6,37,0,0,36,1,1,9,8,0,1560,36,627,0.01116000056,9,0,1.10020760237736,1.92370420139351,35.5893614460054,369.733921689056,37
"549",2021-08-31,28535,382,593,22,29,30,0,0,24,0,1,7,6,0,1560,24,553,0.03617000103,16,0,3.51529183999824,2.2097771699946,23.1253078934517,368.077817304106,30
"550",2021-09-01,28574,393,593,55,33,39,0,0,37,2,1,9,8,0,1562,37,807,0.0309800005,5,0,3.07892369501232,2.38159475146101,35.8189093551233,380.454902069283,39
"551",2021-09-02,28619,420,593,34,31.6,45,0,1,39,1,1,10,9,0,1563,39,1298,0.01695000052,8,0,1.68461720328943,2.44662250546113,39.3188411273715,412.664442910155,45
"552",2021-09-03,28671,452,593,50,35.3,52,0,1,49,1,2,5,3,0,1564,49,1050,0.03523999929,45,0.02221999884,3.47049307783562,2.54779950143418,48.2369288369226,435.736568046714,52
"553",2021-09-04,28726,483,593,38,35.3,55,0,0,52,0,2,5,3,0,1564,52,911,0.03183000088,8,0,3.15529170856148,2.65745025289534,50.2989172544592,467.199558344303,55
"554",2021-09-05,28752,477,593,23,34.6,26,0,0,25,2,1,7,6,0,1566,25,412,0.03882999897,6,0,3.82726305637321,2.83315545477824,24.008001760159,458.072673583833,26
"555",2021-09-06,28812,494,593,29,35.9,60,0,1,53,1,1,8,7,0,1567,53,519,0.03467999935,2,0,3.45468707536468,3.169509665205,52.101689873764,476.306316936592,60
"556",2021-09-07,28877,519,593,50,39.9,65,1,2,56,1,1,8,7,0,1568,57,825,0.04605999947,11,0.09090999603,4.66501310036842,3.33375555954359,56.2431679889721,493.898319057483,65
"557",2021-09-08,28929,532,594,66,41.4,52,0,1,50,2,1,7,6,1,1570,50,1376,0.03125,17,0,3.08686288585786,3.33488972966439,49.399816002037,514.974042261674,52
"558",2021-09-09,28999,577,594,58,44.9,70,0,3,63,3,2,10,8,0,1573,63,1485,0.03434000015,13,0,3.40419894677904,3.58054426444862,63.77649524736,556.635519963916,70
"559",2021-09-10,29065,607,594,62,46.6,66,0,0,58,0,1,7,6,0,1573,58,1263,0.03325000048,35,0,3.23534288183667,3.54695137930591,56.0545015588019,586.639352520565,66
"560",2021-09-11,29119,629,594,44,47.4,54,0,0,49,1,1,7,6,0,1574,49,1162,0.0309800005,15,0,3.05851831614274,3.53312660896037,47.4462192189997,609.054528341854,54
"561",2021-09-12,29174,641,594,53,51.7,55,0,1,50,2,1,8,7,0,1576,50,585,0.05982999802,3,0,5.95247429280612,3.83672821416508,47.9143254936031,601.441652827992,55
"562",2021-09-13,29236,670,594,36,52.7,62,0,0,55,5,4,13,9,0,1581,55,530,0.03019000053,20,0,2.90921823289091,3.75880409381168,53.3410947947834,649.791518409179,62
"563",2021-09-14,29298,689,594,63,54.6,62,0,2,55,2,5,10,5,0,1583,55,1224,0.03349999905,29,0,3.27246598860335,3.55986879213096,55.1339623129634,665.623636975123,62
"564",2021-09-15,29345,701,594,58,53.4,47,0,1,42,2,6,11,5,0,1585,42,1537,0.03058000088,13,0,3.03235234532645,3.55208157205504,41.6795817054323,678.961589893049,47
"565",2021-09-16,29405,729,594,63,54.1,60,1,1,50,1,7,11,4,0,1586,51,1708,0.03161999941,39,0,3.09141150499599,3.50739765180032,50.3654072265541,705.634938591333,60
"566",2021-09-17,29465,726,595,90,58.1,60,1,2,46,0,7,9,2,1,1586,47,1417,0.03105000019,4,0,3.09625969523082,3.48752862514234,47.4912481451274,702.694599007713,60
"567",2021-09-18,29527,742,595,44,58.1,62,0,5,50,0,7,8,1,0,1586,50,1575,0.02983999968,28,0,2.93187769781659,3.46943710823861,53.4801580279045,719.445545134103,62
"568",2021-09-19,29570,733,595,60,59.1,43,2,1,39,3,7,9,2,0,1589,41,1058,0.03213999987,3,0,3.20491233387936,3.07692825696335,40.6376691517023,708.644182638971,43
"569",2021-09-20,29621,712,595,60,62.6,51,2,0,40,2,8,11,3,0,1591,42,1220,0.03851999998,66,0.0606099987,3.96537013139969,3.22780709960747,40.273305120923,682.728410621362,51
"570",2021-09-21,29681,711,595,36,58.7,60,0,0,51,1,7,12,5,0,1592,51,1196,0.02006999969,23,0,1.9691320450566,3.04161653624364,49.9588157365629,696.484666445024,60
"571",2021-09-22,29732,698,595,63,59.4,51,0,0,42,4,9,15,6,0,1596,42,2383,0.0180400002,29,0,1.78231013584577,2.8630390777464,41.223904532865,685.102032474756,51
"572",2021-09-23,29768,670,595,44,56.7,36,0,0,29,3,9,16,7,0,1599,29,1528,0.02749000072,48,0,2.66527418148223,2.80216231724444,28.1986495782952,651.486041981302,36
"573",2021-09-24,29812,664,595,56,51.9,44,1,0,34,2,8,16,8,0,1601,35,2089,0.01819000006,48,0,1.77814272930931,2.61385989354137,34.3547660026626,651.758989307656,44
"574",2021-09-25,29856,660,595,62,54.4,44,0,1,35,2,10,16,6,0,1603,35,1935,0.02739000082,32,0,2.69444085341637,2.57994034434133,35.0222692398184,641.562791379432,44
"575",2021-09-26,29904,638,595,38,51.3,48,1,0,38,3,11,17,6,0,1606,39,1060,0.03395999908,4,0,3.38323299105263,2.60541472393752,37.6320220608427,615.621283969683,48
"576",2021-09-27,29945,619,595,31,47.1,41,0,0,29,0,11,17,6,0,1606,29,852,0.01643000007,15,0.06666999817,1.72992041893772,2.28606476501438,28.4798762292964,607.898047790843,41
"577",2021-09-28,29990,595,596,44,48.3,45,1,1,32,3,11,18,7,1,1609,33,1723,0.02030999899,35,0,1.99056474742719,2.28912657963875,33.3189596744251,582.720636554027,45
"578",2021-09-29,30035,583,596,65,48.6,45,1,0,37,0,11,18,7,0,1609,38,2041,0.02155999899,8,0,2.14758213463104,2.34130829375093,37.1539111755699,570.019216193612,45
"579",2021-09-30,30083,586,596,61,51,48,2,0,38,3,12,20,8,0,1612,40,1837,0.01796000004,29,0,1.76808789246945,2.21313882389196,39.2667595401186,575.258027262737,48
"580",2021-10-01,30126,569,596,48,49.9,43,0,0,24,1,11,19,8,0,1613,24,1834,0.01963000059,13,0,1.94918359946183,2.23757323391375,23.5149946046404,557.50133041835,43
"581",2021-10-02,30162,551,596,60,49.6,36,0,0,28,0,9,14,5,0,1613,28,1477,0.01896000028,13,0,1.87945774587651,2.12114707569377,27.4544014879302,540.263400708912,36
"582",2021-10-03,30189,537,597,37,49.4,27,5,0,18,2,7,13,6,1,1615,23,1029,0.02138000011,12,0,2.11335447773199,1.9397358595051,22.4960554370327,525.233989986373,27
"583",2021-10-04,30233,534,598,25,48.6,44,1,0,40,0,4,9,5,1,1615,41,1256,0.0199000001,8,0,1.97740507322785,1.97509081011798,40.1594528491899,523.052385889448,44
"584",2021-10-05,30283,531,598,33,47,50,1,0,42,0,4,8,4,0,1615,43,1637,0.01161000013,13,0,1.1518527401703,1.85527480908128,42.4864910764595,524.658761897674,50
"585",2021-10-06,30323,521,598,28,41.7,40,1,0,32,0,4,7,3,0,1615,33,1958,0.0127699995,36,0,1.25394478540622,1.72761233062059,32.5709825736591,514.226724875043,40
"586",2021-10-07,30360,510,598,53,40.6,37,1,0,31,2,3,7,4,0,1617,32,1681,0.01843999982,9,0,1.83417986375266,1.73705404080391,31.3914805287536,500.301720927011,37
"587",2021-10-08,30388,492,600,59,42.1,28,0,0,19,0,2,5,3,2,1617,19,2154,0.02460999966,13,0,2.44623623754684,1.80806156053034,18.5181247997158,479.521968497904,28
"588",2021-10-09,30417,472,600,37,38.9,29,1,0,26,3,3,6,3,0,1620,27,1520,0.01842000008,12,0,1.82757180950392,1.80064928390568,26.4884114755563,463.056674683799,29
"589",2021-10-10,30438,434,601,20,36.4,21,0,0,19,2,3,6,3,1,1622,19,1009,0.01784000039,24,0,1.74255182899419,1.74767747694314,18.6567410380429,426.159242658453,21
"590",2021-10-11,30457,412,601,18,35.4,19,0,0,17,1,4,7,3,0,1623,17,635,0.02204999924,7,0,2.18095786875389,1.77675644773258,16.6156040732317,402.684051657146,19
"591",2021-10-12,30491,412,601,31,35.1,34,0,0,27,2,5,7,2,0,1625,27,1118,0.01430999994,12,0,1.41580353388673,1.81446370397778,26.6036769460786,405.952403769792,34
"592",2021-10-13,30513,407,601,24,34.6,22,0,0,20,0,5,7,2,0,1625,20,1674,0.02030999899,9,0,2.02013893697326,1.9239200113445,19.5811159588051,398.475709761684,22
"593",2021-10-14,30533,394,601,39,32.6,20,0,0,17,0,5,6,1,0,1625,17,1288,0.01164999962,33,0,1.13589701064042,1.82416531804275,16.7997970568923,389.360002377386,20
"594",2021-10-15,30569,379,601,33,28.9,36,1,0,20,2,5,8,3,0,1627,21,1605,0.01557999969,15,0,1.54357404336111,1.69521357601622,20.663930313208,372.934742319325,36
"595",2021-10-16,30599,373,602,21,26.6,30,0,0,24,1,4,8,4,1,1628,24,1409,0.0156099999,8,0,1.5521870048765,1.65587288964087,23.6137772387475,366.997454585535,30
"596",2021-10-17,30624,364,602,34,28.6,25,1,0,20,0,4,8,4,0,1628,21,815,0.03680999994,8,0,3.64521870608748,1.92768244351134,20.2063564983409,350.243512637909,25
"597",2021-10-18,30660,369,602,23,29.3,36,3,0,23,1,3,9,6,0,1629,26,812,0.01355000019,20,0,1.32242790315865,1.80503530556917,25.6435259405365,363.940810463768,36
"598",2021-10-19,30682,353,602,23,28.1,22,0,0,19,3,2,11,9,0,1632,19,1138,0.0105400002,9,0,1.0457297495728,1.75216762209575,18.7940054910543,349.172838860115,22
"599",2021-10-20,30708,349,602,35,29.7,26,1,0,20,1,3,11,8,0,1633,21,1788,0.01342000008,19,0,1.32788932722966,1.6532748207038,20.7108895733147,344.195260051753,26
"600",2021-10-21,30726,338,602,44,30.4,18,0,0,15,0,3,11,8,0,1633,15,1305,0.02145999908,7,0,2.1345502133689,1.79593956395073,14.6680442357907,330.519930113149,18
"601",2021-10-22,30752,324,602,34,30.6,26,0,0,12,0,2,8,6,0,1633,12,1417,0.02187999964,19,0,2.15905010375209,1.88386471543516,11.7313872973637,316.747457028821,26
"602",2021-10-23,30776,325,602,22,30.7,24,0,1,20,0,1,6,5,0,1633,20,1331,0.01202000022,9,0,1.19392688752388,1.8326846986705,20.7524343942964,320.977058907316,24
"603",2021-10-24,30796,318,603,14,27.9,20,0,0,12,1,1,6,5,1,1634,12,822,0.00243000001,8,0,0.240657832315663,1.34631885956024,11.9700591706341,317.206568021803,20
"604",2021-10-25,30822,310,603,15,26.7,26,0,2,19,4,1,7,6,0,1638,19,813,0.01353000045,5,0,1.34472987357579,1.34950485533411,20.7351065415467,305.67805409892,26
"605",2021-10-26,30844,297,603,30,27.7,22,0,6,14,3,2,9,7,0,1641,14,1386,0.0180400002,10,0,1.79107738375358,1.45598308878851,19.7400289637472,291.484900159494,22
"606",2021-10-27,30870,306,603,35,27.7,26,1,5,19,2,2,10,8,0,1643,20,1362,0.01394999981,9,0,1.38584243189059,1.46426210374007,24.7126399240641,301.603390838181,26
"607",2021-10-28,30895,298,603,26,25.1,25,1,6,17,4,3,14,11,0,1647,18,1852,0.00917999983,42,0,0.897643066798311,1.28756108280142,23.8324830467646,295.226663774214,25
"608",2021-10-29,30916,294,603,12,22,21,0,1,17,1,3,15,12,0,1648,17,1542,0.01231999993,18,0,1.21778460846538,1.15309458347474,17.7853642888376,290.288064759898,21
"609",2021-10-30,30938,284,603,28,22.9,22,0,2,20,1,2,16,14,0,1649,20,1177,0.01019999981,7,0,1.01396957570693,1.12738639607232,21.7897492762764,281.014439723125,22
"610",2021-10-31,30960,271,604,32,25.4,22,0,2,17,0,1,15,14,1,1649,17,933,0.01715000033,7,0,1.70222875615851,1.33618224233559,18.6999805408121,266.217336856475,22
"611",2021-11-01,31010,296,604,13,25.1,50,0,10,36,1,1,14,13,0,1650,36,770,0.00908999979,13,0,0.89390802532567,1.271779121157,45.6663601504564,293.256739014864,50
"612",2021-11-02,31060,323,604,31,25.3,50,1,6,37,2,0,15,15,0,1652,38,1521,0.02104000092,17,0,2.08074391413004,1.31316005406792,43.1802436126389,316.032070707431,50
"613",2021-11-03,31104,346,604,45,26.7,44,0,20,22,2,0,16,16,0,1654,22,1657,0.01690000057,11,0,1.67885497269125,1.35501898846801,41.617070837586,339.977568627489,44
"614",2021-11-04,31137,364,604,33,27.7,33,2,5,23,3,0,18,18,0,1657,25,1505,0.02325999975,35,0,2.27313633920455,1.55151802738319,29.4108198955244,355.421537678835,33
"615",2021-11-05,31175,380,606,45,32.4,38,0,7,24,2,1,18,17,2,1659,24,1263,0.02138000011,15,0.06666999817,2.19115728571831,1.69057126699075,30.4547855286961,371.367437537688,38
"616",2021-11-06,31207,385,607,41,34.3,32,3,4,20,3,1,19,18,1,1662,23,1413,0.02122999907,10,0.1,2.17835479170134,1.85691201213281,26.480555645038,376.30495318868,33
"617",2021-11-07,31244,403,608,39,35.3,37,3,3,26,6,3,23,20,1,1668,29,1016,0.02559000015,10,0,2.53405849438596,1.97574483187959,31.2381013341105,392.412235780915,38
"618",2021-11-08,31309,436,609,37,38.7,65,6,7,47,1,2,22,20,1,1669,53,840,0.02618999958,12,0.08333000183,2.69947883440845,2.23368351889141,58.5166679658312,423.797494964196,66
"619",2021-11-09,31348,450,609,39,39.9,39,0,10,26,3,2,24,22,0,1672,26,1609,0.02174999952,22,0.04545000076,2.20696807139178,2.25171554135738,35.4050890293253,439.703463969092,41
"620",2021-11-10,31386,466,609,34,38.3,38,1,5,27,5,2,28,26,0,1677,28,1454,0.01031999946,71,0.05633999825,1.24625698954689,2.18991582947961,32.6382169481356,459.978896351114,41
"621",2021-11-11,31425,464,610,48,40.4,39,1,5,30,3,5,31,26,1,1680,31,1601,0.02124000072,23,0,2.09391879019212,2.16431332247784,35.3270169786293,453.926963809161,42
"622",2021-11-12,31473,474,610,50,41.1,48,1,1,34,1,5,32,27,0,1681,35,1488,0.01881999969,28,0.03571000099,1.91319522206069,2.12460445624103,35.3057595543545,464.598000821829,55
"623",2021-11-13,31505,485,611,44,41.6,32,0,5,25,0,3,29,26,1,1681,25,1587,0.01952999949,20,0,1.92869378908712,2.08893859872472,29.5000968536038,475.301878959914,39
"624",2021-11-14,31530,487,611,44,42.3,25,1,2,22,1,3,26,23,0,1682,23,911,0.03732000113,8,0,3.69951262561806,2.25543204604359,24.1178246276461,468.320895376681,35
"625",2021-11-15,31556,469,613,41,42.9,26,0,1,25,2,2,24,22,2,1684,25,866,0.02309000015,18,0,2.2619841775905,2.19293280935531,25.4137104532228,458.00120810246,37
"626",2021-11-16,31579,460,614,41,43.1,23,1,4,16,1,1,23,22,1,1685,17,1688,0.02132999897,24,0,2.10309802928505,2.17809423191149,20.6293269449935,449.97002321747,39
"627",2021-11-17,31597,423,614,40,44,18,0,1,17,1,2,21,19,0,1686,17,1830,0.01475000024,19,0.05263000011,1.51392484809573,2.21633249741847,17.7331692861294,416.360624001926,40
"628",2021-11-18,31606,389,614,39,42.7,9,0,2,7,0,2,18,16,0,1686,7,1477,0.02030999899,40,0.025,2.04336641451747,2.20911072946494,8.85170487633732,380.759028127888,36
"629",2021-11-19,31606,356,614,8,36.7,0,0,0,0,1,2,16,14,0,1687,0,NA,NA,NA,NA,NA,NA,NA,NA,40
