"","date","observed_cumulative_cases","observed_active_cases","observed_cumulative_deaths","observed_new_cases","observed_daily_average_cases","observed_new_episodes","observed_new_cases_community_outbreak","observed_new_cases_institution_outbreak","observed_new_cases_sporadic","observed_new_ICU_p_acute_care","observed_census_ICU","observed_census_ICU_p_acute_care","observed_census_acute_care","observed_new_deaths","cumulative_hosp","observed_new_community_cases","num_non_ltch_tests","non_ltch_pct_positivity","num_ltch_tests","ltch_pct_positivity","observed_pct_positivity","pct_positivity_7_day","adjusted_new_episodes","adjusted_active_cases","adjusted_episode_cases"
"1",2020-03-01,7,7,0,0,0,2,0,0,2,0,0,1,1,0,0,2,NA,NA,NA,NA,NA,NA,NA,NA,2
"2",2020-03-02,10,10,0,0,0,3,2,0,1,0,0,1,1,0,0,3,NA,NA,NA,NA,NA,NA,NA,NA,3
"3",2020-03-03,11,11,0,0,0,1,0,0,1,0,0,1,1,0,0,1,NA,NA,NA,NA,NA,NA,NA,NA,1
"4",2020-03-04,12,12,0,0,0,1,0,0,1,0,0,1,1,0,0,1,NA,NA,NA,NA,NA,NA,NA,NA,1
"5",2020-03-05,18,18,0,0,0,6,2,0,4,0,0,1,1,0,0,6,NA,NA,NA,NA,NA,NA,NA,NA,6
"6",2020-03-06,23,23,0,0,0,5,0,1,4,0,0,1,1,0,0,4,NA,NA,NA,NA,NA,NA,NA,NA,5
"7",2020-03-07,27,27,0,0,0,4,0,0,4,0,0,1,1,0,0,4,NA,NA,NA,NA,NA,NA,NA,NA,4
"8",2020-03-08,36,36,0,0,0,9,1,0,8,0,0,1,1,0,0,9,NA,NA,NA,NA,NA,NA,NA,NA,9
"9",2020-03-09,45,45,0,1,0.1,9,0,0,9,0,0,1,1,0,0,9,NA,NA,NA,NA,NA,NA,NA,NA,9
"10",2020-03-10,52,52,0,0,0.1,7,1,0,6,0,0,1,1,0,0,7,NA,NA,NA,NA,NA,NA,NA,NA,7
"11",2020-03-11,61,61,0,0,0.1,9,0,0,9,0,0,1,1,0,0,9,NA,NA,NA,NA,NA,NA,NA,NA,9
"12",2020-03-12,75,75,0,3,0.6,14,1,0,13,0,0,1,1,0,0,14,NA,NA,NA,NA,NA,NA,NA,NA,14
"13",2020-03-13,97,97,0,1,0.7,22,2,2,18,0,0,1,1,0,0,20,NA,NA,NA,NA,NA,NA,NA,NA,22
"14",2020-03-14,115,115,0,4,1.3,18,1,1,16,1,0,2,2,0,1,17,NA,NA,NA,NA,NA,NA,NA,NA,18
"15",2020-03-15,142,142,0,4,1.9,27,1,0,26,0,0,2,2,0,1,27,NA,NA,NA,NA,NA,NA,NA,NA,27
"16",2020-03-16,156,156,0,0,1.7,14,0,0,14,0,0,2,2,0,1,14,NA,NA,NA,NA,NA,NA,NA,NA,14
"17",2020-03-17,179,178,0,5,2.4,23,1,0,22,2,0,4,4,0,3,23,127,0,4,0,0,0,23,178,23
"18",2020-03-18,195,193,0,4,3,16,0,0,16,0,0,3,3,0,3,16,210,0.0190499997138977,1,0,1.89597153550641,0.947985767753203,16.439246594453,198.298412045589,16
"19",2020-03-19,220,218,0,1,2.7,25,0,0,25,4,0,7,7,0,7,25,110,0.0272699999809265,9,0,2.52075630075791,1.47224261208811,25.9124886633138,225.956901144096,25
"20",2020-03-20,242,240,0,2,2.9,22,1,1,20,3,1,10,9,0,10,21,137,0.00730000019073486,4,0,0.709290798674238,1.28150465873464,22.2156752092911,242.464859534755,22
"21",2020-03-21,262,260,0,4,2.9,20,0,2,18,3,1,10,9,0,13,18,204,0.0147099995613098,3,0,1.44968111618705,1.31513995022512,20.3778344856863,265.457609237691,20
"22",2020-03-22,288,286,0,6,3.1,26,0,1,25,3,5,13,8,0,16,25,159,0.0314499998092651,2,0,3.10593165818208,1.61360523488461,27.1243163118412,298.862178607463,26
"23",2020-03-23,309,307,0,9,4.4,21,1,0,20,4,5,17,12,0,20,21,138,0.0362299990653992,3,0,3.54591480214545,1.88964945877902,22.0782120937005,322.76243394124,21
"24",2020-03-24,327,323,1,8,4.9,18,1,3,14,3,7,20,13,1,23,15,253,0.0197599995136261,4,0,1.94524508830638,2.16754161425136,18.4224956033821,332.097738659494,18
"25",2020-03-25,351,347,1,8,5.4,24,0,2,22,4,8,23,15,0,27,22,153,0.0588199996948242,2,0,5.80610319568265,2.7261318514194,25.8495413227363,376.172310863159,23
"26",2020-03-26,365,357,1,19,8,14,1,3,10,2,7,25,18,0,29,11,274,0.025550000667572,3,0,2.52732858588979,2.72707074929538,14.4025418166191,370.064311684819,14
"27",2020-03-27,382,365,1,27,11.6,17,3,2,12,5,9,26,17,0,34,15,577,0.0294600009918213,4,0,2.92571782655437,3.04370318184968,17.6354484202975,380.462578227239,17
"28",2020-03-28,407,387,2,26,14.7,25,1,1,23,3,8,25,17,1,37,24,367,0.0817399978637695,3,0,8.10772411243335,3.99485218131344,27.8175187273047,432.432489477788,25
"29",2020-03-29,426,399,2,11,15.4,19,5,4,10,7,8,31,23,0,44,15,184,0.0434800004959106,0,0,4.34800004959106,4.17229052294329,19.9443596159169,424.11996578339,19
"30",2020-03-30,451,408,3,48,21,25,8,3,14,4,12,32,20,1,48,22,549,0.0783199977874756,0,0,7.83199977874756,4.78458837674359,27.4948931740012,454.268927954204,25
"31",2020-03-31,468,405,3,51,27.1,17,2,3,12,6,13,34,21,0,54,14,943,0.064689998626709,0,0,6.4689998626709,5.43083905879567,18.3113595551061,442.935758558427,17
"32",2020-04-01,495,408,3,37,31.3,27,6,4,16,3,15,33,18,0,57,22,575,0.0573899984359741,4,0.25,5.87206374795943,5.44026199483521,27.8705531378892,442.690258193582,27
"33",2020-04-02,512,404,6,32,33.1,17,5,4,7,6,14,34,20,3,63,12,107,0.0841100025177002,9,0,7.75842264602924,6.1875611462837,17.3480664115106,449.384902520857,17
"34",2020-04-03,539,410,6,26,33,27,3,4,19,5,14,37,23,0,68,22,217,0.110600004196167,2,0,10.9589958495745,7.33517229242944,29.4910016230086,475.059575701525,27
"35",2020-04-04,556,417,7,18,31.9,17,3,7,6,7,14,43,29,1,75,9,315,0.0253999996185303,3,0,2.51603769806196,6.53635994751924,16.327881007416,432.191820010273,17
"36",2020-04-05,583,428,8,40,36,27,4,8,13,4,13,43,30,1,79,17,422,0.0663500022888184,5,0.2,6.79149905524154,6.88543123404074,26.6717493901361,470.088749351662,27
"37",2020-04-06,602,428,9,40,34.9,19,3,7,9,4,12,44,32,1,83,12,238,0.117650003433228,4,0.25,11.9837606682266,7.47853993253774,21.0822409370397,502.266593421083,19
"38",2020-04-07,625,426,9,25,31.1,23,2,11,10,4,14,45,31,0,87,12,285,0.108769998550415,6,0,10.6527318167932,8.07621592598378,24.8509677299417,491.709354412931,23
"39",2020-04-08,645,428,11,26,29.6,20,1,11,7,5,16,44,28,2,92,8,368,0.0434800004959106,6,0.333330001831055,4.813000051733,7.92492111223715,19.5575225793833,457.827457997007,20
"40",2020-04-09,681,436,11,25,28.6,36,1,20,13,6,16,47,31,0,98,14,295,0.0949199962615967,5,0,9.33379963239034,8.14997496743159,35.8920957788253,494.92526854056,36
"41",2020-04-10,715,452,11,37,30.1,34,0,20,13,4,16,48,32,0,102,13,331,0.090629997253418,8,0,8.84912362562872,7.84856464972505,34.6657131801416,509.915565955691,34
"42",2020-04-11,758,481,11,31,32,43,0,34,7,5,19,52,33,0,107,7,225,0.102220001220703,11,0.363639984130859,11.4404830932617,9.12348542046787,42.159575447354,560.679398596752,43
"43",2020-04-12,791,496,13,35,31.3,33,0,18,14,1,18,48,30,2,108,14,227,0.101319999694824,12,0.5,12.1337405567887,9.88666277783175,34.4596841793337,583.143096639252,33
"44",2020-04-13,815,503,16,16,27.9,24,0,19,5,3,20,50,30,3,111,5,165,0.0606099987030029,26,0.0384599995613098,5.75948155737672,8.99748004771035,24.4169749869189,544.947683684041,24
"45",2020-04-14,848,505,17,32,28.9,33,0,26,7,5,20,50,30,1,116,7,208,0.0673099994659424,18,0.166669998168945,7.52236276812258,8.55028446932883,33.7624457027643,560.005011413708,33
"46",2020-04-15,877,503,23,60,33.7,29,2,18,9,4,16,50,34,6,120,11,390,0.1,24,0.208330001831055,10.6280000106148,9.38099874916909,30.6927812454566,580.406269678605,29
"47",2020-04-16,947,552,23,21,33.1,70,1,55,13,7,13,52,39,0,127,14,310,0.0354800009727478,11,0,3.42641753942424,8.5370870216025,69.6945842441635,579.386464484162,70
"48",2020-04-17,979,556,25,73,38.3,32,0,26,6,0,13,49,36,2,127,6,378,0.0846599960327148,66,0.5,14.6399726352176,9.36435116582948,33.2718858120646,673.861418584657,32
"49",2020-04-18,1019,578,30,31,38.3,40,0,31,9,1,11,46,35,5,128,9,421,0.0617600011825562,8,0,6.06082995288022,8.59582928863213,40.7898256183752,628.724356380098,40
"50",2020-04-19,1036,581,34,37,38.6,17,0,13,4,5,15,47,32,4,133,4,452,0.0442500019073486,47,0.127659997940063,5.21062540386864,7.60681283821498,17.3017911161583,624.835159621994,17
"51",2020-04-20,1097,618,38,16,38.6,61,1,47,13,3,13,45,32,4,136,14,325,0.0523099994659424,43,0.0232599997520447,4.89155701515467,7.48282361789754,61.9915891431973,661.771577892568,61
"52",2020-04-21,1133,629,46,51,41.3,36,0,26,10,2,11,43,32,8,138,10,543,0.069980001449585,25,0.36,8.27449661745152,7.59027131065882,37.1981141303954,704.361378801869,36
"53",2020-04-22,1174,646,53,35,37.7,41,1,31,9,4,9,45,36,7,142,10,656,0.0243899989128113,122,0.106560001373291,3.72752692215241,6.60448944087848,41.5397310414558,680.866625278047,41
"54",2020-04-23,1219,662,56,50,41.9,45,0,35,10,5,11,48,37,3,147,10,775,0.0361299991607666,105,0.0285700011253357,3.522795394063,6.61825770582687,45.5100867321907,695.767741671022,45
"55",2020-04-24,1260,669,64,38,36.9,41,0,36,5,7,10,48,38,8,154,5,517,0.0406199979782104,94,0.106379995346069,5.07369206501886,5.25164619579848,41.367325194354,718.148111004567,41
"56",2020-04-25,1361,743,77,53,40,101,0,95,6,5,9,49,40,13,159,6,557,0.0502699995040894,28,0.0357100009918213,4.95731106864082,5.09400064090713,101.430679330577,796.332457103069,101
"57",2020-04-26,1415,760,86,87,47.1,54,0,41,13,5,9,50,41,9,164,13,358,0.0502799987792969,81,0.0123500001430511,4.32815252268233,4.96793308645194,54.8147090048347,807.629141821103,54
"58",2020-04-27,1476,783,94,87,57.3,61,0,54,7,8,11,55,44,8,172,7,269,0.0632000017166138,80,0.1,7.16355314090806,5.29250396155957,61.7260777600296,864.21698372903,61
"59",2020-04-28,1495,777,102,65,59.3,19,0,12,7,7,13,60,47,8,179,7,503,0.0616300010681152,11,0.272730007171631,6.61477054788908,5.05540023733636,19.6704546875062,851.420470313185,19
"60",2020-04-29,1520,766,110,27,58.1,25,0,17,8,7,13,61,48,8,186,8,668,0.0314400005340576,74,0.148649997711182,4.31294072606172,5.13903078075198,25.499597301574,813.836441625708,25
"61",2020-04-30,1540,756,121,30,55.3,20,0,10,10,2,11,55,44,11,188,10,603,0.0414599990844727,6,0.333330001831055,4.43355656139957,5.26913951894292,20.6419613191837,804.532275730285,20
"62",2020-05-01,1563,739,134,43,56,23,0,16,7,6,11,57,46,13,194,7,516,0.031010000705719,55,0.0909099960327148,3.67797025323123,5.06975068868754,23.3727888033205,778.355846521976,23
"63",2020-05-02,1584,740,138,22,51.6,21,0,15,6,4,12,57,45,4,198,6,508,0.0511800003051758,28,0.0357100009918213,5.03718660126871,5.08116147906296,21.4376187258345,793.972976186254,21
"64",2020-05-03,1603,721,147,23,42.4,19,0,13,6,3,12,52,40,9,201,6,826,0.0205800008773804,231,0.0043299999833107,1.70286761786764,4.70612077837514,19.1479410663501,738.777584806402,19
"65",2020-05-04,1621,718,151,14,32,18,0,11,7,6,10,52,42,4,207,7,637,0.0109899997711182,24,0.125,1.51295459216374,3.89889241426881,18.1533488563143,733.72921126195,18
"66",2020-05-05,1646,717,155,29,26.9,25,0,24,1,3,9,50,41,4,210,1,923,0.0292499995231628,29,0.172409992218018,3.36109656871868,3.4340818458159,25.0486673386767,751.894481831177,25
"67",2020-05-06,1662,692,159,23,26.3,16,0,11,5,4,10,53,43,4,214,5,598,0.0167200005054474,149,0.0134200000762939,1.60617674881196,3.04740127763736,16.1162839957301,708.093705009039,16
"68",2020-05-07,1685,669,165,32,26.6,23,0,16,7,6,10,55,45,6,220,7,813,0.0356699991226196,234,0.0128199994564056,3.05631224063884,2.85065208895726,23.3097792815917,698.606048483546,23
"69",2020-05-08,1698,636,171,16,22.7,13,0,8,5,4,8,55,47,6,224,5,715,0.00978999972343445,127,0.0472399997711182,1.54386339349022,2.54577968042283,13.1117726329865,650.217478915882,13
"70",2020-05-09,1715,619,177,12,21.3,17,0,12,5,5,6,52,46,6,229,5,1100,0.0154499995708466,164,0.0304900002479553,1.74013920637626,2.0747729097239,17.1259826106894,634.596647203348,17
"71",2020-05-10,1727,550,183,25,21.6,12,0,8,4,3,5,53,48,6,232,4,907,0.0176400005817413,316,0.0126600003242493,1.63532629845479,2.06512414980778,12.0947154920266,563.023380153657,12
"72",2020-05-11,1747,530,186,14,21.6,20,0,14,6,1,5,51,46,3,233,6,517,0.00967000007629395,197,0.0152300000190735,1.12040616851561,2.00904580357234,20.0973382085467,538.598208421625,20
"73",2020-05-12,1770,513,191,13,19.3,23,0,17,6,4,6,50,44,5,237,6,835,0.0131700003147125,322,0.00310999989509583,1.03702422031165,1.67703546808562,23.0900941842889,520.703052756701,23
"74",2020-05-13,1791,496,193,21,19,21,0,15,6,2,7,47,40,2,239,6,1249,0.0144099998474121,224,0.0133899998664856,1.42548878340193,1.65122290159847,21.123843056544,506.237692674306,21
"75",2020-05-14,1805,467,197,25,18,14,0,10,4,2,6,45,39,4,241,4,1046,0.0267700004577637,127,0.0236199998855591,2.64289518024611,1.59216332154237,14.1530722753057,484.871188141941,14
"76",2020-05-15,1825,452,200,17,18.1,20,0,12,8,1,5,43,38,3,242,8,1163,0.012039999961853,137,0.0146000003814697,1.23097846214588,1.54746547420746,20.1425926199884,460.056483029344,20
"77",2020-05-16,1841,433,206,19,19.1,16,0,6,10,1,4,41,37,6,243,10,967,0.0134399998188019,25,0.04,1.41093546620781,1.50043636846911,16.2042978319157,441.846096121952,16
"78",2020-05-17,1852,392,211,15,17.7,11,0,8,3,1,2,41,39,5,244,3,353,0.0254999995231628,10,0.1,2.7552341134095,1.66042319917693,11.1196840754105,407.638719186972,11
"79",2020-05-18,1867,384,212,25,19.3,15,0,8,7,2,1,42,41,1,246,7,376,0.0398900008201599,17,0.0588199996948242,4.07088557333133,2.08192025700774,15.412613603931,406.634803415644,15
"80",2020-05-19,1879,347,218,23,20.7,12,0,8,4,0,1,39,38,6,246,4,359,0.0390000009536743,31,0.225809993743896,5.38490003805894,2.70304537382878,12.3118848251268,374.056008579748,12
"81",2020-05-20,1894,333,222,17,20.1,15,0,9,6,3,1,40,39,4,249,6,675,0.0296300005912781,36,0.0555600023269653,3.09429120715661,2.94144572007945,15.2688246202941,347.919766426324,15
"82",2020-05-21,1902,319,228,11,18.1,8,0,1,7,0,1,37,36,6,249,7,478,0.0209200000762939,36,0,1.94547860631683,2.8418147809467,8.19718828364566,327.986151783281,8
"83",2020-05-22,1909,303,232,7,16.7,7,0,3,4,1,1,35,34,4,250,4,514,0.00583999991416931,14,0,0.568515143159664,2.74717716394867,7.03292749071535,305.494257421688,7
"84",2020-05-23,1918,299,235,6,14.9,9,1,3,5,1,0,34,34,3,251,6,582,0.00859000027179718,43,0,0.799900825309753,2.65988650096323,9.06949347079535,302.463091294635,9
"85",2020-05-24,1928,296,236,8,13.9,10,0,3,7,1,1,35,34,1,252,7,332,0.0150600004196167,25,0.04,1.68064989896716,2.50637447032861,10.1703459847415,303.203201640498,10
"86",2020-05-25,1943,292,239,6,11.1,15,1,7,7,0,1,34,33,3,252,8,401,0.0174600005149841,8,0,1.71184846124905,2.16936916860257,15.1982950673947,299.237769959905,15
"87",2020-05-26,1949,283,242,16,10.1,6,0,2,4,1,1,34,33,3,253,4,1123,0.00800999999046326,41,0.0731699991226196,1.03051545990701,1.54731422886658,6.05968581250013,287.222771234384,6
"88",2020-05-27,1954,257,242,8,8.9,5,0,1,4,1,1,32,31,0,254,4,1150,0.00957000017166138,13,0.0769199991226196,1.03228376491871,1.25274173711831,5.05978822990722,260.841393771539,5
"89",2020-05-28,1958,233,243,4,7.9,4,0,2,2,1,1,30,29,1,255,2,1403,0.00284999996423721,88,0,0.268179071081476,1.01312751779898,4.00776625212128,233.904768372129,4
"90",2020-05-29,1965,224,246,7,7.9,7,0,3,4,2,1,31,30,3,257,4,1380,0.0065200001001358,37,0,0.634975309681539,1.0226218273021,7.0367767576037,226.059498425807,7
"91",2020-05-30,1968,207,247,15,9.1,3,1,1,1,0,1,31,30,1,257,2,1020,0.0127499997615814,119,0,1.1417910234252,1.07146328417574,3.03306535786695,210.422264539229,3
"92",2020-05-31,1972,192,248,10,9.4,4,0,1,3,3,1,34,33,1,260,3,1309,0.00535000026226044,11,0.0909099960327148,0.606300022701423,0.917984730423488,4.02633694802384,193.685564673526,4
"93",2020-06-01,1983,183,249,5,9.3,11,0,5,6,2,1,33,32,1,262,6,763,0.00130999997258186,20,0,0.127653892602805,0.691671220616881,11.0110902649139,183.338253079873,11
"94",2020-06-02,1986,165,250,8,8.1,3,0,1,2,0,1,28,27,1,262,2,858,0.0104900002479553,9,0,1.03811075118174,0.692756262227556,3.03006285983084,167.480185936045,3
"95",2020-06-03,1996,155,250,8,8.1,10,0,7,3,0,1,23,22,0,262,3,1110,0.00449999988079071,141,0,0.399280564962245,0.602327233662346,10.017344270316,155.896120632994,10
"96",2020-06-04,2003,144,253,8,8.7,7,0,2,5,0,0,20,20,3,262,5,1430,0.00559000015258789,21,0,0.550909732474203,0.642717328147021,7.03988476674566,145.148681282275,7
"97",2020-06-05,2007,135,255,15,9.9,4,0,1,3,1,0,21,21,2,263,3,1366,0.00952000021934509,29,0,0.932209340474939,0.685179332546079,4.04049405909312,136.82223265919,4
"98",2020-06-06,2010,127,255,2,8,3,0,0,3,0,0,21,21,0,263,3,1404,0.000710000023245811,68,0,0.0677201109128477,0.5317406307586,3.00294168064407,127.124531147266,3
"99",2020-06-07,2011,117,256,4,7.1,1,0,0,1,0,0,20,20,1,263,1,870,0.00230000004172325,22,0,0.22432735832951,0.477173107276898,1.00324817073805,117.380035976352,1
"100",2020-06-08,2014,109,256,0,6.4,3,0,0,3,0,0,19,19,0,263,3,701,0.0014300000667572,12,0,0.140593274445554,0.47902159039729,3.00610720373236,109.221895068943,3
"101",2020-06-09,2024,106,257,3,5.7,10,0,3,7,0,0,18,18,1,263,7,1338,0.00224000006914139,10,0,0.222338285794598,0.362482666770557,10.0225355883237,106.341253194616,10
"102",2020-06-10,2034,104,257,7,5.6,10,0,4,6,0,0,17,17,0,263,6,1281,0.00233999997377396,12,0,0.231828303666237,0.338560915156841,10.0201406886212,104.349105269433,10
"103",2020-06-11,2041,103,258,5,5.1,7,0,2,5,0,0,16,16,1,263,5,1529,0.00326999992132187,6,0,0.325721816267175,0.306391212841551,7.02358161038006,103.485781173829,7
"104",2020-06-12,2045,106,258,10,4.4,4,0,2,2,0,0,16,16,0,263,2,1596,0.00814999997615814,13,0,0.808415162333648,0.288706330249938,4.02341105867818,107.240786109944,4
"105",2020-06-13,2048,104,258,6,5,3,0,3,0,0,0,16,16,0,263,0,1479,0.00270000010728836,23,0.0434800004959106,0.332446083228058,0.326524326294968,3,104.500623425276,3
"106",2020-06-14,2051,101,258,1,4.6,3,0,1,2,0,0,16,16,0,263,2,768,0,13,0,0,0.294477560819324,3,101,3
"107",2020-06-15,2056,99,258,2,4.9,5,0,2,3,0,0,14,14,0,263,3,720,0.00555999994277954,17,0,0.543175028331244,0.351989239945851,5.02359487374793,99.7786308336818,5
"108",2020-06-16,2060,98,258,3,4.9,4,0,1,3,1,0,14,14,0,264,3,1250,0.000799999982118607,14,0,0.0791139222822989,0.331528616586952,4.0034366141862,98.1122627300826,4
"109",2020-06-17,2063,88,258,8,5,3,0,0,3,1,1,6,5,0,265,3,1098,0.0091100001335144,26,0,0.889927059305944,0.425542724535481,3.03865736735671,89.1339494424636,3
"110",2020-06-18,2065,74,258,2,4.6,2,0,0,2,0,1,6,5,0,265,2,1304,0.00230000004172325,122,0,0.210322584460527,0.409057119991674,2.00609077438867,74.2253586523807,2
"111",2020-06-19,2068,72,258,5,3.9,3,0,0,3,0,1,5,4,0,265,3,1875,0.0010700000077486,19,0,0.105926611115556,0.308701612674804,3.00460132532877,72.1104318078906,3
"112",2020-06-20,2074,73,258,1,3.1,6,0,0,6,1,1,5,4,0,266,6,1792,0.000560000017285347,158,0,0.0514625656910432,0.268561110169516,6.00447094463807,73.0543964930965,6
"113",2020-06-21,2080,77,258,1,3.1,6,0,0,6,0,1,4,3,0,266,6,1102,0.00363000005483627,86,0,0.336722227308886,0.316664285499357,6.02925362186065,77.3754214805451,6
"114",2020-06-22,2082,76,259,6,3.7,2,0,1,1,0,1,1,0,1,266,1,509,0.0039300000667572,10,0,0.385427752211833,0.294128960339441,2.00558084023139,76.4241438575854,2
"115",2020-06-23,2091,81,259,4,3.9,9,0,0,9,0,1,1,0,0,266,9,1255,0.00158999994397163,20,0,0.156505876837992,0.305184953847397,9.02039528446004,81.1835575601404,9
"116",2020-06-24,2093,75,260,3,3.1,2,0,0,2,1,1,2,1,1,267,2,1733,0.00289000004529953,24,0,0.285052366448724,0.218774283439223,2.00825488930468,75.3095583489253,2
"117",2020-06-25,2099,73,260,6,3.7,6,0,0,6,0,1,2,1,0,267,6,1796,0.00277999997138977,21,0.0476200008392334,0.32982388366758,0.235845897611659,6.02865431026201,73.3486274415211,6
"118",2020-06-26,2103,67,260,6,3.9,4,0,0,4,0,1,2,1,0,267,4,2028,0.00196999996900558,23,0,0.194790830674954,0.248540786120145,4.01128197436015,67.1889730705325,4
"119",2020-06-27,2106,69,260,3,4.1,3,0,0,3,0,1,1,0,0,267,3,1574,0.000640000030398369,80,0,0.0609044768952257,0.249889630577885,3.0026456176519,69.0608492059938,3
"120",2020-06-28,2108,68,260,2,4.3,2,0,0,2,0,1,1,0,0,267,2,880,0.00114000000059605,12,0,0.112466367771808,0.217853079215445,2.00325693635882,68.1107358362,2
"121",2020-06-29,2112,69,260,1,3.6,4,0,0,4,2,1,3,2,0,269,4,854,0.00351000010967255,8,0,0.347742470262222,0.212469467508358,4.02014068947619,69.3474268934643,4
"122",2020-06-30,2115,68,260,10,4.4,3,0,0,3,0,1,3,2,0,269,3,1605,0.00435999989509583,11,0,0.433032167798812,0.251973223359904,3.01881039958593,68.426369057281,3
"123",2020-07-01,2117,67,260,4,4.6,2,0,0,2,0,2,3,1,0,269,2,1601,0.00312000006437302,15,0,0.309103966773589,0.255409166263456,2.0089514044775,67.2998720499964,2
"124",2020-07-02,2123,66,260,4,4.3,6,0,1,5,0,1,3,2,0,269,5,1012,0.00197999998927116,12,0,0.195679686439689,0.236245709516614,6.01416681933619,66.1870020152377,6
"125",2020-07-03,2131,74,260,4,4,8,0,0,8,0,1,3,2,0,269,8,1334,0.00300000011920929,14,0,0.296884284794154,0.2508304886765,8.03439012891288,74.3181086924442,8
"126",2020-07-04,2135,75,260,4,4.1,4,0,0,4,0,1,3,2,0,269,4,1257,0.00317999988794327,40,0,0.308192741645697,0.286157383640853,4.01785003224835,75.3346881046566,4
"127",2020-07-05,2137,72,260,5,4.6,2,0,0,2,0,1,2,1,0,269,2,734,0.00272000014781952,47,0,0.255631255889824,0.306609510514855,2.00740287739574,72.2665035862467,2
"128",2020-07-06,2143,72,260,0,4.4,6,0,1,5,0,1,2,1,0,269,5,602,0,10,0,0,0.256932014763109,6,72,6
"129",2020-07-07,2150,73,260,6,3.9,7,0,1,6,0,1,1,0,0,269,6,1272,0.0039300000667572,21,0,0.386617175940847,0.250301301640543,7.03358837567748,73.4086585707426,7
"130",2020-07-08,2163,79,260,5,4,13,0,1,12,0,1,1,0,0,269,12,1684,0.00296999990940094,39,0,0.29027741424441,0.247611794136374,13.0504372151423,79.3320449996871,13
"131",2020-07-09,2171,83,260,5,4.1,8,0,0,8,1,0,2,2,0,270,8,1504,0.00266000002622604,41,0,0.258941102876632,0.256649139341652,8.02999491170422,83.3111972089313,8
"132",2020-07-10,2187,96,260,12,5.3,16,0,0,16,0,0,2,2,0,270,16,1900,0.00684000015258789,14,0.0714300012588501,0.73124453017455,0.318700602967423,16.1694100694954,97.0164604169727,16
"133",2020-07-11,2194,101,260,7,5.7,7,0,0,7,1,1,2,1,0,271,7,1571,0.00381999999284744,25,0,0.376016290022765,0.328389681307004,7.03811196207023,101.549901167013,7
"134",2020-07-12,2217,121,260,9,6.3,23,0,2,21,1,1,3,2,0,272,21,1068,0.00842999994754791,13,0,0.832862159480219,0.410851238962775,23.2532497543917,122.45920096578,23
"135",2020-07-13,2240,139,260,6,7.1,23,0,2,21,0,0,3,3,0,272,21,808,0.00619000017642975,65,0,0.572911814725686,0.492695783923587,23.1742062293452,140.153079327571,23
"136",2020-07-14,2259,149,260,4,6.9,19,0,2,17,1,0,4,4,0,273,17,1406,0.00356000006198883,66,0,0.340038049399205,0.486041622989067,19.0837014622372,149.733618698432,19
"137",2020-07-15,2280,168,260,15,8.3,21,0,0,21,1,0,5,5,0,274,21,1404,0.00782999992370605,46,0,0.758159992612641,0.552881991327385,21.2305349447483,169.844279557987,21
"138",2020-07-16,2302,186,260,7,8.6,22,0,1,21,0,0,5,5,0,274,21,1695,0.00708000004291534,25,0.04,0.755848841438459,0.623868811121932,22.2298321892436,188.035656533301,22
"139",2020-07-17,2332,213,260,17,9.3,30,0,0,29,0,1,5,4,0,274,29,1787,0.00726999998092651,21,0,0.718555860946663,0.622056144089377,29.3017276716414,215.216137726193,30
"140",2020-07-18,2358,232,260,16,10.6,26,0,0,24,2,1,6,5,0,276,24,1551,0.00708999991416931,81,0,0.673810653607635,0.664598196030073,24.2341562328552,234.263510250934,26
"141",2020-07-19,2376,250,260,28,13.3,18,0,0,18,0,1,6,5,0,276,18,2025,0.0212299990653992,22,0,2.10018310246377,0.845644045027723,18.5473766564978,257.602453562469,18
"142",2020-07-20,2406,275,260,47,19.1,30,0,0,27,2,3,8,5,0,278,27,1548,0.0148599994182587,35,0.0285700011253357,1.51631264301018,0.980415591925508,27.5928012732051,281.037790745608,30
"143",2020-07-21,2430,294,260,23,21.9,24,0,0,23,0,3,8,5,0,278,23,1428,0.0161099994182587,15,0,1.59425358068423,1.15958923925194,23.5309355977465,300.786741988585,24
"144",2020-07-22,2457,314,260,13,21.6,27,0,1,23,2,3,9,6,0,280,23,1771,0.00902999997138977,16,0,0.894914938406899,1.17912566007969,24.2980342672659,318.068815648761,27
"145",2020-07-23,2476,322,260,29,24.7,19,0,1,17,1,3,10,7,0,281,17,1667,0.0101999998092651,32,0,1.0007886805206,1.21411706566285,18.2463473605322,326.666108828903,19
"146",2020-07-24,2499,337,260,34,27.1,23,0,1,18,0,3,7,4,0,281,18,2036,0.0122800004482269,83,0,1.17989999587494,1.28002337065261,19.3075206699769,342.757470321234,23
"147",2020-07-25,2511,336,260,26,28.6,12,0,1,10,0,3,7,4,0,281,10,2126,0.00800000011920929,320,0,0.695339339878943,1.28309889726279,11.1006823649878,339.382927463591,12
"148",2020-07-26,2518,338,260,21,27.6,7,0,0,6,2,4,9,5,0,283,6,1816,0.0121099996566772,73,0,1.16420113163186,1.14938718714395,6.10114301020961,343.697722908474,7
"149",2020-07-27,2533,340,261,22,24,15,0,1,13,1,4,9,5,1,284,13,1601,0.00874000012874603,24,0,0.861091704992147,1.05578419599852,14.1620874408582,344.239209991676,15
"150",2020-07-28,2553,330,261,14,22.7,20,0,1,18,1,4,10,6,0,285,18,1488,0.00739000022411346,24,0,0.727269863325452,0.931929379232976,19.1895503995303,333.475090658055,20
"151",2020-07-29,2569,324,261,20,23.7,16,2,2,12,2,4,11,7,0,287,14,2254,0.00620999991893768,52,0,0.606996522865808,0.89079817701282,16.1230469480714,326.847657941082,16
"152",2020-07-30,2589,334,261,19,22.3,20,1,0,18,1,4,12,8,0,288,19,1891,0.00898999989032745,134,0,0.83951060704243,0.867758452230225,19.2309598007094,338.060030180892,20
"153",2020-07-31,2599,321,261,18,20,10,0,1,9,1,3,13,10,0,289,9,2129,0.00797999978065491,207,0,0.727286795077667,0.803099423544901,10.0947774062503,324.380394156262,10
"154",2020-08-01,2617,309,261,15,18.4,18,0,0,18,1,2,13,11,0,290,18,1629,0.00551999986171722,83,0.0120500004291534,0.58365828331525,0.787144986892945,18.1521205076279,311.611402047612,18
"155",2020-08-02,2625,294,261,2,15.7,8,0,0,8,0,2,13,11,0,290,8,1340,0.00149000003933907,11,0,0.147786828476266,0.641942943585003,8.01711915498137,294.629128945565,8
"156",2020-08-03,2634,280,261,10,14,9,0,1,7,0,1,12,11,0,290,7,1046,0.0114699995517731,47,0,1.09767790769942,0.675740972543185,8.11125757020006,284.450302808002,9
"157",2020-08-04,2646,268,261,20,14.9,12,0,1,11,1,1,11,10,0,291,11,1699,0.0058899998664856,12,0,0.584869069150148,0.655398001946713,12.0931553810986,270.269603830403,12
"158",2020-08-05,2655,248,261,12,13.7,9,1,0,8,1,1,12,11,0,292,9,1599,0.005,70,0,0.479029358897543,0.637116978522675,9.0624253877031,249.72016623893,9
"159",2020-08-06,2665,224,261,13,12.9,10,0,0,10,1,2,10,8,0,293,10,1639,0.00305000007152557,10,0,0.303150401287472,0.560494091986252,10.0438949698344,224.98324732429,10
"160",2020-08-07,2677,225,261,6,11.1,12,0,3,9,1,2,10,8,0,294,9,1689,0,39,0,0,0.456595978403729,12,225,12
"161",2020-08-08,2683,208,261,14,11,6,1,1,4,0,1,10,9,0,294,5,1518,0.00725000023841858,95,0,0.682300084433937,0.470687664277827,6.04939716638509,210.05492212162,6
"162",2020-08-09,2685,199,261,16,13,2,0,1,1,2,2,12,10,0,296,1,1589,0.00441000014543533,102,0,0.414399185753799,0.508775143888903,2.00600033504188,200.194066673334,2
"163",2020-08-10,2697,200,261,8,12.7,12,2,0,10,0,1,12,11,0,296,12,1384,0.00578000009059906,27,0,0.566939767922686,0.432955409635084,12.0985087424797,201.641812374661,12
"164",2020-08-11,2710,204,261,8,11,13,2,1,10,0,1,12,11,0,296,12,1460,0.00342000007629395,41,0,0.332658235269098,0.396925290509219,13.057801103902,204.982618766334,13
"165",2020-08-12,2717,187,261,12,11,7,3,0,4,0,2,10,8,0,296,7,1486,0.00268999993801117,7,0,0.267738774808078,0.366740921353581,7.02713725522263,187.724952389519,7
"166",2020-08-13,2739,190,261,11,10.7,22,0,0,22,0,2,9,7,0,296,22,1689,0.00532999992370605,56,0,0.515895121555273,0.397133024248982,22.164339026255,191.419291590384,22
"167",2020-08-14,2750,185,261,6,10.7,11,4,1,6,1,2,10,8,0,297,10,1882,0.00477999985218048,36,0,0.469028139822923,0.464137044223685,11.0679134052324,186.256397996799,11
"168",2020-08-15,2754,177,261,2,9,4,0,0,4,1,2,11,9,0,298,4,2044,0.00734000027179718,21,0,0.726535620123653,0.470456406465073,4.04207978481107,178.86203047789,4
"169",2020-08-16,2758,158,261,26,10.4,4,0,1,3,0,2,11,9,0,298,3,1196,0.00501999974250793,22,0,0.492932651234769,0.481675472962354,4.02141240496245,159.127719994689,4
"170",2020-08-17,2782,173,262,8,10.4,24,1,4,19,1,1,9,8,1,299,20,1358,0.00662999987602234,32,0,0.647736678535132,0.493217888764132,24.1875793787121,174.622561625859,24
"171",2020-08-18,2808,192,262,15,11.4,26,1,1,24,0,1,7,6,0,299,25,1888,0.00583000004291534,77,0.0519500017166138,0.763724692783889,0.554798811266245,26.2764607288093,194.123218397255,26
"172",2020-08-19,2832,201,262,23,13,24,4,3,15,2,1,7,6,0,301,19,1519,0.0118499994277954,25,0.04,1.23057960691847,0.69234750156773,22.3385477424427,204.581478748999,24
"173",2020-08-20,2849,209,263,24,14.9,17,1,0,16,3,0,6,6,1,304,17,1607,0.00995999991893768,103,0,0.936007009925898,0.752363485620677,17.2304011434411,211.832578763482,17
"174",2020-08-21,2870,216,263,16,16.3,21,3,2,16,0,0,6,6,0,304,19,1804,0.00721000015735626,116,0.00861999988555908,0.729518764093518,0.789576431945047,21.2006996778306,218.281638442706,21
"175",2020-08-22,2889,226,263,16,18.3,19,1,0,18,1,0,7,7,0,305,19,1864,0.00589999973773956,73,0,0.56776455917122,0.766894851808986,19.1561990859151,227.857947021937,19
"176",2020-08-23,2906,236,263,13,16.4,17,1,1,15,0,0,7,7,0,305,16,694,0.0172899997234344,5,0,1.71663230444399,0.941709087981731,17.3976984250734,241.866051769833,17
"177",2020-08-24,2925,252,263,19,18,19,2,0,17,1,1,8,7,0,306,19,1142,0.00962999999523163,58,0,0.91645499954621,0.980097419554742,19.2521281592856,255.344015586314,19
"178",2020-08-25,2939,254,263,23,19.1,14,0,1,13,4,2,11,9,0,310,13,1647,0.0145700001716614,73,0,1.3951622257399,1.0703027814056,14.2626181084328,259.131153810918,14
"179",2020-08-26,2957,262,263,15,18,18,1,4,13,0,2,11,9,0,310,14,1832,0.0049099999666214,41,0,0.480251998870817,0.963113123113079,18.0973540054023,263.821910672529,18
"180",2020-08-27,2970,265,263,16,16.9,13,1,3,9,1,2,9,7,0,311,10,1469,0.00612999975681305,9,0,0.609267228874044,0.916436011534243,13.0882194663735,267.337815858897,13
"181",2020-08-28,2998,275,263,20,17.4,28,0,3,21,1,1,9,8,0,312,21,2137,0.00607999980449677,35,0,0.598202559033591,0.897676553668539,24.1818964271906,277.381977022734,28
"182",2020-08-29,3019,289,263,12,16.9,21,0,2,18,0,1,9,8,0,312,18,1790,0.00726000010967255,11,0.0909099960327148,0.777091068999096,0.927580340786807,20.2025354411451,292.251819027274,21
"183",2020-08-30,3039,303,264,16,17.3,20,0,6,12,2,1,10,9,1,314,12,1402,0.00428000003099442,33,0,0.418157494317364,0.742083939340146,18.0726570462231,304.834590417133,20
"184",2020-08-31,3060,313,264,13,16.4,21,1,3,17,1,1,11,10,0,315,18,1353,0.00517000019550323,54,0,0.497157801315982,0.682184339592971,21.1295756425794,315.25317645152,21
"185",2020-09-01,3085,317,264,18,15.7,25,1,2,22,0,1,11,10,0,315,23,1361,0.0154299998283386,22,0.0909099960327148,1.66306939111269,0.720456791789084,25.5538533844066,324.633544472039,25
"186",2020-09-02,3121,327,264,15,15.7,36,1,9,26,0,1,9,8,0,315,27,1528,0.00261999994516373,51,0,0.253537676770752,0.688069031489075,36.09912036168,328.20045771368,36
"187",2020-09-03,3143,328,264,24,16.9,22,1,4,17,1,1,8,7,0,316,18,1493,0.00938000023365021,133,0.00751999974250793,0.922785997207461,0.732857426965277,22.2405083219753,332.382596089327,22
"188",2020-09-04,3165,332,264,24,17.4,22,0,3,19,3,1,11,10,0,319,19,2705,0.00813000023365021,258,0.00774999976158142,0.809691210614641,0.763070091476856,22.2227561141824,335.892369995188,22
"189",2020-09-05,3190,339,264,17,18.1,25,1,11,13,2,1,13,12,0,321,14,2256,0.00398999989032745,164,0,0.371960320354493,0.705194270241913,25.0754017206016,340.825798805997,25
"190",2020-09-06,3211,341,264,27,19.7,21,1,3,16,1,1,14,13,0,322,17,1310,0.00611000001430511,192,0.03125,0.932363516560565,0.778652273419513,20.2295042858016,345.603585968138,21
"191",2020-09-07,3252,366,264,29,22,41,2,6,33,0,1,12,11,0,322,35,1290,0.0147300004959106,44,0,1.4244153403092,0.911117636132829,41.7218738238553,373.548737700887,41
"192",2020-09-08,3304,403,264,24,22.9,52,0,14,36,3,1,14,13,0,325,36,1097,0.0127600002288818,4,0,1.27136423715562,0.855159756996104,50.6627185072661,410.418765511895,52
"193",2020-09-09,3349,434,264,15,22.9,45,2,10,31,0,1,13,12,0,325,33,1587,0.0144900000095367,29,0,1.42299690687715,1.02222536129702,43.6799461254889,442.942321771581,45
"194",2020-09-10,3426,496,264,33,24.1,77,1,21,52,2,2,14,12,0,327,53,1959,0.0127600002288818,61,0,1.23746734892968,1.06717984011448,74.9496558016232,504.887344860474,77
"195",2020-09-11,3456,510,264,60,29.3,30,0,1,25,0,1,12,11,0,327,25,2314,0.0155599999427795,93,0.0752699995040894,1.78670335776785,1.20675300399351,26.6467688122718,523.194083770345,30
"196",2020-09-12,3505,535,266,47,33.6,49,0,4,42,1,0,12,12,2,328,42,1900,0.0168400001525879,26,0,1.66126688940379,1.39093965671483,47.0102882618249,547.869148097055,49
"197",2020-09-13,3540,548,267,31,34.1,35,1,5,29,1,1,11,10,1,329,30,1199,0.0166799998283386,44,0,1.6089557356539,1.48759568801388,35.6989111330357,560.766776696785,35
"198",2020-09-14,3608,598,269,59,38.4,68,0,19,49,1,1,11,10,2,330,49,2394,0.0141999995708466,218,0.0412799978256226,1.6460121936674,1.51925238135077,69.1678464250013,612.252493105118,68
"199",2020-09-15,3680,646,270,41,40.9,72,0,14,55,1,1,11,10,1,331,55,2961,0.0121599996089935,28,0,1.20460886056306,1.5097158989804,69.9593240897795,657.267697490865,72
"200",2020-09-16,3756,684,271,41,44.6,76,0,7,66,1,0,11,11,1,332,66,1887,0.0190799999237061,162,0.00616999983787537,1.80592971350753,1.56442058564189,74.7258434022874,701.886013441887,76
"201",2020-09-17,3806,709,275,57,48,50,2,4,38,2,2,11,9,4,334,40,2512,0.0191100001335144,208,0.00481000006198883,1.80164707162801,1.6450176888845,45.043485260457,727.4957762416,50
"202",2020-09-18,3894,777,275,46,46,88,1,6,78,0,2,11,9,0,334,79,2409,0.0128699994087219,281,0.0213499999046326,1.37558284568077,1.58628618715778,86.5735134156152,792.476201568773,88
"203",2020-09-19,3964,828,277,46,45.9,70,2,4,60,0,2,10,8,2,334,62,2101,0.0214199995994568,161,0,1.98954107685494,1.6331824996508,67.786081232707,851.852826785184,70
"204",2020-09-20,4007,860,277,76,52.3,43,1,4,34,2,2,11,9,0,336,35,2847,0.0186199998855591,112,0,1.79152212484578,1.6592634123925,39.9079184211138,882.308852633081,43
"205",2020-09-21,4116,940,277,56,51.9,109,2,22,82,1,3,12,9,0,337,84,2949,0.0189900004863739,73,0,1.85312744653596,1.68885130565944,108.253933933003,965.222594012177,109
"206",2020-09-22,4226,1020,277,85,58.1,110,0,27,82,3,3,15,12,0,340,82,2507,0.0135599994659424,64,0.03125,1.40003573166541,1.71676943010263,110.662300669138,1040.67739856732,110
"207",2020-09-23,4333,1080,278,67,61.9,107,0,26,76,2,3,16,13,1,342,76,1896,0.0168799996376038,7,0.571430015563965,1.89198578149472,1.7290631541008,104.082035201811,1109.58681602574,107
"208",2020-09-24,4434,1133,279,38,59.1,101,2,18,75,2,3,18,15,1,344,77,2730,0.0128199994564056,55,0,1.25668217292593,1.65121102571479,96.4011117879119,1153.61635916499,101
"209",2020-09-25,4553,1196,281,57,60.7,119,5,16,86,3,3,20,17,2,347,91,3291,0.0133700001239777,59,0.0339000010490417,1.37315732745982,1.6508645231118,108.809332142782,1219.77979387657,119
"210",2020-09-26,4638,1243,283,76,65,85,3,14,66,3,4,21,17,2,350,69,3437,0.0299699997901917,12,0,2.98657260883992,1.79329759910965,85.9838622898506,1296.75276559832,85
"211",2020-09-27,4720,1273,284,109,69.7,82,2,12,64,2,4,22,18,1,352,66,2684,0.0331599998474121,13,0,3.30001629923819,2.00879676687999,81.1536727674852,1333.82765807589,82
"212",2020-09-28,4835,1343,285,86,74,115,3,11,97,6,4,27,23,1,358,100,3135,0.0258400011062622,192,0.0104200005531311,2.49501182970644,2.10049453590435,114.612677685275,1391.51826131324,115
"213",2020-09-29,4942,1374,288,58,70.1,107,5,18,74,4,3,27,24,3,362,79,2165,0.0263299989700317,79,0.0253200006484985,2.62944419881239,2.27612431692535,100.007791014139,1426.31271966364,107
"214",2020-09-30,5025,1404,288,108,76,83,1,10,67,5,5,30,25,0,367,68,3170,0.0305999994277954,281,0.0142299997806549,2.92670611777674,2.42394150782278,80.8816725896323,1463.49806346829,83
"215",2020-10-01,5126,1440,290,105,85.6,101,2,11,78,3,5,29,24,2,370,80,3844,0.0226300001144409,120,0.00833000004291534,2.21971040476944,2.56151696951471,93.571241755764,1486.28235160375,101
"216",2020-10-02,5222,1490,291,115,93.9,96,0,13,79,1,5,29,24,1,371,79,3362,0.021710000038147,197,0,2.05082945007727,2.65832727274577,94.3459202497094,1534.2458376211,96
"217",2020-10-03,5294,1502,292,65,92.3,72,2,6,63,5,6,31,25,1,376,65,3113,0.0301999998092651,485,0.0103100001811981,2.75188853513406,2.62480097650208,73.5900061956291,1561.84906624361,72
"218",2020-10-04,5351,1482,292,77,87.7,57,1,7,47,3,6,32,26,0,379,48,3118,0.0291899991035461,102,0,2.826534695803,2.55716074743991,56.9645005992714,1542.65395600251,57
"219",2020-10-05,5428,1482,292,82,87.1,77,3,13,58,3,6,33,27,0,382,61,3821,0.0177999997138977,238,0.00839999973773956,1.72488294763206,2.44714233571499,75.5235126731108,1519.01386527131,78
"220",2020-10-06,5503,1453,293,139,98.7,75,5,15,52,2,7,34,27,1,384,57,2158,0.0194599997997284,55,0,1.89763576899295,2.34259827431222,73.5661895466801,1492.92409493555,75
"221",2020-10-07,5604,1467,293,173,108,101,12,22,63,3,10,36,26,0,387,75,2268,0.0313100004196167,76,0,3.02948297575472,2.35728068259479,100.289927951679,1531.35099073485,101
"222",2020-10-08,5684,1426,293,85,105.1,80,5,14,55,2,9,36,27,0,389,60,2434,0.0271199989318848,182,0,2.52332100153699,2.40065362499015,76.192200942657,1478.10130907048,80
"223",2020-10-09,5767,1427,293,96,102.4,83,5,19,57,2,9,37,28,0,391,62,2508,0.0207299995422363,247,0.00810000002384186,1.95976547578285,2.38764448580523,82.7593506248869,1467.49344099538,83
"224",2020-10-10,5832,1412,294,68,102.9,65,5,8,50,6,9,43,34,1,397,55,2628,0.0300600004196167,21,0,2.98216991705371,2.42054182607947,65.3749347484529,1472.97105208755,65
"225",2020-10-11,5896,1377,294,138,111.6,64,6,6,48,5,10,46,36,0,402,54,2660,0.0233100008964539,238,0.0168099999427795,2.2776184393012,2.34212521800778,61.7808663891542,1422.41209292343,64
"226",2020-10-12,5957,1348,294,62,108.7,61,2,13,43,3,10,46,36,0,405,45,1994,0.0150499999523163,237,0.0126600003242493,1.47961093598233,2.30708635920068,58.9640879479811,1376.87979008619,61
"227",2020-10-13,6042,1369,295,74,99.4,85,5,9,68,1,7,45,38,1,406,73,2117,0.0302300000190735,18,0,2.9975133508374,2.4642117280356,85.1684042974919,1428.41843127762,85
"228",2020-10-14,6109,1374,297,84,86.7,67,2,15,49,2,7,45,38,2,408,51,3004,0.0296300005912781,110,0.0363599991798401,2.98677333609447,2.45811035094128,68.2056116606114,1433.42177297412,67
"229",2020-10-15,6195,1399,297,107,89.9,86,4,24,52,5,8,49,41,0,413,56,2119,0.021710000038147,105,0.00952000021934509,2.11344829603708,2.39955710729844,81.7137057820785,1441.812042663,86
"230",2020-10-16,6270,1419,298,77,87.1,75,2,10,59,4,8,47,39,1,417,61,3126,0.0214299988746643,280,0.0035699999332428,1.99617664308598,2.40475870262745,72.7631343725,1460.01455204225,75
"231",2020-10-17,6317,1401,299,64,86.6,47,3,8,36,6,8,50,42,1,423,39,3037,0.0214000010490417,149,0,2.03991849296735,2.2701513563294,48.1519510622416,1442.38162662053,47
"232",2020-10-18,6374,1368,302,74,77.4,57,1,11,40,2,6,49,43,3,425,41,1144,0.0271000003814697,37,0.0540500020980835,2.79443272769098,2.34398196895651,53.6589531567081,1423.35238825309,57
"233",2020-10-19,6438,1348,303,69,78.4,64,1,6,57,3,6,48,42,1,428,58,1334,0.0374799990653992,27,0,3.67364575703472,2.65741551482114,67.0851897283112,1419.70406472006,64
"234",2020-10-20,6516,1352,305,46,74.4,78,3,14,57,4,5,46,41,2,432,60,1595,0.0250799989700317,48,0.0208299994468689,2.49558358677117,2.58571126281168,76.1681033400295,1400.854595262,78
"235",2020-10-21,6604,1376,308,69,72.3,88,1,46,40,4,4,45,41,3,436,41,2258,0.0305599999427795,446,0.00897000014781952,2.69989274913919,2.54472832181807,88.6028282071613,1429.79247836717,88
"236",2020-10-22,6669,1361,308,88,69.6,65,1,24,36,1,3,44,41,0,437,37,2238,0.0268099999427795,87,0.0114900004863739,2.62367354469914,2.6176176430555,62.4056206465816,1412.70404594588,65
"237",2020-10-23,6748,1363,309,92,71.7,79,1,13,64,2,3,37,34,1,439,65,2768,0.0245700001716614,65,0.0153799998760223,2.4359145946735,2.68043735042515,80.2926197088576,1411.07447174112,79
"238",2020-10-24,6813,1354,312,63,71.6,65,2,17,41,2,3,36,33,3,441,43,2358,0.0211999988555908,191,0,1.96114544140773,2.6691840573452,61.221053986374,1392.44900226861,65
"239",2020-10-25,6883,1335,314,69,70.9,70,1,24,42,3,3,38,35,2,444,43,1751,0.0308400011062622,77,0,2.95409419787008,2.69199283879936,68.8392865823579,1392.10343226623,70
"240",2020-10-26,6956,1295,315,77,72,73,1,16,51,4,3,39,36,1,448,52,995,0.0392000007629395,121,0.0165299999713898,3.67420526484435,2.69207276848645,70.7664534456142,1363.89533100135,73
"241",2020-10-27,7034,1265,317,61,74.1,78,0,15,60,2,3,32,29,2,450,60,1354,0.0288000011444092,116,0,2.65273479928776,2.71452294170311,77.3046325553013,1313.58933637427,78
"242",2020-10-28,7146,1271,320,93,77.6,112,2,69,38,2,2,30,28,3,452,40,1900,0.0405299997329712,166,0.01807000041008,3.87253724882471,2.88204358451533,111.242911835151,1342.26852356192,112
"243",2020-10-29,7210,1255,321,65,74.3,64,0,18,42,9,2,38,36,1,461,42,2190,0.0292199993133545,96,0,2.79929127280168,2.90713183138712,61.7023701202854,1305.868440499,64
"244",2020-10-30,7260,1224,323,122,78.6,50,1,9,36,4,2,41,39,2,465,37,2789,0.0358599996566772,105,0.0571400022506714,3.66320799166528,3.0824594595288,47.9625462917102,1288.92315300144,50
"245",2020-10-31,7299,1154,324,83,81.4,39,0,5,32,2,2,40,38,1,467,32,2352,0.0276399993896484,322,0,2.43116224997955,3.1496047178962,38.1264723323823,1194.62340848654,39
"246",2020-11-01,7349,1113,327,50,78.7,50,1,6,40,1,2,38,36,3,468,41,1714,0.0256699991226196,104,0,2.42015283257261,3.07332737999656,48.4367567848484,1152.00269028137,50
"247",2020-11-02,7413,1066,327,56,75.7,64,3,8,47,6,2,43,41,0,474,50,1030,0.0174800002574921,14,0.0714300012588501,1.82034677038705,2.80849045221695,59.3178947848141,1094.09751681224,64
"248",2020-11-03,7484,996,328,36,72.1,71,1,36,33,2,2,44,42,1,476,34,1456,0.0219799995422363,13,0,2.1785486271951,2.74074957048942,71.0725135376657,1027.41833775044,71
"249",2020-11-04,7549,919,332,53,66.4,65,5,1,51,1,1,41,40,4,477,56,1466,0.0272900009155273,295,0.0033899998664856,2.32863096551824,2.52019153001707,58.8881883022255,949.98651874545,65
"250",2020-11-05,7596,876,332,45,63.6,47,0,6,34,5,2,44,42,0,482,34,2536,0.0240499997138977,41,0,2.36673648717286,2.45839798921295,41.1651596346731,906.019995293343,47
"251",2020-11-06,7670,870,336,79,57.4,74,1,12,58,5,3,47,44,4,487,59,2342,0.0234800004959106,116,0.0258599996566772,2.35923194148076,2.27211569632945,73.0154835531674,899.719842224671,74
"252",2020-11-07,7705,836,341,75,56.3,35,3,4,25,3,4,47,43,5,490,28,2499,0.0276099991798401,142,0,2.61254782091709,2.2980279207491,33.0592022324504,867.624752368878,35
"253",2020-11-08,7742,774,341,47,55.9,37,1,5,29,1,4,48,44,0,491,30,1176,0.0204099988937378,92,0.0108700001239777,1.97178223268467,2.23397497790797,35.8565186249733,796.098180524312,37
"254",2020-11-09,7813,744,345,31,52.3,71,3,24,42,7,4,47,43,4,498,45,711,0.0210999989509583,20,0.1,2.3258685710166,2.3061923779979,70.5154942447195,769.056171512696,71
"255",2020-11-10,7880,753,345,52,54.6,67,0,11,54,3,5,48,43,0,501,54,1374,0.0334800004959106,17,0,3.30708272332,2.46741153458718,67.5858029450798,789.057585511946,67
"256",2020-11-11,7936,751,348,77,58,56,0,6,48,2,5,47,42,3,503,48,2375,0.0261100006103516,241,0.0290499997138977,2.63808491516187,2.51161924167912,55.8335240690517,779.687011997037,56
"257",2020-11-12,7978,741,350,60,60.1,42,1,8,31,3,3,44,41,2,506,32,2318,0.0215700006484985,214,0.00467000007629395,2.0141643570121,2.4612517945133,40.9332575072123,762.610744151386,42
"258",2020-11-13,8017,717,352,79,60.1,39,1,7,27,0,3,36,33,2,506,28,2719,0.0217000007629395,200,0,2.02131901591067,2.41297851943186,35.8195010238686,737.985079789777,39
"259",2020-11-14,8038,693,352,50,56.6,21,3,2,14,3,3,37,34,0,509,17,1710,0.015789999961853,245,0.0163300001621246,1.58576726212221,2.26629558246116,19.3903417245276,708.912165593978,21
"260",2020-11-15,8068,650,354,30,54.1,30,1,1,25,0,2,35,33,2,509,26,984,0.0152400004863739,306,0.00653999984264374,1.31762794034426,2.17284496926967,27.4960469125773,662.401172814434,30
"261",2020-11-16,8112,612,357,11,51.3,44,0,3,39,3,2,33,31,3,512,39,735,0.0122399997711182,53,0,1.14167510555481,2.0036744742037,42.6447090190675,622.116972299214,44
"262",2020-11-17,8153,589,357,40,49.6,41,1,10,29,1,2,32,30,0,513,30,1828,0.020789999961853,38,0,2.03666237568421,1.82218585311287,40.8847017833104,606.369645012328,41
"263",2020-11-18,8195,582,357,66,48,42,3,6,31,1,2,32,30,0,514,34,2684,0.0204900002479553,20,0.05,2.07082694768905,1.74114900061676,41.0194814601954,599.451123818639,42
"264",2020-11-19,8215,563,358,53,47,20,2,1,17,0,2,30,28,1,514,19,2476,0.0121200001239777,187,0.0160399997234344,1.23952685900304,1.63048650090118,20.3410092426799,573.104642296252,20
"265",2020-11-20,8240,520,358,28,39.7,25,1,2,20,1,2,30,28,0,515,21,2643,0.00757000029087067,222,0.0225200009346008,0.872842966012306,1.46641849377284,23.2654067834023,526.57197749377,25
"266",2020-11-21,8269,488,359,27,36.4,29,4,4,19,2,2,31,29,1,517,23,1495,0.0187300002574921,71,0,1.7880811229215,1.49532047388702,27.5954861455667,500.634662566806,29
"267",2020-11-22,8296,475,362,26,35.9,27,3,4,19,3,4,31,27,3,520,22,1220,0.0147500002384186,36,0,1.4327229530948,1.51176261856567,26.456395660992,484.853997225965,27
"268",2020-11-23,8336,457,364,20,37.1,40,2,9,26,1,3,27,24,2,521,28,922,0.0173500001430511,13,0,1.71087701945381,1.5930771776941,37.6936388853612,468.321177521787,40
"269",2020-11-24,8379,466,364,21,34.4,43,2,7,33,1,3,23,20,0,522,35,1403,0.00855000019073486,41,0.0975599956512451,1.10772923056108,1.46037244267651,42.5613817212105,473.474396630974,43
"270",2020-11-25,8434,474,365,38,30.4,55,4,10,39,2,2,23,21,1,524,43,2618,0.0122200000286102,72,0.0138900005817413,1.22646989281736,1.33975000626627,53.7636281941014,482.417668930327,55
"271",2020-11-26,8479,490,365,60,31.4,45,3,4,37,3,2,23,21,0,527,40,3059,0.0143799996376038,224,0.00446000009775162,1.37031553193196,1.35843410239897,44.7936649093289,499.722395139279,45
"272",2020-11-27,8527,503,366,56,35.4,48,2,3,42,3,1,24,23,1,530,44,3154,0.0177600002288818,336,0.00298000007867813,1.63370546556817,1.46712874519267,48.0408377756686,514.898668208212,48
"273",2020-11-28,8571,505,367,60,40.1,44,2,3,39,2,1,25,24,1,532,41,2597,0.0119400000572205,191,0,1.1122015835223,1.3705745252785,44.660273661125,513.132638996784,44
"274",2020-11-29,8616,517,369,22,39.6,45,0,4,38,5,1,28,27,2,537,38,898,0.0245000004768372,12,0,2.41769235474723,1.51128443980027,43.3302744235627,535.098733604787,45
"275",2020-11-30,8659,523,370,47,43.4,43,1,7,34,1,1,25,24,1,538,35,1135,0.0229099988937378,61,0,2.17415123280873,1.57746647027955,43.1018295153481,539.46448104363,43
"276",2020-12-01,8713,544,370,34,45.3,54,2,12,39,3,1,27,26,0,541,41,1906,0.0141700005531311,113,0.0176999998092651,1.43675686145195,1.62447041754967,53.8529503348242,555.317194686448,54
"277",2020-12-02,8755,558,371,49,46.9,42,1,5,34,6,1,31,30,1,547,35,2859,0.0101400005817413,81,0.0123500001430511,1.0200888324757,1.59498740892943,40.5169667900456,566.241927681298,42
"278",2020-12-03,8793,557,372,38,43.7,38,0,5,32,3,1,33,32,1,550,32,3327,0.0102199995517731,202,0,0.963500666158943,1.53687099953329,37.4464353798966,564.770765831325,38
"279",2020-12-04,8836,561,374,55,43.6,43,1,5,33,2,1,31,30,2,552,34,2994,0.0110199999809265,165,0.0121200001239777,1.10774548791865,1.46173385986907,39.5453502470636,569.998279076549,43
"280",2020-12-05,8871,550,374,46,41.6,35,3,2,29,1,1,31,30,0,553,32,2277,0.0184500002861023,209,0,1.68988940673592,1.54426069175673,34.7830056021518,563.457908786983,35
"281",2020-12-06,8910,544,375,33,43.1,39,0,7,30,1,2,31,29,1,554,30,1397,0.0157500004768372,20,0,1.55276998349623,1.42070035300659,37.6745047141201,556.231018816044,39
"282",2020-12-07,8964,547,376,23,39.7,54,0,4,45,2,1,30,29,1,556,45,1068,0.0168499994277954,25,0.04,1.73795053878184,1.3583859681456,50.1324173996555,560.76516261359,54
"283",2020-12-08,9011,551,376,57,43,47,1,1,44,0,1,27,26,0,556,45,2367,0.01942999958992,69,0,1.88796424586784,1.4228441659193,47.2301636405871,566.062670354744,47
"284",2020-12-09,9064,562,376,36,41.1,53,2,3,46,1,3,24,21,0,557,48,2911,0.00962000012397766,167,0.00598999977111816,0.942305078709412,1.41173220109555,51.6549216942463,569.668041503467,53
"285",2020-12-10,9109,561,376,60,44.3,45,2,0,43,1,3,23,20,0,558,45,3091,0.0139100003242493,252,0.00397000014781952,1.3160709255012,1.46209938100158,45.8575282103614,571.690518355839,45
"286",2020-12-11,9148,544,376,48,43.3,39,6,2,30,1,2,23,21,0,559,36,3047,0.0118099999427795,32,0,1.16872587936503,1.47081086549392,38.6092166568323,553.205940592132,39
"287",2020-12-12,9181,533,377,59,45.1,33,2,5,26,0,2,20,18,1,559,28,2616,0.0156700003147125,24,0,1.55275457663969,1.45122017548018,33.6295314867948,544.983581516486,33
"288",2020-12-13,9220,530,378,30,44.7,39,5,2,32,0,2,19,17,1,559,37,1502,0.0119799995422363,47,0,1.16165005244925,1.39534589961632,39.6223485010642,538.914721772001,39
"289",2020-12-14,9263,526,378,16,43.7,43,4,4,35,2,2,20,18,0,561,39,917,0.0174500000476837,20,0,1.70775347318313,1.39103203310222,43.9643759955421,539.006712145004,43
"290",2020-12-15,9309,534,379,54,43.3,46,1,7,37,1,1,20,19,1,562,38,2079,0.0134700000286102,49,0,1.31598355542672,1.30932050589635,45.7240868600076,544.175325874843,46
"291",2020-12-16,9364,552,379,53,45.7,55,3,4,47,0,1,18,17,0,562,50,2312,0.0168700003623962,94,0,1.62109064164007,1.4062898720293,55.1736373184952,564.956955996187,55
"292",2020-12-17,9401,547,380,61,45.9,37,1,5,29,1,0,17,17,1,563,30,3207,0.0134099996089935,83,0.0241000008583069,1.36796865706023,1.41370383368059,35.5942292276143,557.834779583501,37
"293",2020-12-18,9442,534,380,25,42.6,41,3,4,34,0,0,16,16,0,563,37,3298,0.00727999985218048,170,0.00587999999523163,0.72113724082124,1.34976259960291,41.3863458534181,539.575910425007,41
"294",2020-12-19,9481,531,380,46,40.7,39,1,6,29,3,0,19,19,0,566,30,2799,0.0117900002002716,140,0,1.12283805922287,1.28834595425765,36.4877474269782,539.633129457514,39
"295",2020-12-20,9525,525,380,24,39.9,44,5,2,34,0,0,16,16,0,566,39,1360,0.0161800003051758,51,0,1.55951810170369,1.34518424700828,41.8806668207755,536.85513027967,44
"296",2020-12-21,9600,547,380,22,40.7,75,7,8,60,1,0,15,15,0,567,67,1365,0.00658999979496002,32,0.03125,0.715486737302822,1.20343185616823,75.6941175064808,552.666899642462,75
"297",2020-12-22,9684,591,380,73,43.4,84,5,7,70,2,0,15,15,0,569,75,3021,0.0225099992752075,48,0,2.21579367254486,1.33197615861368,84.4062856919153,609.961531252292,84
"298",2020-12-23,9784,658,380,52,43.3,100,5,6,88,1,1,13,12,0,570,93,2652,0.0199800002574921,199,0.0150800001621246,1.96379799070964,1.38093435133791,101.644456133757,676.710238021639,100
"299",2020-12-24,9859,685,380,49,41.6,75,11,6,56,2,1,13,12,0,572,67,3469,0.01557000041008,144,0,1.49494413015686,1.39907370463743,74.4502950758588,699.827643686019,75
"300",2020-12-25,9925,717,380,47,44.7,66,6,3,56,0,1,10,9,0,572,62,2537,0.0295600008964539,161,0,2.77960423551903,1.69314041816568,67.4953488104209,745.857501565674,66
"301",2020-12-26,10018,760,380,95,51.7,93,5,5,82,2,2,12,10,0,574,87,951,0.0199800002574921,50,0,1.89819982466284,1.80390638465711,94.3912103896181,780.888734438043,93
"302",2020-12-27,10128,824,381,37,53.6,110,8,6,94,2,4,12,8,1,576,102,1480,0.0270300006866455,32,0.0625,2.77806885028012,1.97798506302517,112.102983628595,857.145671666293,110
"303",2020-12-28,10260,918,381,65,59.7,132,15,7,108,1,2,13,11,0,577,123,1188,0.04125,39,0.0256399989128113,4.07538385962507,2.45797036621406,137.258221876369,972.171119369971,132
"304",2020-12-29,10381,996,381,112,65.3,121,5,15,101,3,4,12,8,0,580,106,1880,0.0505299997329712,25,0.04,5.03918107600976,2.8613114238519,128.734325351536,1068.67347217104,121
"305",2020-12-30,10518,1087,381,88,70.4,137,12,10,115,3,5,13,8,0,583,127,2458,0.0573600006103516,62,0,5.59487625000969,3.3800368894662,147.288470423798,1175.05958543833,137
"306",2020-12-31,10643,1174,381,147,84.4,125,0,9,116,2,5,13,8,0,585,116,2652,0.0331800007820129,144,0,3.14711595400208,3.6160614357298,130.286002220818,1227.49798799345,125
"307",2021-01-01,10760,1229,382,87,90.1,117,0,5,111,2,6,13,7,1,587,111,2759,0.0391400003433228,134,0.0149300003051758,3.80186246070242,3.76209832504171,122.110489295847,1296.65577787924,117
"308",2021-01-02,10873,1290,382,134,95.7,113,2,8,101,2,6,15,9,0,589,103,2369,0.0295499992370605,431,0,2.50014100687844,3.84808992250108,114.728707665267,1336.69934842907,113
"309",2021-01-03,10996,1317,383,106,105.6,123,0,5,118,4,5,19,14,1,593,118,1516,0.0600299978256226,126,0.0238100004196167,5.72506313986088,4.26908910672691,132.781802625131,1426.17486489235,123
"310",2021-01-04,11171,1429,383,117,113,175,4,30,140,5,8,21,13,0,598,144,1386,0.0533900022506714,155,0.00644999980926514,4.86685873393035,4.38215694591337,184.147705153139,1529.70187960997,175
"311",2021-01-05,11312,1502,385,105,112,141,2,19,120,6,8,23,15,2,604,122,2417,0.0575099992752075,97,0.0103100001811981,5.56888378145397,4.45782876097683,150.837496541749,1623.11409676809,141
"312",2021-01-06,11495,1596,385,132,118.3,183,11,42,129,7,7,28,21,0,611,140,2627,0.0513899993896484,211,0.0142200005054474,4.86264793880394,4.35322471651887,191.857288565523,1708.37308964696,183
"313",2021-01-07,11613,1633,385,186,123.9,118,2,7,108,6,9,32,23,0,617,110,2311,0.048899998664856,91,0.0109899997711182,4.74637747267502,4.58169064775786,124.559821943524,1745.22899303431,118
"314",2021-01-08,11743,1662,385,185,137.9,130,6,13,110,0,11,30,19,0,617,116,2661,0.0368300008773804,249,0,3.36785678126149,4.51968983640915,134.656765967744,1743.0478020551,130
"315",2021-01-09,11841,1671,387,155,140.9,98,6,2,90,4,11,30,19,2,621,96,3020,0.0324499988555908,375,0.00266999989748001,2.91606027998348,4.57910687542416,102.053445497092,1741.55528568377,98
"316",2021-01-10,11933,1655,387,114,142,92,5,3,82,5,11,34,23,0,626,87,1824,0.0509899997711182,78,0,4.88989272252995,4.45979681580546,96.1599216954457,1772.18011960877,92
"317",2021-01-11,12097,1707,387,66,134.7,164,2,25,135,3,13,34,21,0,629,137,1608,0.0342000007629395,115,0,3.1917354165297,4.22049348474822,168.331462767292,1785.88910177932,164
"318",2021-01-12,12237,1735,388,161,142.7,140,1,22,115,4,13,35,22,1,633,116,2211,0.0705600023269653,74,0.0135099995136261,6.87124311198812,4.40654481768167,149.541171943016,1907.62011483736,140
"319",2021-01-13,12325,1723,392,172,148.4,88,0,9,75,3,11,35,24,4,636,75,2532,0.0375200009346008,173,0.0115600001811981,3.58597125315181,4.22416243401708,87.8942575858917,1812.46407760655,88
"320",2021-01-14,12417,1711,392,128,140.1,92,2,14,75,9,10,41,31,0,645,77,2581,0.0337100005149841,146,0,3.19052113418313,4.00189724280395,94.5572055265795,1790.04387864906,92
"321",2021-01-15,12511,1681,394,145,134.4,94,6,7,79,5,11,41,30,2,650,85,2923,0.0372900009155273,206,0.00485000014305115,3.51542897748657,4.02297898512182,96.3266708876623,1766.56627955483,94
"322",2021-01-16,12573,1635,395,119,129.3,62,0,0,60,2,9,39,30,1,652,60,2470,0.0323900008201599,289,0,2.89972098679938,4.02064480038124,62.5192082485074,1703.64842477183,62
"323",2021-01-17,12653,1576,397,72,123.3,80,2,3,72,2,9,39,30,2,654,74,2036,0.026029999256134,32,0,2.56272139678379,3.68819175384607,79.7459316453708,1634.48092260952,80
"324",2021-01-18,12774,1597,398,63,122.9,121,2,45,72,7,10,43,33,1,661,74,1021,0.0391799998283386,48,0,3.74207481990025,3.7668116686133,123.009597641088,1683.53145179483,121
"325",2021-01-19,12848,1541,405,81,111.4,74,3,24,47,8,9,45,36,7,669,50,2337,0.0410799980163574,89,0,3.95729412053698,3.35053324126313,76.8650020799732,1629.29936410477,74
"326",2021-01-20,12909,1500,405,166,110.6,61,1,9,49,2,7,37,30,0,671,50,3065,0.0225099992752075,163,0.00612999975681305,2.16828803404187,3.14800706710457,60.5697973257211,1547.09391977163,61
"327",2021-01-21,12980,1467,407,81,103.9,71,1,9,60,3,7,37,30,2,674,61,2636,0.0242799997329712,117,0,2.32481217929939,3.02433435926403,72.0534035788499,1516.38267295365,71
"328",2021-01-22,13061,1439,408,95,96.7,81,1,4,75,5,6,37,31,1,679,76,2311,0.0307200002670288,111,0.00901000022888184,2.97250332958338,2.94677355242072,83.2710904226796,1500.93551471363,81
"329",2021-01-23,13109,1372,408,84,91.7,48,1,4,40,4,9,39,30,0,683,41,2122,0.0329900002479553,276,0,2.91929860409346,2.9495703548913,46.733081489722,1429.99482448533,48
"330",2021-01-24,13155,1291,409,44,87.7,46,2,9,35,3,8,38,30,1,686,37,1247,0.0224499988555908,36,0,2.18200690357925,2.8951825701478,47.1689998402626,1331.78861604808,46
"331",2021-01-25,13218,1232,409,29,82.9,63,1,18,43,4,7,39,32,0,690,44,825,0.0206100010871887,48,0,1.94768051511233,2.63884052660667,63.2408720530035,1266.7444174841,63
"332",2021-01-26,13281,1171,410,74,81.9,63,1,19,41,8,5,40,35,1,698,42,2354,0.024210000038147,79,0,2.34238964610761,2.40813988740247,62.4245084755358,1210.71665297268,63
"333",2021-01-27,13359,1132,412,80,69.6,78,1,26,50,1,4,30,26,2,699,51,2800,0.0196399998664856,175,0.00570999979972839,1.88205880978528,2.36724999822296,78.3898245329345,1162.84865433886,78
"334",2021-01-28,13397,1071,412,66,67.4,38,1,3,33,3,5,30,25,0,702,34,2355,0.0212299990653992,209,0.0287100005149841,2.18397183723271,2.34712994935629,38.0751834189391,1104.86827769658,38
"335",2021-01-29,13427,970,412,73,64.3,30,1,2,27,3,4,31,27,0,705,28,2847,0.0122899997234344,180,0.00555999994277954,1.18898015204222,2.09234092399327,30.4820468438125,986.699479946363,30
"336",2021-01-30,13446,873,413,42,58.3,19,1,6,12,2,5,33,28,1,707,13,2155,0.0157799994945526,216,0,1.43424288953019,1.88019010762709,19.2699744500908,891.129822686868,19
"337",2021-01-31,13489,815,414,25,55.6,43,3,5,35,4,6,32,26,1,711,38,922,0.0195200002193451,24,0,1.90247782264653,1.84025738177955,44.0467905827193,837.45090328727,43
"338",2021-02-01,13529,724,414,26,55.1,40,6,7,25,4,5,29,24,0,715,31,548,0.0292000007629395,29,0,2.77324097367259,1.95819459014531,39.2448181428555,753.072526949271,40
"339",2021-02-02,13571,660,415,59,53,42,4,5,31,3,5,27,22,1,718,35,2439,0.0221399998664856,107,0.0280399990081787,2.23879574109322,1.94339546085754,41.1345904503549,681.395134206693,42
"340",2021-02-03,13634,645,415,54,49.3,63,5,21,36,2,4,26,22,0,720,41,2865,0.0129100000858307,212,0,1.20205233168362,1.84625167827158,62.7136147850024,656.226378934794,63
"341",2021-02-04,13716,647,415,51,47.1,82,3,43,33,2,5,25,20,0,722,36,2814,0.0127900004386902,90,0,1.23936161275738,1.71130736048939,79.6460366384122,658.610714029241,82
"342",2021-02-05,13774,647,416,72,47,58,1,8,48,2,5,21,16,1,724,49,2435,0.0160199999809265,149,0,1.50962461120573,1.75711371179847,58.0710793711452,661.142619451652,58
"343",2021-02-06,13799,616,416,61,49.7,25,2,3,19,3,6,21,15,0,727,21,2369,0.0143499994277954,205,0.0146300005912781,1.43722994427581,1.75754043390498,24.437020851829,628.819278320317,25
"344",2021-02-07,13824,571,418,33,50.9,25,1,2,19,3,4,23,19,2,730,20,1004,0.0249000000953674,75,0,2.31692308579693,1.81674690006933,22.6709624564419,590.155978131415,25
"345",2021-02-08,13871,568,420,24,50.6,47,1,7,38,2,5,21,16,2,732,39,852,0.0140799999237061,29,0,1.36165266004513,1.61509142669397,46.768931324242,579.198794671012,47
"346",2021-02-09,13926,586,420,43,48.3,55,5,8,39,0,2,19,17,0,732,44,2244,0.0178299999237061,149,0,1.67198160588368,1.5341179788069,53.0652235989317,600.18684156759,55
"347",2021-02-10,13983,602,421,40,46.3,57,0,6,50,3,4,20,16,1,735,50,2791,0.0125399994850159,100,0,1.21062395581734,1.53534249654029,56.8764676179822,612.552670120506,57
"348",2021-02-11,14043,628,422,51,46.3,60,1,11,46,1,3,16,13,1,736,47,2563,0.0152199995517731,58,0,1.48831968146488,1.57090793492707,59.0128629619105,641.533573193187,60
"349",2021-02-12,14094,630,424,52,43.4,51,1,7,41,3,2,16,14,2,739,42,2612,0.0157000005245209,173,0,1.47247401687787,1.56560070716595,49.8954751488653,643.43212723298,51
"350",2021-02-13,14126,628,424,46,41.3,32,0,3,28,6,2,21,19,0,745,28,2099,0.0219199991226196,46,0.0217400002479553,2.19161390068925,1.67336984379644,31.8885434814604,647.928760941326,32
"351",2021-02-14,14167,603,426,48,43.4,41,0,4,35,4,2,21,19,2,749,35,1175,0.0170200002193451,10,0,1.6876371525511,1.58347185333275,39.8552709663516,617.735096934572,41
"352",2021-02-15,14229,626,427,34,44.9,62,2,8,51,4,2,23,21,1,753,53,867,0.0265300011634827,26,0,2.57575711184093,1.75691534644644,62.9766846268289,649.347256158394,62
"353",2021-02-16,14280,621,427,60,47.3,51,3,13,32,3,2,24,22,0,756,35,1561,0.0333100008964539,23,0,3.28263329541443,1.98700844495083,49.6635927613368,650.51688870829,51
"354",2021-02-17,14337,637,427,49,48.6,57,5,6,44,2,2,25,23,0,758,49,2063,0.0184200000762939,222,0,1.66303983183345,2.0516392843817,56.1799275422828,652.339058049677,57
"355",2021-02-18,14409,652,427,68,51,72,3,12,53,3,3,26,23,0,761,56,2348,0.0212899994850159,116,0,2.02877105482213,2.12884662343274,69.64504459072,671.153019163382,72
"356",2021-02-19,14463,656,428,58,51.9,54,3,15,33,1,3,26,23,1,762,36,2576,0.0151400005817413,96,0,1.4596048465032,2.12700817052207,51.7608418711203,669.864229651526,54
"357",2021-02-20,14512,635,428,66,54.7,49,0,3,45,4,3,26,23,0,766,45,2384,0.0255900001525879,68,0,2.48803264126303,2.16935370488975,49.6211574443608,657.87633282598,49
"358",2021-02-21,14554,625,428,53,55.4,42,0,7,33,2,4,24,20,0,768,33,1000,0.03,28,0,2.91828793774319,2.34516095991719,41.3944363243093,651.409778869495,42
"359",2021-02-22,14619,640,428,32,55.1,65,0,11,54,1,6,23,17,0,769,54,863,0.0150600004196167,66,0,1.39900757396439,2.17705388307769,66.0938818915646,652.964526122248,65
"360",2021-02-23,14674,646,428,47,53.3,55,0,7,47,4,6,26,20,0,773,47,2036,0.019650000333786,84,0,1.88714154149001,1.97769791823134,55.284277695889,663.651987054134,55
"361",2021-02-24,14720,653,429,60,54.9,46,2,10,34,1,6,24,18,1,774,36,2874,0.0187899994850159,41,0,1.85257147581255,2.00477386737122,46.9656818771314,670.516396271301,46
"362",2021-02-25,14753,649,429,43,51.3,33,1,5,25,1,6,23,17,0,775,26,2376,0.0185199999809265,128,0.00781000018119812,1.79725239528254,1.97169977315127,31.6766109570879,665.889250428849,33
"363",2021-02-26,14818,652,429,57,51.1,65,5,12,43,1,6,21,15,0,776,48,2639,0.0181900000572205,181,0,1.70224858691507,2.00636316463868,61.1830982913704,668.070418457781,65
"364",2021-02-27,14864,657,430,71,51.9,46,0,4,34,3,6,23,17,1,779,34,2535,0.0209100008010864,47,0.0212800002098083,2.09167358794016,1.94974044273542,39.0297443956218,676.898296115397,46
"365",2021-02-28,14929,668,430,49,51.3,65,2,8,54,7,6,28,22,0,786,56,1552,0.0257699990272522,94,0,2.42983222905804,1.87996105578039,65.9702481239902,691.502245479026,65
"366",2021-03-01,15006,682,430,54,54.4,77,4,7,64,3,6,29,23,0,789,68,996,0.0291199994087219,45,0,2.78612098089212,2.07812011391293,77.7432506507129,709.513190349797,77
"367",2021-03-02,15069,691,431,61,56.4,63,1,6,54,3,4,29,25,1,792,55,2006,0.0259200000762939,41,0,2.54008403287961,2.17139761268287,63.0228672414602,716.414568433618,63
"368",2021-03-03,15128,701,431,65,57.1,59,0,5,51,6,5,32,27,0,798,51,2676,0.0209299993515015,109,0,2.01108360016582,2.19404220187619,57.4851041374269,721.412901967377,59
"369",2021-03-04,15185,697,431,61,59.7,57,3,3,50,1,5,31,26,0,799,53,2414,0.0202999997138977,225,0.00444000005722046,1.89477829944008,2.2079744738987,57.454088632245,716.12263729575,57
"370",2021-03-05,15258,702,431,51,58.9,73,1,11,56,1,2,28,26,0,800,57,2440,0.0188499999046326,154,0,1.77309174122219,2.218094924514,69.4633987173844,720.022910519366,73
"371",2021-03-06,15314,715,433,46,55.3,56,3,3,47,1,2,27,25,2,801,50,1957,0.0209500002861023,25,0,2.06857470029779,2.21479508342224,54.4976068592366,736.415778087084,56
"372",2021-03-07,15354,706,434,54,56,40,1,0,38,2,5,26,21,1,803,39,1752,0.0194099998474121,16,0.0625,1.97999545999242,2.15053268784143,40.1181122585217,726.240698833752,40
"373",2021-03-08,15437,747,435,38,53.7,83,1,9,65,6,4,29,25,1,809,66,1170,0.0205100011825562,142,0,1.8290168737493,2.01380352967817,76.7479067322624,766.78312619697,83
"374",2021-03-09,15494,753,435,70,55,57,0,8,47,1,3,27,24,0,810,47,2105,0.0318300008773804,57,0,3.09908195406502,2.0936603755618,57.1090531599422,786.789724030564,57
"375",2021-03-10,15574,776,435,76,56.6,80,5,8,64,0,2,24,22,0,810,69,2655,0.0180799996852875,173,0,1.69739742448509,2.04884806475027,78.6958570338519,795.072247221291,80
"376",2021-03-11,15635,773,438,73,58.3,61,1,7,52,1,2,20,18,3,811,53,2321,0.0280100011825562,86,0,2.70092283941475,2.16401157046094,62.0727391687589,803.230705234918,61
"377",2021-03-12,15717,779,438,93,64.3,82,5,4,67,2,2,17,15,0,813,72,2361,0.0228699994087219,133,0,2.16503883736938,2.22000401276768,78.2571207597983,803.42079266504,82
"378",2021-03-13,15785,797,438,56,65.7,68,5,3,54,5,4,22,18,0,818,59,2353,0.0187000000476837,99,0,1.79449837325448,2.18085025176149,63.5330336512865,817.708946102972,68
"379",2021-03-14,15853,821,438,65,67.3,68,2,10,51,2,3,23,20,0,820,53,1535,0.0299699997901917,36,0,2.92832270387933,2.31632557231676,65.2472501170792,855.811176341925,68
"380",2021-03-15,15960,868,439,58,70.1,107,4,3,97,4,5,25,20,1,824,101,1000,0.0320000004768372,13,0,3.1589339068941,2.50631371990888,108.619750494889,907.702410193703,107
"381",2021-03-16,16047,887,440,85,72.3,87,7,4,73,5,6,27,21,1,829,80,1583,0.0341100001335144,9,0,3.39171672181867,2.54811868673083,87.9288565031387,930.561196478551,87
"382",2021-03-17,16135,915,441,78,72.6,88,3,5,76,3,5,27,22,1,832,79,2842,0.0267400002479553,175,0,2.51889561500461,2.66547557109076,86.8813357590125,948.372433158182,88
"383",2021-03-18,16228,953,442,63,71.1,93,6,3,80,2,5,24,19,1,834,86,2566,0.0284500002861023,161,0,2.67703339692477,2.66206279359219,92.3335643873766,989.940544897324,93
"384",2021-03-19,16353,1000,444,117,74.6,125,8,5,104,2,4,24,20,2,836,112,2615,0.0382399988174438,97,0,3.68722702461709,2.87951824891329,122.979632701468,1053.38957769168,125
"385",2021-03-20,16456,1054,445,83,78.4,103,6,5,87,4,4,27,23,1,840,93,1997,0.0435699987411499,151,0.00662000000476837,4.09724895189927,3.20848261729112,103.517367455125,1116.53016449142,103
"386",2021-03-21,16542,1083,446,87,81.6,86,5,1,78,4,4,29,25,1,844,83,1306,0.0421099996566772,87,0,3.94800140356213,3.35415100296009,88.744735401203,1144.91022216269,85
"387",2021-03-22,16691,1159,447,56,81.3,149,6,7,133,4,7,30,23,1,848,139,1150,0.0547800016403198,131,0,4.91779874210521,3.60541740799025,155.897879430868,1241.52980043436,149
"388",2021-03-23,16815,1198,448,108,84.6,124,2,0,120,5,9,31,22,1,853,122,1966,0.0350999999046326,153,0,3.25656440832976,3.58610993463469,127.752758068254,1254.49019808007,124
"389",2021-03-24,16968,1288,448,84,85.4,153,7,2,137,4,9,33,24,0,857,144,3106,0.0457200002670288,47,0,4.50384779033909,3.86967453111105,155.390804609212,1371.99553011573,153
"390",2021-03-25,17117,1370,449,123,94,149,7,4,132,8,10,40,30,1,865,139,3005,0.0379399991035461,282,0,3.4685031124477,3.98274163332861,149.98093342427,1438.80488339029,149
"391",2021-03-26,17266,1454,450,103,92,149,10,2,130,4,11,42,31,1,869,140,2390,0.0673600006103516,117,0,6.42163547900839,4.37337141252737,155.017581115436,1589.19687815603,149
"392",2021-03-27,17382,1508,451,138,99.9,116,7,3,100,5,13,44,31,1,874,107,2476,0.0626000022888184,117,0,5.97753974805686,4.64198438340702,119.261106058809,1638.52100875405,116
"393",2021-03-28,17519,1567,452,139,107.3,137,3,5,124,5,13,45,32,1,879,127,2480,0.0826599979400635,157,0,7.77386404593695,5.18853618946057,146.295431523639,1743.38536376018,137
"394",2021-03-29,17728,1715,452,111,115.1,209,7,1,189,4,12,47,35,0,883,196,1644,0.0839400005340576,40,0,8.19461762933437,5.65665317335045,220.256340237306,1918.49297707643,209
"395",2021-03-30,17937,1845,453,170,124,209,9,6,186,6,12,48,36,1,889,195,1968,0.0406500005722046,64,0,3.93696855935525,5.75385376635409,212.116118437076,1950.17558213541,209
"396",2021-03-31,18145,1949,454,163,135.3,208,7,5,191,8,14,54,40,1,897,198,3023,0.0793900012969971,224,0,7.3913142568778,6.16634897585962,224.190610325066,2157.58838143209,208
"397",2021-04-01,18382,2084,455,144,138.3,237,12,4,203,3,15,52,37,1,900,215,2634,0.0721299982070923,100,0.01,6.98575037591372,6.66881287064048,240.7474394408,2294.79843625408,237
"398",2021-04-02,18580,2178,456,242,158.1,198,15,7,162,6,15,56,41,1,906,177,3130,0.0939299964904785,99,0,9.10501359601108,7.05215260164086,207.33514331271,2465.14091601741,198
"399",2021-04-03,18831,2357,456,223,170.3,251,16,3,223,12,14,61,47,0,918,239,2885,0.101909999847412,36,0,10.0654005326869,7.63613271373086,276.832574114867,2700.51622254704,251
"400",2021-04-04,19061,2515,457,152,172.1,230,9,2,215,12,16,64,48,1,930,224,1818,0.0929599952697754,139,0,8.63573180380438,7.7592566791405,254.009397821387,2829.4805157178,230
"401",2021-04-05,19346,2660,458,184,182.6,285,8,4,269,5,18,67,49,1,935,277,2045,0.105620002746582,162,0,9.7867197832696,7.98669984398839,320.25306108504,3036.94275265778,285
"402",2021-04-06,19620,2797,459,156,180.6,274,7,6,245,10,20,70,50,1,945,252,1749,0.128640003204346,83,0,12.2811880788429,9.17873120391519,302.812330528438,3294.38130352397,274
"403",2021-04-07,19928,2938,460,219,188.6,308,4,6,289,12,24,76,52,1,957,293,3364,0.098100004196167,44,0,9.68334548462165,9.50616423645002,340.081818050851,3349.93986837338,308
"404",2021-04-08,20223,3108,461,170,192.3,295,23,5,255,11,30,83,53,1,968,278,3366,0.0858600044250488,194,0.0103100001811981,8.1742953631985,9.67595637749071,315.904229790667,3475.86455463811,295
"405",2021-04-09,20520,3261,463,261,195,297,13,2,276,14,32,89,57,2,982,289,3418,0.110299997329712,158,0,10.542656344322,9.8813339129637,335.116850477562,3758.80293912571,297
"406",2021-04-10,20807,3426,466,381,217.6,287,12,2,262,14,28,93,65,3,996,274,3187,0.0875399971008301,97,0,8.49543150914572,9.65705262388639,309.70486664632,3847.43384354122,287
"407",2021-04-11,21076,3564,466,205,225.1,269,7,5,249,13,29,101,72,0,1009,256,2714,0.145909996032715,29,0,14.4367382148301,10.4857678254615,314.513783110078,4309.01219923561,269
"408",2021-04-12,21391,3658,467,265,236.7,315,16,4,291,16,26,101,75,1,1025,307,2125,0.0804699993133545,107,0,7.66123425362358,10.1821270355121,345.056006861204,4063.787860255,315
"409",2021-04-13,21627,3684,469,245,249.4,236,10,0,219,12,28,105,77,2,1037,229,2670,0.0767799997329712,178,0,7.19812497496605,9.45597516352965,252.867749572915,4067.96851277999,236
"410",2021-04-14,21900,3755,471,389,273.7,273,10,11,248,12,28,101,73,2,1049,258,3971,0.171490001678467,97,0.0103100001811981,16.7646722390061,10.4675932712989,331.628409200488,4666.5103742164,273
"411",2021-04-15,22122,3758,471,312,294,222,15,3,202,19,29,107,78,0,1068,217,3902,0.130959997177124,98,0.0101999998092651,12.8001377241611,11.1284278942935,260.218973666356,4454.5110739086,222
"412",2021-04-16,22358,3797,473,348,306.4,236,1,10,219,20,24,114,90,2,1088,220,2970,0.120539999008179,244,0.00409999996423721,11.1700123536268,11.2180501813371,265.582211902244,4411.11662996737,236
"413",2021-04-17,22539,3744,476,405,309.9,181,5,7,167,16,23,123,100,3,1104,172,2935,0.101870002746582,121,0.00825999975204468,9.81635857431988,11.4067540477905,203.44755705675,4276.16077686321,181
"414",2021-04-18,22701,3685,476,294,322.6,162,5,8,146,11,22,122,100,0,1115,151,1949,0.0646500015258789,188,0.0159599995613098,6.03665572725616,10.2067422638514,172.198663702363,4007.09983935899,162
"415",2021-04-19,22928,3625,477,258,321.6,227,5,4,218,22,22,116,94,1,1137,223,2084,0.112279996871948,88,0.0340899991989136,10.9112077997534,10.6710241990128,262.231756629031,4197.71353264681,227
"416",2021-04-20,23117,3512,478,188,313.4,189,8,2,179,17,26,118,92,1,1154,187,2775,0.100539999008179,221,0,9.3123663967856,10.9730586878442,214.214959156607,3985.55581047062,189
"417",2021-04-21,23312,3414,479,207,287.4,195,3,2,185,12,25,111,86,1,1166,188,2521,0.136850004196167,236,0.0211899995803833,12.6949474239937,10.3916694285567,224.557742424017,4041.55389699784,195
"418",2021-04-22,23488,3305,482,239,277,176,7,4,161,14,22,107,85,3,1180,168,2358,0.163269996643066,213,0.00939000010490417,15.0521478843522,10.7133851657268,208.615449136583,4025.32178212147,176
"419",2021-04-23,23696,3229,485,189,254.3,208,5,8,186,21,29,113,84,3,1201,191,2507,0.0805700016021729,86,0.0116299998760223,7.82835225630488,10.2360051518237,220.650121317544,3595.01173682906,208
"420",2021-04-24,23852,3108,486,227,228.9,156,2,2,150,17,31,119,88,1,1218,152,2464,0.0852299976348877,214,0.00467000007629395,7.87924175461875,9.95927417758067,171.341418584801,3462.58637474713,156
"421",2021-04-25,24001,2978,491,139,206.7,149,2,6,137,20,30,125,95,5,1238,139,1621,0.135719995498657,93,0.0215100002288818,12.9523070434428,10.9472243656073,171.068649855463,3536.50675733503,149
"422",2021-04-26,24164,2842,496,173,194.6,163,4,7,148,12,31,124,93,5,1250,152,1304,0.115030002593994,31,0,11.2358893919527,10.9936074502072,183.729062413165,3304.36839064615,163
"423",2021-04-27,24324,2749,497,189,194.7,160,3,5,148,10,31,121,90,1,1260,151,2425,0.0610300016403198,332,0.00903999984264374,5.47693267774876,10.4456883474877,167.974874135641,2967.00615231044,160
"424",2021-04-28,24490,2646,499,186,191.7,166,2,7,155,12,27,116,89,2,1272,157,2408,0.0689400005340576,38,0,6.78689784489005,9.60168126475858,179.428637389264,2906.02658937574,166
"425",2021-04-29,24616,2550,499,159,180.3,126,2,7,113,13,29,113,84,0,1285,115,2728,0.0652500009536743,111,0.00901000022888184,6.30511139933178,8.35210462404138,132.4989825026,2782.80352505766,126
"426",2021-04-30,24769,2459,502,178,178.7,153,4,3,139,13,27,109,82,3,1298,143,2122,0.0669199991226196,179,0,6.17141408684045,8.11539917126075,158.778425120277,2678.73529629904,153
"427",2021-05-01,24893,2404,506,138,166,124,3,5,113,7,28,109,81,4,1305,116,2051,0.089709997177124,70,0.0285700011253357,8.76921755252498,8.24253857096164,135.729073899719,2709.24735909418,124
"428",2021-05-02,24990,2343,506,128,164.4,97,0,4,91,9,27,108,81,0,1314,91,1279,0.0695900011062622,21,0,6.84658549345456,7.37029263524904,104.021360447117,2575.27524755598,97
"429",2021-05-03,25097,2226,509,102,154.3,107,4,3,100,10,22,98,76,3,1324,104,976,0.174179992675781,140,0.0071399998664856,15.3225154868163,7.9540963630867,130.073847381129,2719.86907952302,107
"430",2021-05-04,25202,2131,510,141,147.4,105,1,2,99,8,23,94,71,1,1332,100,2386,0.0389800000190735,57,0.0175399994850159,3.84797625935961,7.72138830331683,107.571716254063,2249.73327337409,105
"431",2021-05-05,25284,2016,511,114,137.1,82,1,2,75,8,23,88,65,1,1340,76,1904,0.0777299976348877,65,0.0307699990272522,7.61797691384447,7.84011388459603,86.3832004745185,2238.37542311354,82
"432",2021-05-06,25390,1946,513,122,131.9,106,3,6,92,12,22,88,66,2,1352,95,2133,0.0534499979019165,246,0,4.79230119902429,7.62399814169496,107.592108072139,2081.03412956191,106
"433",2021-05-07,25502,1848,516,108,121.9,112,4,4,103,19,23,95,72,3,1371,107,2302,0.0469199991226196,82,0.0122000002861023,4.57257709747193,7.39559285749945,118.0843730442,1970.35440547366,112
"434",2021-05-08,25591,1773,520,136,121.6,89,1,3,85,4,21,86,65,4,1375,86,1901,0.0489200019836426,86,0.0116299998760223,4.73060411475805,6.81864808067561,94.8907645402744,1894.44564569659,89
"435",2021-05-09,25674,1711,523,69,113.1,83,0,5,78,4,22,83,61,3,1379,78,1173,0.172210006713867,123,0.00813000023365021,15.6637598691439,8.0782444200598,100.690789982212,2099.06335460981,83
"436",2021-05-10,25767,1645,523,82,110.3,93,3,2,87,9,22,85,63,0,1388,90,715,0.104899997711182,14,0,10.2885457288745,7.35910588321097,105.407663728675,1890.0622981519,93
"437",2021-05-11,25899,1614,525,124,107.9,132,1,6,123,5,21,79,58,2,1393,124,1899,0.0458099985122681,86,0.0232599997520447,4.48330212360065,7.44986672095969,138.04963705115,1718.77511452062,132
"438",2021-05-12,25996,1554,526,115,108,97,3,3,90,8,22,80,58,1,1401,93,2118,0.0495800018310547,174,0.00574999988079071,4.62525933060347,7.02233563763954,102.228387779648,1658.07435064057,97
"439",2021-05-13,26089,1526,526,78,101.7,93,1,1,90,8,20,77,57,0,1409,91,1684,0.0795699977874756,54,0.0185199999809265,7.76731624125886,7.44733778653019,102.234555543947,1697.62562373695,93
"440",2021-05-14,26172,1447,526,128,104.6,83,2,4,75,7,21,70,49,0,1416,77,1738,0.0471799993515015,105,0,4.44920449663102,7.42971312926721,85.9605484993443,1540.219658163,83
"441",2021-05-15,26246,1399,527,85,97.3,74,2,8,63,7,19,64,45,1,1423,65,1779,0.0522800016403198,61,0,5.05468059337657,7.47600976906985,77.7573344220258,1501.39247471406,74
"442",2021-05-16,26315,1371,528,46,94,69,2,3,63,7,19,67,48,1,1430,65,805,0.0409899997711182,20,0,3.99963028069699,5.80970554214887,71.7643484010977,1450.398794737,69
"443",2021-05-17,26389,1336,530,87,94.7,74,7,5,59,10,19,71,52,2,1440,66,774,0.229969997406006,19,0,22.4459997468157,7.54648468756904,92.4506025794035,1770.21219766793,74
"444",2021-05-18,26468,1304,531,97,90.9,79,1,6,71,5,16,64,48,1,1445,72,1920,0.0265599989891052,56,0,2.58072864671468,7.27468847658533,80.6904903983078,1352.72777054713,79
"445",2021-05-19,26539,1290,535,91,87.4,71,2,5,64,4,14,57,43,4,1449,66,2042,0.0665999984741211,122,0.0163900005817413,6.37693054321293,7.52492722124382,77.0941372316609,1409.11268225519,71
"446",2021-05-20,26599,1245,538,73,86.7,60,5,8,45,11,15,63,48,3,1460,50,1487,0.0511100006103516,65,0.0307699990272522,5.02581319873481,7.13328392945467,61.6385885985088,1335.60085610287,60
"447",2021-05-21,26680,1209,539,77,79.4,81,4,11,63,4,13,59,46,1,1464,67,1682,0.0416200017929077,190,0,3.73957494741831,7.03190827956714,81.6278861682119,1274.46439369206,81
"448",2021-05-22,26739,1177,543,77,78.3,59,0,13,46,8,15,58,43,4,1472,46,1380,0.0623199987411499,101,0.00990000009536743,5.87451034925179,7.14902681612074,62.9127861483732,1277.11628905729,59
"449",2021-05-23,26794,1153,544,39,77.3,55,0,4,51,5,12,59,47,1,1477,51,826,0.0375300002098083,14,0.0714300012588501,3.80950002272923,7.12186535069678,57.8131621404582,1216.59952839114,55
"450",2021-05-24,26845,1107,546,65,74.1,51,2,11,38,5,11,57,46,2,1482,40,733,0.0832199954986572,30,0,7.99479117962198,5.05740698395482,55.6304555912988,1235.14785848919,51
"451",2021-05-25,26905,1041,547,56,68.3,60,1,12,46,3,11,54,43,1,1485,47,1035,0.0647300004959106,19,0.0526300001144409,6.45118790469088,5.61032973509427,63.3902995911169,1138.24046541176,60
"452",2021-05-26,26961,1000,550,76,66.1,56,1,11,44,1,8,47,39,3,1486,45,1371,0.0320900011062622,61,0.0491800022125244,3.28179969634424,5.1681681855416,58.1383618206587,1047.51915157019,56
"453",2021-05-27,27008,954,550,62,64.6,47,0,8,38,3,9,42,33,0,1489,38,1368,0.0548199987411499,113,0.00884999990463257,5.13124971418748,5.18323054489199,48.8233411262165,1024.88072195817,47
"454",2021-05-28,27043,904,553,65,62.9,35,0,1,30,1,7,34,27,3,1490,30,1589,0.0346099996566772,197,0.0152300000190735,3.24723401221823,5.11289612557769,32.4105596272287,946.504863433824,35
"455",2021-05-29,27078,865,555,45,58.3,35,0,3,31,5,9,36,27,2,1495,31,1074,0.024210000038147,104,0.00962000012397766,2.29219185516668,4.60113634070839,35.0288907582519,893.709371157674,35
"456",2021-05-30,27105,816,557,46,59.3,27,0,3,22,5,8,36,28,2,1500,22,718,0.0905300045013428,34,0,8.6436892595697,5.29173480311417,27.7534578576478,918.128255083662,27
"457",2021-05-31,27153,784,560,40,55.7,48,1,2,41,5,6,35,29,3,1505,42,783,0.0855700016021729,27,0.037039999961853,8.39523348808289,5.34894084718001,49.1055046617665,879.302753686309,48
"458",2021-06-01,27194,747,561,38,53.1,41,1,5,35,2,5,31,26,1,1507,36,1565,0.0172500002384186,27,0.037039999961853,1.75856346558387,4.67856592730758,41.9166787304414,766.021083656659,42
"459",2021-06-02,27225,708,561,47,49,31,0,0,30,1,6,30,24,0,1508,30,1688,0.042649998664856,43,0.0232599997520447,4.21683291366926,4.81214210121116,31.8317417963751,751.229106394452,31
"460",2021-06-03,27270,695,561,48,47,45,2,4,39,2,5,29,24,0,1510,41,1176,0.0136099994182587,186,0,1.17513651364701,4.24698307256252,45.6976358419938,706.825778297212,45
"461",2021-06-04,27300,647,563,43,43.9,30,0,0,27,3,6,29,23,2,1513,27,1195,0.0476999998092651,68,0.0147099995613098,4.59238161062873,4.43914701519259,28.7953880938564,690.022818397226,30
"462",2021-06-05,27319,615,566,39,43,19,1,0,18,2,4,30,26,3,1515,19,999,0.0160199999809265,90,0.0222199988365173,1.65323965805621,4.34786812989109,19.4548267749644,629.722024558059,19
"463",2021-06-06,27336,566,566,21,39.4,17,0,1,16,3,4,29,25,0,1518,16,608,0.106909999847412,22,0,10.3176634773375,4.58700730385793,19.3903304771513,650.557940629227,17
"464",2021-06-07,27363,533,567,17,36.1,27,1,3,23,1,4,27,23,1,1519,24,843,0.00949000000953674,30,0.0666699981689453,1.14549483998944,3.55133035413029,27.3980714093061,541.840502548339,27
"465",2021-06-08,27396,505,568,28,34.7,33,0,2,30,1,3,26,23,1,1520,30,1771,0.0299300003051758,100,0,2.83303209729911,3.70482587294676,33.2306352680641,525.715693679079,33
"466",2021-06-09,27423,479,569,33,32.7,27,1,0,24,2,4,24,20,1,1522,25,1194,0.0594600009918213,26,0,5.81928206428153,3.93374718017708,27.1065221222241,519.360963861814,27
"467",2021-06-10,27452,466,569,20,28.7,29,0,0,28,2,5,21,16,0,1524,28,1216,0.0304299998283386,136,0,2.73689939284465,4.1568561629196,29.1096179460079,484.467212958559,29
"468",2021-06-11,27474,457,569,36,27.7,22,0,1,20,1,4,16,12,0,1525,20,1055,0.017059999704361,96,0,1.56370979045186,3.72418876003719,21.4528378903018,467.347345793396,22
"469",2021-06-12,27492,434,569,29,26.3,18,0,0,18,2,6,17,11,0,1527,18,880,0.011360000371933,44,0,1.08190479732695,3.64256949421873,18.2819799044736,440.798848807863,18
"470",2021-06-13,27513,427,570,18,25.9,21,1,1,18,2,5,16,11,1,1529,19,583,0.132080001831055,17,0,12.8337735112508,4.00201378477777,23.5307305799869,506.348524087075,21
"471",2021-06-14,27532,390,573,22,26.6,19,2,1,16,2,4,15,11,3,1531,18,655,0.0564900016784668,29,0,5.40949577476546,4.61115677546006,20.4098921694287,420.547663670955,19
"472",2021-06-15,27559,377,573,22,25.7,27,3,0,24,0,4,15,11,0,1531,27,1518,0.0144900000095367,36,0,1.41543243336401,4.40864253775504,27.5533622320581,384.726576351329,27
"473",2021-06-16,27576,356,573,24,24.4,17,0,0,17,1,4,13,9,0,1532,17,1251,0.0223799991607666,42,0,2.16530386311825,3.88664565187458,17.5329965274505,367.161574339552,17
"474",2021-06-17,27587,314,573,12,23.3,11,0,0,11,0,5,12,7,0,1532,11,1101,0.0208899998664856,123,0.0243899989128113,2.12417154569252,3.79911310228141,11.3383287308138,323.657747406868,11
"475",2021-06-18,27601,284,573,26,21.9,14,1,0,13,1,4,13,9,0,1533,14,864,0.0196800005435944,63,0,1.83425247784958,3.83776205762395,14.3718294271708,291.542825522608,14
"476",2021-06-19,27610,251,573,18,20.3,9,0,0,9,0,3,11,8,0,1533,9,926,0.0194400000572205,37,0,1.86930841671715,3.9502482889654,9.24360156738369,257.793777045923,9
"477",2021-06-20,27622,238,573,7,18.7,12,0,0,10,0,3,11,8,0,1533,10,562,0.0266899991035461,15,0,2.59961516398491,2.48822566792741,10.3764139144116,246.958651162996,12
"478",2021-06-21,27633,228,574,13,17.4,11,0,0,11,2,2,10,8,1,1535,11,520,0.0230800008773804,7,0,2.27734354008308,2.04077534868707,11.3627252945299,235.518306104802,11
"479",2021-06-22,27644,205,574,13,16.1,11,0,0,10,0,2,7,5,0,1535,10,1297,0.0115699994564056,65,0,1.10178335498958,1.99596833749072,10.1595338384045,208.270443687293,11
"480",2021-06-23,27655,192,574,18,15.3,11,0,0,10,0,1,5,4,0,1535,10,1105,0.00814000010490417,18,0,0.800952815308914,1.80106104494653,10.1159747752845,194.226715685463,11
"481",2021-06-24,27661,180,574,8,14.7,6,1,0,5,1,0,5,5,0,1536,6,904,0.00995999991893768,51,0,0.942810463530855,1.63229517606629,6.08190911840548,182.457273552164,6
"482",2021-06-25,27665,159,574,7,12,4,0,0,4,2,0,7,7,0,1538,4,1024,0.00194999992847443,64,0,0.183529405032888,1.39647759423534,4.01062973054091,159.422531789001,4
"483",2021-06-26,27669,144,574,9,10.7,4,0,0,4,1,0,7,7,0,1539,4,764,0.00523999989032745,19,0,0.511284791342295,1.20247421918179,4.02961279997971,145.06606079927,4
"484",2021-06-27,27674,130,574,8,10.9,5,0,0,5,0,0,6,6,0,1539,5,398,0.0200999999046326,13,0,1.94642334842914,1.10916110267382,5.14091717147881,133.663846458449,5
"485",2021-06-28,27683,122,574,1,9.1,9,0,0,9,0,0,5,5,0,1539,9,555,0.00180000007152557,5,0,0.178392864231552,0.809311006123604,9.02324751814534,122.315133023748,9
"486",2021-06-29,27686,116,574,8,8.4,3,0,0,3,0,0,4,4,0,1539,3,929,0.00646000027656555,14,0,0.636409359165365,0.742829006720145,3.02764486159764,117.068934648442,3
"487",2021-06-30,27688,101,574,8,7,2,0,1,1,0,0,3,3,0,1539,1,1221,0.000820000022649765,51,0,0.0787122663251072,0.639651785436743,2.0011397222439,101.115111946634,2
"488",2021-07-01,27691,97,574,7,6.9,3,0,0,3,0,0,2,2,0,1539,3,884,0.00225999996066093,74,0,0.208542793864746,0.534756404055871,3.00905884960764,97.2929028039805,3
"489",2021-07-02,27695,86,574,6,6.7,4,0,0,4,2,0,3,3,0,1541,4,785,0.0140100002288818,29,0,1.35108724565998,0.701550381288312,4.07825281924743,87.6824356138197,4
"490",2021-07-03,27701,80,574,6,6.3,6,0,0,6,0,0,2,2,0,1541,6,627,0.00158999994397163,16,0,0.155043540415274,0.650658774013023,6.01346981201536,80.1795974935382,6
"491",2021-07-04,27703,75,575,2,5.4,2,0,0,2,1,0,3,3,1,1542,2,437,0.00685999989509583,34,0,0.636479820415473,0.463523984296785,2.01843194823339,75.6911980587523,2
"492",2021-07-05,27709,74,575,2,5.6,6,0,0,6,0,0,3,3,0,1542,6,505,0.00197999998927116,27,0,0.187951126801116,0.464889450378151,6.01632874442435,74.2013878479003,6
"493",2021-07-06,27714,70,575,12,6.1,5,0,2,3,0,0,3,3,0,1542,3,1174,0.00596000015735626,28,0,0.582116487914829,0.457133325913789,5.02528644418934,70.5900170310846,5
"494",2021-07-07,27720,69,575,6,5.9,6,0,0,6,0,0,3,3,0,1542,6,1218,0.0320199990272522,23,0,3.14265582717109,0.894839548891786,6.27302642282034,72.139803862434,6
"495",2021-07-08,27722,60,576,5,5.6,2,0,0,2,1,0,4,4,1,1543,2,933,0.00321999996900558,87,0,0.294535291282569,0.907124191380046,2.00852950724861,60.2558852174583,2
"496",2021-07-09,27724,58,576,3,5.1,2,0,0,2,0,0,3,3,0,1543,2,823,0.00486000001430511,56,0,0.455037544001491,0.77911709114312,2.013177524544,58.382148211776,2
"497",2021-07-10,27725,54,576,0,4.3,1,0,0,1,0,0,3,3,0,1543,1,930,0,22,0,0,0.756968013940938,1,54,1
"498",2021-07-11,27730,56,576,0,4,5,0,0,5,0,0,3,3,0,1543,5,422,0.00237000003457069,8,0,0.23259070106717,0.699269568319752,5.01683910323677,56.1885979562518,5
"499",2021-07-12,27733,54,576,1,3.9,3,0,1,2,0,0,2,2,0,1543,2,460,0.00216999992728233,16,0,0.209705875325603,0.702377389537536,3.00607291498373,54.1639687045606,3
"500",2021-07-13,27735,53,576,2,2.4,2,0,0,2,0,0,2,2,0,1543,2,1188,0.000839999988675117,14,0,0.0830216294963427,0.63107812404918,2.00240424021005,53.0637123655663,2
"501",2021-07-14,27740,55,576,0,1.6,5,0,0,5,0,0,1,1,0,1543,5,1098,0,15,0,0,0.182127291596168,5,55,5
"502",2021-07-15,27751,61,576,1,1,11,0,0,11,0,0,1,1,0,1543,11,947,0.00105999998748302,31,0,0.102640080587569,0.154713690068311,11.0163480620321,61.0906574349053,11
"503",2021-07-16,27754,61,576,8,1.7,3,0,0,3,0,0,1,1,0,1543,3,867,0.00460999995470047,34,0,0.443603769225894,0.153080293671797,3.01926961731129,61.3918155519962,3
"504",2021-07-17,27756,58,576,5,2.4,2,0,0,2,0,0,1,1,0,1543,2,761,0.00263000011444092,18,0,0.256922989356809,0.189783577865627,2.00744028496725,58.2157682640502,2
"505",2021-07-18,27764,63,576,4,3,8,0,0,8,0,0,1,1,0,1543,8,214,0.00467000007629395,17,0,0.432632041699959,0.21836091224174,8.05011471623101,63.3946533903192,8
"506",2021-07-19,27773,68,576,2,3.1,9,0,0,9,0,0,1,1,0,1543,9,367,0,10,0,0,0.188402930052368,9,68,9
"507",2021-07-20,27777,69,576,10,4.3,4,0,0,4,0,0,1,1,0,1543,4,1142,0.00437999993562698,22,0,0.429721643168901,0.237931503434162,4.0248887924726,69.4293316701523,4
"508",2021-07-21,27782,72,576,12,6,5,0,0,5,0,0,1,1,0,1543,5,1058,0.0103999996185303,8,0,1.03219508409053,0.385387944018523,5.0747288670688,73.0760956857907,5
"509",2021-07-22,27787,74,576,5,6.6,5,0,0,5,1,0,2,2,0,1544,5,1046,0.00477999985218048,28,0,0.46553816064998,0.437230526884582,5.0337040350791,74.4988197191707,5
"510",2021-07-23,27799,82,576,3,5.9,12,0,0,12,0,0,2,2,0,1544,12,928,0.00647000014781952,38,0,0.621548668444774,0.462651226772993,12.1079973238476,82.7379817129584,12
"511",2021-07-24,27802,84,576,2,5.4,3,0,0,3,0,0,2,2,0,1544,3,713,0.0028099998831749,16,0,0.274832636036173,0.465209747727188,3.01193840108778,84.3342752304579,3
"512",2021-07-25,27809,86,576,7,5.9,7,0,0,7,0,0,2,2,0,1544,7,410,0.00244000002741814,14,0,0.235943398877698,0.437111370181151,7.02391456462752,86.2938075082809,7
"513",2021-07-26,27818,90,576,5,6.3,9,0,0,9,1,0,3,3,0,1545,9,410,0,10,0,0,0.437111370181151,9,90,9
"514",2021-07-27,27826,97,576,7,5.9,8,0,0,8,0,0,3,3,0,1545,8,1125,0.0106700003147125,5,0,1.06227879239394,0.5274766772133,8.1230509881558,98.491993231389,8
"515",2021-07-28,27832,97,576,8,5.3,6,0,0,6,0,0,2,2,0,1545,6,1074,0.00372000008821487,11,0,0.368228580160624,0.432624319509027,6.03199081845115,97.5171848982936,6
"516",2021-07-29,27836,93,576,9,5.9,4,0,0,4,0,0,2,2,0,1545,4,1234,0.00243000000715256,15,0,0.240081666038932,0.400416248850306,4.01390514733783,93.3232946756046,4
"517",2021-07-30,27839,88,576,4,6,3,0,0,3,0,0,2,2,0,1545,3,940,0.00745000004768372,21,0,0.72872008791079,0.415726451631166,3.03165472927697,88.9285387254579,3
"518",2021-07-31,27846,89,576,8,6.9,7,0,0,7,0,0,1,1,0,1545,7,936,0.00962000012397766,8,0,0.953847469919819,0.512728570757401,7.09667931831403,90.229208475707,7
"519",2021-08-01,27855,91,576,1,6,9,0,0,7,0,0,1,1,0,1545,7,563,0.00178000003099442,13,0,0.173982641918378,0.503877034048927,7.0176343951728,91.2292471372464,9
"520",2021-08-02,27866,93,576,3,5.7,11,0,0,11,1,0,2,2,0,1546,11,462,0.0043299999833107,4,0,0.429283260147971,0.565203214070065,11.0683743555741,93.5780740971262,11
"521",2021-08-03,27883,105,576,10,6.1,17,0,0,16,0,0,2,2,0,1546,16,550,0.0109099996089935,3,0,1.08508133543335,0.568460720218552,16.2513847240677,106.649712251695,17
"522",2021-08-04,27895,114,576,15,7.1,12,0,0,10,2,0,4,4,0,1548,10,1289,0.00776000022888184,22,0,0.762977901985408,0.624853480479235,10.1104761591926,115.259428214796,12
"523",2021-08-05,27915,127,576,9,7.1,20,0,0,20,0,1,4,3,0,1548,20,1482,0.00472000002861023,19,0,0.466025319280504,0.657131145228031,20.1349572175725,127.856978331585,20
"524",2021-08-06,27929,129,576,15,8.7,14,0,0,12,1,1,5,4,0,1549,12,1109,0.00541000008583069,44,0,0.520354735055181,0.627364666248658,12.0904143499784,129.971954262268,14
"525",2021-08-07,27942,139,576,13,9.4,13,0,0,13,0,1,5,4,0,1549,13,846,0.01182000041008,14,0,1.16275817987531,0.657209053385157,13.2188715750254,141.340242225271,13
"526",2021-08-08,27962,151,576,5,10,20,0,0,19,1,1,4,3,0,1550,19,612,0.00653999984264374,4,0,0.6497532311198,0.725176280413932,19.1787551884525,152.420633339806,20
"527",2021-08-09,27976,159,576,13,11.4,14,0,0,14,1,1,4,3,0,1551,14,556,0.0143900001049042,9,0,1.41607788642951,0.866146941311295,14.2870594074147,162.260174698495,14
"528",2021-08-10,27996,174,576,18,12.6,20,3,0,17,1,1,5,4,0,1552,20,1264,0.0102799999713898,16,0,1.01514999717474,0.856156750131494,20.2939793469782,176.55762031871,20
"529",2021-08-11,28011,180,576,20,13.3,15,2,0,13,0,1,5,4,0,1552,15,1296,0.0108000004291534,8,0,1.07337427578089,0.900499089245134,15.2331304754486,182.797565705383,15
"530",2021-08-12,28030,194,576,18,14.6,19,3,0,16,0,1,4,3,0,1552,19,1053,0.0133000004291534,38,0,1.28367556845999,1.01730626769935,19.3531551012935,197.605899455313,19
"531",2021-08-13,28047,208,576,26,16.1,17,3,0,14,0,1,4,3,0,1552,17,1077,0.0213599991798401,14,0,2.10859020317945,1.24419704885996,17.5190362771959,214.350561509221,17
"532",2021-08-14,28064,216,576,16,16.6,17,2,0,15,1,1,5,4,0,1553,17,1005,0.0119400000572205,12,0,1.17991151007931,1.24664752460339,17.29043902257,219.690284051478,17
"533",2021-08-15,28081,212,576,8,17,17,0,0,17,0,1,5,4,0,1553,17,543,0.0221000003814697,2,0,2.20188994626386,1.46838134105254,17.5420023097806,218.759087627852,18
"534",2021-08-16,28100,215,576,21,18.1,19,0,0,19,0,1,4,3,0,1553,19,611,0.0114600002765656,8,0,1.1311890418387,1.42768293468242,19.3112041628493,218.521520790137,19
"535",2021-08-17,28121,211,576,18,18.1,21,0,0,21,0,1,4,3,0,1553,21,1323,0.0158700001239777,10,0,1.57509453593567,1.50767501164827,21.4789415629332,215.812222370424,21
"536",2021-08-18,28152,224,576,24,18.7,31,0,0,31,0,1,3,2,0,1553,31,1295,0.015440000295639,12,0,1.52982405377601,1.57288212279043,31.6866885191716,228.961878332079,31
"537",2021-08-19,28174,231,576,19,18.9,22,0,0,22,3,1,6,5,0,1556,22,1279,0.0172000002861023,17,0,1.69743829983988,1.63199108441613,22.5407210606735,236.677571137071,22
"538",2021-08-20,28193,231,576,16,17.4,19,0,0,19,0,2,6,4,0,1556,19,1142,0.014889999628067,50,0,1.42654191067555,1.53455561405843,19.3924594074564,235.771480164338,19
"539",2021-08-21,28216,240,576,27,19,23,1,0,22,1,2,7,5,0,1557,23,879,0.0182000005245209,12,0,1.79548826723388,1.62249515079479,23.597952953006,246.239509074846,23
"540",2021-08-22,28247,257,576,17,20.3,31,0,0,31,1,1,6,5,0,1558,31,520,0.0173099994659424,6,0,1.71125470005514,1.55240440133641,31.7681268659659,263.368019501718,31
"541",2021-08-23,28288,276,576,16,19.6,41,1,0,40,0,1,4,3,0,1558,41,575,0.0139100003242493,11,0.0909099960327148,1.53553927351591,1.61016872014743,41.911593862971,282.136583077561,41
"542",2021-08-24,28320,290,576,26,20.7,32,1,0,31,0,1,4,3,0,1558,32,1233,0.0154100000858307,23,0,1.51278105938131,1.60126679492538,32.7009429372142,296.352295368504,32
"543",2021-08-25,28347,308,576,27,21.1,27,0,0,26,2,1,6,5,0,1560,26,1318,0.0197300004959106,68,0,1.8762006243586,1.65074916215147,26.7063325682405,316.367324269926,27
"544",2021-08-26,28375,316,576,44,24.7,28,2,0,24,3,1,9,8,0,1563,26,1198,0.0125199997425079,22,0,1.22942292553479,1.58388982296503,26.4628404026587,321.625291047699,28
"545",2021-08-27,28408,333,576,24,25.9,33,0,0,33,2,1,10,9,0,1565,33,896,0.0278999996185303,9,0,2.7622541058788,1.7747058508512,34.319879170384,346.318780719329,33
"546",2021-08-28,28440,337,576,38,27.4,32,0,0,29,2,1,12,11,0,1567,29,1115,0.0242199993133545,16,0,2.38773644866404,1.85931273391266,30.0026306906737,348.651260095071,32
"547",2021-08-29,28479,358,576,28,29,39,0,0,35,1,0,11,11,0,1568,35,537,0.0260700011253357,2,0,2.59732664272825,1.98589444000881,36.3162889097926,371.46375513445,39
"548",2021-08-30,28516,380,576,20,29.6,37,0,0,36,1,1,10,9,0,1569,36,627,0.0111600005626678,9,0,1.10020760264036,1.92370420131231,36.5735004326816,386.053615678305,37
"549",2021-08-31,28546,388,576,22,29,30,1,0,24,0,1,8,7,0,1569,25,553,0.0361700010299683,16,0,3.51529183999516,2.20977716997143,26.2725006186718,407.749209601786,30
"550",2021-09-01,28585,399,576,55,33,39,0,0,37,2,1,10,9,0,1571,37,807,0.0309800004959106,5,0,3.07892369460589,2.38159475143533,38.6495187532501,416.788053582346,39
"551",2021-09-02,28630,427,576,34,31.6,45,0,1,39,1,1,11,10,0,1572,39,1298,0.0169500005245209,8,0,1.68461720373875,2.44662250546447,40.9513108410986,437.415634080746,45
"552",2021-09-03,28682,459,576,50,35.3,52,0,1,49,1,2,6,4,0,1573,49,1050,0.035239999294281,45,0.0222199988365173,3.47049307823181,2.5477995015149,52.462316470071,482.065372648216,52
"553",2021-09-04,28737,490,576,38,35.3,55,0,0,52,0,2,6,4,0,1573,52,911,0.0318300008773804,8,0,3.1552917083018,2.65745025289172,54.3757430489446,512.38680949967,55
"554",2021-09-05,28763,484,576,23,34.6,26,0,0,25,2,1,8,7,0,1575,25,412,0.0388299989700317,6,0,3.82726305637633,2.83315545484145,26.3854310904284,510.821945910693,26
"555",2021-09-06,28823,501,576,29,35.9,60,0,1,53,1,1,9,8,0,1576,53,519,0.0346799993515015,2,0,3.45468707551426,3.169509665252,56.6511920713645,526.061268448181,60
"556",2021-09-07,28888,526,576,50,39.9,65,1,2,56,1,1,9,8,0,1577,57,825,0.0460599994659424,11,0.0909099960327148,4.66501309997157,3.33375555953435,62.8502092296556,561.530000961383,65
"557",2021-09-08,28940,538,577,66,41.4,52,0,1,50,2,1,8,7,1,1579,50,1376,0.03125,17,0,3.08686288585786,3.3348897297132,53.2348272125335,562.04674080686,52
"558",2021-09-09,29010,583,577,58,44.9,70,0,3,63,3,2,11,9,0,1582,63,1485,0.0343400001525879,13,0,3.40419894703558,3.58054426446989,69.1053609679246,611.736911814287,70
"559",2021-09-10,29076,613,577,62,46.6,66,0,0,58,0,1,8,7,0,1582,58,1263,0.0332500004768372,35,0,3.23534288152892,3.54695137922662,60.7170955736666,641.716889425131,66
"560",2021-09-11,29130,635,577,44,47.4,54,0,0,49,1,1,8,7,0,1583,49,1162,0.0309800004959106,15,0,3.05851831573901,3.5331266088605,51.170020182462,663.121690119661,54
"561",2021-09-12,29185,647,577,53,51.7,55,0,1,50,2,1,9,8,0,1585,50,585,0.0598299980163574,3,0,5.95247429244372,3.83672821401299,55.3094727633042,702.764577557156,55
"562",2021-09-13,29247,676,577,36,52.7,62,0,0,55,5,4,14,10,0,1590,55,530,0.0301900005340576,20,0,2.90921823328191,3.75880409369408,57.3168376267037,704.476040648213,62
"563",2021-09-14,29309,696,577,63,54.6,62,0,2,55,2,5,11,6,0,1592,55,1224,0.0334999990463257,29,0,3.27246598824443,3.55986879201878,59.6061201758383,728.979266225154,62
"564",2021-09-15,29356,708,577,58,53.4,47,0,1,42,2,6,12,6,0,1594,42,1537,0.0305800008773804,13,0,3.03235234506669,3.55208157190575,44.8441046405479,739.086335369236,47
"565",2021-09-16,29416,736,577,63,54.1,60,1,1,50,1,7,12,5,0,1595,51,1708,0.0316199994087219,39,0,3.09141150487104,3.50739765159653,54.2828827284924,768.945131140597,60
"566",2021-09-17,29476,733,578,90,58.1,60,1,2,46,0,7,10,3,1,1595,47,1417,0.0310500001907349,4,0,3.09625969530411,3.48752862499299,51.1071324963889,765.862300422406,60
"567",2021-09-18,29538,749,578,44,58.1,62,0,5,50,0,7,9,2,0,1595,50,1575,0.0298399996757507,28,0,2.93187769739909,3.46943710808728,57.1226210247257,780.796862950391,62
"568",2021-09-19,29581,740,578,60,59.1,43,2,1,39,3,7,10,3,0,1598,41,1058,0.0321399998664856,3,0,3.20491233352891,3.07692825681374,43.9026399812723,774.340331369305,43
"569",2021-09-20,29632,719,578,60,62.6,51,2,0,40,2,8,12,4,0,1600,42,1220,0.0385199999809265,66,0.0606099987030029,3.965370131503,3.22780709941675,44.411513118814,760.282807914934,51
"570",2021-09-21,29692,718,578,36,58.7,60,0,0,51,1,7,13,6,0,1601,51,1196,0.0200699996948242,23,0,1.96913204552992,3.04161653617182,52.4541246061154,738.471793474331,60
"571",2021-09-22,29743,705,578,63,59.4,51,0,0,42,5,9,17,8,0,1606,42,2383,0.0180400002002716,29,0,1.7823101358726,2.86303907771552,43.0838998963314,723.194033974135,51
"572",2021-09-23,29779,677,578,44,56.7,36,0,0,29,3,9,18,9,0,1609,29,1528,0.0274900007247925,48,0,2.66527418194689,2.80216231729779,30.119171127691,703.126857015408,36
"573",2021-09-24,29823,671,578,56,51.9,44,1,0,34,2,8,17,9,0,1611,35,2089,0.0181900000572205,48,0,1.77814272903761,2.61385989354543,35.9011379299609,688.276101457251,44
"574",2021-09-25,29867,666,578,62,54.4,44,0,1,35,2,10,17,7,0,1613,35,1935,0.0273900008201599,32,0,2.6944408534321,2.57994034440729,37.3655050370327,691.983610133252,44
"575",2021-09-26,29915,644,578,38,51.3,48,1,0,38,3,11,18,7,0,1616,39,1060,0.0339599990844727,4,0,3.38323299149822,2.60541472411719,40.9105267449672,675.548185224587,48
"576",2021-09-27,29956,625,578,31,47.1,41,0,0,29,0,11,18,7,0,1616,29,852,0.0164300000667572,15,0.0666699981689453,1.72992041861722,2.28606476513351,29.7264081867575,640.655348852532,41
"577",2021-09-28,30001,601,579,44,48.3,45,1,1,32,3,11,19,8,1,1619,33,1723,0.0203099989891052,35,0,1.99056474733949,2.28912657967773,34.9511452772294,618.322373079238,45
"578",2021-09-29,30046,589,579,65,48.6,45,1,0,37,0,11,19,8,0,1619,38,2041,0.0215599989891052,8,0,2.14758213454191,2.34130829377335,39.1816530670131,607.315622538704,45
"579",2021-09-30,30094,591,579,61,51,48,2,0,38,3,11,20,9,0,1622,40,1837,0.017960000038147,29,0,1.76808789228703,2.21313882382194,41.0240483188124,606.130313910453,48
"580",2021-10-01,30137,574,579,48,49.9,43,0,0,24,1,10,19,9,0,1623,24,1834,0.0196300005912781,13,0,1.94918359958874,2.23757323390067,24.6773616391774,590.200232536994,43
"581",2021-10-02,30173,556,579,60,49.6,36,0,0,28,0,8,14,6,0,1623,28,1477,0.0189600002765656,13,0,1.87945774553607,2.12114707562981,28.7619863735812,571.130872275398,36
"582",2021-10-03,30200,542,580,37,49.4,27,5,0,18,2,6,13,7,1,1625,23,1029,0.0213800001144409,12,0,2.11335447817096,1.9397358594402,23.7038122019687,558.585487542045,27
"583",2021-10-04,30244,540,581,25,48.6,44,1,0,40,0,4,10,6,1,1625,41,1256,0.0199000000953674,8,0,1.97740507276752,1.9750908100331,42.1739135299453,555.461300150499,44
"584",2021-10-05,30294,537,581,33,47,50,1,0,42,0,4,9,5,0,1625,43,1637,0.0116100001335144,13,0,1.15185274051897,1.85527480905874,43.717169849227,545.956283931044,50
"585",2021-10-06,30335,528,581,28,41.7,41,1,0,33,0,4,8,4,0,1625,34,1958,0.0127699995040894,36,0,1.25394478580778,1.72761233066815,34.6173251041891,537.586695735642,41
"586",2021-10-07,30372,517,581,53,40.6,37,1,0,31,2,3,8,5,0,1627,32,1681,0.0184399998188019,9,0,1.83417986363349,1.7370540408605,32.8498621879363,530.730585973846,37
"587",2021-10-08,30400,498,583,58,42,28,0,0,19,0,2,6,4,2,1627,19,2154,0.0246099996566772,13,0,2.44623623721655,1.80806156052162,19.6729899885673,515.639421805607,28
"588",2021-10-09,30429,478,583,37,38.7,29,1,0,26,3,3,7,4,0,1630,27,1520,0.0184200000762939,12,0,1.82757180913621,1.80064928389307,27.7144878071972,490.649080438528,29
"589",2021-10-10,30450,440,584,20,36.3,21,0,0,19,2,3,7,4,1,1632,19,1009,0.0178400003910065,24,0,1.7425518290925,1.74767747688186,19.479397663111,451.101840619412,21
"590",2021-10-11,30469,418,584,18,35.3,19,0,0,17,1,4,8,4,0,1633,17,635,0.0220499992370605,7,0,2.18095786846315,1.77675644769552,17.5368498113391,431.200189478807,19
"591",2021-10-12,30503,419,584,31,35,34,0,0,27,2,5,8,3,0,1635,27,1118,0.0143099999427795,12,0,1.41580353416172,1.8144637039302,27.5535073136324,427.589613496739,34
"592",2021-10-13,30525,414,584,24,34.4,22,0,0,20,0,5,8,3,0,1635,20,1674,0.0203099989891052,9,0,2.02013893688426,1.92392001122684,20.5850161327127,426.109833947153,22
"593",2021-10-14,30545,400,584,39,32.4,20,0,0,17,0,5,7,2,0,1635,17,1288,0.0116499996185303,33,0,1.13589701049713,1.82416531792165,17.2796047115828,406.578934390185,20
"594",2021-10-15,30581,385,584,33,28.9,36,1,0,20,2,5,9,4,0,1637,21,1605,0.0155799996852875,15,0,1.54357404289422,1.6952135758756,21.4693570752359,393.604879712658,36
"595",2021-10-16,30611,379,585,22,26.7,30,0,0,24,1,4,9,5,1,1638,24,1409,0.0156099998950958,8,0,1.55218700438885,1.65587288948312,24.5394011799733,387.518043633745,30
"596",2021-10-17,30636,370,585,34,28.7,25,1,0,20,0,4,9,5,0,1638,21,815,0.0368099999427795,8,0,3.64521870636273,1.92768244337887,22.1084075937204,389.529086175073,25
"597",2021-10-18,30672,376,585,23,29.4,36,3,0,23,1,3,10,7,0,1639,26,812,0.0135500001907349,20,0,1.32242790323038,1.80503530548847,26.4978539528633,383.199734087562,36
"598",2021-10-19,30694,360,585,23,28.3,22,0,0,19,3,2,12,10,0,1642,19,1138,0.0105400002002716,9,0,1.04572974959975,1.75216762197962,19.2876932495401,365.451029991287,22
"599",2021-10-20,30720,355,585,35,29.9,26,1,0,20,1,3,12,9,0,1643,21,1788,0.0134200000762939,19,0,1.32788932686295,1.653274820548,21.403773472068,361.825694408768,26
"600",2021-10-21,30738,344,585,44,30.6,18,0,0,15,0,3,12,9,0,1643,15,1305,0.0214599990844727,7,0,2.13455021381379,1.79593956387895,15.463611544867,354.632158095616,18
"601",2021-10-22,30764,330,585,34,30.7,26,0,0,12,0,2,9,7,0,1643,12,1417,0.0218799996376038,19,0,2.15905010351564,1.8838647153963,12.3751462195486,340.316521037586,26
"602",2021-10-23,30788,331,585,22,30.7,24,0,1,20,0,1,7,6,0,1643,20,1331,0.0120200002193451,9,0,1.19392688745883,1.83268469869201,21.3457517092959,336.722190788847,24
"603",2021-10-24,30808,324,586,14,27.9,20,0,0,12,1,1,7,6,1,1644,12,822,0.00243000000715256,8,0,0.240657832033663,1.34631885950214,12.041815553861,325.129019954247,20
"604",2021-10-25,30834,316,586,15,26.7,26,0,2,19,3,1,7,6,0,1647,19,815,0.0135000002384186,5,0,1.34176831637941,1.34908177566629,21.3691371381726,322.139333455923,26
"605",2021-10-26,30856,303,586,30,27.7,22,0,6,14,3,2,9,7,0,1650,14,1386,0.0180400002002716,10,0,1.79107738378055,1.45556000912069,20.3630772130184,310.858028253184,22
"606",2021-10-27,30882,312,586,35,27.7,26,1,5,19,2,2,10,8,0,1652,20,1365,0.014650000333786,9,0,1.45540396329097,1.47377638575326,25.421473386109,318.5749848233,26
"607",2021-10-28,30907,304,586,26,25.1,25,1,6,17,4,3,14,11,0,1656,18,1856,0.0113100004196167,41,0,1.10655565518232,1.32692002023448,24.2884047272125,308.870835392923,25
"608",2021-10-29,30928,299,586,12,22,21,0,1,17,1,3,15,12,0,1657,17,1548,0.0148599994182587,18,0,1.46891948272442,1.22832993155002,18.361579266879,305.359541223342,21
"609",2021-10-30,30951,290,586,28,22.9,23,0,2,20,1,2,16,14,0,1658,20,1178,0.0118799996376038,7,0,1.18098224245547,1.22648069654954,22.3420030432903,294.959044127709,23
"610",2021-10-31,30972,276,587,32,25.4,21,0,2,16,0,1,15,14,1,1658,16,936,0.0181599998474121,7,0,1.80251960309414,1.44960380670104,18.4175962467086,283.203535255723,21
"611",2021-11-01,31023,302,587,13,25.1,51,0,10,37,1,1,14,13,0,1659,37,773,0.0116400003433228,14,0,1.14329355341659,1.42125026913492,47.6125140938486,306.999439360602,51
"612",2021-11-02,31073,330,587,31,25.3,50,1,6,37,3,0,16,16,0,1662,38,1531,0.0267799997329712,17,0,2.64859041286685,1.54375213043296,45.457320273943,342.655676063189,50
"613",2021-11-03,31116,352,587,44,26.6,43,0,19,22,2,0,17,17,0,1664,22,1657,0.0169000005722046,11,0,1.67885497291025,1.57567370323572,41.5348013189962,360.556821103938,43
"614",2021-11-04,31149,371,587,33,27.6,33,2,5,23,4,0,20,20,0,1668,25,1511,0.0258100008964539,35,0,2.52256865165212,1.77796127415998,30.9131447162787,384.551067589576,33
"615",2021-11-05,31188,388,589,45,32.3,39,0,7,23,2,1,20,19,2,1670,23,1264,0.0213599991798401,15,0.0666699981689453,2.18913908802596,1.88084978920306,30.7290508137058,400.298770248602,39
"616",2021-11-06,31221,394,590,40,34,33,3,4,21,3,1,21,20,1,1673,24,1414,0.0212199997901917,10,0.1,2.17732301287437,2.02318418497718,28.7566424657639,406.421547146291,33
"617",2021-11-07,31259,413,591,39,35,38,3,3,27,6,3,25,22,1,1679,30,1016,0.0255900001525879,10,0,2.53405849464223,2.12768974091263,34.1007647099435,428.153860840223,38
"618",2021-11-08,31323,449,592,36,38.3,64,6,7,45,1,2,24,22,1,1680,51,849,0.0270900011062622,13,0.0769199991226196,2.7841497596068,2.36209777036837,60.0559823206092,467.100707097128,64
"619",2021-11-09,31365,465,592,39,39.4,42,0,9,29,3,2,26,24,0,1683,29,1627,0.0215100002288818,21,0.0476200008392334,2.18427126153001,2.29576646303454,38.9171939410616,479.706730434264,42
"620",2021-11-10,31406,483,592,34,38,41,1,5,28,5,2,30,28,0,1688,29,1507,0.00995000004768372,72,0.0555600023269653,1.20297468267263,2.22778356442916,34.5051392240655,491.413180869781,41
"621",2021-11-11,31453,488,593,48,40.1,47,1,5,35,3,5,33,28,1,1691,36,1632,0.0208299994468689,24,0,2.05281153969143,2.16067540557763,42.0700601444685,502.505259736129,47
"622",2021-11-12,31512,509,593,50,40.9,59,1,2,36,1,5,34,29,0,1692,37,1517,0.0184599995613098,29,0.0344799995422363,1.87605040887657,2.11594845141344,40.0050851006493,522.826711249473,59
"623",2021-11-13,31548,526,594,43,41.3,36,1,5,28,1,3,32,29,1,1693,29,1627,0.0196700000762939,20,0,1.94311415447056,2.08249004307004,34.8159300360996,540.799282723737,36
"624",2021-11-14,31581,535,594,43,41.9,33,1,2,27,0,3,28,25,0,1693,28,912,0.037279999256134,8,0,3.69558253495589,2.24842204882913,31.4982957402311,563.628150750844,33
"625",2021-11-15,31621,533,596,41,42.6,40,1,3,34,1,2,24,22,2,1694,35,921,0.0217199993133545,18,0,2.1303641499041,2.15502410458589,39.0796388325625,549.441357078737,40
"626",2021-11-16,31671,549,597,42,43,50,1,3,37,1,1,24,23,1,1695,38,1729,0.0208200001716614,24,0,2.0534957385512,2.13634188701748,42.1298843934903,565.323856105952,50
"627",2021-11-17,31693,517,597,44,44.4,22,0,1,12,1,2,23,21,0,1696,12,1886,0.0148500001430511,19,0.0526300001144409,1.52268085417159,2.18201419723162,13.2645737424487,528.398718737166,22
"628",2021-11-18,31730,506,597,39,43.1,37,2,1,21,1,3,21,18,0,1697,23,1686,0.0183899998664856,42,0.0238100004196167,1.85217359910409,2.15335163429057,24.6168309162891,519.570280158359,37
"629",2021-11-19,31766,505,598,25,39.6,36,0,2,24,2,2,19,17,1,1699,24,1564,0.0140699994564056,40,0,1.37191266520065,2.08133195662258,26.4767539660731,515.031698036122,36
"630",2021-11-20,31807,488,599,50,40.6,41,1,0,36,1,2,16,14,1,1700,37,1680,0.0166700005531311,76,0.0131599998474121,1.65180870829519,2.03971689288324,37.8849486740734,499.671755485077,41
"631",2021-11-21,31850,491,599,25,38,43,2,2,31,1,1,16,15,0,1701,33,924,0.0238100004196167,5,0,2.36818518705337,1.85008870032574,36.1315824613497,507.836575409779,42
"632",2021-11-22,31909,489,599,31,36.6,59,2,2,46,2,0,18,18,0,1703,48,1048,0.0152699995040894,18,0,1.50121571109622,1.76021035192462,51.0433762474111,499.629395520501,54
"633",2021-11-23,31957,499,600,27,34.4,48,3,1,31,2,0,17,17,1,1705,34,1457,0.0102999997138977,9,0,1.0236766427796,1.61309333824296,35.5039626124788,506.396392459615,47
"634",2021-11-24,32006,509,600,46,34.7,49,1,1,36,1,0,15,15,0,1706,37,1743,0.0183599996566772,16,0,1.81929956802663,1.65546744022225,38.9746811070691,522.408450905356,49
"635",2021-11-25,32050,515,601,60,37.7,44,2,0,37,0,0,13,13,1,1706,39,1548,0.0219600009918213,6,0,2.18752133432042,1.70337425953887,40.2353030444276,531.312335073851,44
"636",2021-11-26,32090,507,601,51,41.4,40,8,1,27,3,1,15,14,0,1709,35,1853,0.0221300005912781,40,0,2.16623830404851,1.81684935080285,37.0978193534379,522.902697491229,40
"637",2021-11-27,32119,506,601,43,40.4,29,6,0,18,2,1,16,15,0,1711,24,1818,0.0203500008583069,2,0,2.03276382200011,1.87127150990355,24.7064066385645,520.893406629736,29
"638",2021-11-28,32184,540,601,22,40,65,13,1,39,1,2,15,13,0,1712,52,1272,0.0117900002002716,46,0,1.13785130916127,1.69550952734754,53.8567329389419,548.896842058243,65
"639",2021-11-29,32236,548,601,26,39.3,52,7,0,37,1,2,16,14,0,1713,44,989,0.0161800003051758,16,0,1.59224082605163,1.70851311519831,45.0144205517119,560.634146871321,50
"640",2021-11-30,32307,582,601,61,44.1,71,6,1,52,2,2,17,15,0,1715,58,1907,0.0272699999809265,25,0,2.69171273103659,1.94680398494931,61.2605457952652,604.683407807661,68
"641",2021-12-01,32385,620,601,62,46.4,78,4,0,54,0,2,17,15,0,1715,58,1958,0.0194099998474121,72,0.0138900005817413,1.92142166222257,1.96139285554873,59.6136423509785,637.249280303564,78
"642",2021-12-02,32455,645,601,64,47,70,6,0,49,0,2,15,13,0,1715,55,2077,0.0245499992370605,19,0,2.43274563050452,1.99642489786074,56.9373852908221,667.720245683277,71
"643",2021-12-03,32547,706,601,59,48.1,92,7,0,69,1,2,12,10,0,1716,76,1911,0.0245900011062622,12,0,2.44365533614493,2.03605590244594,78.6891198024374,730.980507638431,91
"644",2021-12-04,32601,727,601,70,52,54,2,0,45,0,2,12,10,0,1716,47,1446,0.0242000007629395,6,0.166669998168945,2.4788719760485,2.09978563873857,48.6869746756196,753.094267854796,54
"645",2021-12-05,32679,762,601,35,53.9,78,5,1,58,0,2,11,9,0,1716,63,1461,0.0246399998664856,10,0,2.44724947688208,2.28684251984155,66.2324174122965,789.001620129681,78
"646",2021-12-06,32790,820,601,69,60,111,4,3,84,0,2,10,8,0,1716,88,1178,0.0348000001907349,14,0,3.439127535628,2.55068347835246,95.3821532459389,860.833700700794,109
"647",2021-12-07,32895,872,601,70,61.3,105,4,2,79,2,1,11,10,0,1718,83,1905,0.0278200006484985,22,0.0454500007629395,2.80212772455497,2.56645704885508,88.3676164860004,907.380259949305,98
"648",2021-12-08,33005,927,601,44,58.7,110,5,4,88,2,1,12,11,0,1720,93,2324,0.0249600005149841,13,0,2.48211558394622,2.64655618052989,100.342424124942,960.316421116362,109
"649",2021-12-09,33130,1015,601,151,71.1,125,5,3,95,1,1,13,12,0,1721,100,1969,0.0304699993133545,15,0,3.02396313749975,2.73101582438635,107.378578096451,1059.44256767898,124
"650",2021-12-10,33301,1153,602,87,75.1,171,6,6,130,3,0,14,14,1,1724,136,2152,0.0399600005149841,23,0,3.95374349922969,2.94674270482703,149.785813682463,1219.00767041088,169
"651",2021-12-11,33431,1240,602,150,86.6,130,3,4,106,0,0,13,13,0,1724,109,1669,0.0437400007247925,12,0,4.34277580069475,3.21301467977649,119.854101232775,1317.97326173066,128
"652",2021-12-12,33614,1361,603,106,96.7,183,4,4,155,1,0,14,14,1,1725,159,1977,0.0364199995994568,14,0.0714300012588501,3.66661774112255,3.38721014609656,171.441494993472,1433.25707349758,185
"653",2021-12-13,33914,1597,603,103,101.6,300,5,9,264,1,0,15,15,0,1726,269,2090,0.0377999997138977,79,0.0126600003242493,3.68843427513425,3.42282539459745,292.366498655259,1682.29107194219,297
"654",2021-12-14,34220,1830,603,199,120,306,4,3,266,2,0,16,16,0,1728,270,2041,0.0494899988174438,12,0,4.9200724591526,3.7253889281114,292.234985815702,1960.37045941754,307
"655",2021-12-15,34551,2084,603,255,150.1,331,1,4,310,0,0,13,13,0,1728,311,2780,0.0460400009155273,20,0.05,4.60682866232735,4.02891936788013,335.74526833519,2223.01330935864,326
"656",2021-12-16,34964,2438,604,309,172.7,413,7,2,389,3,0,16,16,1,1731,396,2938,0.0871300029754639,58,0.0172399997711182,8.57769922325226,4.82231023727335,447.183859705713,2740.80366152154,411
"657",2021-12-17,35440,2843,604,356,211.1,476,7,9,434,2,0,18,18,0,1733,441,3115,0.102089996337891,10,0.1,10.208330834961,5.71582271380639,515.185339726129,3263.23111301901,472
"658",2021-12-18,35947,3303,604,308,233.7,507,23,15,440,1,0,18,18,0,1734,463,2673,0.0912800025939941,3,0,9.1177670752521,6.39796432445744,539.126016155233,3739.06745434284,502
"659",2021-12-19,36495,3786,604,403,276.1,548,21,8,499,1,0,19,19,0,1735,520,2673,0.0939000034332275,46,0.0217400002479553,9.26792016139842,7.19815038449685,597.781810802735,4294.06526095991,546
"660",2021-12-20,37413,4575,604,389,317,918,8,21,862,1,0,18,18,0,1736,870,2474,0.100240001678467,11,0,9.9796283361178,8.09689239320879,1016.71590541629,5236.09226124082,912
"661",2021-12-21,38278,5327,604,489,358.4,865,6,18,818,3,0,19,19,0,1739,824,2743,0.117749996185303,96,0.0208299994468689,11.4472673294535,9.02934880325178,978.579539538804,6209.96020281943,861
"662",2021-12-22,39113,6037,604,670,417.7,835,6,29,776,2,0,21,21,0,1741,782,4020,0.182089996337891,124,0.0161300003528595,17.7124011902045,10.9015734500914,1011.55837448391,7585.30039227539,830
"663",2021-12-23,39981,6787,604,750,480.7,868,2,45,806,3,1,22,21,0,1744,808,3597,0.217959995269775,96,0.0104200005531311,21.2564966974948,12.712830232126,1101.69076475086,8875.94086678727,865
"664",2021-12-24,40764,7419,604,861,552.9,783,0,33,733,3,1,24,23,0,1747,733,3803,0.26636999130249,68,0.0735300016403198,26.2982463713488,15.0113895944671,1045.11769615075,10244.0671046964,771
"665",2021-12-25,41305,7833,605,506,581.1,541,0,33,500,3,1,24,23,1,1750,500,2656,0.250380001068115,57,0.035090000629425,24.5856768475043,17.2210909905032,710.99540079697,10621.4759488853,540
"666",2021-12-26,42116,8466,605,430,585,811,1,52,747,7,1,27,26,0,1757,748,2040,0.21863000869751,54,0.0185199999809265,21.34695786733,18.9466678056362,1031.2033903341,11082.8020087814,810
"667",2021-12-27,43274,9316,605,549,607.9,1158,1,57,1093,5,2,31,29,0,1762,1094,1898,0.272390003204346,183,0.0546400022506714,25.3241396681269,21.1387408530661,1552.15169310326,12732.0230100091,1151
"668",2021-12-28,44549,10290,605,874,662.9,1275,0,75,1194,7,1,37,36,0,1769,1194,2597,0.388139991760254,90,0.1,37.848885694134,24.910400619449,1923.35591454614,15929.2984595308,1262
"669",2021-12-29,45993,11383,605,1244,744.9,1444,1,82,1355,5,4,41,37,0,1774,1356,3486,0.304360008239746,144,0.0347199988365173,29.3663545056808,26.5752510930885,2014.58897531713,16223.2008156599,1422
"670",2021-12-30,47449,12434,606,1355,831.3,1456,0,75,1378,11,5,47,42,1,1785,1378,3324,0.314680004119873,129,0.0542600011825562,30.4951020517523,27.8950518579824,2061.46544019868,17924.3187833312,1443
"671",2021-12-31,48372,12873,609,1346,900.6,923,0,66,856,13,5,55,50,3,1798,856,3305,0.357639999389648,182,0.0164800000190735,33.9833541148912,28.9929243927742,1343.20800189659,19207.3581874005,911
"672",2022-01-01,48809,12766,609,1181,997,437,0,60,376,17,6,71,65,0,1815,376,2500,0.400400009155273,169,0.118339996337891,38.2540083278114,30.9455431756752,644.267450400014,19837.1230633154,433
"673",2022-01-02,49434,12736,610,505,1007.7,625,0,74,551,9,5,76,71,1,1824,551,2226,0.312220001220703,64,0.0468800020217896,30.4804385522567,32.2503261306648,868.180875477669,18356.9648458867,616
"674",2022-01-03,50188,12511,610,569,1010.6,754,0,111,643,8,4,73,69,0,1832,643,1773,0.250990009307861,105,0.1428600025177,24.4944401899465,32.1317976337819,982.052637133864,16948.2730065035,742
"675",2022-01-04,50977,12354,612,813,1001.9,789,0,108,681,12,4,80,76,2,1844,681,2135,0.333019981384277,300,0.146669998168945,31.006105121401,31.1542575519629,1094.73906596277,17900.4029675537,770
"676",2022-01-05,51647,12095,613,707,925.1,670,0,125,544,17,7,94,87,1,1861,544,2678,0.314409999847412,314,0.0541400003433228,28.7095568081274,31.0604293094552,895.142399230218,17122.9270564145,654
"677",2022-01-06,52280,11805,617,853,853.4,633,0,125,508,12,7,93,86,4,1873,508,2294,0.282040004730225,121,0.0743800020217896,27.1635507700113,30.5844934120637,832.805233370164,16448.1117715252,620
"678",2022-01-07,52862,11641,618,666,756.3,582,2,146,434,19,8,100,92,1,1892,436,2309,0.298400001525879,444,0.0427899980545044,25.7175576701582,29.4036653485304,744.357673359795,15975.8754027096,574
"679",2022-01-08,53303,11551,619,711,689.1,441,0,96,345,20,10,111,101,1,1912,345,2371,0.309150009155273,280,0.0964299964904785,28.6682410684454,28.0342700257638,584.211122989752,16345.8744395786,436
"680",2022-01-09,53707,11241,619,512,690.1,404,0,87,317,18,13,121,108,0,1930,317,1324,0.273409996032715,172,0.0581400012969971,24.865970252032,27.2322031257317,518.1356402647,15288.3146126672,392
"681",2022-01-10,54355,10794,620,422,669.1,648,0,143,505,14,14,123,109,1,1944,505,1342,0.175109996795654,126,0.0714300012588501,16.6211032601078,26.1074407071833,769.536810004023,13391.7590637295,645
"682",2022-01-11,54865,10077,623,614,640.7,510,1,114,394,15,9,126,117,3,1959,395,2155,0.292339992523193,415,0.101199998855591,26.1474974090487,25.413353891133,658.54910962684,13892.2060195181,502
"683",2022-01-12,55380,9142,626,489,609.6,515,1,156,358,18,9,126,117,3,1977,359,1537,0.297329998016357,163,0.208589992523193,28.882139748966,25.438008596967,665.134472032949,12965.2015134407,509
"684",2022-01-13,55810,8142,629,402,545.1,430,0,110,320,16,11,126,115,3,1993,320,2030,0.139409999847412,163,0.134969997406006,13.9079985986058,23.5443582867663,494.442328438888,9781.65449421695,417
"685",2022-01-14,56234,7620,631,440,512.9,424,0,102,322,20,15,137,122,2,2013,322,1747,0.215230007171631,275,0.167269992828369,20.8707255468171,22.8519536977175,521.308331554033,9922.76238025381,422
"686",2022-01-15,56560,7520,635,381,465.7,326,0,79,247,15,11,140,129,4,2028,247,1535,0.18371000289917,208,0.144230003356934,17.8998677652592,21.3136146544052,390.018188861954,9469.05579045301,320
"687",2022-01-16,56841,7192,641,396,449.1,281,0,63,218,12,14,142,128,6,2040,218,1342,0.225779991149902,85,0.188239994049072,22.3543901623924,20.9548174987424,351.562819819289,9519.92568871711,279
"688",2022-01-17,57152,6773,646,298,431.4,311,1,101,209,14,15,136,121,5,2054,210,892,0.177129993438721,183,0.0819699954986572,16.0930663556831,20.8793836552532,359.934449183391,8351.25249675764,309
"689",2022-01-18,57588,6404,647,218,374.9,436,2,117,317,17,16,134,118,1,2071,319,991,0.16548999786377,18,0.166669998168945,16.5511048414308,19.5084704313078,512.44943501469,7938.740381925,432
"690",2022-01-19,57951,6103,651,506,377.3,363,0,105,258,23,21,141,120,4,2094,258,1685,0.216620006561279,290,0.1,19.9496056230762,18.2323941276092,437.526483222462,7865.92684925072,359
"691",2022-01-20,58255,5785,654,490,389.9,304,0,90,214,18,19,138,119,3,2112,214,1748,0.206520004272461,159,0.226420001983643,20.8179207018176,19.2195258566395,368.507131585724,7528.80259917484,303
"692",2022-01-21,58548,5502,657,362,378.7,293,1,92,200,13,20,136,116,3,2125,201,1221,0.239969997406006,87,0.241380004882812,24.0063782306986,19.6674762400511,362.868160491454,7414.51054240787,290
"693",2022-01-22,58791,5287,660,388,379.7,243,0,47,196,12,22,132,110,3,2137,196,1273,0.18068000793457,94,0.223400001525879,18.361759344853,19.7334607514217,295.110707539398,6692.65974877958,243
"694",2022-01-23,59007,5076,667,248,358.6,216,0,66,150,21,20,136,116,7,2158,150,955,0.221989994049072,120,0.0666699981689453,20.4651947997337,19.4635756996133,260.449179577537,6580.16023690384,214
"695",2022-01-24,59328,4760,673,241,350.4,321,0,104,217,11,19,127,108,6,2169,217,923,0.17443000793457,71,0.323940010070801,18.5109293801444,19.8089847031078,379.162700849267,6035.82698637103,322
"696",2022-01-25,59603,4534,678,272,358.1,275,1,104,170,11,22,121,99,5,2180,171,1417,0.175020008087158,62,0.338709983825684,18.1881927286474,20.0428544012815,320.034180621071,5728.0641809119,275
"697",2022-01-26,59807,4264,682,387,341.1,204,0,72,132,10,23,120,97,4,2190,132,1320,0.201520004272461,272,0.10293999671936,18.467718891163,19.8311562967225,239.29748756579,5404.21581045856,206
"698",2022-01-27,59998,4030,683,295,313.3,191,0,48,143,6,21,104,83,1,2196,143,1248,0.158649997711182,121,0.148760004043579,15.77758638662,19.1111085374086,223.668802219906,4950.66624437917,190
"699",2022-01-28,60180,3782,685,228,294.1,182,0,46,136,3,20,94,74,2,2199,136,1042,0.182339992523193,126,0.0793699979782104,17.1231928043169,18.1277963336398,215.719432949881,4719.69776041508,179
"700",2022-01-29,60330,3580,688,198,267,150,0,35,115,8,18,94,76,3,2207,115,905,0.140329999923706,82,0.0609800004959106,13.3737598755439,17.4152249808813,172.26937194832,4273.25523108683,150
"701",2022-01-30,60505,3484,688,193,259.1,175,0,40,135,3,17,89,72,0,2210,135,694,0.167150001525879,110,0.0363599991798401,14.9255846976048,16.6238521091486,204.175729863025,4236.94994698354,176
"702",2022-01-31,60722,3378,691,224,256.7,217,0,28,189,5,18,83,65,3,2215,189,822,0.10706000328064,56,0.178570003509521,11.1621005573143,15.5740194201729,247.546702995356,3923.9617075043,217
"703",2022-02-01,60924,3181,695,276,257.3,202,0,48,154,4,15,72,57,4,2219,154,1315,0.112550001144409,101,0,10.452207027182,14.4688786056778,225.306943936959,3662.42460171083,201
"704",2022-02-02,61064,2980,698,277,241.6,140,0,27,113,9,16,72,56,3,2228,113,1054,0.144209995269775,204,0.0833300018310547,13.4337563901334,13.7497411055308,161.980244518004,3559.65600587302,139
"705",2022-02-03,61204,2837,700,209,229.3,140,0,17,123,6,15,68,53,2,2234,123,972,0.148149995803833,129,0.0542600011825562,13.7149260739215,13.4550753465738,164.426159569586,3400.39036340581,140
"706",2022-02-04,61345,2711,706,188,223.6,141,0,18,123,6,15,66,51,6,2240,123,925,0.108109998703003,84,0.0714300012588501,10.5056361651161,12.5097101124023,159.710443203706,3123.39033760363,139
"707",2022-02-05,61457,2587,712,146,216.1,112,0,9,103,4,15,59,44,6,2244,103,836,0.123210000991821,117,0.0940200042724609,11.9626339274964,12.3081206912526,129.841059644043,3035.1050611567,110
"708",2022-02-06,61555,2466,715,139,208.4,98,0,6,92,3,12,53,41,3,2247,92,649,0.151000003814697,115,0.017389999628067,13.0888550304929,12.0457307388081,115.435969167337,2933.35978224622,98
"709",2022-02-07,61696,2279,716,169,200.6,141,0,7,134,4,10,50,40,1,2251,134,694,0.0936600017547607,29,0.103450002670288,9.40526850556601,11.7947547314155,159.248728264274,2589.36456503194,142
"710",2022-02-08,61801,2116,717,216,192,105,0,6,99,2,9,47,38,1,2253,99,923,0.13326000213623,116,0.0172399997711182,12.0306854615197,12.0202516506066,122.245753508672,2484.60620630657,105
"711",2022-02-09,61892,1973,720,174,177.3,91,0,7,84,5,9,40,31,3,2258,84,753,0.095620002746582,85,0.0470599985122681,9.06944653242471,11.396778813791,102.031045560952,2232.09824871141,90
"712",2022-02-10,61982,1864,724,182,173.4,90,0,7,83,0,7,32,25,4,2258,83,855,0.100579996109009,41,0.121949996948242,10.1557864450983,10.8883302953877,102.205294412925,2138.1044432011,88
"713",2022-02-11,62067,1759,724,117,163.3,85,0,8,77,3,5,28,23,0,2261,77,693,0.0923499965667725,59,0.0169500005245209,8.64343053879256,10.6223009201987,94.6368140463896,1979.14488191687,85
"714",2022-02-12,62141,1693,727,138,162.1,74,0,5,69,4,5,29,24,3,2265,69,638,0.112849998474121,48,0,10.4953788668352,10.4126930543899,84.485854295238,1950.2833524904,69
"715",2022-02-13,62235,1633,728,143,162.7,94,0,7,87,0,4,26,22,1,2265,87,463,0.099350004196167,32,0.0625,9.69677817026774,9.92811064578631,106.215277024738,1862.28215380917,94
"716",2022-02-14,62331,1529,728,174,163.4,96,0,3,93,2,2,24,22,0,2267,93,581,0.0705700016021729,36,0.0277800011634827,6.80733403123952,9.55697714945396,105.166775971159,1679.70968236453,97
"717",2022-02-15,62408,1425,731,176,157.7,77,0,4,73,1,2,20,18,3,2268,73,651,0.124420003890991,71,0.0140799999237061,11.3569394082574,9.46072771327362,89.0044087935172,1659.3326374077,77
"718",2022-02-16,62520,1397,731,200,161.4,112,0,15,97,5,3,20,17,0,2273,97,892,0.0829599952697754,53,0.0565999984741211,8.14816039150985,9.32911540742864,123.44426513967,1561.82101443422,111
"719",2022-02-17,62616,1363,732,181,161.3,96,0,10,86,2,4,21,17,1,2275,86,595,0.124370002746582,16,0.125,12.4386500219667,9.6552387755527,111.489175737554,1608.48542477077,96
"720",2022-02-18,62717,1331,735,126,162.6,101,0,15,86,2,3,20,17,3,2277,86,627,0.105260000228882,22,0.0454500007629395,10.3232542619867,9.89521359315186,113.85498821536,1529.95336412377,100
"721",2022-02-19,62817,1323,736,118,159.7,100,0,4,96,2,3,21,18,1,2279,96,644,0.124219999313354,24,0,11.9757005326048,10.1066881168332,116.646723571397,1552.41265921831,97
"722",2022-02-20,62886,1284,738,119,156.3,69,0,4,65,3,5,21,16,2,2282,65,564,0.0939700031280518,27,0.037039999961853,9.13691400392407,10.0267075216413,77.5994267489256,1453.87175300955,68
"723",2022-02-21,62965,1233,740,76,142.3,79,0,3,76,4,3,24,21,2,2286,76,429,0.0792500019073486,11,0,7.72687518596649,10.1580705437451,87.5030375463359,1370.950595982,78
"724",2022-02-22,63082,1248,740,117,133.9,117,0,5,112,2,3,25,22,0,2288,112,577,0.124779996871948,36,0.0277800011634827,11.9083422898857,10.2368423839778,136.311941603126,1463.19020643483,114
"725",2022-02-23,63191,1267,741,158,127.9,109,0,7,102,1,4,23,19,1,2289,102,780,0.107690000534058,40,0.075,10.6095366361665,10.5884675617858,124.669429906597,1461.63889893783,107
"726",2022-02-24,63290,1278,741,142,122.3,99,0,5,94,5,4,27,23,0,2294,94,773,0.0853800010681152,34,0.117650003433228,8.67395798542538,10.0506544137085,110.805972716773,1438.51099076634,94
"727",2022-02-25,63372,1273,742,141,124.4,82,0,4,78,1,3,26,23,1,2295,78,739,0.112309999465942,16,0,10.9929920007061,10.1463312335256,94.4155831285264,1475.62868362326,83
"728",2022-02-26,63448,1271,742,124,125.3,76,0,5,71,3,2,26,24,0,2298,71,675,0.0933300018310547,12,0,9.16997834584599,9.74551377827432,85.4272118402565,1439.76036970375,75
"729",2022-02-27,63541,1269,743,68,118,93,1,2,90,1,1,23,22,1,2299,91,562,0.0622800016403198,36,0.0555600023269653,6.1875453186673,9.32417539466621,101.152980293013,1382.69375815202,84
"730",2022-02-28,63648,1276,743,77,118.1,107,0,6,101,3,1,22,21,0,2302,101,466,0.0858399963378906,34,0,8.0002876586914,9.3632343193412,118.699938637474,1423.81308615264,101
"731",2022-03-01,63758,1305,744,120,118.6,110,0,7,103,2,0,18,18,1,2304,103,917,0.173390007019043,53,0.0754699993133545,16.8039738556773,10.0626102573114,135.061428915499,1622.52587121093,102
"732",2022-03-02,63836,1262,748,155,118.1,78,0,14,64,0,0,11,11,4,2304,64,770,0.150649995803833,55,0.01817999958992,14.1818662722905,10.572943062472,91.1422573523547,1521.14888716674,72
"733",2022-03-03,63917,1258,749,147,118.9,81,0,13,68,2,0,12,12,1,2306,68,712,0.0940999984741211,65,0.107690000534058,9.52368712333179,10.6943329393158,90.3771451697335,1431.47718564007,81
"734",2022-03-04,63984,1235,749,120,115.9,67,0,7,60,4,0,16,16,0,2310,60,467,0.115629997253418,29,0.0344799995422363,11.0885340129176,10.7079817982031,76.633453175793,1433.28857786841,69
"735",2022-03-05,64058,1213,750,63,107.1,74,0,0,74,1,0,15,15,1,2311,74,527,0.0910799980163574,45,0.0666699981689453,8.91596308954946,10.6716939044465,83.5533697994942,1369.59780495657,69
"736",2022-03-06,64146,1234,751,74,108,88,0,11,77,1,0,13,13,1,2312,77,309,0.187700004577637,15,0,17.9010189550895,12.3450472810782,107.958370711358,1553.85233062098,67
"737",2022-03-07,64240,1245,751,136,116.4,94,0,7,87,1,1,11,10,0,2313,87,324,0.141979999542236,24,0,13.2188275435875,13.0905529789205,110.652091813575,1483.29717595288,66
"738",2022-03-08,64325,1205,752,162,122.4,85,0,9,76,4,2,13,11,1,2317,76,594,0.173400001525879,77,0.0909099960327148,16.3933935321745,13.0318986469915,103.040105134493,1491.03061430347,NA
"739",2022-03-09,64419,1180,752,82,112,94,0,7,87,0,2,9,7,0,2317,87,537,0.087519998550415,33,0.0909099960327148,8.77162615625481,12.2590072018436,105.049839603904,1329.87138773111,NA
"740",2022-03-10,64507,1170,752,137,110.6,88,0,7,81,2,1,11,10,0,2319,81,526,0.108369998931885,21,0,10.42095419345,12.3871882118605,100.222192321022,1346.54277797032,NA
"741",2022-03-11,64575,1152,754,89,106.1,68,0,10,58,3,2,12,10,2,2322,58,495,0.133330001831055,29,0.0689699983596802,12.976809324199,12.6569418277578,78.8981435557871,1368.45967890115,NA
"742",2022-03-12,64633,1132,754,69,107,58,0,4,54,4,2,16,14,0,2326,54,349,0.151859998703003,24,0,14.2088845971442,13.4130734716999,69.1099052281068,1364.89653181883,NA
"743",2022-03-13,64685,1105,754,49,103.4,52,0,1,51,1,2,17,15,0,2327,51,258,0.112399997711182,10,0,10.8205967945839,12.4015845916277,59.9905743688325,1278.1291113247,NA
"744",2022-03-14,64807,1118,755,68,93.7,122,0,13,109,2,2,18,16,1,2329,109,229,0.109169998168945,13,0.230769996643066,11.5702229491935,12.1660696495714,140.261011624608,1305.30101831479,NA
"745",2022-03-15,64908,1100,755,113,86.7,101,0,5,96,2,2,19,17,0,2331,96,509,0.135559997558594,63,0.0476200008392334,12.5874298619224,11.6223605538211,118.49705287096,1300.48706414641,NA
"746",2022-03-16,64997,1115,756,138,94.7,89,0,5,84,1,2,19,17,1,2332,84,741,0.129549999237061,37,0.0540500020980835,12.5959382406544,12.1686908515925,104.320269888448,1318.35834435262,NA
"747",2022-03-17,65076,1121,756,92,88.3,79,0,3,76,1,2,17,15,0,2333,76,483,0.186340007781982,34,0.0588199996948242,17.7953779010293,13.2221799526753,98.5829184245792,1409.84804676254,NA
"748",2022-03-18,65147,1125,756,89,88.3,71,0,4,67,2,1,17,16,0,2335,67,560,0.346430015563965,33,0.0302999997138977,32.8837620078211,16.0660303360498,102.901632411273,1660.66173824899,NA
"749",2022-03-19,65223,1125,758,63,87.4,76,0,6,70,0,0,15,15,2,2335,70,443,0.12414999961853,67,0.0298499989509583,11.176156815828,15.6327835101475,87.3278407334434,1307.05458321605,NA
"750",2022-03-20,65324,1151,760,39,86,101,0,11,90,0,1,13,12,2,2335,90,414,0.0652199983596802,27,0,6.12269372356181,14.9616545000015,108.978874830561,1253.04094366639,NA
"751",2022-03-21,65452,1191,760,40,82,128,0,3,125,2,1,10,9,0,2337,125,204,0.132349996566772,29,0,11.5877250212968,14.9641547960163,148.973204970968,1390.83269696339,NA
"752",2022-03-22,65577,1227,760,141,86,125,0,2,123,3,1,12,11,0,2340,123,704,0.186079998016357,34,0,17.7507206779831,15.7017677697392,156.613873339062,1542.36766330918,NA
"753",2022-03-23,65692,1253,760,126,84.3,115,0,14,101,1,1,13,12,0,2341,101,677,0.138850002288818,17,0,13.544877744889,15.8373305560584,134.808567545084,1498.74391221772,NA
"754",2022-03-24,65809,1287,760,166,94.9,117,0,4,113,2,1,13,12,0,2343,113,707,0.162660007476807,64,0,14.9157750046826,15.4259587137232,141.405115907807,1564.95915197653,NA
"755",2022-03-25,65927,1330,761,123,99.7,118,0,8,110,1,1,14,13,1,2344,110,599,0.195330009460449,24,0.0416699981689453,18.9410522669123,13.4341430364505,148.168477620078,1694.76432031548,NA
"756",2022-03-26,66038,1374,761,100,105,111,0,13,98,3,2,14,12,0,2347,98,537,0.139659996032715,62,0,12.5204370399947,13.6261830684743,128.766511928485,1623.09374887488,NA
"757",2022-03-27,66188,1467,761,86,111.7,150,0,9,141,4,1,17,16,0,2351,141,356,0.174160003662109,18,0.111110000610352,17.1125511536623,15.1961627013458,184.937391737541,1830.4975438225,NA
"758",2022-03-28,66386,1550,761,70,116,198,0,7,191,3,1,15,14,0,2354,191,268,0.141789999008179,28,0.1071399974823,13.8512296161136,15.5195205006054,236.307014269127,1860.86844040391,NA
"759",2022-03-29,66600,1650,763,191,123.1,214,0,20,194,2,0,15,15,2,2356,194,683,0.224009990692139,33,0,21.3685507880909,16.0363533734779,274.025171110827,2160.52336254054,NA
"760",2022-03-30,66771,1729,764,215,135.9,171,0,10,161,2,0,16,16,1,2358,161,949,0.152790002822876,39,0.0769199991226196,14.9795134255761,16.2413013278618,205.920478822461,2104.01557691947,NA
"761",2022-03-31,66929,1804,764,193,139.7,158,0,10,148,5,0,17,17,0,2363,148,867,0.185699996948242,55,0,17.4622448323347,16.6050827318121,195.421259091603,2260.13480676522,NA
"762",2022-04-01,67097,1897,764,224,154.1,168,0,20,148,0,0,15,15,0,2363,148,678,0.205009994506836,79,0.0379699993133545,18.7577815351902,16.5789011987089,208.197569645357,2412.23506498136,NA
"763",2022-04-02,67241,1960,764,179,165.4,144,0,10,134,5,1,18,17,0,2368,134,721,0.206660003662109,49,0.0612200021743774,19.7404730840162,17.6103349192834,182.301780422881,2520.2349972302,NA
"764",2022-04-03,67389,2000,764,73,163.6,148,0,12,136,7,1,22,21,0,2375,136,434,0.158990001678467,29,0.0344799995422363,15.1191319039265,17.3255607407497,177.772984531619,2437.83800781793,NA
"765",2022-04-04,67608,2091,764,87,166,219,0,23,196,5,1,24,23,0,2380,196,316,0.183540000915527,20,0.05,17.5591191337222,17.8552592432653,268.832813111307,2622.63475620277,NA
"766",2022-04-05,67803,2157,764,269,177.1,195,0,27,168,5,1,27,26,0,2385,168,848,0.199290008544922,100,0.07,18.565182198955,17.4547780162458,240.161161698651,2736.83705823804,NA
"767",2022-04-06,67993,2230,765,202,175.3,190,0,31,159,0,0,20,20,1,2385,159,849,0.210839996337891,44,0.0909099960327148,20.4930791395643,18.2424302611013,237.180327258355,2891.71150808888,NA
"768",2022-04-07,68139,2230,765,219,179,146,0,22,124,7,1,23,22,0,2392,124,851,0.199759998321533,154,0.0779199981689453,18.1089988347903,18.3348236900235,178.514174588505,2814.73072042231,NA
"769",2022-04-08,68286,2235,766,214,177.6,147,0,22,125,6,1,22,21,1,2398,125,964,0.195020008087158,72,0.0416699981689453,18.4362478440332,18.2888903055725,180.368690076597,2831.63217856956,NA
"770",2022-04-09,68374,2200,766,186,178.6,88,0,7,81,2,1,20,19,0,2400,81,737,0.20488000869751,37,0.0540500020980835,19.7669788743791,18.2926768470529,111.183656018764,2829.67954618866,NA
"771",2022-04-10,68453,2135,767,72,178.4,79,0,11,68,1,1,20,19,1,2401,68,420,0.130950002670288,15,0.133330001831055,13.1032071606866,18.0046875980187,91.9015867639996,2540.07187854616,NA
"772",2022-04-11,68597,2072,767,132,184.9,144,0,29,115,3,1,19,18,0,2404,115,572,0.139860000610352,172,0.0465100002288818,11.8279086543668,17.185943243825,163.69529135008,2426.85777110753,NA
"773",2022-04-12,68739,2008,767,237,180.3,142,0,13,129,2,2,20,18,0,2406,129,641,0.198129997253418,59,0.135590000152588,19.2858768926348,17.2888996286364,178.023483567185,2568.73763568146,NA
"774",2022-04-13,68739,1837,767,185,177.9,0,0,0,0,0,2,18,16,0,2406,0,NA,NA,NA,NA,NA,NA,NA,NA,NA
