"","date","observed_cumulative_cases","observed_active_cases","observed_cumulative_deaths","observed_new_cases","observed_daily_average_cases","observed_new_episodes","observed_new_cases_community_outbreak","observed_new_cases_institution_outbreak","observed_new_cases_sporadic","observed_new_ICU_p_acute_care","observed_census_ICU","observed_census_ICU_p_acute_care","observed_census_acute_care","observed_new_deaths","cumulative_hosp","observed_new_community_cases","num_non_ltch_tests","non_ltch_pct_positivity","num_ltch_tests","ltch_pct_positivity","observed_pct_positivity","pct_positivity_7_day","adjusted_new_episodes","adjusted_active_cases","adjusted_episode_cases"
"1",2020-03-01,7,7,0,0,0,2,0,0,2,0,0,1,1,0,0,2,NA,NA,NA,NA,NA,NA,NA,NA,2
"2",2020-03-02,10,10,0,0,0,3,2,0,1,0,0,1,1,0,0,3,NA,NA,NA,NA,NA,NA,NA,NA,3
"3",2020-03-03,11,11,0,0,0,1,0,0,1,0,0,1,1,0,0,1,NA,NA,NA,NA,NA,NA,NA,NA,1
"4",2020-03-04,12,12,0,0,0,1,0,0,1,0,0,1,1,0,0,1,NA,NA,NA,NA,NA,NA,NA,NA,1
"5",2020-03-05,18,18,0,0,0,6,2,0,4,0,0,1,1,0,0,6,NA,NA,NA,NA,NA,NA,NA,NA,6
"6",2020-03-06,23,23,0,0,0,5,0,1,4,0,0,1,1,0,0,4,NA,NA,NA,NA,NA,NA,NA,NA,5
"7",2020-03-07,27,27,0,0,0,4,0,0,4,0,0,1,1,0,0,4,NA,NA,NA,NA,NA,NA,NA,NA,4
"8",2020-03-08,36,36,0,0,0,9,1,0,8,0,0,1,1,0,0,9,NA,NA,NA,NA,NA,NA,NA,NA,9
"9",2020-03-09,45,45,0,1,0.1,9,0,0,9,0,0,1,1,0,0,9,NA,NA,NA,NA,NA,NA,NA,NA,9
"10",2020-03-10,52,52,0,0,0.1,7,1,0,6,0,0,1,1,0,0,7,NA,NA,NA,NA,NA,NA,NA,NA,7
"11",2020-03-11,61,61,0,0,0.1,9,0,0,9,0,0,1,1,0,0,9,NA,NA,NA,NA,NA,NA,NA,NA,9
"12",2020-03-12,75,75,0,3,0.6,14,1,0,13,0,0,1,1,0,0,14,NA,NA,NA,NA,NA,NA,NA,NA,14
"13",2020-03-13,97,97,0,1,0.7,22,2,2,18,0,0,1,1,0,0,20,NA,NA,NA,NA,NA,NA,NA,NA,22
"14",2020-03-14,115,115,0,4,1.3,18,1,1,16,1,0,2,2,0,1,17,NA,NA,NA,NA,NA,NA,NA,NA,18
"15",2020-03-15,142,142,0,4,1.9,27,1,0,26,0,0,2,2,0,1,27,NA,NA,NA,NA,NA,NA,NA,NA,27
"16",2020-03-16,156,156,0,0,1.7,14,0,0,14,0,0,2,2,0,1,14,NA,NA,NA,NA,NA,NA,NA,NA,14
"17",2020-03-17,179,178,0,5,2.4,23,1,0,22,2,0,4,4,0,3,23,127,0,4,0,0,0,23,178,23
"18",2020-03-18,195,193,0,4,3,16,0,0,16,0,0,3,3,0,3,16,210,0.0190499997138977,1,0,1.89597153550641,0.947985767753203,16.4784874729117,198.771755141998,16
"19",2020-03-19,220,218,0,1,2.7,25,0,0,25,4,0,7,7,0,7,25,110,0.0272699999809265,9,0,2.52075630075791,1.47224261208811,25.9940074666109,226.667745108847,25
"20",2020-03-20,242,240,0,2,2.9,22,1,1,20,3,1,10,9,0,10,21,137,0.00730000019073486,4,0,0.709290798674238,1.28150465873464,22.2349429390384,242.685062160439,22
"21",2020-03-21,262,260,0,4,2.9,20,0,2,18,3,1,10,9,0,13,18,204,0.0147099995613098,3,0,1.44968111618705,1.31513995022512,20.4115890038034,265.945174499383,20
"22",2020-03-22,288,286,0,6,3.1,26,0,1,25,3,5,13,8,0,16,25,159,0.0314499998092651,2,0,3.10593165818208,1.61360523488461,27.2247591161779,300.011244289075,26
"23",2020-03-23,309,307,0,9,4.4,21,1,0,20,4,5,17,12,0,20,21,138,0.0362299990653992,3,0,3.54591480214545,1.88964945877902,22.1745360954252,324.170599109312,21
"24",2020-03-24,327,323,1,8,4.9,18,1,3,14,3,7,20,13,1,23,15,253,0.0197599995136261,4,0,1.94524508830638,2.16754161425136,18.4602400021573,332.910501379787,18
"25",2020-03-25,350,346,1,8,5.4,23,0,1,22,4,8,23,15,0,27,22,153,0.0588199996948242,2,0,5.80610319568265,2.7261318514194,25.0147733977632,377.686890710276,23
"26",2020-03-26,364,356,1,19,8,14,1,3,10,2,7,25,18,0,29,11,274,0.025550000667572,3,0,2.52732858588979,2.72707074929538,14.4385036082414,370.191571321267,14
"27",2020-03-27,381,364,1,27,11.6,17,3,2,12,5,9,26,17,0,34,15,577,0.0294600009918213,4,0,2.92571782655437,3.04370318184968,17.6922173390384,380.797807427332,17
"28",2020-03-28,406,386,2,26,14.7,25,1,1,23,3,8,25,17,1,37,24,367,0.0817399978637695,3,0,8.10772411243335,3.99485218131344,28.0692267913619,435.36339756107,25
"29",2020-03-29,425,398,2,11,15.4,19,5,4,10,7,8,31,23,0,44,15,184,0.0434800004959106,0,0,4.34800004959106,4.17229052294329,20.0287256676463,425.295521048214,19
"30",2020-03-30,450,407,3,48,21,25,8,3,14,4,12,32,20,1,48,22,549,0.0783199977874756,0,0,7.83199977874756,4.78458837674359,27.7177789084496,457.278909806318,25
"31",2020-03-31,467,404,3,51,27.1,17,2,3,12,6,13,34,21,0,54,14,943,0.064689998626709,0,0,6.4689998626709,5.43083905879567,18.4285122014044,445.222780669098,17
"32",2020-04-01,494,407,3,37,31.3,27,6,4,16,3,15,33,18,0,57,22,575,0.0573899984359741,4,0.25,5.87206374795943,5.44026199483521,28.0376623409236,444.696753307086,27
"33",2020-04-02,511,403,6,32,33.1,17,5,4,7,6,14,34,20,3,63,12,107,0.0841100025177002,9,0,7.75842264602924,6.1875611462837,17.4684983303382,452.31706892719,17
"34",2020-04-03,538,409,6,26,33,27,3,4,19,5,14,37,23,0,68,22,217,0.110600004196167,2,0,10.9589958495745,7.33517229242944,29.802876483549,479.698930989616,27
"35",2020-04-04,555,416,7,18,31.9,17,3,7,6,7,14,43,29,1,75,9,315,0.0253999996185303,3,0,2.51603769806196,6.53635994751924,16.3571728423976,432.509322493043,17
"36",2020-04-05,582,427,8,40,36,27,4,8,13,4,13,43,30,1,79,17,422,0.0663500022888184,5,0.2,6.79149905524154,6.88543123404074,26.8210981055509,472.741699474719,27
"37",2020-04-06,601,427,9,40,34.9,19,3,7,9,4,12,44,32,1,83,12,238,0.117650003433228,4,0.25,11.9837606682266,7.47853993253774,21.26826164742,507.712310287361,19
"38",2020-04-07,624,425,9,25,31.1,23,2,11,10,4,14,45,31,0,87,12,285,0.108769998550415,6,0,10.6527318167932,8.07621592598378,25.0163272356021,496.411589594242,23
"39",2020-04-08,644,428,11,26,29.6,20,1,11,7,5,16,44,28,2,92,8,368,0.0434800004959106,6,0.333330001831055,4.813000051733,7.92492111223715,19.6073298540483,460.492147191586,20
"40",2020-04-09,680,436,11,25,28.6,36,1,20,13,6,16,47,31,0,98,14,295,0.0949199962615967,5,0,9.33379963239034,8.14997496743159,36.0611295321358,500.18946257223,36
"41",2020-04-10,714,452,11,37,30.1,34,0,20,13,4,16,48,32,0,102,13,331,0.090629997253418,8,0,8.84912362562872,7.84856464972505,34.8145226399633,515.089556404879,34
"42",2020-04-11,757,481,11,31,32,43,0,34,7,5,19,52,33,0,107,7,225,0.102220001220703,11,0.363639984130859,11.4404830932617,9.12348542046787,42.2631681894902,567.797699877829,43
"43",2020-04-12,790,496,13,35,31.3,33,0,18,14,1,18,48,30,2,108,14,227,0.101319999694824,12,0.5,12.1337405567887,9.88666277783175,34.6794244554044,590.928180705756,33
"44",2020-04-13,814,503,16,16,27.9,24,0,19,5,3,20,50,30,3,111,5,165,0.0606099987030029,26,0.0384599995613098,5.75948155737672,8.99748004771035,24.4542261915695,548.695154871888,24
"45",2020-04-14,847,504,18,32,28.9,33,0,26,7,5,20,50,30,2,116,7,208,0.0673099994659424,18,0.166669998168945,7.52236276812258,8.55028446932883,33.8305601503921,563.800330828234,33
"46",2020-04-15,876,502,24,60,33.7,29,2,18,9,4,16,50,34,6,120,11,390,0.1,24,0.208330001831055,10.6280000106148,9.38099874916909,30.8440088792029,586.153859759986,29
"47",2020-04-16,946,551,24,21,33.1,70,1,55,13,7,13,52,39,0,127,14,310,0.0354800009727478,11,0,3.42641753942424,8.5370870216025,69.7566361672719,580.7790377262,70
"48",2020-04-17,978,555,26,73,38.3,32,0,26,6,0,13,49,36,2,127,6,378,0.0846599960327148,66,0.5,14.6399726352176,9.36435116582948,33.3855120010777,683.15986009969,32
"49",2020-04-18,1018,577,31,31,38.3,40,0,31,9,1,11,46,35,5,128,9,421,0.0617600011825562,8,0,6.06082995288022,8.59582928863213,40.8603860996304,632.160308831859,40
"50",2020-04-19,1035,580,35,37,38.6,17,0,13,4,4,15,47,32,4,132,4,452,0.0442500019073486,47,0.127659997940063,5.21062540386864,7.60681283821498,17.3287521641406,627.669063800387,17
"51",2020-04-20,1096,617,39,16,38.6,61,1,47,13,3,13,45,32,4,135,14,325,0.0523099994659424,43,0.0232599997520447,4.89155701515467,7.48282361789754,62.080174529039,664.604834601218,61
"52",2020-04-21,1132,628,47,51,41.3,36,0,26,10,2,11,43,32,8,137,10,543,0.069980001449585,25,0.36,8.27449661745152,7.59027131065882,37.3051497945629,709.963407098548,36
"53",2020-04-22,1173,645,54,35,37.7,41,1,31,9,4,9,45,36,7,141,10,656,0.0243899989128113,122,0.106560001373291,3.72752692215241,6.60448944087848,41.5879488773268,682.922702587577,41
"54",2020-04-23,1218,661,57,50,41.9,45,0,35,10,5,11,48,37,3,146,10,775,0.0361299991607666,105,0.0285700011253357,3.522795394063,6.61825770582687,45.5556562407859,697.728877515944,45
"55",2020-04-24,1259,668,65,38,36.9,41,0,36,5,7,10,48,38,8,153,5,517,0.0406199979782104,94,0.106379995346069,5.07369206501886,5.25164619579848,41.4001408461736,721.458817048788,41
"56",2020-04-25,1360,742,78,53,40,101,0,95,6,5,9,49,40,13,158,6,557,0.0502699995040894,28,0.0357100009918213,4.95731106864082,5.09400064090713,101.469154837227,800.018814870355,101
"57",2020-04-26,1414,759,87,87,47.1,54,0,41,13,5,9,50,41,9,163,13,358,0.0502799987792969,81,0.0123500001430511,4.32815252268233,4.96793308645194,54.8874924878297,810.815907558671,54
"58",2020-04-27,1475,782,95,87,57.3,61,0,54,7,8,11,54,43,8,171,7,269,0.0632000017166138,80,0.1,7.16355314090806,5.29250396155957,61.7909432125858,870.359656034585,61
"59",2020-04-28,1494,776,103,65,59.3,19,0,12,7,7,13,60,47,8,178,7,503,0.0616300010681152,11,0.272730007171631,6.61477054788908,5.05540023733636,19.7303509536054,856.964619999687,19
"60",2020-04-29,1519,765,111,27,58.1,25,0,17,8,7,13,61,48,8,185,8,668,0.0314400005340576,74,0.148649997711182,4.31294072606172,5.13903078075198,25.544229718164,817.041966799437,25
"61",2020-04-30,1539,755,122,30,55.3,20,0,10,10,2,11,55,44,11,187,10,603,0.0414599990844727,6,0.333330001831055,4.43355656139957,5.26913951894292,20.6993120793704,807.798061992466,20
"62",2020-05-01,1562,738,135,43,56,23,0,16,7,6,11,57,46,13,193,7,516,0.031010000705719,55,0.0909099960327148,3.67797025323123,5.06975068868754,23.4060925563982,780.813758088839,23
"63",2020-05-02,1583,739,139,22,51.6,21,0,15,6,4,12,57,45,4,197,6,508,0.0511800003051758,28,0.0357100009918213,5.03718660126871,5.08116147906296,21.4767141757449,797.715295979247,21
"64",2020-05-03,1602,720,148,23,42.4,19,0,13,6,3,12,52,40,9,200,6,826,0.0205800008773804,231,0.0043299999833107,1.70286761786764,4.70612077837514,19.1611576455496,739.338917465952,19
"65",2020-05-04,1620,717,152,14,32,18,0,11,7,6,10,51,41,4,206,7,637,0.0109899997711182,24,0.125,1.51295459216374,3.89889241426881,18.1670485500818,734.11054434409,18
"66",2020-05-05,1645,717,156,29,26.9,25,0,24,1,3,9,49,40,4,209,1,923,0.0292499995231628,29,0.172409992218018,3.36109656871868,3.4340818458159,25.0530151222362,755.011842643329,25
"67",2020-05-06,1661,691,161,23,26.3,16,0,11,5,4,10,52,42,5,213,5,598,0.0167200005054474,149,0.0134200000762939,1.60617674881196,3.04740127763736,16.1266724340259,708.506130382381,16
"68",2020-05-07,1684,669,167,32,26.6,23,0,16,7,6,10,54,44,6,219,7,813,0.0356699991226196,234,0.0128199994564056,3.05631224063884,2.85065208895726,23.3374539665898,701.250957664081,23
"69",2020-05-08,1697,636,173,16,22.7,13,0,8,5,4,8,54,46,6,223,5,715,0.00978999972343445,127,0.0472399997711182,1.54386339349022,2.54577968042283,13.12175804064,651.487622769412,13
"70",2020-05-09,1714,619,179,12,21.3,17,0,12,5,5,6,51,45,6,228,5,1100,0.0154499995708466,164,0.0304900002479553,1.74013920637626,2.0747729097239,17.1372374920622,635.990001517303,17
"71",2020-05-10,1726,551,185,25,21.6,12,0,8,4,3,5,52,47,6,231,4,907,0.0176400005817413,316,0.0126600003242493,1.63532629845479,2.06512414980778,12.1031770695498,565.212641330489,12
"72",2020-05-11,1746,531,188,14,21.6,20,0,14,6,1,5,51,46,3,232,6,517,0.00967000007629395,197,0.0152300000190735,1.12040616851561,2.00904580357234,20.1060340911311,540.384017065105,20
"73",2020-05-12,1769,514,193,13,19.3,23,0,17,6,4,6,50,44,5,236,6,835,0.0131700003147125,322,0.00310999989509583,1.03702422031165,1.67703546808562,23.0981429090375,522.407575874215,23
"74",2020-05-13,1790,497,195,21,19,21,0,15,6,2,7,47,40,2,238,6,1249,0.0144099998474121,224,0.0133899998664856,1.42548878340193,1.65122290159847,21.1349067970287,508.174779687211,21
"75",2020-05-14,1804,469,198,25,18,14,0,10,4,2,6,45,39,3,240,4,1046,0.0267700004577637,127,0.0236199998855591,2.64289518024611,1.59216332154237,14.1667472602152,488.551116260229,14
"76",2020-05-15,1824,454,201,17,18.1,20,0,12,8,1,5,43,38,3,241,8,1163,0.012039999961853,137,0.0146000003814697,1.23097846214588,1.54746547420746,20.1553313861866,462.815056166088,20
"77",2020-05-16,1840,435,207,19,19.1,16,0,6,10,1,4,41,37,6,242,10,967,0.0134399998188019,25,0.04,1.41093546620781,1.50043636846911,16.2225491433495,444.680887735705,16
"78",2020-05-17,1851,395,212,15,17.7,11,0,8,3,1,2,41,39,5,243,3,353,0.0254999995231628,10,0.1,2.7552341134095,1.66042319917693,11.1303762658929,412.166208342564,11
"79",2020-05-18,1866,387,213,25,19.3,15,0,8,7,2,1,42,41,1,245,7,376,0.0398900008201599,17,0.0588199996948242,4.07088557333133,2.08192025700774,15.4494751766484,411.849556194704,15
"80",2020-05-19,1878,350,219,23,20.7,12,0,8,4,0,1,39,38,6,245,4,359,0.0390000009536743,31,0.225809993743896,5.38490003805894,2.70304537382878,12.3397476126145,379.727916103766,12
"81",2020-05-20,1893,336,223,17,20.1,15,0,9,6,3,1,40,39,4,248,6,675,0.0296300005912781,36,0.0555600023269653,3.09429120715661,2.94144572007945,15.2928405475316,352.39907066177,15
"82",2020-05-21,1901,322,229,11,18.1,8,0,1,7,0,1,37,36,6,248,7,478,0.0209200000762939,36,0,1.94547860631683,2.8418147809467,8.21480445089601,331.881004741217,8
"83",2020-05-22,1908,306,233,7,16.7,7,0,3,4,1,1,35,34,4,249,4,514,0.00583999991416931,14,0,0.568515143159664,2.74717716394867,7.03586912686559,308.743988205218,7
"84",2020-05-23,1917,302,236,6,14.9,9,1,3,5,1,0,34,34,3,250,6,582,0.00859000027179718,43,0,0.799900825309753,2.65988650096323,9.07570179403701,305.810323633196,9
"85",2020-05-24,1927,299,237,8,13.9,10,0,3,7,1,1,35,34,1,251,7,332,0.0150600004196167,25,0.04,1.68064989896716,2.50637447032861,10.1855641473126,306.926240006638,10
"86",2020-05-25,1942,295,240,6,11.1,15,1,7,7,0,1,34,33,3,251,8,401,0.0174600005149841,8,0,1.71184846124905,2.16936916860257,15.2160101111466,302.96537284853,15
"87",2020-05-26,1948,286,243,16,10.1,6,0,2,4,1,1,34,33,3,252,4,1123,0.00800999999046326,41,0.0731699991226196,1.03051545990701,1.54731422886658,6.06501795108381,290.648783502492,6
"88",2020-05-27,1953,260,243,8,8.9,5,0,1,4,1,1,32,31,0,253,4,1150,0.00957000017166138,13,0.0769199991226196,1.03228376491871,1.25274173711831,5.06512951813275,264.233418678629,5
"89",2020-05-28,1957,235,244,4,7.9,4,0,2,2,1,1,30,29,1,254,2,1403,0.00284999996423721,88,0,0.268179071081476,1.01312751779898,4.00846006411532,235.99405753355,4
"90",2020-05-29,1964,226,247,7,7.9,7,0,3,4,2,1,31,30,3,256,4,1380,0.0065200001001358,37,0,0.634975309681539,1.0226218273021,7.04006227488137,228.263518530798,7
"91",2020-05-30,1967,209,248,15,9.1,3,1,1,1,0,1,31,30,1,256,2,1020,0.0127499997615814,119,0,1.1417910234252,1.07146328417574,3.03601931062523,212.764017960337,3
"92",2020-05-31,1971,194,249,10,9.4,4,0,1,3,3,1,34,33,1,259,3,1309,0.00535000026226044,11,0.0909099960327148,0.606300022701423,0.917984730423488,4.0286898062803,195.855274139459,4
"93",2020-06-01,1982,185,250,5,9.3,11,0,5,6,2,1,33,32,1,261,6,763,0.00130999997258186,20,0,0.127653892602805,0.691671220616881,11.0120810335232,185.372498533633,11
"94",2020-06-02,1985,167,251,8,8.1,3,0,1,2,0,1,28,27,1,261,2,858,0.0104900002479553,9,0,1.03811075118174,0.692756262227556,3.03274857906838,169.73450635221,3
"95",2020-06-03,1995,157,251,8,8.1,10,0,7,3,0,1,23,22,0,261,3,1110,0.00449999988079071,141,0,0.399280564962245,0.602327233662346,10.0188937516598,157.98877300353,10
"96",2020-06-04,2002,146,254,8,8.7,7,0,2,5,0,0,20,20,3,261,5,1430,0.00559000015258789,21,0,0.550909732474203,0.642717328147021,7.04344794356704,147.268679952158,7
"97",2020-06-05,2006,137,256,15,9.9,4,0,1,3,1,0,21,21,2,262,3,1366,0.00952000021934509,29,0,0.932209340474939,0.685179332546079,4.04411166813378,139.014432844776,4
"98",2020-06-06,2009,128,257,2,8,3,0,0,3,0,0,21,21,1,262,3,1404,0.000710000023245811,68,0,0.0677201109128477,0.5317406307586,3.00320448093456,128.136724519875,3
"99",2020-06-07,2010,118,258,4,7.1,1,0,0,1,0,0,20,20,1,262,1,870,0.00230000004172325,22,0,0.22432735832951,0.477173107276898,1.00353835186809,118.417525520435,1
"100",2020-06-08,2013,110,258,0,6.4,3,0,0,3,0,0,19,19,0,262,3,701,0.0014300000667572,12,0,0.140593274445554,0.47902159039729,3.0066528016776,110.243936061512,3
"101",2020-06-09,2023,107,259,3,5.7,10,0,3,7,0,0,18,18,1,262,7,1338,0.00224000006914139,10,0,0.222338285794598,0.362482666770557,10.0245488453269,107.375246635711,10
"102",2020-06-10,2033,105,259,7,5.6,10,0,4,6,0,0,17,17,0,262,6,1281,0.00233999997377396,12,0,0.231828303666237,0.338560915156841,10.0219399929851,105.38394987724,10
"103",2020-06-11,2040,104,260,5,5.1,7,0,2,5,0,0,16,16,1,262,5,1529,0.00326999992132187,6,0,0.325721816267175,0.306391212841551,7.02568831563053,104.534316965115,7
"104",2020-06-12,2044,107,260,10,4.4,4,0,2,2,0,0,16,16,0,262,2,1596,0.00814999997615814,13,0,0.808415162333648,0.288706330249938,4.02550252738797,108.364385215257,4
"105",2020-06-13,2047,105,260,6,5,3,0,3,0,0,0,16,16,0,262,0,1479,0.00270000010728836,23,0.0434800004959106,0.332446083228058,0.326524326294968,3,105.55059123854,3
"106",2020-06-14,2050,102,260,1,4.6,3,0,1,2,0,0,16,16,0,262,2,768,0,13,0,0,0.294477560819324,3,102,3
"107",2020-06-15,2055,100,260,2,4.9,5,0,2,3,0,0,14,14,0,262,3,720,0.00555999994277954,17,0,0.543175028331244,0.351989239945851,5.02570276390505,100.856758796835,5
"108",2020-06-16,2059,99,260,3,4.9,4,0,1,3,1,0,14,14,0,263,3,1250,0.000799999982118607,14,0,0.0791139222822989,0.331528616586952,4.00374363024801,99.1235397981843,4
"109",2020-06-17,2062,89,260,8,5,3,0,0,3,1,1,6,5,0,264,3,1098,0.0091100001335144,26,0,0.889927059305944,0.425542724535481,3.04211089226308,90.2492898038047,3
"110",2020-06-18,2064,75,260,2,4.6,2,0,0,2,0,1,6,5,0,264,2,1304,0.00230000004172325,122,0,0.210322584460527,0.409057119991674,2.00663490458916,75.2488089220935,2
"111",2020-06-19,2067,73,260,5,3.9,3,0,0,3,0,1,5,4,0,264,3,1875,0.0010700000077486,19,0,0.105926611115556,0.308701612674804,3.00501239293921,73.1219682281875,3
"112",2020-06-20,2073,73,261,1,3.1,6,0,0,6,1,1,5,4,1,265,6,1792,0.000560000017285347,158,0,0.0514625656910432,0.268561110169516,6.00487036445681,73.0592561008912,6
"113",2020-06-21,2079,77,261,1,3.1,6,0,0,6,0,1,4,3,0,265,6,1102,0.00363000005483627,86,0,0.336722227308886,0.316664285499357,6.03186704637984,77.4089604285413,6
"114",2020-06-22,2081,76,262,6,3.7,2,0,1,1,0,1,1,0,1,265,1,509,0.0039300000667572,10,0,0.385427752211833,0.294128960339441,2.00607941455384,76.4620355060916,2
"115",2020-06-23,2090,81,262,4,3.9,9,0,0,9,0,1,1,0,0,265,9,1255,0.00158999994397163,20,0,0.156505876837992,0.305184953847397,9.02221733359767,81.199956002379,9
"116",2020-06-24,2092,75,263,3,3.1,2,0,0,2,1,1,2,1,1,266,2,1733,0.00289000004529953,24,0,0.285052366448724,0.218774283439223,2.00899235457358,75.3372132965094,2
"117",2020-06-25,2098,73,263,6,3.7,6,0,0,6,0,1,2,1,0,266,6,1796,0.00277999997138977,21,0.0476200008392334,0.32982388366758,0.235845897611659,6.03121419420991,73.3797726962206,6
"118",2020-06-26,2102,67,263,6,3.9,4,0,0,4,0,1,2,1,0,266,4,2028,0.00196999996900558,23,0,0.194790830674954,0.248540786120145,4.01228986967507,67.2058553170574,4
"119",2020-06-27,2105,69,263,3,4.1,3,0,0,3,0,1,1,0,0,266,3,1574,0.000640000030398369,80,0,0.0609044768952257,0.249889630577885,3.00288196862659,69.0662852784116,3
"120",2020-06-28,2107,68,263,2,4.3,2,0,0,2,0,1,1,0,0,266,2,880,0.00114000000059605,12,0,0.112466367771808,0.217853079215445,2.00354790058124,68.1206286197621,2
"121",2020-06-29,2111,69,263,1,3.6,4,0,0,4,2,1,3,2,0,268,4,854,0.00351000010967255,8,0,0.347742470262222,0.212469467508358,4.02193999391655,69.3784648950605,4
"122",2020-06-30,2114,68,263,10,4.4,3,0,0,3,0,1,3,2,0,268,3,1605,0.00435999989509583,11,0,0.433032167798812,0.251973223359904,3.02049086020471,68.4644594979734,3
"123",2020-07-01,2116,67,263,4,4.6,2,0,0,2,0,2,3,1,0,268,2,1601,0.00312000006437302,15,0,0.309103966773589,0.255409166263456,2.00975109417248,67.326661654778,2
"124",2020-07-02,2122,66,263,4,4.3,6,0,1,5,0,1,3,2,0,268,5,1012,0.00197999998927116,12,0,0.195679686439689,0.236245709516614,6.01543243742575,66.20370817402,6
"125",2020-07-03,2130,74,263,4,4,8,0,0,8,0,1,3,2,0,268,8,1334,0.00300000011920929,14,0,0.296884284794154,0.2508304886765,8.03746243245694,74.3465275002267,8
"126",2020-07-04,2134,75,263,4,4.1,4,0,0,4,0,1,3,2,0,268,4,1257,0.00317999988794327,40,0,0.308192741645697,0.286157383640853,4.01944469673702,75.3645880638192,4
"127",2020-07-05,2136,72,263,5,4.6,2,0,0,2,0,1,2,1,0,268,2,734,0.00272000014781952,47,0,0.255631255889824,0.306609510514855,2.00806422666014,72.290312159765,2
"128",2020-07-06,2142,72,263,0,4.4,6,0,1,5,0,1,2,1,0,268,5,602,0,10,0,0,0.256932014763109,6,72,6
"129",2020-07-07,2149,73,263,6,3.9,7,0,1,6,0,1,1,0,0,268,6,1272,0.0039300000667572,21,0,0.386617175940847,0.250301301640543,7.03658905316532,73.4451668135114,7
"130",2020-07-08,2162,79,263,5,4,13,0,1,12,0,1,1,0,0,268,12,1684,0.00296999990940094,39,0,0.29027741424441,0.247611794136374,13.0549431137747,79.3617088323499,13
"131",2020-07-09,2170,83,263,5,4.1,8,0,0,8,1,0,2,2,0,269,8,1504,0.00266000002622604,41,0,0.258941102876632,0.256649139341652,8.03267456067459,83.3389985669989,8
"132",2020-07-10,2186,96,263,12,5.3,16,0,0,16,0,0,2,2,0,269,16,1900,0.00684000015258789,14,0.0714300012588501,0.73124453017455,0.318700602967423,16.1845446204077,97.107267722446,16
"133",2020-07-11,2193,101,263,7,5.7,7,0,0,7,1,1,2,1,0,270,7,1571,0.00381999999284744,25,0,0.376016290022765,0.328389681307004,7.04151676222192,101.599027569202,7
"134",2020-07-12,2216,121,263,9,6.3,23,0,2,21,1,1,3,2,0,271,21,1068,0.00842999994754791,13,0,0.832862159480219,0.410851238962775,23.2758742731866,122.589561288361,23
"135",2020-07-13,2239,139,263,6,7.1,23,0,2,21,0,0,3,3,0,271,21,808,0.00619000017642975,65,0,0.572911814725686,0.492695783923587,23.1897692537575,140.256091727252,23
"136",2020-07-14,2258,149,263,4,6.9,19,0,2,17,1,0,4,4,0,272,17,1406,0.00356000006198883,66,0,0.340038049399205,0.486041622989067,19.0911790817519,149.799157834179,19
"137",2020-07-15,2279,168,263,15,8.3,21,0,0,21,1,0,5,5,0,273,21,1404,0.00782999992370605,46,0,0.758159992612641,0.552881991327385,21.2511301954836,170.009041563869,21
"138",2020-07-16,2301,186,263,7,8.6,22,0,1,21,0,0,5,5,0,273,21,1695,0.00708000004291534,25,0.04,0.755848841438459,0.623868811121932,22.2503646580616,188.217515542832,22
"139",2020-07-17,2331,213,263,17,9.3,30,0,0,29,0,1,5,4,0,273,29,1787,0.00726999998092651,21,0,0.718555860946663,0.622056144089377,29.3286830516945,215.414120345204,30
"140",2020-07-18,2357,232,263,16,10.6,26,0,0,24,2,1,6,5,0,275,24,1551,0.00708999991416931,81,0,0.673810653607635,0.664598196030073,24.2550749978266,234.46572497899,26
"141",2020-07-19,2375,250,263,28,13.3,18,0,0,18,0,1,6,5,0,275,18,2025,0.0212299990653992,22,0,2.10018310246377,0.845644045027723,18.596277527034,258.281632319916,18
"142",2020-07-20,2405,275,263,47,19.1,30,0,0,27,2,3,8,5,0,277,27,1548,0.0148599994182587,35,0.0285700011253357,1.51631264301018,0.980415591925508,27.6457602329462,281.577187557785,30
"143",2020-07-21,2429,294,263,23,21.9,24,0,0,23,0,3,8,5,0,277,23,1428,0.0161099994182587,15,0,1.59425358068423,1.15958923925194,23.578367676956,301.393047696742,24
"144",2020-07-22,2456,314,263,13,21.6,27,0,1,23,2,3,9,6,0,279,23,1771,0.00902999997138977,16,0,0.894914938406899,1.17912566007969,24.3246596904474,318.432310556543,27
"145",2020-07-23,2475,322,263,29,24.7,19,0,1,17,1,3,10,7,0,280,17,1667,0.0101999998092651,32,0,1.0007886805206,1.21411706566285,18.2683552416526,327.082963988949,19
"146",2020-07-24,2498,337,263,34,27.1,23,0,1,18,0,3,7,4,0,280,18,2036,0.0122800004482269,83,0,1.17989999587494,1.28002337065261,19.3349935778754,343.271824208,23
"147",2020-07-25,2510,336,263,26,28.6,12,0,1,10,0,3,7,4,0,280,10,2126,0.00800000011920929,320,0,0.695339339878943,1.28309889726279,11.1096770037564,339.685147326215,12
"148",2020-07-26,2517,338,263,21,27.6,7,0,0,6,2,4,9,5,0,282,6,1816,0.0121099996566772,73,0,1.16420113163186,1.14938718714395,6.1101788015412,344.206739153487,7
"149",2020-07-27,2532,340,264,22,24,15,0,1,13,1,4,9,5,1,283,13,1601,0.00874000012874603,24,0,0.861091704992147,1.05578419599852,14.1765678116721,344.617927382193,15
"150",2020-07-28,2552,330,264,14,22.7,20,0,1,18,1,4,10,6,0,284,18,1488,0.00739000022411346,24,0,0.727269863325452,0.931929379232976,19.2064842227715,333.785544084144,20
"151",2020-07-29,2568,324,264,20,23.7,16,2,2,12,2,4,11,7,0,286,14,2254,0.00620999991893768,52,0,0.606996522865808,0.89079817701282,16.1340395667849,327.102058545593,16
"152",2020-07-30,2588,334,264,19,22.3,20,1,0,18,1,4,12,8,0,287,19,1891,0.00898999989032745,134,0,0.83951060704243,0.867758452230225,19.2515930067102,338.422740223222,20
"153",2020-07-31,2598,321,264,18,20,10,0,1,9,1,3,13,10,0,288,9,2129,0.00797999978065491,207,0,0.727286795077667,0.803099423544901,10.1032445149912,324.682387701355,10
"154",2020-08-01,2616,309,264,15,18.4,18,0,0,18,1,2,13,11,0,289,18,1629,0.00551999986171722,83,0.0120500004291534,0.58365828331525,0.787144986892945,18.1657104646732,311.844696310224,18
"155",2020-08-02,2624,294,264,2,15.7,8,0,0,8,0,2,13,11,0,289,8,1340,0.00149000003933907,11,0,0.147786828476266,0.641942943585003,8.01864852524496,294.685333302752,8
"156",2020-08-03,2633,280,264,10,14,9,0,1,7,0,1,12,11,0,289,7,1046,0.0114699995517731,47,0,1.09767790769942,0.675740972543185,8.12119696380031,284.847878552012,9
"157",2020-08-04,2645,268,264,20,14.9,12,0,1,11,1,1,11,10,0,290,11,1699,0.0058899998664856,12,0,0.584869069150148,0.655398001946713,12.1014775833277,270.472362939257,12
"158",2020-08-05,2654,248,264,12,13.7,9,1,0,8,1,1,12,11,0,291,9,1599,0.005,70,0,0.479029358897543,0.637116978522675,9.06800227112698,249.873840359944,9
"159",2020-08-06,2664,224,264,13,12.9,10,0,0,10,1,2,10,8,0,292,10,1639,0.00305000007152557,10,0,0.303150401287472,0.560494091986252,10.0478164053059,225.071087478851,10
"160",2020-08-07,2676,225,264,6,11.1,12,0,3,9,1,2,10,8,0,293,9,1689,0,39,0,0,0.456595978403729,12,225,12
"161",2020-08-08,2682,208,264,14,11,6,1,1,4,0,1,10,9,0,293,5,1518,0.00725000023841858,95,0,0.682300084433937,0.470687664277827,6.05381015040547,210.238502256867,6
"162",2020-08-09,2684,199,264,16,13,2,0,1,1,2,2,12,10,0,295,1,1589,0.00441000014543533,102,0,0.414399185753799,0.508775143888903,2.00653638568191,200.300740750701,2
"163",2020-08-10,2696,200,264,8,12.7,12,2,0,10,0,1,12,11,0,295,12,1384,0.00578000009059906,27,0,0.566939767922686,0.432955409635084,12.1073091968021,201.788486613369,12
"164",2020-08-11,2709,204,264,8,11,13,2,1,10,0,1,12,11,0,295,12,1460,0.00342000007629395,41,0,0.332658235269098,0.396925290509219,13.0629648686793,205.070402767549,13
"165",2020-08-12,2716,187,264,12,11,7,3,0,4,0,2,10,8,0,295,7,1486,0.00268999993801117,7,0,0.267738774808078,0.366740921353581,7.02956161035104,187.789717305092,7
"166",2020-08-13,2738,190,264,11,10.7,22,0,0,22,0,2,9,7,0,295,22,1689,0.00532999992370605,56,0,0.515895121555273,0.397133024248982,22.1790205464688,191.546086537685,22
"167",2020-08-14,2749,185,264,6,10.7,11,4,1,6,1,2,10,8,0,296,10,1882,0.00477999985218048,36,0,0.469028139822923,0.464137044223685,11.0739805704969,186.368640554193,11
"168",2020-08-15,2753,177,264,2,9,4,0,0,4,1,2,11,9,0,297,4,2044,0.00734000027179718,21,0,0.726535620123653,0.470456406465073,4.04583905748887,179.028378293882,4
"169",2020-08-16,2757,158,264,26,10.4,4,0,1,3,0,2,11,9,0,297,3,1196,0.00501999974250793,22,0,0.492932651234769,0.481675472962354,4.02332532037546,159.228466873108,4
"170",2020-08-17,2781,173,265,8,10.4,24,1,4,19,1,1,9,8,1,298,20,1358,0.00662999987602234,32,0,0.647736678535132,0.493217888764132,24.2043371172907,174.767516064565,24
"171",2020-08-18,2807,192,265,15,11.4,26,1,1,24,0,1,7,6,0,298,25,1888,0.00583000004291534,77,0.0519500017166138,0.763724692783889,0.554798811266245,26.3011588414295,194.312899902178,26
"172",2020-08-19,2831,201,265,23,13,24,4,3,15,2,1,7,6,0,300,19,1519,0.0118499994277954,25,0.04,1.23057960691847,0.69234750156773,22.3687925092354,204.901436545069,24
"173",2020-08-20,2848,209,266,24,14.9,17,1,0,16,3,0,6,6,1,303,17,1607,0.00995999991893768,103,0,0.936007009925898,0.752363485620677,17.2509844407978,212.085632242749,17
"174",2020-08-21,2869,216,266,16,16.3,21,3,2,16,0,0,6,6,0,303,19,1804,0.00721000015735626,116,0.00861999988555908,0.729518764093518,0.789576431945047,21.2186295417474,218.485472685129,21
"175",2020-08-22,2888,226,266,16,18.3,19,1,0,18,1,0,7,7,0,304,19,1864,0.00589999973773956,73,0,0.56776455917122,0.766894851808986,19.1701534100309,228.023930035104,19
"176",2020-08-23,2905,236,266,13,16.4,17,1,1,15,0,0,7,7,0,304,16,694,0.0172899997234344,5,0,1.71663230444399,0.941709087981731,17.4332275236678,242.3901059741,17
"177",2020-08-24,2924,252,266,19,18,19,2,0,17,1,1,8,7,0,305,19,1142,0.00962999999523163,58,0,0.91645499954621,0.980097419554742,19.2746524783799,255.642759186934,19
"178",2020-08-25,2938,254,266,23,19.1,14,0,1,13,4,2,11,9,0,309,13,1647,0.0145700001716614,73,0,1.3951622257399,1.0703027814056,14.2860795658561,259.589554594419,14
"179",2020-08-26,2956,262,266,15,18,18,1,4,13,0,2,11,9,0,309,14,1832,0.0049099999666214,41,0,0.480251998870817,0.963113123113079,18.106051299227,263.984674314106,18
"180",2020-08-27,2969,265,266,16,16.9,13,1,3,9,1,2,9,7,0,310,10,1469,0.00612999975681305,9,0,0.609267228874044,0.916436011534243,13.0961007098512,267.546668811058,13
"181",2020-08-28,2997,275,266,20,17.4,28,0,3,21,1,1,9,8,0,311,21,2137,0.00607999980449677,35,0,0.598202559033591,0.897676553668539,24.1981464691525,277.594775191283,28
"182",2020-08-29,3018,289,266,12,16.9,21,0,2,18,0,1,9,8,0,311,18,1790,0.00726000010967255,11,0.0909099960327148,0.777091068999096,0.927580340786807,20.220629306254,292.542326083745,21
"183",2020-08-30,3038,303,267,16,17.3,20,0,6,12,2,1,10,9,1,313,12,1402,0.00428000003099442,33,0,0.418157494317364,0.742083939340146,18.0791479931217,304.998486826324,20
"184",2020-08-31,3059,313,267,13,16.4,21,1,3,17,1,1,11,10,0,314,18,1353,0.00517000019550323,54,0,0.497157801315982,0.682184339592971,21.1411515138688,315.454467991162,21
"185",2020-09-01,3084,317,267,18,15.7,25,1,2,22,0,1,11,10,0,314,23,1361,0.0154299998283386,22,0.0909099960327148,1.66306939111269,0.720456791789084,25.6033328649898,325.315500791381,25
"186",2020-09-02,3120,327,267,15,15.7,36,1,9,26,0,1,9,8,0,314,27,1528,0.00261999994516373,51,0,0.253537676770752,0.688069031489075,36.1079754560953,328.307702746043,36
"187",2020-09-03,3142,328,267,24,16.9,22,1,4,17,1,1,8,7,0,315,18,1493,0.00938000023365021,133,0.00751999974250793,0.922785997207461,0.732857426965277,22.2619945621651,332.774123132785,22
"188",2020-09-04,3164,332,267,24,17.4,22,0,3,19,3,1,11,10,0,318,19,2705,0.00813000023365021,258,0.00774999976158142,0.809691210614641,0.763070091476856,22.2426564292059,336.240101815597,22
"189",2020-09-05,3189,339,267,17,18.1,25,1,11,13,2,1,13,12,0,320,14,2256,0.00398999989032745,164,0,0.371960320354493,0.705194270241913,25.0821378678845,340.988909800917,25
"190",2020-09-06,3210,341,267,27,19.7,21,1,3,16,1,1,14,13,0,321,17,1310,0.00611000001430511,192,0.03125,0.932363516560565,0.778652273419513,20.2500074607804,346.01485553683,21
"191",2020-09-07,3251,366,267,29,22,41,2,6,33,0,1,12,11,0,321,35,1290,0.0147300004959106,44,0,1.4244153403092,0.911117636132829,41.7863637102703,374.22311765597,41
"192",2020-09-08,3303,403,267,24,22.9,52,0,14,36,3,1,14,13,0,324,36,1097,0.0127600002288818,4,0,1.27136423715562,0.855159756996104,50.7219236478965,411.081534169508,52
"193",2020-09-09,3348,434,267,15,22.9,45,2,10,31,0,1,13,12,0,324,33,1587,0.0144900000095367,29,0,1.42299690687715,1.02222536129702,43.7406903261401,443.741200046812,45
"194",2020-09-10,3425,496,267,33,24.1,77,1,21,52,2,2,14,12,0,326,53,1959,0.0127600002288818,61,0,1.23746734892968,1.06717984011448,75.034494997555,505.681311675231,77
"195",2020-09-11,3455,510,267,60,29.3,30,0,1,25,0,1,12,11,0,326,25,2314,0.0155599999427795,93,0.0752699995040894,1.78670335776785,1.20675300399351,26.7045490584338,524.372800792049,30
"196",2020-09-12,3504,535,269,47,33.6,49,0,4,42,1,0,12,12,2,327,42,1900,0.0168400001525879,26,0,1.66126688940379,1.39093965671483,47.1005441668023,549.018836410458,49
"197",2020-09-13,3539,548,270,31,34.1,35,1,5,29,1,1,11,10,1,328,30,1199,0.0166799998283386,44,0,1.6089557356539,1.48759568801388,35.7613496064838,561.907319478438,35
"198",2020-09-14,3607,598,272,59,38.4,68,0,19,49,1,1,11,10,2,329,49,2394,0.0141999995708466,218,0.0412799978256226,1.6460121936674,1.51925238135077,69.2721780696873,613.525765013735,68
"199",2020-09-15,3679,646,273,41,40.9,72,0,14,55,1,1,11,10,1,330,55,2961,0.0121599996089935,28,0,1.20460886056306,1.5097158989804,70.0450270194892,658.274317356182,72
"200",2020-09-16,3755,684,274,41,44.6,76,0,7,66,1,0,11,11,1,331,66,1887,0.0190799999237061,162,0.00616999983787537,1.80592971350753,1.56442058564189,74.8800247028217,703.483892374698,76
"201",2020-09-17,3805,709,278,57,48,50,2,4,38,2,2,11,9,4,333,40,2512,0.0191100001335144,208,0.00481000006198883,1.80164707162801,1.6450176888845,45.1367068785554,729.148129422394,50
"202",2020-09-18,3893,777,278,46,46,88,1,6,78,0,2,11,9,0,333,79,2409,0.0128699994087219,281,0.0213499999046326,1.37558284568077,1.58628618715778,86.71408604492,793.858795656998,88
"203",2020-09-19,3963,828,280,46,45.9,70,2,4,60,0,2,10,8,2,333,62,2101,0.0214199995994568,161,0,1.98954107685494,1.6331824996508,67.9456439873311,853.98376163726,70
"204",2020-09-20,4006,860,280,76,52.3,43,1,4,34,2,2,11,9,0,335,35,2847,0.0186199998855591,112,0,1.79152212484578,1.6592634123925,39.9890289336672,884.301853798679,43
"205",2020-09-21,4115,940,280,56,51.9,109,2,22,82,1,3,12,9,0,336,84,2949,0.0189900004863739,73,0,1.85312744653596,1.68885130565944,108.455293143606,967.475899464162,109
"206",2020-09-22,4225,1020,280,85,58.1,110,0,27,82,3,3,15,12,0,339,82,2507,0.0135599994659424,64,0.03125,1.40003573166541,1.71676943010263,110.810805266198,1042.52465087223,110
"207",2020-09-23,4332,1080,281,67,61.9,107,0,26,76,2,3,16,13,1,341,76,1896,0.0168799996376038,7,0.571430015563965,1.89198578149472,1.7290631541008,104.268037532468,1112.23000704033,107
"208",2020-09-24,4433,1133,282,38,59.1,101,2,18,75,2,3,18,15,1,343,77,2730,0.0128199994564056,55,0,1.25668217292593,1.65121102571479,96.5262826101128,1155.45815840595,101
"209",2020-09-25,4552,1196,284,57,60.7,119,5,16,86,3,3,20,17,2,346,91,3291,0.0133700001239777,59,0.0339000010490417,1.37315732745982,1.6508645231118,108.970972058955,1221.90420420341,119
"210",2020-09-26,4637,1243,286,76,65,85,3,14,66,3,4,21,17,2,349,69,3437,0.0299699997901917,12,0,2.98657260883992,1.79329759910965,86.2504309529487,1301.55486484805,85
"211",2020-09-27,4719,1273,287,109,69.7,82,2,12,64,2,4,22,18,1,351,66,2684,0.0331599998474121,13,0,3.30001629923819,2.00879676687999,81.4354117526713,1339.26180547198,82
"212",2020-09-28,4834,1343,288,86,74,115,3,11,97,6,4,27,23,1,357,100,3135,0.0258400011062622,192,0.0104200005531311,2.49501182970644,2.10049453590435,114.935422693999,1395.8527267804,115
"213",2020-09-29,4941,1374,291,58,70.1,107,5,18,74,4,3,27,24,3,361,79,2165,0.0263299989700317,79,0.0253200006484985,2.62944419881239,2.27612431692535,100.276497392529,1430.98616983967,107
"214",2020-09-30,5024,1404,291,108,76,83,1,10,67,5,5,30,25,0,366,68,3170,0.0305999994277954,281,0.0142299997806549,2.92670611777674,2.42394150782278,81.1391119534789,1468.81342915712,83
"215",2020-10-01,5125,1440,293,105,85.6,101,2,11,78,3,5,29,24,2,369,80,3844,0.0226300001144409,120,0.00833000004291534,2.21971040476944,2.56151696951471,93.8009482270269,1490.41706808648,101
"216",2020-10-02,5221,1490,294,115,93.9,96,0,13,79,1,5,29,24,1,370,79,3362,0.021710000038147,197,0,2.05082945007727,2.65832727274577,94.5554972220875,1538.19861849254,96
"217",2020-10-03,5293,1502,295,65,92.3,72,2,6,63,5,6,31,25,1,375,65,3113,0.0301999998092651,485,0.0103100001811981,2.75188853513406,2.62480097650208,73.8213890216171,1567.19578939183,72
"218",2020-10-04,5350,1482,295,77,87.7,57,1,7,47,3,6,32,26,0,378,48,3118,0.0291899991035461,102,0,2.826534695803,2.55716074743991,57.1400027664406,1548.07258541385,57
"219",2020-10-05,5428,1483,295,82,87.1,78,3,13,59,3,6,33,27,0,381,62,3821,0.0177999997138977,238,0.00839999973773956,1.72488294763206,2.44714233571499,76.6868252558099,1523.34777184462,78
"220",2020-10-06,5503,1454,296,139,98.7,75,5,15,52,2,7,34,27,1,383,57,2158,0.0194599997997284,55,0,1.89763576899295,2.34259827431222,73.7061078850823,1497.52071692824,75
"221",2020-10-07,5604,1468,296,174,108.1,101,12,22,63,3,10,36,26,0,386,75,2268,0.0313100004196167,76,0,3.02948297575472,2.35728068259479,100.583839536926,1538.14768586944,101
"222",2020-10-08,5684,1427,296,85,105.3,80,5,14,55,2,9,36,27,0,388,60,2434,0.0271199989318848,182,0,2.52332100153699,2.40065362499015,76.3880451263897,1483.79567325597,80
"223",2020-10-09,5767,1428,296,96,102.6,83,5,19,57,2,9,37,28,0,390,62,2508,0.0207299995422363,247,0.00810000002384186,1.95976547578285,2.38764448580523,82.916525352954,1472.14190651643,83
"224",2020-10-10,5832,1413,297,68,103,65,5,8,50,6,9,43,34,1,396,55,2628,0.0300600004196167,21,0,2.98216991705371,2.42054182607947,65.5871037828596,1479.46504809419,65
"225",2020-10-11,5896,1378,297,138,111.7,64,6,6,48,5,10,46,36,0,401,54,2660,0.0233100008964539,238,0.0168099999427795,2.2776184393012,2.34212521800778,61.9399632664223,1427.50498853944,64
"226",2020-10-12,5957,1349,297,62,108.9,61,2,13,43,3,10,46,36,0,404,45,1994,0.0150499999523163,237,0.0126600003242493,1.47961093598233,2.30708635920068,59.0502164654655,1380.48315582029,61
"227",2020-10-13,6042,1370,298,74,99.6,85,4,10,68,1,7,45,38,1,405,72,2117,0.0302300000190735,18,0,2.9975133508374,2.4642117280356,85.4041790851319,1434.77396314765,85
"228",2020-10-14,6109,1375,300,84,86.7,67,1,16,49,2,7,45,38,2,407,50,3004,0.0296300005912781,110,0.0363599991798401,2.98677333609447,2.45811035094128,68.3555430536934,1439.77743397657,67
"229",2020-10-15,6195,1400,300,107,89.9,86,3,25,52,5,8,49,41,0,412,55,2119,0.021710000038147,105,0.00952000021934509,2.11344829603708,2.39955710729844,81.8334669833159,1446.67006866622,86
"230",2020-10-16,6270,1420,301,77,87.1,75,2,10,59,4,8,47,39,1,416,61,3126,0.0214299988746643,280,0.0035699999332428,1.99617664308598,2.40475870262745,72.9206471284132,1464.71014626798,75
"231",2020-10-17,6317,1402,302,64,86.6,47,1,10,36,6,8,50,42,1,422,37,3037,0.0214000010490417,149,0,2.03991849296735,2.2701513563294,48.1905107347198,1447.11070405614,47
"232",2020-10-18,6374,1369,305,74,77.4,57,1,11,40,2,6,49,43,3,424,41,1144,0.0271000003814697,37,0.0540500020980835,2.79443272769098,2.34398196895651,53.8071586977716,1429.34146968901,57
"233",2020-10-19,6438,1348,307,69,78.4,64,1,6,57,3,6,48,42,2,427,58,1334,0.0374799990653992,27,0,3.67364575703472,2.65741551482114,67.360810658968,1426.10987531532,64
"234",2020-10-20,6516,1352,309,46,74.4,78,3,14,57,4,5,46,41,2,431,60,1595,0.0250799989700317,48,0.0208299994468689,2.49558358677117,2.58571126281168,76.3617947214234,1405.21910772274,78
"235",2020-10-21,6604,1376,312,69,72.3,88,1,46,40,4,4,45,41,3,435,41,2258,0.0305599999427795,446,0.00897000014781952,2.69989274913919,2.54472832181807,88.7460197256883,1434.59812542798,88
"236",2020-10-22,6669,1361,312,88,69.6,65,1,24,36,1,3,44,41,0,436,37,2238,0.0268099999427795,87,0.0114900004863739,2.62367354469914,2.6176176430555,62.5311942757189,1417.32311916901,65
"237",2020-10-23,6748,1363,313,92,71.7,79,1,13,64,2,3,37,34,1,438,65,2768,0.0245700001716614,65,0.0153799998760223,2.4359145946735,2.68043735042515,80.4974349822908,1415.3692904748,79
"238",2020-10-24,6813,1353,317,63,71.6,65,2,17,41,2,3,36,33,4,440,43,2358,0.0211999988555908,191,0,1.96114544140773,2.6691840573452,61.3301390235172,1394.8529790423,65
"239",2020-10-25,6883,1334,319,69,70.9,70,1,24,42,3,3,38,35,2,443,43,1751,0.0308400011062622,77,0,2.95409419787008,2.69199283879936,69.003602531851,1396.1582738951,70
"240",2020-10-26,6956,1294,320,77,72,73,1,16,51,4,3,39,36,1,447,52,995,0.0392000007629395,121,0.0165299999713898,3.67420526484435,2.69207276848645,71.0135995015931,1368.99226452041,73
"241",2020-10-27,7034,1264,322,61,74.1,78,0,15,60,2,3,32,29,2,449,60,1354,0.0288000011444092,116,0,2.65273479928776,2.71452294170311,77.5105210178114,1316.88830944189,78
"242",2020-10-28,7146,1270,325,93,77.6,112,2,69,38,2,2,30,28,3,451,40,1900,0.0405299997329712,166,0.01807000041008,3.87253724882471,2.88204358451533,111.44328636697,1347.57434215131,112
"243",2020-10-29,7210,1254,326,65,74.3,64,0,18,42,9,2,38,36,1,460,42,2190,0.0292199993133545,96,0,2.79929127280168,2.90713183138712,61.8544543932782,1309.36870974216,64
"244",2020-10-30,7260,1223,328,122,78.6,50,1,9,36,4,2,41,39,2,464,37,2789,0.0358599996566772,105,0.0571400022506714,3.66320799166528,3.0824594595288,48.1378738673255,1293.66539837133,50
"245",2020-10-31,7299,1153,329,83,81.4,39,0,5,32,2,2,40,38,1,466,32,2352,0.0276399993896484,322,0,2.43116224997955,3.1496047178962,38.2271077486619,1197.21422606897,39
"246",2020-11-01,7349,1112,332,50,78.7,50,1,6,40,1,2,38,36,3,467,41,1714,0.0256699991226196,104,0,2.42015283257261,3.07332737999656,48.5651120164678,1154.44889176371,50
"247",2020-11-02,7413,1065,332,56,75.7,64,3,8,47,6,2,43,41,0,473,50,1030,0.0174800002574921,14,0.0714300012588501,1.82034677038705,2.80849045221695,59.4356312675221,1095.57894599822,64
"248",2020-11-03,7484,995,333,36,72.1,71,1,36,33,2,2,44,42,1,475,34,1456,0.0219799995422363,13,0,2.1785486271951,2.74074957048942,71.1683284487166,1029.19078842568,71
"249",2020-11-04,7549,918,337,53,66.4,65,5,1,51,1,1,41,40,4,476,56,1466,0.0272900009155273,295,0.0033899998664856,2.32863096551824,2.52019153001707,59.0568729741401,951.718024826082,65
"250",2020-11-05,7596,875,337,45,63.6,47,0,6,34,5,2,44,42,0,481,34,2536,0.0240499997138977,41,0,2.36673648717286,2.45839798921295,41.2692512501499,907.664554231799,47
"251",2020-11-06,7670,869,341,79,57.4,74,1,12,58,5,3,47,44,4,486,59,2342,0.0234800004959106,116,0.0258599996566772,2.35923194148076,2.27211569632945,73.1955403735145,901.337704823459,74
"252",2020-11-07,7705,836,346,75,56.3,35,3,4,25,3,4,47,43,5,489,28,2499,0.0276099991798401,142,0,2.61254782091709,2.2980279207491,33.1538279542927,870.450006063881,35
"253",2020-11-08,7742,774,346,47,55.9,37,1,5,29,1,4,48,44,0,490,30,1176,0.0204099988937378,92,0.0108700001239777,1.97178223268467,2.23397497790797,35.933037245003,798.072360921077,37
"254",2020-11-09,7813,744,350,31,52.3,71,3,24,42,7,4,47,43,4,497,45,711,0.0210999989509583,20,0.1,2.3258685710166,2.3061923779979,70.6508836278428,771.294609313668,71
"255",2020-11-10,7880,753,350,52,54.6,67,0,11,54,3,5,48,43,0,500,54,1374,0.0334800004959106,17,0,3.30708272332,2.46741153458718,67.8168102661783,792.278854267264,67
"256",2020-11-11,7936,751,353,77,58,56,0,6,48,2,5,47,42,3,502,48,2375,0.0261100006103516,241,0.0290499997138977,2.63808491516187,2.51161924167912,55.9973252141339,782.249817412804,56
"257",2020-11-12,7978,741,355,60,60.1,42,1,8,31,3,3,44,41,2,505,32,2318,0.0215700006484985,214,0.00467000007629395,2.0141643570121,2.4612517945133,41.0166317322461,764.541378549825,42
"258",2020-11-13,8017,717,357,79,60.1,39,1,7,27,0,3,36,33,2,505,28,2719,0.0217000007629395,200,0,2.02131901591067,2.41297851943186,35.8927126104365,739.85981934582,39
"259",2020-11-14,8038,694,357,50,56.6,21,3,2,14,3,3,37,34,0,508,17,1710,0.015789999961853,245,0.0163300001621246,1.58576726212221,2.26629558246116,19.4252135991489,711.358719871136,21
"260",2020-11-15,8068,650,360,30,54.1,30,1,1,25,0,2,35,33,3,508,26,984,0.0152400004863739,306,0.00653999984264374,1.31762794034426,2.17284496926967,27.5403621488299,663.509053720747,30
"261",2020-11-16,8112,612,363,11,51.3,44,0,3,39,3,2,33,31,3,511,39,735,0.0122399997711182,53,0,1.14167510555481,2.0036744742037,42.7023052499274,623.020790075783,44
"262",2020-11-17,8153,589,363,40,49.6,41,1,10,29,1,2,32,30,0,512,30,1828,0.020789999961853,38,0,2.03666237568421,1.82218585311287,40.9637381960899,607.921393249898,41
"263",2020-11-18,8195,582,363,66,48,42,3,6,31,1,2,32,30,0,513,34,2684,0.0204900002479553,20,0.05,2.07082694768905,1.74114900061676,41.1105586559567,601.010151110789,42
"264",2020-11-19,8215,563,364,53,47,20,2,1,17,0,2,30,28,1,513,19,2476,0.0121200001239777,187,0.0160399997234344,1.23952685900304,1.63048650090118,20.3714739119894,574.007358550001,20
"265",2020-11-20,8240,520,364,28,39.7,25,1,2,20,1,2,30,28,0,514,21,2643,0.00757000029087067,222,0.0225200009346008,0.872842966012306,1.46641849377284,23.289117372081,527.159096832482,25
"266",2020-11-21,8269,488,365,27,36.4,29,4,4,19,2,2,31,29,1,516,23,1495,0.0187300002574921,71,0,1.7880811229215,1.49532047388702,27.648684963172,501.763402696867,29
"267",2020-11-22,8296,475,368,26,35.9,27,3,4,19,3,4,31,27,3,519,22,1220,0.0147500002384186,36,0,1.4327229530948,1.51176261856567,26.4971685819168,485.734321655022,27
"268",2020-11-23,8336,458,370,20,37.1,40,2,9,26,1,3,27,24,2,520,28,922,0.0173500001430511,13,0,1.71087701945381,1.5930771776941,37.7556063531537,470.359561062299,40
"269",2020-11-24,8379,467,370,21,34.4,43,2,7,33,1,3,23,20,0,521,35,1403,0.00855000019073486,41,0.0975599956512451,1.10772923056108,1.46037244267651,42.6115337591982,475.159607587017,43
"270",2020-11-25,8434,475,371,38,30.4,55,4,10,39,2,2,23,21,1,523,43,2618,0.0122200000286102,72,0.0138900005817413,1.22646989281736,1.33975000626627,53.8318482817033,484.18902171649,55
"271",2020-11-26,8479,490,372,60,31.4,45,3,4,37,3,2,23,21,1,526,40,3059,0.0143799996376038,224,0.00446000009775162,1.37031553193196,1.35843410239897,44.8645683804935,500.590962661046,45
"272",2020-11-27,8527,502,374,56,35.4,48,2,3,42,3,1,24,23,2,529,44,3154,0.0177600002288818,336,0.00298000007867813,1.63370546556817,1.46712874519267,48.1338228759884,514.935888266959,48
"273",2020-11-28,8571,504,375,60,40.1,44,2,3,39,2,1,25,24,1,531,41,2597,0.0119400000572205,191,0,1.1122015835223,1.3705745252785,44.719260387062,512.841639879981,44
"274",2020-11-29,8616,516,377,22,39.6,45,0,4,38,5,1,28,27,2,536,38,898,0.0245000004768372,12,0,2.41769235474723,1.51128443980027,43.4491168633928,535.677481618702,45
"275",2020-11-30,8659,522,378,47,43.4,43,1,7,34,1,1,25,24,1,537,35,1135,0.0229099988937378,61,0,2.17415123280873,1.57746647027955,43.2002634215868,539.901071601952,43
"276",2020-12-01,8713,544,378,34,45.3,54,2,12,39,3,1,27,26,0,540,41,1906,0.0141700005531311,113,0.0176999998092651,1.43675686145195,1.62447041754967,53.9291501752849,556.328236472073,54
"277",2020-12-02,8755,558,379,49,46.9,42,1,5,34,6,1,31,30,1,546,35,2859,0.0101400005817413,81,0.0123500001430511,1.0200888324757,1.59498740892943,40.5631509408884,566.978235000449,42
"278",2020-12-03,8793,557,380,38,43.7,38,0,5,32,3,1,33,32,1,549,32,3327,0.0102199995517731,202,0,0.963500666158943,1.53687099953329,37.4863184813332,565.464981065705,38
"279",2020-12-04,8836,561,382,55,43.6,43,1,5,33,2,1,31,30,2,551,34,2994,0.0110199999809265,165,0.0121200001239777,1.10774548791865,1.46173385986907,39.5940700846963,570.802156397489,43
"280",2020-12-05,8871,550,382,46,41.6,35,3,2,29,1,1,31,30,0,552,32,2277,0.0184500002861023,209,0,1.68988940673592,1.54426069175673,34.8529568050856,564.660195087409,35
"281",2020-12-06,8910,544,383,33,43.1,39,0,7,30,1,2,31,29,1,553,30,1397,0.0157500004768372,20,0,1.55276998349623,1.42070035300659,37.7347627965752,557.32369871123,39
"282",2020-12-07,8964,547,384,23,39.7,54,0,4,45,2,1,30,29,1,555,45,1068,0.0168499994277954,25,0.04,1.73795053878184,1.3583859681456,50.2335839291304,561.994897982985,54
"283",2020-12-08,9011,551,384,57,43,47,1,1,44,0,1,27,26,0,555,45,2367,0.01942999958992,69,0,1.88796424586784,1.4228441659193,47.3400625049478,567.408320893916,47
"284",2020-12-09,9064,560,386,36,41.1,53,2,3,46,1,3,24,21,2,556,48,2911,0.00962000012397766,167,0.00598999977111816,0.942305078709412,1.41173220109555,51.7134302926702,568.323353414486,53
"285",2020-12-10,9109,559,386,60,44.3,45,2,0,43,1,3,23,20,0,557,45,3091,0.0139100003242493,252,0.00397000014781952,1.3160709255012,1.46209938100158,45.9341370235035,570.604057691966,45
"286",2020-12-11,9148,543,386,48,43.3,39,6,2,30,1,2,23,21,0,558,36,3047,0.0118099999427795,32,0,1.16872587936503,1.47081086549392,38.663642114167,553.009935222018,39
"287",2020-12-12,9181,532,387,59,45.1,33,2,5,26,0,2,20,18,1,558,28,2616,0.0156700003147125,24,0,1.55275457663969,1.45122017548018,33.685771805721,545.029664308699,33
"288",2020-12-13,9220,529,388,30,44.7,39,5,2,32,0,2,19,17,1,558,37,1502,0.0119799995422363,47,0,1.16165005244925,1.39534589961632,39.6779471151404,538.692811457007,39
"289",2020-12-14,9263,526,388,16,43.7,43,4,4,35,2,2,20,18,0,560,39,917,0.0174500000476837,20,0,1.70775347318313,1.39103203310222,44.0505302462694,540.168689988147,43
"290",2020-12-15,9309,534,389,54,43.3,46,1,7,37,1,1,20,19,1,561,38,2079,0.0134700000286102,49,0,1.31598355542672,1.30932050589635,45.788774451957,545.084356772238,46
"291",2020-12-16,9364,552,389,53,45.7,55,3,4,47,0,1,18,17,0,561,50,2312,0.0168700003623962,94,0,1.62109064164007,1.4062898720293,55.2784863029867,566.114488784973,55
"292",2020-12-17,9401,547,390,61,45.9,37,1,5,29,1,0,17,17,1,562,30,3207,0.0134099996089935,83,0.0241000008583069,1.36796865706023,1.41370383368059,35.6473157562111,558.802723954916,37
"293",2020-12-18,9442,534,390,25,42.6,41,3,4,34,0,0,16,16,0,562,37,3298,0.00727999985218048,170,0.00587999999523163,0.72113724082124,1.34976259960291,41.4208607497622,540.074044334405,41
"294",2020-12-19,9481,531,390,46,40.7,39,1,6,29,3,0,19,19,0,565,30,2799,0.0117900002002716,140,0,1.12283805922287,1.28834595425765,36.5313212138723,540.404385485539,39
"295",2020-12-20,9525,525,390,24,39.9,44,5,2,34,0,0,16,16,0,565,39,1360,0.0161800003051758,51,0,1.55951810170369,1.34518424700828,41.9593427629755,537.914229501593,44
"296",2020-12-21,9600,547,390,22,40.7,75,7,8,60,1,0,15,15,0,566,67,1365,0.00658999979496002,32,0.03125,0.715486737302822,1.20343185616823,75.7561277327452,553.173162235995,75
"297",2020-12-22,9684,591,390,73,43.4,84,5,7,70,2,0,15,15,0,568,75,3021,0.0225099992752075,48,0,2.21579367254486,1.33197615861368,84.6212555188097,611.65549348822,84
"298",2020-12-23,9784,658,390,52,43.3,100,5,6,88,1,1,13,12,0,569,93,2652,0.0199800002574921,199,0.0150800001621246,1.96379799070964,1.38093435133791,101.880703342147,678.381750528312,100
"299",2020-12-24,9859,685,390,49,41.6,75,11,6,56,2,1,13,12,0,571,67,3469,0.01557000041008,144,0,1.49494413015686,1.39907370463743,74.579859774868,701.152297698277,75
"300",2020-12-25,9925,717,390,47,44.7,66,6,3,56,0,1,10,9,0,571,62,2537,0.0295600008964539,161,0,2.77960423551903,1.69314041816568,67.718275249962,748.435537971335,66
"301",2020-12-26,10018,760,390,95,51.7,93,5,5,82,2,2,12,10,0,573,87,951,0.0199800002574921,50,0,1.89819982466284,1.80390638465711,94.6048334374763,782.754866810138,93
"302",2020-12-27,10128,824,391,37,53.6,110,8,6,94,2,4,12,8,1,575,102,1480,0.0270300006866455,32,0.0625,2.77806885028012,1.97798506302517,112.469530993836,860.106799401185,110
"303",2020-12-28,10260,918,391,65,59.7,132,15,7,108,1,2,13,11,0,576,123,1188,0.04125,39,0.0256399989128113,4.07538385962507,2.45797036621406,137.906648081772,977.010593000541,132
"304",2020-12-29,10381,996,391,112,65.3,121,5,15,101,3,4,12,8,0,579,106,1880,0.0505299997329712,25,0.04,5.03918107600976,2.8613114238519,129.425285110617,1075.16588651108,121
"305",2020-12-30,10518,1087,391,88,70.4,137,12,10,115,3,5,13,8,0,582,127,2458,0.0573600006103516,62,0,5.59487625000969,3.3800368894662,148.207609291408,1182.9265456674,137
"306",2020-12-31,10643,1174,391,147,84.4,125,0,9,116,2,5,13,8,0,584,116,2652,0.0331800007820129,144,0,3.14711595400208,3.6160614357298,130.758236663382,1232.27732623113,125
"307",2021-01-01,10760,1229,392,87,90.1,117,0,5,111,2,6,13,7,1,586,111,2759,0.0391400003433228,134,0.0149300003051758,3.80186246070242,3.76209832504171,122.656380762759,1302.69992754442,117
"308",2021-01-02,10873,1290,392,134,95.7,113,2,8,101,2,6,15,9,0,588,103,2369,0.0295499992370605,431,0,2.50014100687844,3.84808992250108,115.061818419337,1340.87131806743,113
"309",2021-01-03,10996,1317,393,106,105.6,123,0,5,118,4,5,19,14,1,592,118,1516,0.0600299978256226,126,0.0238100004196167,5.72506313986088,4.26908910672691,133.655677420673,1435.92819629684,123
"310",2021-01-04,11171,1429,393,117,113,175,4,30,140,5,8,21,13,0,597,144,1386,0.0533900022506714,155,0.00644999980926514,4.86685873393035,4.38215694591337,185.054268504064,1538.69826175214,175
"311",2021-01-05,11312,1502,395,105,112,141,2,19,120,6,8,23,15,2,603,122,2417,0.0575099992752075,97,0.0103100001811981,5.56888378145397,4.45782876097683,151.716346852732,1633.93404076069,141
"312",2021-01-06,11495,1596,395,132,118.3,183,11,42,129,7,7,28,21,0,610,140,2627,0.0513899993896484,211,0.0142200005054474,4.86264793880394,4.35322471651887,192.737907032274,1718.41214016792,183
"313",2021-01-07,11613,1633,395,186,123.9,118,2,7,108,6,9,32,23,0,616,110,2311,0.048899998664856,91,0.0109899997711182,4.74637747267502,4.58169064775786,125.235192129206,1755.25517042721,118
"314",2021-01-08,11743,1662,395,185,137.9,130,6,13,110,0,11,30,19,0,616,116,2661,0.0368300008773804,249,0,3.36785678126149,4.51968983640915,135.16212325136,1750.28835210138,130
"315",2021-01-09,11841,1671,397,155,140.9,98,6,2,90,4,11,30,19,2,620,96,3020,0.0324499988555908,375,0.00266999989748001,2.91606027998348,4.57910687542416,102.415567284943,1747.85846805354,98
"316",2021-01-10,11933,1655,397,114,142,92,5,3,82,5,11,34,23,0,625,87,1824,0.0509899997711182,78,0,4.88989272252995,4.45979681580546,96.7102292939999,1782.64861473069,92
"317",2021-01-11,12097,1707,397,66,134.7,164,2,25,135,3,13,34,21,0,628,137,1608,0.0342000007629395,115,0,3.1917354165297,4.22049348474822,168.897095293657,1792.93680048374,164
"318",2021-01-12,12237,1735,398,161,142.7,140,1,22,115,4,13,35,22,1,632,116,2211,0.0705600023269653,74,0.0135099995136261,6.87124311198812,4.40654481768167,150.572223136599,1923.0414408793,140
"319",2021-01-13,12325,1723,402,172,148.4,88,0,9,75,3,11,35,24,4,635,75,2532,0.0375200009346008,173,0.0115600001811981,3.58597125315181,4.22416243401708,88.2421580375855,1820.45651065013,88
"320",2021-01-14,12417,1711,402,128,140.1,92,2,14,75,9,10,41,31,0,644,77,2581,0.0337100005149841,146,0,3.19052113418313,4.00189724280395,94.8749948310025,1797.10540462137,92
"321",2021-01-15,12511,1681,404,145,134.4,94,6,7,79,5,11,41,30,2,649,85,2923,0.0372900009155273,206,0.00485000014305115,3.51542897748657,4.02297898512182,96.7132017534174,1774.21049585288,94
"322",2021-01-16,12573,1635,405,119,129.3,62,0,0,60,2,9,39,30,1,651,60,2470,0.0323900008201599,289,0,2.89972098679938,4.02064480038124,62.744266213533,1709.78125431877,62
"323",2021-01-17,12653,1576,407,72,123.3,80,2,3,72,2,9,39,30,2,653,74,2036,0.026029999256134,32,0,2.56272139678379,3.68819175384607,79.9912443496987,1639.7054202044,80
"324",2021-01-18,12774,1597,408,63,122.9,121,2,45,72,7,10,43,33,1,660,74,1021,0.0391799998283386,48,0,3.74207481990025,3.7668116686133,123.367802202465,1691.26189347752,121
"325",2021-01-19,12848,1541,415,81,111.4,74,3,24,47,8,9,45,36,7,668,50,2337,0.0410799980163574,89,0,3.95729412053698,3.35053324126313,77.1209521540867,1637.18774538895,74
"326",2021-01-20,12909,1500,415,166,110.6,61,1,8,50,2,7,37,30,0,670,51,3065,0.0225099992752075,163,0.00612999975681305,2.16828803404187,3.14800706710457,60.7442387309329,1551.30113914509,61
"327",2021-01-21,12980,1467,417,81,103.9,71,1,9,60,3,7,37,30,2,673,61,2636,0.0242799997329712,117,0,2.32481217929939,3.02433435926403,72.236848052369,1520.79436217746,71
"328",2021-01-22,13061,1439,418,95,96.7,81,1,4,75,5,6,37,31,1,678,76,2311,0.0307200002670288,111,0.00901000022888184,2.97250332958338,2.94677355242072,83.5633191236531,1506.4686344597,81
"329",2021-01-23,13109,1372,418,84,91.7,48,1,4,40,4,9,39,30,0,682,41,2122,0.0329900002479553,276,0,2.91929860409346,2.9495703548913,46.8879094177154,1435.17589563672,48
"330",2021-01-24,13155,1291,419,44,87.7,46,2,9,35,3,8,38,30,1,685,37,1247,0.0224499988555908,36,0,2.18200690357925,2.8951825701478,47.2734345273595,1335.43253986003,46
"331",2021-01-25,13218,1232,419,29,82.9,63,1,18,43,4,7,39,32,0,689,44,825,0.0206100010871887,48,0,1.94768051511233,2.63884052660667,63.3517275724993,1269.84837202998,63
"332",2021-01-26,13281,1171,420,74,81.9,63,1,19,41,8,5,40,35,1,697,42,2354,0.024210000038147,79,0,2.34238964610761,2.40813988740247,62.5517694825827,1214.2648110501,63
"333",2021-01-27,13359,1132,422,80,69.6,78,1,26,50,1,4,30,26,2,698,51,2800,0.0196399998664856,175,0.00570999979972839,1.88205880978528,2.36724999822296,78.5139869880671,1165.60457393122,78
"334",2021-01-28,13397,1071,422,66,67.4,38,1,3,33,3,5,30,25,0,701,34,2355,0.0212299990653992,209,0.0287100005149841,2.18397183723271,2.34712994935629,38.1712368485987,1107.89396073086,38
"335",2021-01-29,13427,970,422,73,64.3,30,1,2,27,3,4,31,27,0,704,28,2847,0.0122899997234344,180,0.00555999994277954,1.18898015204222,2.09234092399327,30.5251113589354,988.19135779169,30
"336",2021-01-30,13446,873,423,42,58.3,19,1,6,12,2,5,33,28,1,706,13,2155,0.0157799994945526,216,0,1.43424288953019,1.88019010762709,19.2940930994253,892.749482753716,19
"337",2021-01-31,13488,814,424,25,55.6,42,3,5,34,4,6,32,26,1,710,37,922,0.0195200002193451,24,0,1.90247782264653,1.84025738177955,43.1102993959001,838.426586709802,42
"338",2021-02-01,13528,723,424,26,55.1,40,6,7,25,4,5,29,24,0,714,31,548,0.0292000007629395,29,0,2.77324097367259,1.95819459014531,39.3560261933309,754.626030250912,40
"339",2021-02-02,13570,659,425,59,53,42,4,5,31,3,5,27,22,1,717,35,2439,0.0221399998664856,107,0.0280399990081787,2.23879574109322,1.94339546085754,41.2359511131924,682.271193816966,42
"340",2021-02-03,13633,644,425,54,49.3,63,5,21,36,2,4,26,22,0,719,41,2865,0.0129100000858307,212,0,1.20205233168362,1.84625167827158,62.7773668354413,656.210347366443,63
"341",2021-02-04,13715,646,425,51,47.1,82,3,43,33,2,5,25,20,0,721,36,2814,0.0127900004386902,90,0,1.23936161275738,1.71130736048939,79.7037514745156,658.628429237141,82
"342",2021-02-05,13773,645,427,72,47,58,1,8,48,2,5,21,16,2,723,49,2435,0.0160199999809265,149,0,1.50962461120573,1.75711371179847,58.1667661583704,660.358452492835,58
"343",2021-02-06,13798,614,427,61,49.7,25,2,3,19,3,6,21,15,0,726,21,2369,0.0143499994277954,205,0.0146300005912781,1.43722994427581,1.75754043390498,24.4760628895981,627.919172105391,25
"344",2021-02-07,13823,569,429,33,50.9,25,1,2,19,3,4,23,19,2,729,20,1004,0.0249000000953674,75,0,2.31692308579693,1.81674690006933,22.7309040849852,589.794221217829,25
"345",2021-02-08,13870,566,431,24,50.6,47,1,7,38,2,5,21,16,2,731,39,852,0.0140799999237061,29,0,1.36165266004513,1.61509142669397,46.8376251764398,578.15630384269,47
"346",2021-02-09,13925,584,431,43,48.3,55,5,8,39,0,2,19,17,0,731,44,2244,0.0178299999237061,149,0,1.67198160588368,1.5341179788069,53.1603872502951,599.401503503917,55
"347",2021-02-10,13982,601,432,40,46.3,57,0,6,50,3,4,20,16,1,734,50,2791,0.0125399994850159,100,0,1.21062395581734,1.53534249654029,56.9547684169061,612.476316371212,57
"348",2021-02-11,14042,627,433,51,46.3,60,1,11,46,1,3,16,13,1,735,47,2563,0.0152199995517731,58,0,1.48831968146488,1.57090793492707,59.1033488823152,641.719143600248,60
"349",2021-02-12,14093,629,435,52,43.4,51,1,7,41,3,2,16,14,2,738,42,2612,0.0157000005245209,173,0,1.47247401687787,1.56560070716595,49.9754740194843,643.608884720372,51
"350",2021-02-13,14125,627,435,46,41.3,32,0,3,28,6,2,21,19,0,744,28,2099,0.0219199991226196,46,0.0217400002479553,2.19161390068925,1.67336984379644,31.9679230992005,648.674563685669,32
"351",2021-02-14,14166,602,437,48,43.4,41,0,4,35,4,2,21,19,2,748,35,1175,0.0170200002193451,10,0,1.6876371525511,1.58347185333275,39.9316781245715,618.02486374263,41
"352",2021-02-15,14228,625,438,34,44.9,62,2,8,51,4,2,23,21,1,752,53,867,0.0265300011634827,26,0,2.57575711184093,1.75691534644644,63.1532752758453,650.392397120817,62
"353",2021-02-16,14279,620,438,60,47.3,51,3,13,32,3,2,24,22,0,755,35,1561,0.0333100008964539,23,0,3.28263329541443,1.98700844495083,49.8122127897603,652.102055132896,51
"354",2021-02-17,14336,635,439,49,48.6,57,5,6,44,2,2,25,23,1,757,49,2063,0.0184200000762939,222,0,1.66303983183345,2.0516392843817,56.2853384751428,651.656937381953,57
"355",2021-02-18,14408,651,439,68,51,72,3,12,53,3,3,26,23,0,760,56,2348,0.0212899994850159,116,0,2.02877105482213,2.12884662343274,69.7920075852176,671.832088178155,72
"356",2021-02-19,14462,655,440,58,51.9,54,3,15,33,1,3,26,23,1,761,36,2576,0.0151400005817413,96,0,1.4596048465032,2.12700817052207,51.8288130375858,670.079792767187,54
"357",2021-02-20,14511,634,440,66,54.7,49,0,3,45,4,3,26,23,0,765,45,2384,0.0255900001525879,68,0,2.48803264126303,2.16935370488975,49.765986438006,658.880786704351,49
"358",2021-02-21,14553,624,440,53,55.4,42,0,7,33,2,4,24,20,0,767,33,1000,0.03,28,0,2.91828793774319,2.34516095991719,41.5190107820553,652.723112969772,42
"359",2021-02-22,14618,639,440,32,55.1,65,0,11,54,1,6,23,17,0,768,54,863,0.0150600004196167,66,0,1.39900757396439,2.17705388307769,66.1916057826482,653.100668428004,65
"360",2021-02-23,14673,645,440,47,53.3,55,0,7,47,4,6,26,20,0,772,47,2036,0.019650000333786,84,0,1.88714154149001,1.97769791823134,55.3990109359599,664.19919263179,55
"361",2021-02-24,14719,652,441,60,54.9,46,2,10,34,1,6,24,18,1,773,36,2874,0.0187899994850159,41,0,1.85257147581255,2.00477386737122,47.0519527911212,671.05203388364,46
"362",2021-02-25,14752,648,441,43,51.3,33,1,5,25,1,6,23,17,0,774,26,2376,0.0185199999809265,128,0.00781000018119812,1.79725239528254,1.97169977315127,31.7370572045177,666.369733404902,33
"363",2021-02-26,14817,651,441,57,51.1,65,5,12,43,1,6,21,15,0,775,48,2639,0.0181900000572205,181,0,1.70224858691507,2.00636316463868,61.2887924887591,668.479248128795,65
"364",2021-02-27,14863,656,442,71,51.9,46,0,4,34,3,6,23,17,1,778,34,2535,0.0209100008010864,47,0.0212800002098083,2.09167358794016,1.94974044273542,39.1217384490362,677.642953604933,46
"365",2021-02-28,14928,667,442,49,51.3,65,2,8,54,7,6,28,22,0,785,56,1552,0.0257699990272522,94,0,2.42983222905804,1.87996105578039,66.1462637565381,692.563534385909,65
"366",2021-03-01,15005,681,442,54,54.4,77,4,7,64,3,6,29,23,0,788,68,996,0.0291199994087219,45,0,2.78612098089212,2.07812011391293,77.9883238435982,710.927184374858,77
"367",2021-03-02,15068,690,443,61,56.4,63,1,6,54,3,4,29,25,1,791,55,2006,0.0259200000762939,41,0,2.54008403287961,2.17139761268287,63.2035836967789,717.644959105045,63
"368",2021-03-03,15127,700,443,65,57.1,59,0,5,51,6,5,32,27,0,797,51,2676,0.0209299993515015,109,0,2.01108360016582,2.19404220187619,57.6177785660766,722.20480384811,59
"369",2021-03-04,15184,696,443,61,59.7,57,3,3,50,1,5,31,26,0,798,53,2414,0.0202999997138977,225,0.00444000005722046,1.89477829944008,2.2079744738987,57.5839922353845,716.801105581654,57
"370",2021-03-05,15257,700,444,51,58.9,73,1,11,56,1,2,28,26,1,799,57,2440,0.0188499999046326,154,0,1.77309174122219,2.218094924514,69.594134053596,719.577084868723,73
"371",2021-03-06,15313,713,446,46,55.3,56,3,3,47,1,2,27,25,2,800,50,1957,0.0209500002861023,25,0,2.06857470029779,2.21479508342224,54.6313982408534,736.26373891457,56
"372",2021-03-07,15353,704,447,54,56,40,1,0,38,2,5,26,21,1,802,39,1752,0.0194099998474121,16,0.0625,1.97999545999242,2.15053268784143,40.2180008126824,725.986476208421,40
"373",2021-03-08,15436,745,448,38,53.7,83,1,9,65,6,4,29,25,1,808,66,1170,0.0205100011825562,142,0,1.8290168737493,2.01380352967817,76.9040590997575,766.49278832302,83
"374",2021-03-09,15493,752,448,70,55,57,0,8,47,1,3,27,24,0,809,47,2105,0.0318300008773804,57,0,3.09908195406502,2.0936603755618,57.2974691881085,788.759507009736,57
"375",2021-03-10,15573,775,448,76,56.6,80,5,8,64,0,2,24,22,0,809,69,2655,0.0180799996852875,173,0,1.69739742448509,2.04884806475027,78.847359448644,795.749327140567,80
"376",2021-03-11,15634,772,451,73,58.3,61,1,7,52,1,2,20,18,3,810,53,2321,0.0280100011825562,86,0,2.70092283941475,2.16401157046094,62.2579110217116,804.888817146441,61
"377",2021-03-12,15716,777,451,93,64.3,82,5,4,67,2,2,17,15,0,812,72,2361,0.0228699994087219,133,0,2.16503883736938,2.22000401276768,78.4587646712607,803.534168744021,82
"378",2021-03-13,15784,795,451,56,65.7,68,5,3,54,5,4,22,18,0,817,59,2353,0.0187000000476837,99,0,1.79449837325448,2.18085025176149,63.6699899485988,817.50240693451,68
"379",2021-03-14,15852,820,451,65,67.3,68,2,10,51,2,3,23,20,0,819,53,1535,0.0299699997901917,36,0,2.92832270387933,2.31632557231676,65.4480122170577,857.874905999761,68
"380",2021-03-15,15959,867,452,58,70.1,107,4,3,97,4,5,25,20,1,823,101,1000,0.0320000004768372,13,0,3.1589339068941,2.50631371990888,109.032464150429,910.199469489322,107
"381",2021-03-16,16046,886,453,85,72.3,87,7,4,73,5,6,27,21,1,828,80,1583,0.0341100001335144,9,0,3.39171672181867,2.54811868673083,88.279847910855,933.399315612719,87
"382",2021-03-17,16134,914,454,78,72.6,88,3,5,76,3,5,27,22,1,831,79,2842,0.0267400002479553,175,0,2.51889561500461,2.66547557109076,87.1387450314945,950.314088085898,88
"383",2021-03-18,16227,952,455,63,71.1,93,6,3,80,2,5,24,19,1,833,86,2566,0.0284500002861023,161,0,2.67703339692477,2.66206279359219,92.6313743114864,992.198469122501,93
"384",2021-03-19,16352,999,457,117,74.6,125,8,5,104,2,4,24,20,2,835,112,2615,0.0382399988174438,97,0,3.68722702461709,2.87951824891329,123.513833860975,1057.10107167066,125
"385",2021-03-20,16455,1053,458,83,78.4,103,6,5,87,4,4,27,23,1,839,93,1997,0.0435699987411499,151,0.00662000000476837,4.09724895189927,3.20848261729112,104.010271323824,1121.0517817633,103
"386",2021-03-21,16540,1081,459,87,81.6,85,5,1,77,4,4,29,25,1,843,82,1306,0.0421099996566772,87,0,3.94800140356213,3.35415100296009,88.1063423388668,1148.31653741848,85
"387",2021-03-22,16689,1157,460,56,81.3,149,6,7,133,4,7,30,23,1,847,139,1150,0.0547800016403198,131,0,4.91779874210521,3.60541740799025,156.782124155019,1246.74760897379,149
"388",2021-03-23,16813,1196,461,108,84.6,124,2,0,120,5,9,31,22,1,852,122,1966,0.0350999999046326,153,0,3.25656440832976,3.58610993463469,128.266690977489,1257.43411810719,124
"389",2021-03-24,16966,1286,461,85,85.6,153,7,2,137,4,9,33,24,0,856,144,3106,0.0457200002670288,47,0,4.50384779033909,3.86967453111105,156.229748899171,1377.35734086343,153
"390",2021-03-25,17115,1368,462,123,94.1,149,7,4,132,8,10,40,30,1,864,139,3005,0.0379399991035461,282,0,3.4685031124477,3.98274163332861,150.604587570916,1442.84227192096,149
"391",2021-03-26,17264,1452,463,103,92.1,149,10,2,130,4,11,42,31,1,868,140,2390,0.0673600006103516,117,0,6.42163547900839,4.37337141252737,156.180529957451,1599.0723535587,149
"392",2021-03-27,17380,1505,465,138,100,116,7,3,100,5,13,44,31,2,873,107,2476,0.0626000022888184,117,0,5.97753974805686,4.64198438340702,120.088463497288,1646.89848190111,116
"393",2021-03-28,17517,1564,466,139,107.4,137,3,5,124,5,13,45,32,1,878,127,2480,0.0826599979400635,157,0,7.77386404593695,5.18853618946057,147.572539412508,1755.77520977294,137
"394",2021-03-29,17726,1712,466,111,115.3,209,7,1,189,4,12,47,35,0,882,196,1644,0.0839400005340576,40,0,8.19461762933437,5.65665317335045,222.333986899051,1933.2846202611,209
"395",2021-03-30,17935,1842,467,170,124.1,209,9,6,186,6,12,48,36,1,888,195,1968,0.0406500005722046,64,0,3.93696855935525,5.75385376635409,213.109196717093,1956.385335143,209
"396",2021-03-31,18143,1946,468,163,135.3,208,7,5,191,8,14,54,40,1,896,198,3023,0.0793900012969971,224,0,7.3913142568778,6.16634897585962,226.083711318299,2172.87324356267,208
"397",2021-04-01,18380,2081,469,144,138.3,237,12,4,203,3,15,52,37,1,899,215,2634,0.0721299982070923,100,0.01,6.98575037591372,6.66881287064048,242.690285756886,2310.29992865153,237
"398",2021-04-02,18578,2175,470,242,158.1,198,15,7,162,6,15,56,41,1,905,177,3130,0.0939299964904785,99,0,9.10501359601108,7.05215260164086,209.419829987839,2487.36231764718,198
"399",2021-04-03,18829,2354,470,223,170.3,251,16,3,223,12,14,61,47,0,917,239,2885,0.101909999847412,36,0,10.0654005326869,7.63613271373086,279.944404290694,2727.72856778365,251
"400",2021-04-04,19059,2513,471,152,172.1,230,9,2,215,12,16,64,48,1,929,224,1818,0.0929599952697754,139,0,8.63573180380438,7.7592566791405,256.511667365403,2855.30276825561,230
"401",2021-04-05,19344,2658,472,184,182.6,285,8,4,269,5,18,67,49,1,934,277,2045,0.105620002746582,162,0,9.7867197832696,7.98669984398839,323.75980335379,3068.30887117103,285
"402",2021-04-06,19618,2795,473,156,180.6,274,7,6,245,10,20,70,50,1,944,252,1749,0.128640003204346,83,0,12.2811880788429,9.17873120391519,306.815720054795,3336.42832362362,274
"403",2021-04-07,19926,2936,474,219,188.6,308,3,6,290,12,24,76,52,1,956,293,3364,0.098100004196167,44,0,9.68334548462165,9.50616423645002,343.751935587007,3384.43577775923,308
"404",2021-04-08,20221,3108,475,170,192.3,295,23,5,255,10,30,83,53,1,966,278,3366,0.0858600044250488,194,0.0103100001811981,8.1742953631985,9.67595637749071,318.843787884688,3508.72839117125,295
"405",2021-04-09,20518,3261,477,261,195,297,13,2,276,14,31,88,57,2,980,289,3418,0.110299997329712,158,0,10.542656344322,9.8813339129637,339.058108052319,3803.27505314398,297
"406",2021-04-10,20805,3425,480,381,217.6,287,12,2,262,14,27,92,65,3,994,274,3187,0.0875399971008301,97,0,8.49543150914572,9.65705262388639,312.715951062773,3883.94938828467,287
"407",2021-04-11,21074,3563,480,205,225.1,269,7,5,249,13,29,100,71,0,1007,256,2714,0.145909996032715,29,0,14.4367382148301,10.4857678254615,319.294532432692,4374.34148069407,269
"408",2021-04-12,21389,3657,481,265,236.7,315,16,4,291,16,27,101,74,1,1023,307,2125,0.0804699993133545,107,0,7.66123425362358,10.1821270355121,348.098461015449,4098.91880108632,315
"409",2021-04-13,21625,3683,483,245,249.4,236,10,0,219,12,28,105,77,2,1035,229,2670,0.0767799997329712,178,0,7.19812497496605,9.45597516352965,255.000017578866,4101.15748796054,236
"410",2021-04-14,21898,3754,485,389,273.7,273,10,11,248,12,28,101,73,2,1047,258,3971,0.171490001678467,97,0.0103100001811981,16.7646722390061,10.4675932712989,337.223429912175,4746.67734841204,273
"411",2021-04-15,22120,3757,485,312,294,222,15,3,202,19,29,107,78,0,1066,217,3902,0.130959997177124,98,0.0101999998092651,12.8001377241611,11.1284278942935,263.812007459467,4515.53323513924,222
"412",2021-04-16,22356,3796,487,348,306.4,236,1,10,219,20,24,114,90,2,1086,220,2970,0.120539999008179,244,0.00409999996423721,11.1700123536268,11.2180501813371,268.761012307719,4464.80364872773,236
"413",2021-04-17,22537,3743,490,405,309.9,181,5,7,167,16,23,123,100,3,1102,172,2935,0.101870002746582,121,0.00825999975204468,9.81635857431988,11.4067540477905,205.631623199079,4322.54747461716,181
"414",2021-04-18,22699,3684,490,294,322.6,162,5,8,146,11,22,122,100,0,1113,151,1949,0.0646500015258789,188,0.0159599995613098,6.03665572725616,10.2067422638514,173.377789880467,4034.77998622279,162
"415",2021-04-19,22926,3624,491,258,321.6,227,5,4,218,22,22,116,94,1,1135,223,2084,0.112279996871948,88,0.0340899991989136,10.9112077997534,10.6710241990128,265.379248487199,4247.70581398032,227
"416",2021-04-20,23115,3512,492,188,313.4,189,8,2,179,17,27,119,92,1,1152,187,2775,0.100539999008179,221,0,9.3123663967856,10.9730586878442,216.467582535144,4027.86176397554,189
"417",2021-04-21,23310,3413,493,207,287.4,195,3,2,185,12,25,111,86,1,1164,188,2521,0.136850004196167,236,0.0211899995803833,12.6949474239937,10.3916694285567,227.645020020237,4096.41730494185,195
"418",2021-04-22,23486,3305,496,239,277,176,7,4,161,14,22,107,85,3,1178,168,2358,0.163269996643066,213,0.00939000010490417,15.0521478843522,10.7133851657268,211.886555634452,4089.67301411824,176
"419",2021-04-23,23694,3229,499,189,254.3,208,5,8,186,21,29,113,84,3,1199,191,2507,0.0805700016021729,86,0.0116299998760223,7.82835225630488,10.2360051518237,222.5842735454,3627.71004857643,208
"420",2021-04-24,23850,3108,500,227,228.9,156,2,2,150,17,31,119,88,1,1216,152,2464,0.0852299976348877,214,0.00467000007629395,7.87924175461875,9.95927417758067,172.890645164091,3494.26398138154,156
"421",2021-04-25,23999,2978,505,139,206.7,149,2,6,137,20,30,125,95,5,1236,139,1621,0.135719995498657,93,0.0215100002288818,12.9523070434428,10.9472243656073,173.397539216203,3586.4019552939,149
"422",2021-04-26,24162,2842,510,173,194.6,163,4,7,148,12,31,124,93,5,1248,152,1304,0.115030002593994,31,0,11.2358893919527,10.9936074502072,185.938277338924,3345.67489603436,163
"423",2021-04-27,24322,2749,511,189,194.7,160,3,5,148,10,31,121,90,1,1258,151,2425,0.0610300016403198,332,0.00903999984264374,5.47693267774876,10.4456883474877,169.044670888649,2986.48212101256,160
"424",2021-04-28,24488,2646,513,186,191.7,166,2,7,155,12,27,116,89,2,1270,157,2408,0.0689400005340576,38,0,6.78689784489005,9.60168126475858,180.806982246622,2929.25652881887,166
"425",2021-04-29,24614,2549,513,159,180.3,126,2,7,113,12,29,113,84,0,1282,115,2728,0.0652500009536743,111,0.00901000022888184,6.30511139933178,8.35210462404138,133.43692784248,2802.50199191723,126
"426",2021-04-30,24767,2458,516,178,178.7,153,4,3,139,13,27,109,82,3,1295,143,2122,0.0669199991226196,179,0,6.17141408684045,8.11539917126075,159.920008534632,2697.26839844843,153
"427",2021-05-01,24891,2403,520,138,166,124,3,5,113,7,29,110,81,4,1302,116,2051,0.089709997177124,70,0.0285700011253357,8.76921755252498,8.24253857096164,137.044922004197,2735.37885841452,124
"428",2021-05-02,24988,2342,520,128,164.4,97,0,4,91,8,27,108,81,0,1310,91,1279,0.0695900011062622,21,0,6.84658549345456,7.37029263524904,104.827299783491,2594.91797904325,97
"429",2021-05-03,25095,2225,523,102,154.3,107,4,3,100,10,22,98,76,3,1320,104,976,0.174179992675781,140,0.0071399998664856,15.3225154868163,7.9540963630867,132.135190717864,2762.74807064662,107
"430",2021-05-04,25200,2130,524,141,147.4,105,1,2,99,8,23,94,71,1,1328,100,2386,0.0389800000190735,57,0.0175399994850159,3.84797625935961,7.72138830331683,108.069475469715,2259.27982750492,105
"431",2021-05-05,25282,2015,525,114,137.1,82,1,2,75,8,23,88,65,1,1336,76,1904,0.0777299976348877,65,0.0307699990272522,7.61797691384447,7.84011388459603,87.1321286507876,2257.12156883338,82
"432",2021-05-06,25388,1945,527,122,131.9,106,3,6,92,12,22,88,66,2,1348,95,2133,0.0534499979019165,246,0,4.79230119902429,7.62399814169496,108.181025811997,2092.02205478247,106
"433",2021-05-07,25500,1847,530,108,121.9,112,4,4,103,19,23,95,72,3,1367,107,2302,0.0469199991226196,82,0.0122000002861023,4.57257709747193,7.39559285749945,118.717268153905,1980.21303065666,112
"434",2021-05-08,25589,1772,534,136,121.6,89,1,3,85,4,21,86,65,4,1371,86,1901,0.0489200019836426,86,0.0116299998760223,4.73060411475805,6.81864808067561,95.4170265039944,1904.22059261719,89
"435",2021-05-09,25672,1710,537,69,113.1,83,0,5,78,4,22,83,61,3,1375,78,1173,0.172210006713867,123,0.00813000023365021,15.6637598691439,8.0782444200598,102.271228278829,2132.48461995893,83
"436",2021-05-10,25765,1643,538,82,110.3,93,3,2,87,9,22,85,63,1,1384,90,715,0.104899997711182,14,0,10.2885457288745,7.35910588321097,106.605461297142,1909.63081012449,93
"437",2021-05-11,25897,1612,540,124,107.9,132,1,6,123,5,21,79,58,2,1389,124,1899,0.0458099985122681,86,0.0232599997520447,4.48330212360065,7.44986672095969,138.768765743667,1725.99395466768,132
"438",2021-05-12,25994,1552,541,115,108,97,3,3,90,8,22,80,58,1,1397,93,2118,0.0495800018310547,174,0.00574999988079071,4.62525933060347,7.02233563763954,102.784811918029,1665.22610856754,97
"439",2021-05-13,26087,1524,541,78,101.7,93,1,1,90,7,20,77,57,0,1404,91,1684,0.0795699977874756,54,0.0185199999809265,7.76731624125886,7.44733778653019,103.14887782954,1710.71307485956,93
"440",2021-05-14,26170,1445,541,128,104.6,83,2,4,75,7,21,70,49,0,1411,77,1738,0.0471799993515015,105,0,4.44920449663102,7.42971312926721,86.403707952849,1546.40724664762,83
"441",2021-05-15,26244,1397,542,85,97.3,74,2,8,63,7,19,64,45,1,1418,65,1779,0.0522800016403198,61,0,5.05468059337657,7.47600976906985,78.182339383248,1508.38043259073,74
"442",2021-05-16,26313,1369,543,46,94,69,2,3,63,7,19,67,48,1,1425,65,805,0.0409899997711182,20,0,3.99963028069699,5.80970554214887,72.100643183913,1455.36585413503,69
"443",2021-05-17,26387,1334,545,87,94.7,74,7,5,59,10,19,71,52,2,1435,66,774,0.229969997406006,19,0,22.4459997468157,7.54648468756904,94.3669304446977,1806.29523050344,74
"444",2021-05-18,26466,1302,546,97,90.9,79,1,6,71,5,16,64,48,1,1440,72,1920,0.0265599989891052,56,0,2.58072864671468,7.27468847658533,80.9308501598809,1354.99954039118,79
"445",2021-05-19,26537,1288,550,91,87.4,71,2,5,64,4,14,57,43,4,1444,66,2042,0.0665999984741211,122,0.0163900005817413,6.37693054321293,7.52492722124382,77.6385678577344,1417.5526575873,71
"446",2021-05-20,26597,1243,553,73,86.7,60,5,8,45,11,15,63,48,3,1455,50,1487,0.0511100006103516,65,0.0307699990272522,5.02581319873481,7.13328392945467,61.9636484049107,1341.53629934608,60
"447",2021-05-21,26678,1208,554,77,79.4,81,4,11,63,4,13,59,46,1,1459,67,1682,0.0416200017929077,190,0,3.73957494741831,7.03190827956714,81.9519898539021,1279.25378721662,81
"448",2021-05-22,26737,1176,558,77,78.3,59,0,13,46,8,15,58,43,4,1467,46,1380,0.0623199987411499,101,0.00990000009536743,5.87451034925179,7.14902681612074,63.262341882265,1284.96769681617,59
"449",2021-05-23,26792,1152,559,39,77.3,55,0,4,51,5,12,59,47,1,1472,51,826,0.0375300002098083,14,0.0714300012588501,3.80950002272923,7.12186535069678,58.0644810010541,1221.22121790616,55
"450",2021-05-24,26843,1106,561,65,74.1,51,2,11,38,5,11,57,46,2,1477,40,733,0.0832199954986572,30,0,7.99479117962198,5.05740698395482,56.0441256057316,1245.47007299848,51
"451",2021-05-25,26903,1039,563,56,68.3,60,1,12,46,3,11,54,43,2,1480,47,1035,0.0647300004959106,19,0.0526300001144409,6.45118790469088,5.61032973509427,63.7825148406561,1144.72410466897,60
"452",2021-05-26,26959,998,566,76,66.1,56,1,11,44,1,8,47,39,3,1481,45,1371,0.0320900011062622,61,0.0491800022125244,3.28179969634424,5.1681681855416,58.3293961903385,1049.66083106573,56
"453",2021-05-27,27006,952,566,62,64.6,47,0,8,38,3,9,42,33,0,1484,38,1368,0.0548199987411499,113,0.00884999990463257,5.13124971418748,5.18323054489199,49.0755693446719,1029.05110568757,47
"454",2021-05-28,27041,902,569,65,62.9,35,0,1,30,1,7,34,27,3,1485,30,1589,0.0346099996566772,197,0.0152300000190735,3.24723401221823,5.11289612557769,32.5365744890169,948.199672969774,35
"455",2021-05-29,27076,863,571,45,58.3,35,0,3,31,5,9,36,27,2,1490,31,1074,0.024210000038147,104,0.00962000012397766,2.29219185516668,4.60113634070839,35.1208085504483,894.2018638399,35
"456",2021-05-30,27103,814,573,46,59.3,27,0,3,22,5,8,36,28,2,1495,22,718,0.0905300045013428,34,0,8.6436892595697,5.29173480311417,27.9994429295818,924.979388394528,27
"457",2021-05-31,27151,782,576,40,55.7,48,1,2,41,5,6,35,29,3,1500,42,783,0.0855700016021729,27,0.037039999961853,8.39523348808289,5.34894084718001,49.5616140327512,885.551956514557,48
"458",2021-06-01,27193,746,577,38,53.1,42,1,5,36,2,5,31,26,1,1502,37,1565,0.0172500002384186,27,0.037039999961853,1.75856346558387,4.67856592730758,43.0263099681097,766.692628005671,42
"459",2021-06-02,27224,707,577,48,49.1,31,0,0,30,1,6,30,24,0,1503,30,1688,0.042649998664856,43,0.0232599997520447,4.21683291366926,4.81214210121116,31.9953837189469,754.024542976515,31
"460",2021-06-03,27269,696,577,48,47.1,45,2,4,39,2,5,29,24,0,1505,41,1176,0.0136099994182587,186,0,1.17513651364701,4.24698307256252,45.7599603850406,708.900790926543,45
"461",2021-06-04,27299,649,579,43,44,30,0,0,27,3,6,29,23,2,1508,27,1195,0.0476999998092651,68,0.0147099995613098,4.59238161062873,4.43914701519259,28.9557822935316,696.011211426001,30
"462",2021-06-05,27318,617,582,39,43.1,19,1,0,18,2,4,30,26,3,1510,19,999,0.0160199999809265,90,0.0222199988365173,1.65323965805621,4.34786812989109,19.4954595366559,633.089396532456,19
"463",2021-06-06,27335,568,582,21,39.6,17,0,1,16,3,4,29,25,0,1513,16,608,0.106909999847412,22,0,10.3176634773375,4.58700730385793,19.6038749164588,660.437559534288,17
"464",2021-06-07,27362,535,583,17,36.3,27,1,3,23,1,4,27,23,1,1514,24,843,0.00949000000953674,30,0.0666699981689453,1.14549483998944,3.55133035413029,27.4336338291125,544.666420773967,27
"465",2021-06-08,27395,507,584,28,34.9,33,0,2,30,1,3,26,23,1,1515,30,1771,0.0299300003051758,100,0,2.83303209729911,3.70482587294676,33.3405762661072,529.655738897212,33
"466",2021-06-09,27422,481,585,33,32.7,27,1,0,24,2,4,24,20,1,1517,25,1194,0.0594600009918213,26,0,5.81928206428153,3.93374718017708,27.2947120356186,525.150259565301,27
"467",2021-06-10,27451,468,585,20,28.7,29,0,0,28,2,5,21,16,0,1519,28,1216,0.0304299998283386,136,0,2.73689939284465,4.1568561629196,29.2087476455999,488.203353505028,29
"468",2021-06-11,27473,458,585,36,27.7,22,0,1,20,1,4,16,12,0,1520,20,1055,0.017059999704361,96,0,1.56370979045186,3.72418876003719,21.4932929714322,469.296409045797,22
"469",2021-06-12,27491,435,585,29,26.3,18,0,0,18,2,6,17,11,0,1522,18,880,0.011360000371933,44,0,1.08190479732695,3.64256949421873,18.3071710825021,442.423301160466,18
"470",2021-06-13,27512,428,586,18,25.9,21,0,1,18,2,5,16,11,1,1524,18,583,0.132080001831055,17,0,12.8337735112508,4.00201378477777,22.6437255031837,514.639695297924,21
"471",2021-06-14,27531,391,589,22,26.6,19,2,1,16,2,4,15,11,3,1526,18,655,0.0564900016784668,29,0,5.40949577476546,4.61115677546006,20.5358474026831,424.362018580505,19
"472",2021-06-15,27558,377,589,22,25.7,27,1,0,24,0,4,15,11,0,1526,25,1518,0.0144900000095367,36,0,1.41543243336401,4.40864253775504,25.5581461432126,385.416843839647,27
"473",2021-06-16,27575,356,589,24,24.4,17,0,0,17,1,4,13,9,0,1527,17,1251,0.0223799991607666,42,0,2.16530386311825,3.88664565187458,17.5806127234934,368.158713503744,17
"474",2021-06-17,27586,313,590,12,23.3,11,0,0,11,0,5,12,7,1,1527,11,1101,0.0208899998664856,123,0.0243899989128113,2.12417154569252,3.79911310228141,11.3685539318117,323.487034605188,11
"475",2021-06-18,27600,283,590,26,21.9,14,1,0,13,1,4,13,9,0,1528,14,864,0.0196800005435944,63,0,1.83425247784958,3.83776205762395,14.405047472668,291.18774534036,14
"476",2021-06-19,27609,250,590,18,20.3,9,0,0,9,0,3,11,8,0,1528,9,926,0.0194400000572205,37,0,1.86930841671715,3.9502482889654,9.26536414817268,257.37122633813,9
"477",2021-06-20,27621,237,590,7,18.7,12,0,0,10,0,3,11,8,0,1528,10,562,0.0266899991035461,15,0,2.59961516398491,2.48822566792741,10.4100415232585,246.717984101227,12
"478",2021-06-21,27632,227,591,13,17.4,11,0,0,11,2,2,10,8,1,1530,11,520,0.0230800008773804,7,0,2.27734354008308,2.04077534868707,11.395130006089,235.154046489292,11
"479",2021-06-22,27643,204,591,13,16.1,11,0,0,10,0,2,7,5,0,1530,10,1297,0.0115699994564056,65,0,1.10178335498958,1.99596833749072,10.1737860785857,207.545236003148,11
"480",2021-06-23,27654,191,591,18,15.3,11,0,0,10,0,1,5,4,0,1530,10,1105,0.00814000010490417,18,0,0.800952815308914,1.80106104494653,10.12633558882,193.413009746462,11
"481",2021-06-24,27660,179,591,8,14.7,6,1,0,5,1,0,5,5,0,1531,6,904,0.00995999991893768,51,0,0.942810463530855,1.63229517606629,6.08922661568515,181.66192736794,6
"482",2021-06-25,27664,158,591,7,12,4,0,0,4,2,0,7,7,0,1533,4,1024,0.00194999992847443,64,0,0.183529405032888,1.39647759423534,4.01157935649014,158.457384581361,4
"483",2021-06-26,27668,143,591,9,10.7,4,0,0,4,1,0,7,7,0,1534,4,764,0.00523999989032745,19,0,0.511284791342295,1.20247421918179,4.0322583123172,144.15323466534,4
"484",2021-06-27,27673,129,591,8,10.9,5,0,0,5,0,0,6,6,0,1534,5,398,0.0200999999046326,13,0,1.94642334842914,1.10916110267382,5.15350625849413,132.960461469149,5
"485",2021-06-28,27682,121,591,1,9.1,9,0,0,9,0,0,5,5,0,1534,9,555,0.00180000007152557,5,0,0.178392864231552,0.809311006123604,9.02532437666976,121.340472175227,9
"486",2021-06-29,27685,115,591,8,8.4,3,0,0,3,0,0,4,4,0,1534,3,929,0.00646000027656555,14,0,0.636409359165365,0.742829006720145,3.0301145646475,116.154391644821,3
"487",2021-06-30,27687,100,591,8,7,2,0,1,1,0,0,3,3,0,1534,1,1221,0.000820000022649765,51,0,0.0787122663251072,0.639651785436743,2.00124154136467,100.124154136467,2
"488",2021-07-01,27690,96,591,7,6.9,3,0,0,3,0,0,2,2,0,1534,3,884,0.00225999996066093,74,0,0.208542793864746,0.534756404055871,3.00986813810508,96.3157804193626,3
"489",2021-07-02,27694,85,591,6,6.7,4,0,0,4,2,0,3,3,0,1536,4,785,0.0140100002288818,29,0,1.35108724565998,0.701550381288312,4.08524367451625,86.8114280834703,4
"490",2021-07-03,27700,79,591,6,6.3,6,0,0,6,0,0,2,2,0,1536,6,627,0.00158999994397163,16,0,0.155043540415274,0.650658774013023,6.01467316171194,79.1931966292072,6
"491",2021-07-04,27702,74,592,2,5.4,2,0,0,2,1,0,3,3,1,1537,2,437,0.00685999989509583,34,0,0.636479820415473,0.463523984296785,2.02007859922516,74.7429081713308,2
"492",2021-07-05,27708,73,592,2,5.6,6,0,0,6,0,0,3,3,0,1537,6,505,0.00197999998927116,27,0,0.187951126801116,0.464889450378151,6.01778750195015,73.2164146070601,6
"493",2021-07-06,27713,69,592,12,6.1,5,0,2,3,0,0,3,3,0,1537,3,1174,0.00596000015735626,28,0,0.582116487914829,0.457133325913789,5.02754545381086,69.6335454376497,5
"494",2021-07-07,27719,68,592,6,5.9,6,0,0,6,0,0,3,3,0,1537,6,1218,0.0320199990272522,23,0,3.14265582717109,0.894839548891786,6.29741772558564,71.3707342233039,6
"495",2021-07-08,27721,59,593,5,5.6,2,0,0,2,1,0,4,4,1,1538,2,933,0.00321999996900558,87,0,0.294535291282569,0.907124191380046,2.00929150600166,59.2740994270491,2
"496",2021-07-09,27723,57,593,3,5.1,2,0,0,2,0,0,3,3,0,1538,2,823,0.00486000001430511,56,0,0.455037544001491,0.77911709114312,2.01435476221766,57.4091107232034,2
"497",2021-07-10,27724,53,593,0,4.3,1,0,0,1,0,0,3,3,0,1538,1,930,0,22,0,0,0.756968013940938,1,53,1
"498",2021-07-11,27729,55,593,0,4,5,0,0,5,0,0,3,3,0,1538,5,422,0.00237000003457069,8,0,0.23259070106717,0.699269568319752,5.01834345457794,55.2017780003573,5
"499",2021-07-12,27732,53,593,1,3.9,3,0,1,2,0,0,2,2,0,1538,2,460,0.00216999992728233,16,0,0.209705875325603,0.702377389537536,3.0066154496824,53.1753094165837,3
"500",2021-07-13,27734,52,593,2,2.4,2,0,0,2,0,0,2,2,0,1538,2,1188,0.000839999988675117,14,0,0.0830216294963427,0.63107812404918,2.00261902730017,52.0680947098045,2
"501",2021-07-14,27739,54,593,0,1.6,5,0,0,5,0,0,1,1,0,1538,5,1098,0,15,0,0,0.182127291596168,5,54,5
"502",2021-07-15,27750,60,593,1,1,11,0,0,11,0,0,1,1,0,1538,11,947,0.00105999998748302,31,0,0.102640080587569,0.154713690068311,11.0178085453309,60.0971375199866,11
"503",2021-07-16,27753,60,593,8,1.7,3,0,0,3,0,0,1,1,0,1538,3,867,0.00460999995470047,34,0,0.443603769225894,0.153080293671797,3.02099110296515,60.4198220593031,3
"504",2021-07-17,27755,57,593,5,2.4,2,0,0,2,0,0,1,1,0,1538,2,761,0.00263000011444092,18,0,0.256922989356809,0.189783577865627,2.00810497610381,57.2309918189586,2
"505",2021-07-18,27763,62,593,4,3,8,0,0,8,0,0,1,1,0,1538,8,214,0.00467000007629395,17,0,0.432632041699959,0.21836091224174,8.05459180384751,62.4230864798182,8
"506",2021-07-19,27772,67,593,2,3.1,9,0,0,9,0,0,1,1,0,1538,9,367,0,10,0,0,0.188402930052368,9,67,9
"507",2021-07-20,27776,68,593,10,4.3,4,0,0,4,0,0,1,1,0,1538,4,1142,0.00437999993562698,22,0,0.429721643168901,0.237931503434162,4.02711227716829,68.460908711861,4
"508",2021-07-21,27781,71,593,12,6,5,0,0,5,0,0,1,1,0,1538,5,1058,0.0103999996185303,8,0,1.03219508409053,0.385387944018523,5.08140490378039,72.1559496336815,5
"509",2021-07-22,27786,73,593,5,6.6,5,0,0,5,1,0,2,2,0,1539,5,1046,0.00477999985218048,28,0,0.46553816064998,0.437230526884582,5.03671504520601,73.5360396600078,5
"510",2021-07-23,27798,81,593,3,5.9,12,0,0,12,0,0,2,2,0,1539,12,928,0.00647000014781952,38,0,0.621548668444774,0.462651226772993,12.1176454575212,81.7941068382682,12
"511",2021-07-24,27801,83,593,2,5.4,3,0,0,3,0,0,2,2,0,1539,3,713,0.0028099998831749,16,0,0.274832636036173,0.465209747727188,3.01300493945596,83.3598033249483,3
"512",2021-07-25,27808,85,593,7,5.9,7,0,0,7,0,0,2,2,0,1539,7,410,0.00244000002741814,14,0,0.235943398877698,0.437111370181151,7.02605101493992,85.3163337528419,7
"513",2021-07-26,27817,89,593,5,6.3,9,0,0,9,1,0,3,3,0,1540,9,410,0,10,0,0,0.437111370181151,9,89,9
"514",2021-07-27,27825,96,593,7,5.9,8,0,0,8,0,0,3,3,0,1540,8,1125,0.0106700003147125,5,0,1.06227879239394,0.5274766772133,8.13404396779737,97.6085276135685,8
"515",2021-07-28,27831,96,593,8,5.3,6,0,0,6,0,0,2,2,0,1540,6,1074,0.00372000008821487,11,0,0.368228580160624,0.432624319509027,6.03484877531294,96.5575804050071,6
"516",2021-07-29,27835,92,593,9,5.9,4,0,0,4,0,0,2,2,0,1540,4,1234,0.00243000000715256,15,0,0.240081666038932,0.400416248850306,4.0151473884924,92.3483899353253,4
"517",2021-07-30,27838,87,593,4,6,3,0,0,3,0,0,2,2,0,1540,3,940,0.00745000004768372,21,0,0.72872008791079,0.415726451631166,3.03448266101256,87.9999971693643,3
"518",2021-07-31,27845,88,593,8,6.9,7,0,0,7,0,0,1,1,0,1540,7,936,0.00962000012397766,8,0,0.953847469919819,0.512728570757401,7.10531633776358,89.3239768175993,7
"519",2021-08-01,27854,90,593,1,6,9,0,0,7,0,0,1,1,0,1540,7,563,0.00178000003099442,13,0,0.173982641918378,0.503877034048927,7.01920979533847,90.2469830829232,9
"520",2021-08-02,27865,92,593,3,5.7,11,0,0,11,1,0,2,2,0,1541,11,462,0.0043299999833107,4,0,0.429283260147971,0.565203214070065,11.0744827006601,92.6229462237026,11
"521",2021-08-03,27882,104,593,10,6.1,17,0,0,16,0,0,2,2,0,1541,16,550,0.0109099996089935,3,0,1.08508133543335,0.568460720218552,16.2738426270501,105.779977075825,17
"522",2021-08-04,27894,113,593,15,7.1,12,0,0,10,2,0,4,4,0,1543,10,1289,0.00776000022888184,22,0,0.762977901985408,0.624853480479235,10.1203457440459,114.359906907718,12
"523",2021-08-05,27914,126,593,9,7.1,20,0,0,20,0,1,4,3,0,1543,20,1482,0.00472000002861023,19,0,0.466025319280504,0.657131145228031,20.1470138614686,126.926187327252,20
"524",2021-08-06,27928,128,593,15,8.7,14,0,0,12,1,1,5,4,0,1544,12,1109,0.00541000008583069,44,0,0.520354735055181,0.627364666248658,12.0984916773003,129.050577891203,14
"525",2021-08-07,27941,138,593,13,9.4,13,0,0,13,0,1,5,4,0,1544,13,846,0.01182000041008,14,0,1.16275817987531,0.657209053385157,13.2384248578103,140.530971567525,13
"526",2021-08-08,27961,150,593,5,10,20,0,0,19,1,1,4,3,0,1545,19,612,0.00653999984264374,4,0,0.6497532311198,0.725176280413932,19.1947246022454,151.537299491411,20
"527",2021-08-09,27975,158,593,13,11.4,14,0,0,14,1,1,4,3,0,1546,14,556,0.0143900001049042,9,0,1.41607788642951,0.866146941311295,14.312704371904,161.529092197202,14
"528",2021-08-10,27995,173,593,18,12.6,20,3,0,17,1,1,5,4,0,1547,20,1264,0.0102799999713898,16,0,1.01514999717474,0.856156750131494,20.3202425166188,175.770097768752,20
"529",2021-08-11,28010,179,593,20,13.3,15,2,0,13,0,1,5,4,0,1547,15,1296,0.0108000004291534,8,0,1.07337427578089,0.900499089245134,15.2539576025513,182.030560723779,15
"530",2021-08-12,28029,193,593,18,14.6,19,3,0,16,0,1,4,3,0,1547,19,1053,0.0133000004291534,38,0,1.28367556845999,1.01730626769935,19.3847048425595,196.907791295473,19
"531",2021-08-13,28046,207,593,26,16.1,17,3,0,14,0,1,4,3,0,1547,17,1077,0.0213599991798401,14,0,2.10859020317945,1.24419704885996,17.5654053093668,213.884641119937,17
"532",2021-08-14,28063,215,593,16,16.6,17,2,0,15,1,1,5,4,0,1548,17,1005,0.0119400000572205,12,0,1.17991151007931,1.24664752460339,17.316385911011,219.001351227492,17
"533",2021-08-15,28081,212,593,8,17,18,1,0,17,0,1,5,4,0,1548,18,543,0.0221000003814697,2,0,2.20188994626386,1.46838134105254,18.6251538213116,219.362922784336,18
"534",2021-08-16,28100,215,593,21,18.1,19,0,0,19,0,1,4,3,0,1548,19,611,0.0114600002765656,8,0,1.1311890418387,1.42768293468242,19.3390061421576,218.836122134941,19
"535",2021-08-17,28121,211,593,18,18.1,21,0,0,21,0,1,4,3,0,1548,21,1323,0.0158700001239777,10,0,1.57509453593567,1.50767501164827,21.5217286622465,216.242130844477,21
"536",2021-08-18,28152,224,593,24,18.7,31,0,0,31,0,1,3,2,0,1548,31,1295,0.015440000295639,12,0,1.52982405377601,1.57288212279043,31.7480350635959,229.405156588564,31
"537",2021-08-19,28174,231,593,19,18.9,22,0,0,22,3,1,6,5,0,1551,22,1279,0.0172000002861023,17,0,1.69743829983988,1.63199108441613,22.5890273416781,237.18478708762,22
"538",2021-08-20,28193,231,593,17,17.6,19,0,0,19,0,2,6,4,0,1551,19,1142,0.014889999628067,50,0,1.42654191067555,1.53455561405843,19.4275204690616,236.197748860697,19
"539",2021-08-21,28216,240,593,27,19.1,23,1,0,22,1,2,7,5,0,1552,23,879,0.0182000005245209,12,0,1.79548826723388,1.62249515079479,23.6513721472566,246.796926753982,23
"540",2021-08-22,28247,257,593,17,20.4,31,0,0,31,1,1,6,5,0,1553,31,520,0.0173099994659424,6,0,1.71125470005514,1.55240440133641,31.8367488504479,263.936917889197,31
"541",2021-08-23,28288,276,593,16,19.7,41,1,0,40,0,1,4,3,0,1553,41,575,0.0139100003242493,11,0.0909099960327148,1.53553927351591,1.61016872014743,41.9930327276825,282.684805679033,41
"542",2021-08-24,28320,290,593,26,20.9,32,1,0,31,0,1,4,3,0,1553,32,1233,0.0154100000858307,23,0,1.51278105938131,1.60126679492538,32.7635629255149,296.919789012479,32
"543",2021-08-25,28347,307,593,27,21.3,27,0,0,26,2,1,6,5,0,1555,26,1318,0.0197300004959106,68,0,1.8762006243586,1.65074916215147,26.769434048848,316.085240499859,27
"544",2021-08-26,28375,315,593,44,24.9,28,2,0,24,3,1,9,8,0,1558,26,1198,0.0125199997425079,22,0,1.22942292553479,1.58388982296503,26.5041890760825,321.108444575615,28
"545",2021-08-27,28408,332,593,24,25.9,33,0,0,33,2,1,10,9,0,1560,33,896,0.0278999996185303,9,0,2.7622541058788,1.7747058508512,34.4377929317184,346.465068282743,33
"546",2021-08-28,28440,336,593,38,27.4,32,0,0,29,2,1,12,11,0,1562,29,1115,0.0242199993133545,16,0,2.38773644866404,1.85931273391266,30.0922024928655,348.65448405527,32
"547",2021-08-29,28479,357,593,28,29,39,0,0,35,1,0,11,11,0,1563,35,537,0.0260700011253357,2,0,2.59732664272825,1.98589444000881,36.4338819287894,371.625595673652,39
"548",2021-08-30,28516,379,593,20,29.6,37,0,1,35,1,1,10,9,0,1564,35,627,0.0111600005626678,9,0,1.10020760264036,1.92370420131231,36.6073813641266,385.577072485829,37
"549",2021-08-31,28546,387,593,22,29,30,0,0,24,0,1,8,7,0,1564,24,553,0.0361700010299683,16,0,3.51529183999516,2.20977716997143,25.3307344632291,408.45809321957,30
"550",2021-09-01,28585,398,593,55,33,39,0,0,37,2,1,10,9,0,1566,37,807,0.0309800004959106,5,0,3.07892369460589,2.38159475143533,38.7968814550426,417.328616732621,39
"551",2021-09-02,28630,426,593,34,31.6,45,0,1,39,1,1,11,10,0,1567,39,1298,0.0169500005245209,8,0,1.68461720373875,2.44662250546447,41.0362978929358,437.31956159976,45
"552",2021-09-03,28682,458,593,50,35.3,52,0,1,49,1,2,6,4,0,1568,49,1050,0.035239999294281,45,0.0222199988365173,3.47049307823181,2.5477995015149,52.6822919065326,483.071218228407,52
"553",2021-09-04,28737,489,593,38,35.3,55,0,0,52,0,2,6,4,0,1568,52,911,0.0318300008773804,8,0,3.1552917083018,2.65745025289172,54.5879842943184,513.33700615234,55
"554",2021-09-05,28763,483,593,23,34.6,26,0,0,25,2,1,8,7,0,1570,25,412,0.0388299989700317,6,0,3.82726305637633,2.83315545484145,26.5092010495335,512.157764276987,26
"555",2021-09-06,28823,500,593,29,35.9,60,0,1,53,1,1,9,8,0,1571,53,519,0.0346799993515015,2,0,3.45468707551426,3.169509665252,56.8880410467626,527.245670252477,60
"556",2021-09-07,28888,525,593,50,39.9,65,1,2,56,1,1,9,8,0,1572,57,825,0.0460599994659424,11,0.0909099960327148,4.66501309997157,3.33375555953435,63.1941745428299,563.630554999749,65
"557",2021-09-08,28940,537,594,66,41.4,52,0,1,50,2,1,8,7,1,1574,50,1376,0.03125,17,0,3.08686288585786,3.3348897297132,53.4344794901626,563.146309724346,52
"558",2021-09-09,29010,582,594,58,44.9,70,0,3,63,3,2,11,9,0,1577,63,1485,0.0343400001525879,13,0,3.40419894703558,3.58054426446989,69.3827839322727,613.250480136234,70
"559",2021-09-10,29076,612,594,62,46.6,66,0,0,58,0,1,8,7,0,1577,58,1263,0.0332500004768372,35,0,3.23534288152892,3.54695137922662,60.9598321560638,643.231332405362,66
"560",2021-09-11,29130,634,594,44,47.4,54,0,0,49,1,1,8,7,0,1578,49,1162,0.0309800004959106,15,0,3.05851831573901,3.5331266088605,51.3638828083957,664.585748990263,54
"561",2021-09-12,29185,646,594,53,51.7,55,0,1,50,2,1,9,8,0,1580,50,585,0.0598299980163574,3,0,5.95247429244372,3.83672821401299,55.6944672039255,706.652516274717,55
"562",2021-09-13,29247,675,594,36,52.7,62,0,0,55,5,4,14,10,0,1585,55,530,0.0301900005340576,20,0,2.90921823328191,3.75880409369408,57.5238164510504,705.974110990164,62
"563",2021-09-14,29309,695,594,63,54.6,62,0,2,55,2,5,11,6,0,1587,55,1224,0.0334999990463257,29,0,3.27246598824443,3.55986879201878,59.8389425730077,730.873910695279,62
"564",2021-09-15,29356,707,594,58,53.4,47,0,1,42,2,6,12,6,0,1589,42,1537,0.0305800008773804,13,0,3.03235234506669,3.55208157190575,45.0088510198684,740.815658834452,47
"565",2021-09-16,29416,735,594,63,54.1,60,1,1,50,1,7,12,5,0,1590,51,1708,0.0316199994087219,39,0,3.09141150487104,3.50739765159653,54.4868281314067,770.839581893802,60
"566",2021-09-17,29476,732,595,90,58.1,60,1,2,46,0,7,10,3,1,1590,47,1417,0.0310500001907349,4,0,3.09625969530411,3.48752862499299,51.2953769386488,767.749274874274,60
"567",2021-09-18,29538,748,595,44,58.1,62,0,5,50,0,7,9,2,0,1590,50,1575,0.0298399996757507,28,0,2.93187769739909,3.46943710808728,57.3122491623076,782.591247468122,62
"568",2021-09-19,29581,739,595,60,59.1,43,2,1,39,3,7,10,3,0,1593,41,1058,0.0321399998664856,3,0,3.20491233352891,3.07692825681374,44.0726157197271,776.357634558008,43
"569",2021-09-20,29632,718,595,60,62.6,51,2,0,40,2,8,12,4,0,1595,42,1220,0.0385199999809265,66,0.0606099987030029,3.965370131503,3.22780709941675,44.62694994722,762.908334812,51
"570",2021-09-21,29692,717,595,36,58.7,60,0,0,51,1,7,13,6,0,1596,51,1196,0.0200699996948242,23,0,1.96913204552992,3.04161653617182,52.5840314230449,739.269618241631,60
"571",2021-09-22,29743,704,595,63,59.4,51,0,0,42,5,9,17,8,0,1601,42,2383,0.0180400002002716,29,0,1.7823101358726,2.86303907771552,43.1807320280555,723.791317803597,51
"572",2021-09-23,29779,676,595,44,56.7,36,0,0,29,3,9,18,9,0,1604,29,1528,0.0274900007247925,48,0,2.66527418194689,2.80216231729779,30.2191542778188,704.418906613982,36
"573",2021-09-24,29823,670,595,56,51.9,44,1,0,34,2,8,17,9,0,1606,35,2089,0.0181900000572205,48,0,1.77814272903761,2.61385989354543,35.9816426952357,688.791445880227,44
"574",2021-09-25,29867,665,595,62,54.4,44,0,1,35,2,10,17,7,0,1608,35,1935,0.0273900008201599,32,0,2.6944408534321,2.57994034440729,37.4874948665948,693.262402465302,44
"575",2021-09-26,29915,643,595,38,51.3,48,1,0,38,3,11,18,7,0,1611,39,1060,0.0339599990844727,4,0,3.38323299149822,2.60541472411719,41.0812070615326,677.313234373473,48
"576",2021-09-27,29956,624,595,31,47.1,41,0,0,29,0,11,18,7,0,1611,29,852,0.0164300000667572,15,0.0666699981689453,1.72992041861722,2.28606476513351,29.7913031585751,641.026661067271,41
"577",2021-09-28,30001,600,596,44,48.3,45,1,1,32,3,11,19,8,1,1614,33,1723,0.0203099989891052,35,0,1.99056474733949,2.28912657967773,35.0361175381228,618.838500693141,45
"578",2021-09-29,30046,588,596,65,48.6,45,1,0,37,0,11,19,8,0,1614,38,2041,0.0215599989891052,8,0,2.14758213454191,2.34130829377335,39.2872181527046,607.918007205007,45
"579",2021-09-30,30094,591,596,61,51,48,2,0,38,3,12,21,9,0,1617,40,1837,0.017960000038147,29,0,1.76808789228703,2.21313882382194,41.115533503039,607.482007507401,48
"580",2021-10-01,30137,574,596,48,49.9,43,0,0,24,1,11,20,9,0,1618,24,1834,0.0196300005912781,13,0,1.94918359958874,2.23757323390067,24.7378749501314,591.647509223976,43
"581",2021-10-02,30173,556,596,60,49.6,36,0,0,28,0,9,15,6,0,1618,28,1477,0.0189600002765656,13,0,1.87945774553607,2.12114707562981,28.8300597862167,572.482615754875,36
"582",2021-10-03,30200,542,597,37,49.4,27,5,0,18,2,7,14,7,1,1620,23,1029,0.0213800001144409,12,0,2.11335447817096,1.9397358594402,23.7666885211571,560.067181672486,27
"583",2021-10-04,30244,539,598,25,48.6,44,1,0,40,0,4,10,6,1,1620,41,1256,0.0199000000953674,8,0,1.97740507276752,1.9750908100331,42.2787871902797,555.811373062457,44
"584",2021-10-05,30294,536,598,33,47,50,1,0,42,0,4,9,5,0,1620,43,1637,0.0116100001335144,13,0,1.15185274051897,1.85527480905874,43.7812394976732,545.738241180299,50
"585",2021-10-06,30335,527,598,28,41.7,41,1,0,33,0,4,8,4,0,1620,34,1958,0.0127699995040894,36,0,1.25394478580778,1.72761233066815,34.6724749441399,537.423361634169,41
"586",2021-10-07,30372,516,598,53,40.6,37,1,0,31,2,3,8,5,0,1622,32,1681,0.0184399998188019,9,0,1.83417986363349,1.7370540408605,32.9257861432832,530.928301560442,37
"587",2021-10-08,30400,498,600,58,42,28,0,0,19,0,2,6,4,2,1622,19,2154,0.0246099996566772,13,0,2.44623623721655,1.80806156052162,19.7331127503118,517.215271034487,28
"588",2021-10-09,30429,478,600,37,38.7,29,1,0,26,3,3,7,4,0,1625,27,1520,0.0184200000762939,12,0,1.82757180913621,1.80064928389307,27.7783178506319,491.779108614891,29
"589",2021-10-10,30450,440,601,20,36.3,21,0,0,19,2,3,7,4,1,1627,19,1009,0.0178400003910065,24,0,1.7425518290925,1.74767747688186,19.5222255089477,452.093643365105,21
"590",2021-10-11,30469,418,601,18,35.3,19,0,0,17,1,4,8,4,0,1628,17,635,0.0220499992370605,7,0,2.18095786846315,1.77675644769552,17.5848102473752,432.379451964874,19
"591",2021-10-12,30503,418,601,31,35,34,0,0,27,2,5,8,3,0,1630,27,1118,0.0143099999427795,12,0,1.41580353416172,1.8144637039302,27.6029558773653,427.334650249582,34
"592",2021-10-13,30525,413,601,24,34.4,22,0,0,20,0,5,8,3,0,1630,20,1674,0.0203099989891052,9,0,2.02013893688426,1.92392001122684,20.6372795930334,426.15982359614,22
"593",2021-10-14,30545,400,601,39,32.4,20,0,0,17,0,5,7,2,0,1630,17,1288,0.0116499996185303,33,0,1.13589701049713,1.82416531792165,17.3045836975153,407.166675235654,20
"594",2021-10-15,30581,385,601,33,28.9,36,1,0,20,2,5,9,4,0,1632,21,1605,0.0155799996852875,15,0,1.54357404289422,1.6952135758756,21.511287927235,394.373611999308,36
"595",2021-10-16,30611,379,602,22,26.7,30,0,0,24,1,4,9,5,1,1633,24,1409,0.0156099998950958,8,0,1.55218700438885,1.65587288948312,24.58758954708,388.279018264304,30
"596",2021-10-17,30636,370,602,34,28.7,25,1,0,20,0,4,9,5,0,1633,21,815,0.0368099999427795,8,0,3.64521870636273,1.92768244337887,22.2074291643307,391.273751942969,25
"597",2021-10-18,30672,375,602,23,29.4,36,3,0,23,1,3,10,7,0,1634,26,812,0.0135500001907349,20,0,1.32242790323038,1.80503530548847,26.5423306242849,382.822076311802,36
"598",2021-10-19,30694,359,602,23,28.3,22,0,0,19,3,2,12,10,0,1637,19,1138,0.0105400002002716,9,0,1.04572974959975,1.75216762197962,19.313394839447,364.921513019025,22
"599",2021-10-20,30720,354,602,35,29.9,26,1,0,20,1,3,12,9,0,1638,21,1788,0.0134200000762939,19,0,1.32788932686295,1.653274820548,21.439845295828,361.414534986814,26
"600",2021-10-21,30738,343,602,44,30.6,18,0,0,15,0,3,12,9,0,1638,15,1305,0.0214599990844727,7,0,2.13455021381379,1.79593956387895,15.5050291096562,354.548332307472,18
"601",2021-10-22,30764,329,602,34,30.7,26,0,0,12,0,2,9,7,0,1638,12,1417,0.0218799996376038,19,0,2.15905010351564,1.8838647153963,12.4086605766124,340.20411080879,26
"602",2021-10-23,30788,330,602,22,30.7,24,0,1,20,0,1,7,6,0,1638,20,1331,0.0120200002193451,9,0,1.19392688745883,1.83268469869201,21.3766400553246,336.214560912856,24
"603",2021-10-24,30808,323,603,14,27.9,20,0,0,12,1,1,7,6,1,1639,12,822,0.00243000000715256,8,0,0.240657832033663,1.34631885950214,12.0455512209953,324.22608703179,20
"604",2021-10-25,30834,315,603,15,26.7,26,0,2,19,3,1,7,6,0,1642,19,815,0.0135000002384186,5,0,1.34176831637941,1.34908177566629,21.402114663227,321.666637837711,26
"605",2021-10-26,30856,302,603,30,27.7,22,0,6,14,3,2,9,7,0,1645,14,1386,0.0180400002002716,10,0,1.79107738378055,1.45556000912069,20.3955133638438,310.531788277202,22
"606",2021-10-27,30882,311,603,35,27.7,26,1,5,19,2,2,10,8,0,1647,20,1365,0.014650000333786,9,0,1.45540396329097,1.47377638575326,25.4591264632797,318.139416503999,26
"607",2021-10-28,30907,303,603,26,25.1,25,1,6,17,4,3,14,11,0,1651,18,1856,0.0113100004196167,41,0,1.10655565518232,1.32692002023448,24.3141698782471,308.288526283825,25
"608",2021-10-29,30928,298,603,12,22,21,0,1,17,1,3,15,12,0,1652,17,1548,0.0148599994182587,18,0,1.46891948272442,1.22832993155002,18.3938815960125,304.904512683043,21
"609",2021-10-30,30951,289,603,28,22.9,23,0,2,20,1,2,16,14,0,1653,20,1178,0.0118799996376038,7,0,1.18098224245547,1.22648069654954,22.372556495551,294.383441360712,23
"610",2021-10-31,30972,275,604,32,25.4,21,0,2,16,0,1,15,14,1,1653,16,936,0.0181599998474121,7,0,1.80251960309414,1.44960380670104,18.4549029527113,282.818644499725,21
"611",2021-11-01,31023,301,604,13,25.1,51,0,10,37,1,1,14,13,0,1654,37,773,0.0116400003433228,14,0,1.14329355341659,1.42125026913492,47.6672341336043,306.428039843646,51
"612",2021-11-02,31073,329,604,31,25.3,50,1,6,37,2,0,15,15,0,1656,38,1531,0.0267799997329712,17,0,2.64859041286685,1.54375213043296,45.5875125815613,342.74451682457,50
"613",2021-11-03,31116,351,604,44,26.6,43,0,19,22,2,0,16,16,0,1658,22,1657,0.0169000005722046,11,0,1.67885497291025,1.57567370323572,41.5825787493128,360.294779136764,43
"614",2021-11-04,31149,370,604,33,27.6,33,2,5,23,4,0,19,19,0,1662,25,1511,0.0258100008964539,35,0,2.52256865165212,1.77796127415998,30.9947221292383,384.721887512726,33
"615",2021-11-05,31188,387,606,45,32.3,39,0,7,23,2,1,19,18,2,1664,23,1264,0.0213599991798401,15,0.0666699981689453,2.18913908802596,1.88084978920306,30.7941818693183,400.362973192442,39
"616",2021-11-06,31221,393,607,40,34,33,3,4,21,3,1,20,19,1,1667,24,1414,0.0212199997901917,10,0.1,2.17732301287437,2.02318418497718,28.824238470857,406.496904960284,33
"617",2021-11-07,31259,412,608,39,35,38,3,3,27,6,3,24,21,1,1673,30,1016,0.0255900001525879,10,0,2.53405849464223,2.12768974091263,34.199103489891,428.467687927837,38
"618",2021-11-08,31323,448,609,36,38.3,64,6,7,45,1,2,23,21,1,1674,51,849,0.0270900011062622,13,0.0769199991226196,2.7841497596068,2.36209777036837,60.2396571706257,467.67385122432,64
"619",2021-11-09,31365,464,609,39,39.4,42,0,9,29,3,2,25,23,0,1677,29,1627,0.0215100002288818,21,0.0476200008392334,2.18427126153001,2.29576646303454,38.999133098744,479.986129579904,42
"620",2021-11-10,31406,482,609,34,38,41,1,5,28,5,2,29,27,0,1682,29,1507,0.00995000004768372,72,0.0555600023269653,1.20297468267263,2.22778356442916,34.5502667381923,491.145812683058,41
"621",2021-11-11,31453,487,610,48,40.1,47,1,5,35,3,5,32,27,1,1685,36,1632,0.0208299994468689,24,0,2.05281153969143,2.16067540557763,42.1656558772595,502.768733672927,47
"622",2021-11-12,31512,508,610,50,40.9,59,1,2,36,1,5,33,28,0,1686,37,1517,0.0184599995613098,29,0.0344799995422363,1.87605040887657,2.11594845141344,40.0948761719367,523.032353928213,59
"623",2021-11-13,31548,525,611,43,41.3,36,1,5,28,1,3,31,28,1,1687,29,1627,0.0196700000762939,20,0,1.94311415447056,2.08249004307004,34.8888226021019,541.090754003568,36
"624",2021-11-14,31581,534,611,43,41.9,33,1,2,27,0,3,27,24,0,1687,28,912,0.037279999256134,8,0,3.69558253495589,2.24842204882913,31.632148664261,565.127406668407,33
"625",2021-11-15,31621,532,613,41,42.6,40,1,3,34,1,2,23,21,2,1688,35,921,0.0217199993133545,18,0,2.1303641499041,2.15502410458589,39.1760902945498,549.876572477157,40
"626",2021-11-16,31671,548,614,42,43,50,1,3,37,1,1,23,22,1,1689,38,1729,0.0208200001716614,24,0,2.0534957385512,2.13634188701748,42.2308246323386,565.749786803199,50
"627",2021-11-17,31693,516,614,44,44.4,22,0,1,12,1,2,22,20,0,1690,12,1886,0.0148500001430511,19,0.0526300001144409,1.52268085417159,2.18201419723162,13.2882099099272,528.393026126868,22
"628",2021-11-18,31730,505,614,39,43.1,37,2,1,21,1,3,20,17,0,1691,23,1686,0.0183899998664856,42,0.0238100004196167,1.85217359910409,2.15335163429057,24.6719366070818,519.75339072071,37
"629",2021-11-19,31766,504,615,25,39.6,36,0,2,24,2,2,18,16,1,1693,24,1564,0.0140699994564056,40,0,1.37191266520065,2.08133195662258,26.5193456325167,514.90625828285,36
"630",2021-11-20,31807,487,616,50,40.6,41,1,0,36,1,2,15,13,1,1694,37,1680,0.0166700005531311,76,0.0131599998474121,1.65180870829519,2.03971689288324,37.9640071432798,499.688418345332,41
"631",2021-11-21,31849,489,616,25,38,42,2,2,30,1,1,15,14,0,1695,32,924,0.0238100004196167,5,0,2.36818518705337,1.85008870032574,35.1953206304203,507.26599338361,42
"632",2021-11-22,31903,482,616,31,36.6,54,2,2,41,2,0,17,17,0,1697,43,1048,0.0152699995040894,18,0,1.50121571109622,1.76021035192462,46.0181935301101,493.413239104955,54
"633",2021-11-23,31950,491,617,27,34.4,47,3,1,30,2,0,16,16,1,1699,33,1457,0.0102999997138977,9,0,1.0236766427796,1.61309333824296,34.5328383939122,498.927989436693,47
"634",2021-11-24,31999,501,617,46,34.7,49,1,1,36,1,0,14,14,0,1700,37,1743,0.0183599996566772,16,0,1.81929956802663,1.65546744022225,39.0617559833267,515.376749936396,49
"635",2021-11-25,32043,507,618,60,37.7,44,2,0,37,0,0,12,12,1,1700,39,1548,0.0219600009918213,6,0,2.18752133432042,1.70337425953887,40.3456610466029,524.493593605837,44
"636",2021-11-26,32083,499,618,51,41.4,40,8,1,27,3,1,14,13,0,1703,35,1853,0.0221300005912781,40,0,2.16623830404851,1.81684935080285,37.1958950047053,516.050045924227,40
"637",2021-11-27,32112,498,618,43,40.4,29,6,0,18,2,1,15,14,0,1705,24,1818,0.0203500008583069,2,0,2.03276382200011,1.87127150990355,24.7695147363767,513.967430779816,29
"638",2021-11-28,32177,532,618,22,40,65,13,1,39,1,2,14,12,0,1706,52,1272,0.0117900002002716,46,0,1.13785130916127,1.69550952734754,53.9332707050924,541.548077213637,65
"639",2021-11-29,32227,538,618,26,39.3,50,7,0,35,1,2,15,13,0,1707,42,989,0.0161800003051758,16,0,1.59224082605163,1.70851311519831,43.0548162757186,551.511694198491,50
"640",2021-11-30,32295,569,618,61,44.1,68,6,1,49,2,2,16,14,0,1709,55,1907,0.0272699999809265,25,0,2.69171273103659,1.94680398494931,58.3351252217433,593.15793183949,68
"641",2021-12-01,32373,607,618,62,46.4,78,4,0,54,0,2,16,14,0,1709,58,1958,0.0194099998474121,72,0.0138900005817413,1.92142166222257,1.96139285554873,59.7577999703439,625.39628589653,78
"642",2021-12-02,32443,632,618,64,47,70,6,0,49,0,2,14,12,0,1709,55,2077,0.0245499992370605,19,0,2.43274563050452,1.99642489786074,57.1104650635171,656.251162184415,70
"643",2021-12-03,32534,692,618,59,48.1,91,7,0,68,1,2,11,9,0,1710,75,1911,0.0245900011062622,12,0,2.44365533614493,2.03605590244594,77.8908129467587,718.672567455427,91
"644",2021-12-04,32588,713,618,70,52,54,2,0,45,0,2,11,9,0,1710,47,1446,0.0242000007629395,6,0.166669998168945,2.4788719760485,2.09978563873857,48.8376835690863,740.878050739543,54
"645",2021-12-05,32666,749,618,35,53.9,78,5,1,58,0,2,10,8,0,1710,63,1461,0.0246399998664856,10,0,2.44724947688208,2.28684251984155,66.4318544061206,777.912046828323,78
"646",2021-12-06,32775,810,618,69,60,109,4,3,82,0,2,9,7,0,1710,86,1178,0.0348000001907349,14,0,3.439127535628,2.55068347835246,93.6651488924836,853.939193057113,109
"647",2021-12-07,32873,856,618,70,61.3,98,4,2,72,2,1,10,9,0,1712,76,1905,0.0278200006484985,22,0.0454500007629395,2.80212772455497,2.56645704885508,81.3590796042018,893.833843963115,98
"648",2021-12-08,32982,910,618,44,58.7,109,5,4,87,2,1,11,10,0,1714,92,2324,0.0249600005149841,13,0,2.48211558394622,2.64655618052989,99.6018747371597,945.627239247993,109
"649",2021-12-09,33106,997,618,147,70.6,124,5,3,94,1,1,12,11,0,1715,99,1969,0.0304699993133545,15,0,3.02396313749975,2.73101582438635,106.722048723491,1044.55436946788,124
"650",2021-12-10,33275,1133,619,87,74.6,169,6,6,128,3,0,13,13,1,1718,134,2152,0.0399600005149841,23,0,3.95374349922969,2.94674270482703,148.356647166371,1203.65732268282,169
"651",2021-12-11,33403,1218,619,150,86,128,3,4,104,0,0,12,12,0,1718,107,1669,0.0437400007247925,12,0,4.34277580069475,3.21301467977649,118.329425982731,1301.43215744828,128
"652",2021-12-12,33588,1341,620,106,96.1,185,3,4,158,1,0,13,13,1,1719,161,1977,0.0364199995994568,14,0.0714300012588501,3.66661774112255,3.38721014609656,174.311299329282,1418.55560497247,185
"653",2021-12-13,33885,1576,620,100,100.6,297,5,9,262,1,0,14,14,0,1720,267,2090,0.0377999997138977,79,0.0126600003242493,3.68843427513425,3.42282539459745,291.533598907048,1667.68895834273,297
"654",2021-12-14,34192,1813,620,199,119,307,4,3,266,2,0,15,15,0,1722,270,2041,0.0494899988174438,12,0,4.9200724591526,3.7253889281114,293.953377603099,1953.6980503497,307
"655",2021-12-15,34518,2062,620,252,148.7,326,1,4,304,0,0,12,12,0,1722,305,2780,0.0460400009155273,20,0.05,4.60682866232735,4.02891936788013,331.162598365322,2211.83369780097,326
"656",2021-12-16,34929,2414,621,308,171.7,411,7,2,387,3,0,15,15,1,1725,394,2938,0.0871300029754639,58,0.0172399997711182,8.57769922325226,4.82231023727335,449.307192706354,2740.60802840898,411
"657",2021-12-17,35400,2815,621,355,210,471,7,9,430,2,0,17,17,0,1727,437,3115,0.102089996337891,10,0.1,10.208330834961,5.71582271380639,516.364717746803,3268.26471500515,471
"658",2021-12-18,35901,3269,621,308,232.6,501,23,15,434,1,0,17,17,0,1728,457,2673,0.0912800025939941,3,0,9.1177670752521,6.39796432445744,537.723921774503,3739.13457391871,501
"659",2021-12-19,36447,3750,621,402,274.9,546,21,8,497,1,0,18,18,0,1729,518,2673,0.0939000034332275,46,0.0217400002479553,9.26792016139842,7.19815038449685,601.723524592738,4298.1915390401,546
"660",2021-12-20,37356,4532,621,386,315.7,909,8,20,854,1,0,17,17,0,1730,862,2474,0.100240001678467,11,0,9.9796283361178,8.09689239320879,1017.68767780491,5245.38347541977,909
"661",2021-12-21,38214,5284,621,488,357,858,5,17,812,3,0,18,18,0,1733,817,2743,0.117749996185303,96,0.0208299994468689,11.4472673294535,9.02934880325178,981.517199211693,6238.07696528101,858
"662",2021-12-22,39034,5980,621,670,416.7,820,6,30,760,2,0,20,20,0,1735,766,4020,0.182089996337891,124,0.0161300003528595,17.7124011902045,10.9015734500914,1010.0055255084,7650.69587798983,820
"663",2021-12-23,39895,6723,621,736,477.9,861,1,45,799,2,1,20,19,0,1737,800,3597,0.217959995269775,96,0.0104200005531311,21.2564966974948,12.712830232126,1113.22574066294,8977.10206809617,861
"664",2021-12-24,40660,7338,621,860,550,765,0,33,715,3,1,22,21,0,1740,715,3803,0.26636999130249,68,0.0735300016403198,26.2982463713488,15.0113895944671,1044.5866564647,10381.8501890042,765
"665",2021-12-25,41198,7752,622,504,578,538,0,32,498,3,1,22,21,1,1743,498,2656,0.250380001068115,57,0.035090000629425,24.5856768475043,17.2210909905032,723.121349853217,10758.1781206067,538
"666",2021-12-26,41976,8350,622,428,581.7,778,0,50,716,7,1,25,24,0,1750,716,2040,0.21863000869751,54,0.0185199999809265,21.34695786733,18.9466678056362,1007.08366874294,11161.5204385525,778
"667",2021-12-27,43072,9141,622,547,604.7,1096,1,56,1032,5,2,29,27,0,1755,1033,1898,0.272390003204346,183,0.0546400022506714,25.3241396681269,21.1387408530661,1501.62334763597,12792.2972127206,1096
"668",2021-12-28,44315,10082,622,872,659.6,1243,0,77,1160,7,1,35,34,0,1762,1160,2597,0.388139991760254,90,0.1,37.848885694134,24.910400619449,1929.51608284399,16100.9199545113,1243
"669",2021-12-29,45701,11122,622,1240,741,1386,0,75,1304,5,4,39,35,0,1767,1304,3486,0.304360008239746,144,0.0347199988365173,29.3663545056808,26.5752510930885,1983.01316590045,16273.7135208166,1386
"670",2021-12-30,47124,12142,623,1339,827.1,1423,0,75,1345,11,5,45,40,1,1778,1345,3324,0.314680004119873,129,0.0542600011825562,30.4951020517523,27.8950518579824,2066.95064768691,17982.3529845461,1423
"671",2021-12-31,48020,12557,626,1339,895.6,896,0,65,830,13,5,53,48,3,1791,830,3305,0.357639999389648,182,0.0164800000190735,33.9833541148912,28.9929243927742,1339.90072139122,19287.8654921802,896
"672",2022-01-01,48447,12446,626,1178,991.9,427,0,59,367,17,6,69,63,0,1808,367,2500,0.400400009155273,169,0.118339996337891,38.2540083278114,30.9455431756752,647.442914591521,19955.7507220874,427
"673",2022-01-02,49047,12394,627,503,1002.6,600,0,74,526,9,5,74,69,1,1817,526,2226,0.312220001220703,64,0.0468800020217896,30.4804385522567,32.2503261306648,852.886550272806,18352.6994374167,600
"674",2022-01-03,49779,12155,627,568,1005.6,732,0,107,625,8,4,71,67,0,1825,625,1773,0.250990009307861,105,0.1428600025177,24.4944401899465,32.1317976337819,973.471740365573,16851.1424066297,732
"675",2022-01-04,50538,11975,629,807,996.3,759,0,102,657,12,4,78,74,2,1837,657,2135,0.333019981384277,300,0.146669998168945,31.006105121401,31.1542575519629,1080.31526708387,17831.5453931953,759
"676",2022-01-05,51155,11678,630,696,918.6,617,0,123,493,17,7,92,85,1,1854,493,2678,0.314409999847412,314,0.0541400003433228,28.7095568081274,31.0604293094552,839.250368377791,16966.2714034804,617
"677",2022-01-06,51757,11363,634,845,848,602,2,113,487,12,7,91,84,4,1866,489,2294,0.282040004730225,121,0.0743800020217896,27.1635507700113,30.5844934120637,811.514543606166,16231.5352944721,602
"678",2022-01-07,52306,11181,635,660,751,549,4,146,399,19,8,98,90,1,1885,403,2309,0.298400001525879,444,0.0427899980545044,25.7175576701582,29.4036653485304,712.475827771164,15716.5415144153,549
"679",2022-01-08,52726,11072,636,708,683.9,420,0,95,325,21,10,110,100,1,1906,325,2371,0.309150009155273,280,0.0964299964904785,28.6682410684454,28.0342700257638,566.961367778736,16078.6346586036,420
"680",2022-01-09,53096,10758,636,507,684.4,370,0,89,281,18,13,120,107,0,1924,281,1324,0.273409996032715,172,0.0581400012969971,24.865970252032,27.2322031257317,480.212411800678,14977.4488475149,370
"681",2022-01-10,53722,10351,637,410,661.9,626,0,147,479,14,14,122,108,1,1938,479,1342,0.175109996795654,126,0.0714300012588501,16.6211032601078,26.1074407071833,751.578166424548,13064.6943646357,626
"682",2022-01-11,54215,9643,640,602,632.6,493,1,116,375,15,9,125,116,3,1953,376,2155,0.292339992523193,415,0.101199998855591,26.1474974090487,25.413353891133,647.073200473808,13620.0501919387,493
"683",2022-01-12,54719,8754,643,485,602.4,504,1,155,348,17,9,124,115,3,1970,349,1537,0.297329998016357,163,0.208589992523193,28.882139748966,25.438008596967,662.99137621808,12741.9957232466,504
"684",2022-01-13,55137,7774,646,403,539.3,418,0,110,308,14,11,122,111,3,1984,308,2030,0.139409999847412,163,0.134969997406006,13.9079985986058,23.5443582867663,485.566921405755,9479.40664613096,418
"685",2022-01-14,55554,7273,648,436,507.3,417,0,98,319,20,15,133,118,2,2004,319,1747,0.215230007171631,275,0.167269992828369,20.8707255468171,22.8519536977175,522.013952989619,9667.25228869436,417
"686",2022-01-15,55876,7180,652,380,460.4,322,0,77,245,15,11,136,125,4,2019,245,1535,0.18371000289917,208,0.144230003356934,17.8998677652592,21.3136146544052,391.172692975405,9207.18341046287,322
"687",2022-01-16,56158,6875,658,385,443,282,0,61,221,12,14,138,124,6,2031,221,1342,0.225779991149902,85,0.188239994049072,22.3543901623924,20.9548174987424,359.924473547967,9299.12106625463,282
"688",2022-01-17,56467,6467,662,295,426.6,309,1,98,210,14,15,133,118,4,2045,211,892,0.177129993438721,183,0.0819699954986572,16.0930663556831,20.8793836552532,362.559934086894,8108.57390398078,309
"689",2022-01-18,56891,6114,663,205,369.9,424,2,109,313,17,16,132,116,1,2062,315,991,0.16548999786377,18,0.166669998168945,16.5511048414308,19.5084704313078,506.234928672,7710.14080603367,424
"690",2022-01-19,57241,5848,667,501,372.1,350,0,106,244,23,21,138,117,4,2085,244,1685,0.216620006561279,290,0.1,19.9496056230762,18.2323941276092,426.779082423691,7688.18063120387,350
"691",2022-01-20,57539,5555,670,486,384,298,0,88,210,18,19,136,117,3,2103,210,1748,0.206520004272461,159,0.226420001983643,20.8179207018176,19.2195258566395,366.956533533154,7379.06449417463,298
"692",2022-01-21,57823,5294,673,359,373,284,1,92,191,11,19,132,113,3,2114,192,1221,0.239969997406006,87,0.241380004882812,24.0063782306986,19.6674762400511,356.702048769751,7298.60753222427,284
"693",2022-01-22,58062,5096,676,389,374.3,239,0,47,192,12,21,128,107,3,2126,192,1259,0.173150005340576,94,0.223400001525879,17.6641135895948,19.6337970720991,292.494835219372,6515.84208478083,239
"694",2022-01-23,58272,4911,683,250,355,210,1,64,145,21,19,132,113,7,2147,146,958,0.225470008850098,120,0.0666699981689453,20.7792827698207,19.4087817303031,257.852230440527,6520.60481981799,210
"695",2022-01-24,58591,4614,689,237,346.7,319,0,103,216,11,18,123,105,6,2158,216,907,0.1642799949646,70,0.314290008544922,17.5027897677622,19.6101707891716,378.632058861954,5887.80703513453,319
"696",2022-01-25,58862,4396,694,266,355.4,271,1,104,166,11,21,116,95,5,2169,167,1412,0.173509998321533,64,0.359379997253418,18.1569402069257,19.8395758413851,318.827525411921,5654.9808485677,271
"697",2022-01-26,59065,4132,698,389,339.4,203,0,71,132,10,22,115,93,4,2179,132,1306,0.194489994049072,270,0.1,17.8301987454371,19.5368034302938,240.123498048588,5294.07798436945,203
"698",2022-01-27,59247,3894,699,293,311.9,182,0,47,135,6,20,100,80,1,2185,135,1240,0.154029998779297,115,0.104350004196167,14.9813615475194,18.7030092653941,213.900965699171,4814.16563283387,182
"699",2022-01-28,59423,3654,701,228,293.1,176,0,43,133,3,19,89,70,2,2188,133,1040,0.180769996643066,125,0.0719999980926514,16.9099395940232,17.6892323172976,211.474188855285,4628.60666223467,176
"700",2022-01-29,59574,3456,704,197,265.7,151,0,35,116,8,17,89,72,3,2196,116,894,0.136470003128052,81,0.0493800020217896,12.9234833805378,17.0119994302894,174.64592754385,4160.48556544435,151
"701",2022-01-30,59750,3362,704,191,257.3,176,0,39,137,3,16,84,68,0,2199,137,689,0.164009990692139,110,0.0363599991798401,14.643614955778,16.1354754568548,207.643728133152,4138.5417079099,176
"702",2022-01-31,59962,3259,707,225,255.6,212,0,29,183,5,17,79,62,3,2204,183,813,0.100860004425049,54,0.148149995803833,10.3805401811963,15.1180112302025,241.963312254125,3792.60893243821,212
"703",2022-02-01,60159,3057,711,274,256.7,197,0,47,150,3,14,66,52,4,2207,150,1306,0.108730001449585,101,0,10.0924933825983,13.9659473981557,220.878580668842,3543.645474031,197
"704",2022-02-02,60297,2863,714,275,240.4,138,0,26,112,9,15,67,52,3,2216,112,1039,0.137629995346069,197,0.0558400011062622,12.4593887849919,13.1986888323778,160.010683913112,3425.64810752893,138
"705",2022-02-03,60432,2713,716,207,228.1,135,0,17,118,6,14,63,49,2,2222,118,958,0.141960000991821,128,0.0468800020217896,13.0753518608613,12.9264017342838,159.336278602951,3272.52816821869,135
"706",2022-02-04,60570,2595,722,184,221.9,138,0,16,122,5,14,60,46,6,2227,122,916,0.102620000839233,82,0.0365899991989136,9.71946900832148,11.8991916506121,156.703425175514,2992.831051889,138
"707",2022-02-05,60679,2482,728,146,214.6,109,0,7,102,5,14,55,41,6,2232,102,830,0.120480003356934,113,0.0796500015258789,11.5587330815143,11.7042273221802,127.596413027019,2934.5127169908,108
"708",2022-02-06,60775,2357,731,138,207,96,0,5,91,3,11,49,38,3,2235,91,639,0.142410001754761,115,0.017389999628067,12.3341964295119,11.3743103898565,113.703984857438,2815.55266273607,96
"709",2022-02-07,60914,2169,732,167,198.7,139,0,7,132,4,9,46,37,1,2239,132,686,0.0874600028991699,27,0.037039999961853,8.55506900249657,11.1135287928994,156.81214511145,2461.68592989951,141
"710",2022-02-08,61018,2004,733,214,190.1,104,0,6,98,2,8,43,35,1,2241,98,918,0.130719995498657,113,0.00884999990463257,11.7362760288061,11.3483548852148,122.141582475617,2374.97684980751,106
"711",2022-02-09,61102,1855,736,174,175.7,84,0,5,79,4,8,35,27,3,2245,79,748,0.0949199962615967,84,0.0357100009918213,8.89420640468598,10.8390431165997,95.0828912462668,2115.23750964335,89
"712",2022-02-10,61184,1752,740,181,172,82,0,5,77,0,6,27,21,4,2245,77,851,0.0987100028991699,41,0.121949996948242,9.97782089036676,10.3965386922433,94.118397825545,2027.73289597863,89
"713",2022-02-11,61271,1663,740,117,162.4,87,0,9,78,3,5,24,19,0,2248,78,685,0.0890499973297119,59,0.0169500005245209,8.3332390056182,10.1985058347143,97.2524395496931,1881.58726886076,98
"714",2022-02-12,61328,1581,743,136,161,57,0,3,54,4,5,26,21,3,2252,54,633,0.113739995956421,47,0,10.5878555059433,10.0598090382041,66.0182141122895,1845.03326873203,71
"715",2022-02-13,61411,1505,744,144,161.9,83,0,6,77,0,4,23,19,1,2252,77,455,0.0967000007629395,29,0.0344799995422363,9.29719428385585,9.62595158882468,94.2917540043161,1725.70246462981,99
"716",2022-02-14,61486,1382,744,174,162.9,75,0,4,71,2,2,21,19,0,2254,71,577,0.0693200016021729,35,0.0285700011253357,6.69895277186936,9.3607921273065,82.5021205991452,1528.02719250731,97
"717",2022-02-15,61532,1243,747,178,157.7,46,0,3,43,0,2,16,14,3,2254,43,644,0.121120004653931,69,0.0144900000095367,11.0800971946409,9.26705229385434,53.5150314463041,1460.23683925014,76
"718",2022-02-16,61593,1170,747,197,161,61,0,7,54,2,3,13,10,0,2256,54,690,0.10289999961853,51,0.0392199993133545,9.85171655894289,9.40383945874818,69.3912071950985,1351.80948922713,109
"719",2022-02-17,61613,1063,747,181,161,20,0,0,20,0,3,12,9,0,2256,20,174,0.252870006561279,9,0.222220001220703,25.1362629249447,11.5693311779736,27.9295671771448,1484.45649546525,84
"720",2022-02-18,61615,943,747,83,156.1,2,0,0,2,0,3,12,9,0,2256,2,NA,NA,NA,NA,NA,NA,NA,NA,95
