"","date","observed_cumulative_cases","observed_active_cases","observed_cumulative_deaths","observed_new_cases","observed_daily_average_cases","observed_new_episodes","observed_new_cases_community_outbreak","observed_new_cases_institution_outbreak","observed_new_cases_sporadic","observed_new_ICU_p_acute_care","observed_census_ICU","observed_census_ICU_p_acute_care","observed_census_acute_care","observed_new_deaths","cumulative_hosp","observed_new_community_cases","num_non_ltch_tests","non_ltch_pct_positivity","num_ltch_tests","ltch_pct_positivity","observed_pct_positivity","pct_positivity_7_day","adjusted_new_episodes","adjusted_active_cases","adjusted_episode_cases"
"1",2020-03-01,7,7,0,0,0,2,0,0,2,0,0,1,1,0,0,2,NA,NA,NA,NA,NA,NA,NA,NA,2
"2",2020-03-02,10,10,0,0,0,3,2,0,1,0,0,1,1,0,0,3,NA,NA,NA,NA,NA,NA,NA,NA,3
"3",2020-03-03,11,11,0,0,0,1,0,0,1,0,0,1,1,0,0,1,NA,NA,NA,NA,NA,NA,NA,NA,1
"4",2020-03-04,12,12,0,0,0,1,0,0,1,0,0,1,1,0,0,1,NA,NA,NA,NA,NA,NA,NA,NA,1
"5",2020-03-05,18,18,0,0,0,6,2,0,4,0,0,1,1,0,0,6,NA,NA,NA,NA,NA,NA,NA,NA,6
"6",2020-03-06,23,23,0,0,0,5,0,1,4,0,0,1,1,0,0,4,NA,NA,NA,NA,NA,NA,NA,NA,5
"7",2020-03-07,27,27,0,0,0,4,0,0,4,0,0,1,1,0,0,4,NA,NA,NA,NA,NA,NA,NA,NA,4
"8",2020-03-08,36,36,0,0,0,9,1,0,8,0,0,1,1,0,0,9,NA,NA,NA,NA,NA,NA,NA,NA,9
"9",2020-03-09,45,45,0,1,0.1,9,0,0,9,0,0,1,1,0,0,9,NA,NA,NA,NA,NA,NA,NA,NA,9
"10",2020-03-10,52,52,0,0,0.1,7,1,0,6,0,0,1,1,0,0,7,NA,NA,NA,NA,NA,NA,NA,NA,7
"11",2020-03-11,61,61,0,0,0.1,9,0,0,9,0,0,1,1,0,0,9,NA,NA,NA,NA,NA,NA,NA,NA,9
"12",2020-03-12,75,75,0,3,0.6,14,1,0,13,0,0,1,1,0,0,14,NA,NA,NA,NA,NA,NA,NA,NA,14
"13",2020-03-13,97,97,0,1,0.7,22,2,2,18,0,0,1,1,0,0,20,NA,NA,NA,NA,NA,NA,NA,NA,22
"14",2020-03-14,115,115,0,4,1.3,18,1,1,16,1,0,2,2,0,1,17,NA,NA,NA,NA,NA,NA,NA,NA,18
"15",2020-03-15,142,142,0,4,1.9,27,1,0,26,0,0,2,2,0,1,27,NA,NA,NA,NA,NA,NA,NA,NA,27
"16",2020-03-16,157,157,0,0,1.7,15,0,0,15,0,0,2,2,0,1,15,NA,NA,NA,NA,NA,NA,NA,NA,15
"17",2020-03-17,180,179,0,5,2.4,23,1,0,22,2,0,4,4,0,3,23,127,0,4,0,0,0,23,179,23
"18",2020-03-18,196,194,0,4,3,16,0,0,16,0,0,3,3,0,3,16,210,0.0190499997138977,1,0,1.89597153550641,0.947985767753204,15.6671925415571,189.96470956638,16
"19",2020-03-19,221,219,0,1,2.7,25,0,0,25,4,0,7,7,0,7,25,110,0.0272699999809265,9,0,2.52075630075791,1.47224261208811,24.3086274618165,212.943576565512,25
"20",2020-03-20,243,241,0,2,2.9,22,1,1,20,3,1,10,9,0,10,21,137,0.00730000019073486,4,0,0.709290798674238,1.28150465873464,21.8365876499448,239.124648744605,22
"21",2020-03-21,263,261,0,4,2.9,20,0,2,18,3,1,10,9,0,13,18,204,0.0147099995613098,3,0,1.44968111618705,1.31513995022512,19.7137231421226,256.848985560778,20
"22",2020-03-22,289,287,0,7,3.3,26,0,1,25,3,5,13,8,0,16,25,159,0.0314499998092651,2,0,3.10593165818208,1.61360523488462,25.1481303237063,277.220536116148,26
"23",2020-03-23,310,308,0,9,4.6,21,1,0,20,4,5,17,12,0,20,21,138,0.0362299990653992,3,0,3.54591480214545,1.88964945877902,20.183062473111,296.018249605627,21
"24",2020-03-24,328,324,1,8,5,18,1,3,14,3,7,20,13,1,23,15,253,0.0197599995136261,4,0,1.94524508830638,2.16754161425136,17.6798843981022,317.085502999007,18
"25",2020-03-25,351,347,1,8,5.6,23,0,1,22,4,8,23,15,0,27,22,153,0.0588199996948242,2,0,5.80610319568265,2.7261318514194,21.5986433254615,324.896783360688,23
"26",2020-03-26,365,357,1,19,8.1,14,1,3,10,2,7,25,18,0,29,11,274,0.025550000667572,3,0,2.5273285858898,2.72707074929538,13.6950029423158,347.101459127884,14
"27",2020-03-27,382,365,1,27,11.7,17,3,2,12,5,9,26,17,0,34,15,577,0.0294600009918213,4,0,2.92571782655437,3.04370318184968,16.5185347447164,353.284345454765,17
"28",2020-03-28,407,387,2,26,14.9,25,1,1,23,3,8,25,17,1,37,24,367,0.0817399978637695,3,0,8.10772411243336,3.99485218131344,22.8652281916555,352.576804590446,25
"29",2020-03-29,426,399,2,11,15.4,19,5,4,10,7,8,31,23,0,44,15,184,0.0434800004959106,0,0,4.34800004959107,4.1722905229433,18.2844795438407,379.967155866163,19
"30",2020-03-30,451,408,3,48,21,25,8,3,14,4,12,32,20,1,48,22,549,0.0783199977874756,0,0,7.83199977874756,4.7845883767436,23.1096744589223,372.943053601831,25
"31",2020-03-31,468,405,3,51,27.1,17,2,3,12,6,13,34,21,0,54,14,943,0.064689998626709,0,0,6.4689998626709,5.43083905879567,16.006411782923,376.256912291701,17
"32",2020-04-01,495,408,3,37,31.3,27,6,4,16,3,15,33,18,0,57,22,575,0.0573899984359741,4,0.25,5.87206374795943,5.44026199483521,24.5827231364683,381.715956349049,27
"33",2020-04-02,512,404,6,32,33.1,17,5,4,7,6,14,34,20,3,63,12,107,0.0841100025177002,9,0,7.75842264602924,6.1875611462837,14.9785998072773,369.612860178335,17
"34",2020-04-03,540,410,6,26,33,28,3,4,20,5,14,37,23,0,68,23,217,0.110600004196167,2,0,10.9589958495745,7.33517229242944,24.2347152827704,360.705794171125,28
"35",2020-04-04,557,417,7,18,31.9,17,3,7,6,7,14,43,29,1,75,9,315,0.0253999996185303,3,0,2.51603769806196,6.53635994751924,15.7515717910444,405.489492985057,17
"36",2020-04-05,584,428,8,40,36,27,4,8,13,4,13,43,30,1,79,17,422,0.0663500022888184,5,0.2,6.79149905524153,6.88543123404074,23.7333523521621,396.110282748553,27
"37",2020-04-06,603,428,9,40,34.9,19,3,7,9,4,12,44,32,1,83,12,238,0.117650003433228,4,0.25,11.9837606682265,7.47853993253773,17.4223319591471,371.729839876247,19
"38",2020-04-07,626,426,9,25,31.1,23,2,11,10,4,14,45,31,0,87,12,285,0.108769998550415,6,0,10.6527318167932,8.07621592598378,21.5975625681768,376.213471170276,23
"39",2020-04-08,646,429,11,26,29.6,20,1,10,8,5,16,44,28,2,92,9,368,0.0434800004959106,6,0.333330001831055,4.81300005173301,7.92492111223715,18.5247746154693,406.347590004036,20
"40",2020-04-09,682,437,11,25,28.6,36,1,20,13,6,16,47,31,0,98,14,295,0.0949199962615967,5,0,9.33379963239034,8.14997496743159,32.5664007524848,392.251223488277,36
"41",2020-04-10,716,454,11,37,30.1,34,0,20,13,4,16,49,33,0,102,13,331,0.090629997253418,8,0,8.84912362562872,7.84856464972504,31.7379258553658,409.924487564312,34
"42",2020-04-11,760,484,11,31,32,44,0,34,8,6,19,54,35,0,108,8,225,0.102220001220703,11,0.363639984130859,11.4404830932617,9.12348542046786,40.9959031477204,423.252140437086,44
"43",2020-04-12,793,499,13,35,31.3,33,0,18,14,1,18,50,32,2,109,14,227,0.101319999694824,12,0.5,12.1337405567887,9.88666277783175,30.1363515377604,432.57424409589,33
"44",2020-04-13,817,506,16,16,27.9,24,0,19,5,3,20,52,32,3,112,5,165,0.0606099987030029,26,0.0384599995613098,5.75948155737672,8.99748004771035,23.6840672474568,474.027605442633,24
"45",2020-04-14,850,506,18,32,28.9,33,0,26,7,5,20,51,31,2,117,7,208,0.0673099994659424,18,0.166669998168945,7.52236276812258,8.55028446932883,32.4223117043088,464.241388911468,33
"46",2020-04-15,879,504,24,60,33.7,29,3,17,9,4,16,51,35,6,121,12,390,0.1,24,0.208330001831055,10.6280000106148,9.38099874916909,27.6008185227373,445.234377954969,29
"47",2020-04-16,949,553,24,21,33.1,70,1,55,13,7,13,53,40,0,128,14,310,0.0354800009727478,11,0,3.42641753942424,8.5370870216025,68.4737288350239,532.212288983445,70
"48",2020-04-17,981,557,26,73,38.3,32,0,26,6,0,13,49,36,2,128,6,378,0.0846599960327148,66,0.5,14.6399726352176,9.36435116582949,31.0363201675588,467.538388888376,32
"49",2020-04-18,1021,579,31,31,38.3,40,1,30,9,1,11,46,35,5,129,10,421,0.0617600011825562,8,0,6.06082995288022,8.59582928863213,39.3350739400296,540.500781127712,40
"50",2020-04-19,1038,582,35,38,38.7,17,0,13,4,5,15,47,32,4,134,4,452,0.0442500019073486,47,0.127659997940063,5.21062540386865,7.60681283821498,16.7713395263215,548.729901079776,17
"51",2020-04-20,1099,618,39,16,38.7,61,1,47,13,3,13,45,32,4,137,14,325,0.0523099994659424,43,0.0232599997520447,4.89155701515467,7.48282361789754,60.248694772516,584.835240672492,61
"52",2020-04-21,1135,631,47,51,41.4,36,0,26,10,2,11,43,32,8,139,10,543,0.069980001449585,25,0.36,8.27449661745152,7.59027131065882,35.0922153439619,573.718788203996,36
"53",2020-04-22,1176,647,54,35,37.9,41,1,31,9,4,9,45,36,7,143,10,656,0.0243899989128113,122,0.106560001373291,3.7275269221524,6.60448944087848,40.5910576919251,620.541432667552,41
"54",2020-04-23,1221,662,57,50,42,45,0,35,10,5,11,48,37,3,148,10,775,0.0361299991607666,105,0.0285700011253357,3.522795394063,6.61825770582687,44.6135185313452,636.41492677505,45
"55",2020-04-24,1262,669,65,38,37,41,0,36,5,7,10,48,38,8,155,5,517,0.0406199979782104,94,0.106379995346069,5.07369206501887,5.25164619579848,40.7216858004164,631.761560095715,41
"56",2020-04-25,1363,741,78,53,40.1,101,0,95,6,4,9,48,39,13,159,6,557,0.0502699995040894,28,0.0357100009918213,4.95731106864081,5.09400064090713,100.673683768473,700.699945406382,101
"57",2020-04-26,1417,760,87,88,47.3,54,0,41,13,5,9,50,41,9,164,13,358,0.0502799987792969,81,0.0123500001430511,4.32815252268233,4.96793308645194,53.3827129528295,723.912449550034,54
"58",2020-04-27,1478,784,95,87,57.4,61,0,54,7,8,11,56,45,8,172,7,269,0.0632000017166138,80,0.1,7.16355314090805,5.29250396155957,60.4498668925406,722.385091964547,61
"59",2020-04-28,1499,780,103,65,59.4,21,0,14,7,7,13,61,48,8,179,7,503,0.0616300010681152,11,0.272730007171631,6.61477054788909,5.05540023733637,20.4920112680033,723.395541291792,21
"60",2020-04-29,1524,769,111,29,58.6,25,0,17,8,7,13,62,49,8,186,8,668,0.0314400005340576,74,0.148649997711182,4.31294072606172,5.13903078075198,24.6214661416127,732.613432862522,25
"61",2020-04-30,1544,759,122,30,55.7,20,0,10,10,2,11,56,45,11,188,10,603,0.0414599990844727,6,0.333330001831055,4.43355656139956,5.26913951894292,19.5136000648514,722.082244922223,20
"62",2020-05-01,1567,742,135,42,56.3,23,0,16,7,6,11,57,46,13,194,7,516,0.031010000705719,55,0.0909099960327148,3.67797025323123,5.06975068868754,22.7175461443849,712.059891304797,23
"63",2020-05-02,1588,743,139,22,51.9,21,0,15,6,4,12,57,45,4,198,6,508,0.0511800003051758,28,0.0357100009918213,5.03718660126871,5.08116147906296,20.6684259417119,701.940079115325,21
"64",2020-05-03,1607,724,148,23,42.6,19,0,13,6,3,12,52,40,9,201,6,826,0.0205800008773804,231,0.0043299999833107,1.70286761786764,4.70612077837514,18.887908316392,710.474270177971,19
"65",2020-05-04,1625,721,152,14,32.1,18,0,11,7,6,10,52,42,4,207,7,637,0.0109899997711182,24,0.125,1.51295459216373,3.89889241426881,17.8838109531876,709.032528178324,18
"66",2020-05-05,1650,721,156,29,27,25,0,24,1,3,9,50,41,4,210,1,923,0.0292499995231628,29,0.172409992218018,3.36109656871868,3.4340818458159,24.9631258306867,694.413723925087,25
"67",2020-05-06,1666,694,161,23,26.1,16,0,11,5,4,10,52,42,5,214,5,598,0.0167200005054474,149,0.0134200000762939,1.60617674881196,3.04740127763736,15.9118941807057,681.770912281954,16
"68",2020-05-07,1689,672,167,32,26.4,23,0,16,7,6,10,54,44,6,220,7,813,0.0356699991226196,234,0.0128199994564056,3.05631224063884,2.85065208895726,22.765287069526,649.467558674495,23
"69",2020-05-08,1702,639,173,16,22.7,13,0,8,5,4,8,54,46,6,224,5,715,0.00978999972343445,127,0.0472399997711182,1.54386339349022,2.54577968042283,12.9153123407729,628.176917150774,13
"70",2020-05-09,1719,623,179,12,21.3,17,0,12,5,5,6,51,45,6,229,5,1100,0.0154499995708466,164,0.0304900002479553,1.74013920637626,2.0747729097239,16.9045457540228,611.106400951247,17
"71",2020-05-10,1731,554,185,25,21.6,12,0,8,4,3,5,52,47,6,232,4,907,0.0176400005817413,316,0.0126600003242493,1.6353262984548,2.06512414980778,11.9282361603377,544.06070820677,12
"72",2020-05-11,1751,535,188,14,21.6,20,0,14,6,1,5,51,46,3,233,6,517,0.00967000007629394,197,0.0152300000190735,1.12040616851561,2.00904580357234,19.926248985866,528.423867906386,20
"73",2020-05-12,1774,518,193,13,19.3,23,0,17,6,4,6,51,45,5,237,6,835,0.0131700003147125,322,0.00310999989509583,1.03702422031165,1.67703546808562,22.9317376233024,512.106681478443,23
"74",2020-05-13,1795,500,195,21,19,21,0,15,6,2,7,47,40,2,239,6,1249,0.0144099998474121,224,0.0133899998664856,1.42548878340193,1.65122290159847,20.9061668470178,492.180570584817,21
"75",2020-05-14,1809,472,198,25,18,14,0,10,4,2,6,45,39,3,241,4,1046,0.0267700004577637,127,0.0236199998855591,2.6428951802461,1.59216332154237,13.8840205125187,458.314420477207,14
"76",2020-05-15,1829,458,201,17,18.1,20,0,12,8,1,5,44,39,3,242,8,1163,0.012039999961853,137,0.0146000003814697,1.23097846214588,1.54746547420746,19.8919607162575,451.81475100574,20
"77",2020-05-16,1845,438,207,19,19.1,16,0,6,10,1,4,42,38,6,243,10,967,0.0134399998188019,25,0.04,1.4109354662078,1.50043636846911,15.8452080378905,431.220112059606,16
"78",2020-05-17,1857,398,212,15,17.7,12,0,9,3,1,2,42,40,5,244,3,353,0.0254999995231628,10,0.1,2.7552341134095,1.66042319917693,11.9093180153097,385.969523364419,12
"79",2020-05-18,1872,390,213,26,19.4,15,0,8,7,2,1,43,42,1,246,7,376,0.0398900008201599,17,0.0588199996948242,4.07088557333133,2.08192025700774,14.6873717711705,372.58214153664,15
"80",2020-05-19,1884,353,219,23,20.9,12,0,8,4,0,1,40,39,6,246,4,359,0.0390000009536743,31,0.225809993743896,5.38490003805894,2.70304537382879,11.7636917456204,332.145796551004,12
"81",2020-05-20,1899,339,223,17,20.3,15,0,9,6,3,1,41,40,4,249,6,675,0.0296300005912781,36,0.0555600023269653,3.0942912071566,2.94144572007945,14.7963175132675,327.491939499614,15
"82",2020-05-21,1907,325,229,11,18.3,8,0,1,7,0,1,38,37,6,249,7,478,0.0209200000762939,36,0,1.94547860631683,2.8418147809467,7.85059478583652,318.06332934241,8
"83",2020-05-22,1914,309,233,7,16.9,7,0,3,4,1,1,36,35,4,250,4,514,0.00583999991416931,14,0,0.568515143159664,2.74717716394867,6.97505156639512,307.072733504023,7
"84",2020-05-23,1923,305,236,6,15,9,1,3,5,1,0,35,35,3,251,6,582,0.00859000027179718,43,0,0.799900825309753,2.65988650096323,8.94734632963386,302.323438423054,9
"85",2020-05-24,1933,302,237,8,14,10,0,3,7,1,1,36,35,1,252,7,332,0.0150600004196167,25,0.04,1.68064989896716,2.50637447032861,9.87093260379542,296.431663763745,10
"86",2020-05-25,1948,298,240,6,11.1,15,1,7,7,0,1,35,34,3,252,8,401,0.0174600005149841,8,0,1.71184846124906,2.16936916860257,14.8497562001965,292.403418457318,15
"87",2020-05-26,1954,288,243,16,10.1,6,0,2,4,1,1,35,34,3,253,4,1123,0.00800999999046326,41,0.0731699991226196,1.03051545990701,1.54731422886658,5.95477737604772,284.743971075436,6
"88",2020-05-27,1959,261,243,8,8.9,5,0,1,4,1,1,33,32,0,254,4,1150,0.00957000017166138,13,0.0769199991226196,1.03228376491871,1.25274173711831,4.95469977663685,258.044160425554,5
"89",2020-05-28,1963,236,244,4,7.9,4,0,2,2,1,1,31,30,1,255,2,1403,0.00284999996423721,88,0,0.268179071081476,1.01312751779898,3.99411568202748,235.305650479242,4
"90",2020-05-29,1970,226,247,7,7.9,7,0,3,4,2,1,32,31,3,257,4,1380,0.0065200001001358,37,0,0.634975309681539,1.0226218273021,6.97213506175705,224.425630989273,7
"91",2020-05-30,1973,208,248,15,9.1,3,1,1,1,0,1,31,30,1,257,2,1020,0.0127499997615814,119,0,1.1417910234252,1.07146328417574,2.97494710749458,205.394499179436,3
"92",2020-05-31,1977,193,249,10,9.4,4,0,1,3,3,1,34,33,1,260,3,1309,0.00535000026226044,11,0.0909099960327148,0.606300022701422,0.917984730423489,3.98004507525921,191.716233175009,4
"93",2020-06-01,1988,184,250,5,9.3,11,0,5,6,0,1,31,30,1,260,6,763,0.00130999997258186,20,0,0.127653892602805,0.691671220616882,10.991597150835,183.742312625606,11
"94",2020-06-02,1991,165,251,8,8.1,3,0,1,2,0,1,26,25,1,260,2,858,0.0104900002479553,9,0,1.03811075118174,0.692756262227556,2.97722203404607,163.120817808801,3
"95",2020-06-03,2001,156,251,8,8.1,10,0,7,3,0,0,22,22,0,260,3,1110,0.00449999988079071,141,0,0.399280564962245,0.602327233662347,9.98685862885378,155.316648700396,10
"96",2020-06-04,2008,146,254,8,8.7,7,0,2,5,0,0,20,20,3,260,5,1430,0.00559000015258789,21,0,0.550909732474203,0.642717328147022,6.96978019176735,145.117581599607,7
"97",2020-06-05,2012,137,256,15,9.9,4,0,1,3,1,0,21,21,2,261,3,1366,0.00952000021934509,29,0,0.932209340474939,0.685179332546079,3.96931854439168,135.598880193887,4
"98",2020-06-06,2015,128,257,2,8,3,0,0,3,0,0,21,21,1,261,3,1404,0.000710000023245811,68,0,0.0677201109128478,0.5317406307586,2.99777115344531,127.904902547,3
"99",2020-06-07,2016,118,258,4,7.1,1,0,0,1,0,0,20,20,1,261,1,870,0.00230000004172325,22,0,0.22432735832951,0.477173107276898,0.997538932659763,117.709594053852,1
"100",2020-06-08,2019,110,258,0,6.4,3,0,0,3,0,0,19,19,0,261,3,701,0.0014300000667572,12,0,0.140593274445554,0.479021590397291,2.99537270640677,109.830332568248,3
"101",2020-06-09,2029,107,259,3,5.7,10,0,3,7,0,0,18,18,1,261,7,1338,0.00224000006914139,10,0,0.222338285794598,0.362482666770557,9.9829252816772,106.739000734209,10
"102",2020-06-10,2039,105,259,7,5.6,10,0,4,6,0,0,17,17,0,261,6,1281,0.00233999997377396,12,0,0.231828303666236,0.338560915156841,9.98473984437001,104.732947276475,10
"103",2020-06-11,2046,104,260,5,5.1,7,0,2,5,0,0,16,16,1,261,5,1529,0.00326999992132187,6,0,0.325721816267175,0.306391212841551,6.98213273383177,103.628360863701,7
"104",2020-06-12,2050,107,260,10,4.4,4,0,2,2,0,0,16,16,0,261,2,1596,0.00814999997615814,13,0,0.808415162333648,0.288706330249938,3.98226195709532,106.051014704599,4
"105",2020-06-13,2053,105,260,6,5,3,0,3,0,0,0,16,16,0,261,0,1479,0.00270000010728836,23,0.0434800004959106,0.332446083228058,0.326524326294968,3,104.617041445987,3
"106",2020-06-14,2056,102,260,1,4.6,3,0,1,2,0,0,16,16,0,261,2,768,0,13,0,0,0.294477560819324,3,102,3
"107",2020-06-15,2061,100,260,2,4.9,5,0,2,3,0,0,14,14,0,261,3,720,0.00555999994277954,17,0,0.543175028331244,0.351989239945851,4.98212268447042,99.4040894823472,5
"108",2020-06-16,2065,99,260,3,4.9,4,0,1,3,1,0,14,14,0,262,3,1250,0.000799999982118607,14,0,0.0791139222822989,0.331528616586951,3.99739615321461,98.9140730560822,4
"109",2020-06-17,2068,89,260,8,5,3,0,0,3,1,1,6,5,0,263,3,1098,0.0091100001335144,26,0,0.889927059305944,0.425542724535481,2.97071016521801,88.1310682348009,3
"110",2020-06-18,2070,75,260,2,4.6,2,0,0,2,0,1,6,5,0,263,2,1304,0.00230000004172325,122,0,0.210322584460527,0.409057119991674,1.99538515455819,74.8269432959322,2
"111",2020-06-19,2073,73,260,5,3.9,3,0,0,3,0,1,5,4,0,263,3,1875,0.0010700000077486,19,0,0.105926611115556,0.308701612674804,2.99651367726585,72.9151661468024,3
"112",2020-06-20,2079,73,261,1,3.1,6,0,0,6,1,1,5,4,1,264,6,1792,0.000560000017285347,158,0,0.0514625656910432,0.268561110169516,5.99661246384007,72.9587849767209,6
"113",2020-06-21,2085,77,261,1,3.1,6,0,0,6,0,1,4,3,0,264,6,1102,0.00363000005483627,86,0,0.336722227308887,0.316664285499357,5.97783517581094,76.7155514229071,6
"114",2020-06-22,2087,76,262,6,3.7,2,0,1,1,0,1,1,0,1,264,1,509,0.0039300000667572,10,0,0.385427752211834,0.294128960339441,1.9957715204242,75.6786355522392,2
"115",2020-06-23,2096,81,262,4,3.9,9,0,0,9,0,1,1,0,0,264,9,1255,0.00158999994397163,20,0,0.156505876837992,0.305184953847398,8.98454694271718,80.8609224844546,9
"116",2020-06-24,2098,75,263,3,3.1,2,0,0,2,1,1,2,1,1,265,2,1733,0.00289000004529953,24,0,0.285052366448724,0.218774283439223,1.99374545240894,74.7654544653353,2
"117",2020-06-25,2104,73,263,6,3.7,6,0,0,6,0,1,2,1,0,265,6,1796,0.00277999997138977,21,0.0476200008392334,0.32982388366758,0.235845897611659,5.97828926099334,72.735852675419,6
"118",2020-06-26,2108,67,263,6,3.9,4,0,0,4,0,1,2,1,0,265,4,2028,0.00196999996900558,23,0,0.194790830674955,0.248540786120145,3.99145189681505,66.8568192716522,4
"119",2020-06-27,2111,69,263,3,4.1,3,0,0,3,0,1,1,0,0,265,3,1574,0.000640000030398369,80,0,0.0609044768952257,0.249889630577885,2.99799547384576,68.9538958984525,3
"120",2020-06-28,2113,68,263,2,4.3,2,0,0,2,0,1,1,0,0,265,2,880,0.00114000000059605,12,0,0.112466367771807,0.217853079215445,1.9975322911422,67.9160978988348,2
"121",2020-06-29,2117,69,263,1,3.6,4,0,0,4,2,1,3,2,0,267,4,854,0.00351000010967255,8,0,0.347742470262222,0.212469467508358,3.98473984372216,68.7367623042073,4
"122",2020-06-30,2120,68,263,10,4.4,3,0,0,3,0,1,3,2,0,267,3,1605,0.00435999989509583,11,0,0.433032167798812,0.251973223359904,2.98574777503675,67.6769495674996,3
"123",2020-07-01,2122,67,263,4,4.6,2,0,0,2,0,2,3,1,0,267,2,1601,0.00312000006437302,15,0,0.309103966773589,0.255409166263456,1.9932177182219,66.7727935604336,2
"124",2020-07-02,2128,66,263,4,4.3,6,0,1,5,0,1,3,2,0,267,5,1012,0.00197999998927116,12,0,0.195679686439689,0.236245709516614,5.98926611339271,65.8583126967837,6
"125",2020-07-03,2136,74,263,4,4,8,0,0,8,0,1,3,2,0,267,8,1334,0.00300000011920929,14,0,0.296884284794154,0.2508304886765,7.97394335768665,73.7589760586015,8
"126",2020-07-04,2139,74,263,4,4.1,3,0,0,3,0,1,3,2,0,267,3,1257,0.00317999988794327,40,0,0.308192741645697,0.286157383640853,2.98985656814295,73.7497953475262,3
"127",2020-07-05,2141,71,263,5,4.6,2,0,0,2,0,1,2,1,0,267,2,734,0.00272000014781952,47,0,0.255631255889824,0.306609510514855,1.99439100304395,70.8008806080603,2
"128",2020-07-06,2147,71,263,0,4.4,6,0,1,5,0,1,2,1,0,267,5,602,0,10,0,0,0.256932014763109,6,71,6
"129",2020-07-07,2154,72,263,6,3.9,7,0,1,6,0,1,1,0,0,267,6,1272,0.0039300000667572,21,0,0.386617175940848,0.250301301640543,6.97455082843302,71.6946099411962,7
"130",2020-07-08,2167,78,263,5,4,13,0,1,12,0,1,1,0,0,267,12,1684,0.00296999990940094,39,0,0.29027741424441,0.247611794136374,12.9617848343176,77.7516014230642,13
"131",2020-07-09,2175,82,263,5,4.1,8,0,0,8,1,0,2,2,0,268,8,1504,0.00266000002622604,41,0,0.258941102876632,0.256649139341652,7.97727351684324,81.7670535476432,8
"132",2020-07-10,2191,95,263,12,5.3,16,0,0,16,0,0,2,2,0,268,16,1900,0.00684000015258789,14,0.0714300012588501,0.73124453017455,0.318700602967423,15.8716417261388,94.2378727489489,16
"133",2020-07-11,2198,100,263,7,5.7,7,0,0,7,1,1,2,1,0,269,7,1571,0.00381999999284744,25,0,0.376016290022765,0.328389681307004,6.97112340677641,99.587477239663,7
"134",2020-07-12,2221,120,263,9,6.3,23,0,2,21,1,1,3,2,0,270,21,1068,0.00842999994754791,13,0,0.832862159480219,0.410851238962775,22.8081182457081,118.903532832618,23
"135",2020-07-13,2244,138,263,6,7.1,23,0,2,21,0,0,3,3,0,270,21,808,0.00619000017642975,65,0,0.572911814725686,0.492695783923587,22.8680077815845,137.132622564698,23
"136",2020-07-14,2263,148,263,4,6.9,19,0,2,17,1,0,4,4,0,271,17,1406,0.00356000006198883,66,0,0.340038049399205,0.486041622989067,18.93658124783,147.447883804638,19
"137",2020-07-15,2284,168,263,15,8.3,21,0,0,21,1,0,5,5,0,272,21,1404,0.00782999992370606,46,0,0.758159992612641,0.552881991327386,20.8253287560726,166.602630048581,21
"138",2020-07-16,2306,186,263,7,8.6,22,0,1,21,0,0,5,5,0,272,21,1695,0.00708000004291534,25,0.04,0.75584884143846,0.623868811121932,21.8258612184215,184.457627934591,22
"139",2020-07-17,2336,213,263,17,9.3,30,0,0,29,0,1,5,4,0,272,29,1787,0.00726999998092651,21,0,0.718555860946664,0.622056144089377,28.7713875968329,211.320881314669,30
"140",2020-07-18,2362,232,263,16,10.6,26,0,0,24,2,1,6,5,0,274,24,1551,0.00708999991416931,81,0,0.673810653607635,0.664598196030073,23.8225849859299,230.284988197323,26
"141",2020-07-19,2380,250,263,28,13.3,18,0,0,18,0,1,6,5,0,274,18,2025,0.0212299990653992,22,0,2.10018310246377,0.845644045027723,17.5852647780073,244.239788583434,18
"142",2020-07-20,2410,275,263,47,19.1,30,0,0,27,2,3,8,5,0,276,27,1548,0.0148599994182587,35,0.0285700011253357,1.51631264301018,0.980415591925508,26.5508475476223,270.425299096153,30
"143",2020-07-21,2434,294,263,23,21.9,24,0,0,23,0,3,8,5,0,276,23,1428,0.0161099994182587,15,0,1.59425358068423,1.15958923925194,22.5977218056684,288.857835255065,24
"144",2020-07-22,2461,314,263,13,21.6,27,0,1,23,2,3,9,6,0,278,23,1771,0.00902999997138977,16,0,0.894914938406899,1.17912566007969,23.774186007882,310.917148107606,27
"145",2020-07-23,2480,322,263,29,24.7,19,0,1,17,1,3,10,7,0,279,17,1667,0.0101999998092651,32,0,1.0007886805206,1.21411706566285,17.8133480373253,318.464592236397,19
"146",2020-07-24,2503,337,263,34,27.1,23,0,1,18,0,3,7,4,0,279,18,2036,0.0122800004482269,83,0,1.17989999587494,1.28002337065261,18.7669983697401,332.637691700134,23
"147",2020-07-25,2515,336,263,26,28.6,12,0,1,10,0,3,7,4,0,279,10,2126,0.00800000011920929,320,0,0.695339339878943,1.28309889726279,10.9237151922752,333.436830460447,12
"148",2020-07-26,2522,338,263,21,27.6,7,0,0,6,2,4,9,5,0,281,6,1816,0.0121099996566772,73,0,1.16420113163186,1.14938718714395,5.92336617154871,333.682960997244,7
"149",2020-07-27,2537,340,264,22,24,15,0,1,13,1,4,9,5,1,282,13,1601,0.00874000012874603,24,0,0.861091704992148,1.05578419599852,13.8771899203801,336.78804407148,15
"150",2020-07-28,2557,330,264,14,22.7,20,0,2,17,1,4,10,6,0,283,17,1488,0.00739000022411346,24,0,0.727269863325452,0.931929379232978,18.8643606287461,327.367000440365,20
"151",2020-07-29,2573,324,264,20,23.7,16,2,2,12,2,4,11,7,0,285,14,2254,0.00620999991893768,52,0,0.606996522865808,0.890798177012822,15.9067700408519,321.842392374,16
"152",2020-07-30,2593,334,264,19,22.3,20,1,0,18,1,4,12,8,0,286,19,1891,0.00898999989032745,134,0,0.839510607042431,0.867758452230227,18.8250068520798,330.923804662876,20
"153",2020-07-31,2603,321,264,18,20,10,0,1,9,1,3,13,10,0,287,9,2129,0.00797999978065491,207,0,0.727286795077667,0.803099423544901,9.92818924929568,318.438749891546,10
"154",2020-08-01,2621,309,264,15,18.4,18,0,0,18,1,2,13,11,0,288,18,1629,0.00551999986171722,83,0.0120500004291534,0.583658283315251,0.787144986892945,17.8847416459,307.021398254616,18
"155",2020-08-02,2629,294,264,2,15.7,8,0,0,8,0,2,13,11,0,288,8,1340,0.00149000003933907,11,0,0.147786828476266,0.641942943585003,7.98702919377864,293.523322871365,8
"156",2020-08-03,2638,280,264,10,14,9,0,1,7,0,1,12,11,0,288,7,1046,0.0114699995517731,47,0,1.09767790769942,0.675740972543185,7.91570259248811,276.628103699524,9
"157",2020-08-04,2650,268,264,20,14.9,12,0,1,11,1,1,11,10,0,289,11,1699,0.0058899998664856,12,0,0.584869069150148,0.655398001946712,11.9294182219846,266.280371226533,12
"158",2020-08-05,2659,248,264,12,13.7,9,1,0,8,1,1,12,11,0,290,9,1599,0.005,70,0,0.479029358897543,0.637116978522675,8.95270166032896,246.696667973509,9
"159",2020-08-06,2669,224,264,13,12.9,10,0,0,10,1,2,10,8,0,291,10,1639,0.00305000007152557,10,0,0.303150401287472,0.560494091986252,9.96674174931921,223.25501518475,10
"160",2020-08-07,2681,225,264,6,11.1,12,0,3,9,1,2,10,8,0,292,9,1689,0,39,0,0,0.456595978403728,12,225,12
"161",2020-08-08,2687,208,264,14,11,6,1,1,4,0,1,10,9,0,292,5,1518,0.00725000023841858,95,0,0.682300084433937,0.470687664277826,5.96257285632601,206.443030823162,6
"162",2020-08-09,2689,199,264,16,13,2,0,1,1,2,2,12,10,0,294,1,1589,0.00441000014543533,102,0,0.414399185753799,0.508775143888902,1.9954536784569,198.095282012924,2
"163",2020-08-10,2701,200,264,8,12.7,12,2,0,10,0,1,12,11,0,294,12,1384,0.00578000009059906,27,0,0.566939767922686,0.432955409635084,11.9253620981174,198.756034968623,12
"164",2020-08-11,2714,204,264,8,11,13,2,1,10,0,1,12,11,0,294,12,1460,0.00342000007629395,41,0,0.332658235269098,0.396925290509219,12.9562053781913,203.255491429253,13
"165",2020-08-12,2721,187,264,12,11,7,3,0,4,0,2,10,8,0,294,7,1486,0.00268999993801117,7,0,0.267738774808078,0.366740921353581,6.97943870014289,186.45071956096,7
"166",2020-08-13,2743,190,264,11,10.7,22,0,0,22,0,2,9,7,0,294,22,1689,0.00532999992370605,56,0,0.515895121555274,0.397133024248982,21.8754839437765,188.924634059888,22
"167",2020-08-14,2754,185,264,6,10.7,11,4,1,6,1,2,10,8,0,295,10,1882,0.00477999985218048,36,0,0.469028139822923,0.464137044223685,10.9485435104677,184.048054943652,11
"168",2020-08-15,2758,177,264,2,9,4,0,0,4,1,2,11,9,0,296,4,2044,0.00734000027179718,21,0,0.726535620123653,0.470456406465073,3.96811707498328,175.58918056801,4
"169",2020-08-16,2762,158,264,26,10.4,4,0,1,3,0,2,11,9,0,296,3,1196,0.00501999974250793,22,0,0.492932651234769,0.481675472962354,3.98377629294183,157.14555142827,4
"170",2020-08-17,2785,172,265,8,10.4,23,1,4,18,1,1,9,8,1,297,19,1358,0.00662999987602234,32,0,0.647736678535132,0.493217888764132,22.8649814791506,170.777727074416,23
"171",2020-08-18,2811,191,265,15,11.4,26,1,1,24,0,1,7,6,0,297,25,1888,0.00583000004291534,77,0.0519500017166138,0.76372469278389,0.554798811266246,25.7905318022354,189.399662969079,26
"172",2020-08-19,2835,200,265,23,13,24,4,3,15,2,1,7,6,0,299,19,1519,0.0118499994277954,25,0.04,1.23057960691847,0.692347501567731,21.7434898411352,197.299893064581,24
"173",2020-08-20,2852,208,266,24,14.9,17,1,0,16,3,0,6,6,1,302,17,1607,0.00995999991893768,103,0,0.936007009925898,0.752363485620677,16.8254301343726,205.86408634997,17
"174",2020-08-21,2873,215,266,16,16.3,21,3,2,16,0,0,6,6,0,302,19,1804,0.00721000015735626,116,0.00861999988555908,0.729518764093518,0.789576431945048,20.8479342798951,213.279256325129,21
"175",2020-08-22,2892,225,266,16,18.3,19,1,0,18,1,0,7,7,0,303,19,1864,0.00589999973773956,73,0,0.567764559171221,0.766894851808986,18.8816513970717,223.598503386376,19
"176",2020-08-23,2909,235,266,13,16.4,17,0,1,15,0,0,7,7,0,303,15,694,0.0172899997234344,5,0,1.71663230444399,0.941709087981732,15.7175056312042,230.574254888865,17
"177",2020-08-24,2928,251,266,19,18,19,2,0,17,1,1,8,7,0,304,19,1142,0.00962999999523163,58,0,0.91645499954621,0.980097419554743,18.8089680535868,248.476367444752,19
"178",2020-08-25,2942,253,266,23,19.1,14,0,1,13,4,2,11,9,0,308,13,1647,0.0145700001716614,73,0,1.3951622257399,1.0703027814056,13.8010200504401,249.127544058566,14
"179",2020-08-26,2960,261,266,15,18,18,1,4,13,0,2,11,9,0,308,14,1832,0.0049099999666214,41,0,0.480251998870817,0.96311312311308,17.9262370169368,259.624847244323,18
"180",2020-08-27,2973,264,266,16,16.9,13,1,3,9,1,2,9,7,0,309,10,1469,0.00612999975681305,9,0,0.609267228874044,0.916436011534243,12.933158055726,262.235372671168,13
"181",2020-08-28,3001,274,266,20,17.4,28,0,3,21,1,1,9,8,0,310,21,2137,0.00607999980449677,35,0,0.598202559033591,0.897676553668539,23.8621810882597,272.201791342055,28
"182",2020-08-29,3022,288,266,12,16.9,21,0,2,18,0,1,9,8,0,310,18,1790,0.00726000010967255,11,0.0909099960327148,0.777091068999096,0.927580340786807,19.8465433625136,285.544693800217,21
"183",2020-08-30,3042,302,267,16,17.3,20,0,6,12,2,1,10,9,1,312,12,1402,0.00428000003099442,33,0,0.418157494317364,0.742083939340146,17.9449493582948,300.614558850419,20
"184",2020-08-31,3063,312,267,13,16.4,21,1,3,17,1,1,11,10,0,313,18,1353,0.00517000019550324,54,0,0.497157801315983,0.682184339592971,20.9018233929926,310.298272145205,21
"185",2020-09-01,3088,316,267,18,15.7,25,1,2,22,0,1,11,10,0,313,23,1361,0.0154299998283386,22,0.0909099960327148,1.6630693911127,0.720456791789084,24.5803575040942,310.234477012773,25
"186",2020-09-02,3124,326,267,15,15.7,36,1,9,26,0,1,9,8,0,313,27,1528,0.00261999994516373,51,0,0.253537676770752,0.688069031489075,35.9248986877365,325.093221192671,36
"187",2020-09-03,3146,327,267,24,16.9,22,1,4,17,1,1,8,7,0,314,18,1493,0.00938000023365021,133,0.00751999974250793,0.922785997207461,0.732857426965278,21.8177721480786,323.689527356761,22
"188",2020-09-04,3168,331,267,24,17.4,22,0,3,19,3,1,11,10,0,317,19,2705,0.00813000023365021,258,0.00774999976158142,0.809691210614641,0.763070091476856,21.8312226044553,328.059720109194,22
"189",2020-09-05,3193,338,267,17,18.1,25,1,11,13,2,1,13,12,0,319,14,2256,0.00398999989032745,164,0,0.371960320354493,0.705194270241913,24.9428697790431,336.620713236898,25
"190",2020-09-06,3214,340,267,27,19.7,21,1,3,16,1,1,14,13,0,320,17,1310,0.00611000001430511,192,0.03125,0.932363516560566,0.778652273419513,19.8261096636287,336.522193272574,21
"191",2020-09-07,3255,365,267,29,22,41,2,6,33,0,1,12,11,0,320,35,1290,0.0147300004959106,44,0,1.4244153403092,0.91111763613283,40.4530521222756,359.296114989445,41
"192",2020-09-08,3307,402,267,24,22.9,52,0,14,36,3,1,14,13,0,323,36,1097,0.0127600002288818,4,0,1.27136423715562,0.855159756996105,49.4978728011745,396.392912946449,52
"193",2020-09-09,3352,433,267,15,22.9,45,2,10,31,0,1,13,12,0,323,33,1587,0.0144900000095367,29,0,1.42299690687715,1.02222536129702,42.484819814747,426.24021150865,45
"194",2020-09-10,3429,495,267,33,24.1,77,1,21,52,2,2,14,12,0,325,53,1959,0.0127600002288818,61,0,1.23746734892968,1.06717984011448,73.2804667407214,488.279830880323,77
"195",2020-09-11,3459,509,267,60,29.3,30,0,1,25,0,1,12,11,0,325,25,2314,0.0155599999427795,93,0.0752699995040894,1.78670335776785,1.20675300399351,25.5099575333524,499.022735379054,30
"196",2020-09-12,3508,534,269,47,33.6,49,0,4,42,1,0,12,12,2,326,42,1900,0.0168400001525879,26,0,1.66126688940379,1.39093965671484,45.2345268626809,524.267555825515,49
"197",2020-09-13,3543,547,270,31,34.1,35,1,5,29,1,1,11,10,1,327,30,1199,0.0166799998283386,44,0,1.6089557356539,1.48759568801389,34.4704504467412,537.344546478914,35
"198",2020-09-14,3611,596,272,59,38.4,68,0,19,49,1,1,11,10,2,328,49,2394,0.0141999995708466,218,0.0412799978256226,1.6460121936674,1.51925238135077,67.1151485168818,585.237316654318,68
"199",2020-09-15,3684,645,273,41,40.9,73,0,15,55,1,1,11,10,1,329,55,2961,0.0121599996089935,28,0,1.20460886056306,1.5097158989804,69.2731412919885,636.475929696956,73
"200",2020-09-16,3760,684,274,41,44.6,76,0,7,66,1,0,11,11,1,330,66,1887,0.0190799999237061,162,0.00616999983787537,1.80592971350752,1.56442058564189,71.692366512025,670.448162033713,76
"201",2020-09-17,3810,709,278,57,48,50,2,4,38,2,2,11,9,4,332,40,2512,0.0191100001335144,208,0.00481000006198883,1.80164707162801,1.6450176888845,43.2093742288707,694.986158206733,50
"202",2020-09-18,3898,777,278,47,46.1,88,1,6,78,0,2,11,9,0,332,79,2409,0.0128699994087219,281,0.0213499999046326,1.37558284568078,1.58628618715778,83.8077835837774,765.274023349304,88
"203",2020-09-19,3968,828,280,47,46.1,70,2,4,60,0,2,10,8,2,332,62,2101,0.0214199995994568,161,0,1.98954107685494,1.6331824996508,64.6467256362681,809.927239142419,70
"204",2020-09-20,4011,860,280,76,52.6,43,1,4,34,2,2,11,9,0,334,35,2847,0.0186199998855591,112,0,1.79152212484578,1.6592634123925,38.3120902335494,843.097074310071,43
"205",2020-09-21,4120,940,280,55,52,109,2,22,82,1,3,12,9,0,335,84,2949,0.0189900004863739,73,0,1.85312744653596,1.68885130565944,104.292243962244,920.889396720347,109
"206",2020-09-22,4229,1019,280,85,58.3,109,0,27,81,3,3,15,12,0,338,81,2507,0.0135599994659424,64,0.03125,1.4000357316654,1.71676943010263,106.75587105629,1003.3485506958,109
"207",2020-09-23,4335,1078,281,67,62,106,0,26,75,2,3,16,13,1,340,75,1896,0.0168799996376038,7,0.571430015563965,1.89198578149472,1.7290631541008,99.4432445791378,1055.62423541747,106
"208",2020-09-24,4436,1131,282,38,59.3,101,2,18,75,2,3,18,15,1,342,77,2730,0.0128199994564056,55,0,1.25668217292594,1.65121102571479,93.9384084953235,1115.40701309365,101
"209",2020-09-25,4555,1194,284,57,60.7,119,5,16,86,3,3,20,17,2,345,91,3291,0.0133700001239777,59,0.0339000010490417,1.37315732745982,1.65086452311179,105.629108934428,1176.01270404074,119
"210",2020-09-26,4640,1241,286,75,64.7,85,3,14,66,3,4,21,17,2,348,69,3437,0.0299699997901916,12,0,2.98657260883992,1.79329759910965,80.739193342488,1200.33824547866,85
"211",2020-09-27,4722,1271,287,109,69.4,82,2,12,64,2,4,22,18,1,350,66,2684,0.0331599998474121,13,0,3.30001629923819,2.00879676687999,75.6105316882094,1224.98463296537,82
"212",2020-09-28,4837,1341,288,86,73.9,115,3,11,97,6,4,27,23,1,356,100,3135,0.0258400011062622,192,0.0104200005531311,2.49501182970644,2.10049453590435,108.262753783881,1304.29352824184,115
"213",2020-09-29,4944,1372,291,58,70,107,5,18,74,4,3,27,24,3,360,79,2165,0.0263299989700317,79,0.0253200006484985,2.62944419881239,2.27612431692535,94.7210630757656,1332.4215005057,107
"214",2020-09-30,5027,1401,291,107,75.7,83,1,10,67,5,5,30,25,0,365,68,3170,0.0305999994277954,281,0.0142299997806549,2.92670611777675,2.42394150782278,75.8166202248774,1356.01595492725,83
"215",2020-10-01,5128,1437,293,105,85.3,101,2,11,78,3,5,29,24,2,368,80,3844,0.0226300001144409,120,0.00833000004291534,2.21971040476944,2.56151696951471,89.0518268221436,1402.00593929275,101
"216",2020-10-02,5224,1487,294,115,93.6,96,0,13,79,1,5,29,24,1,369,79,3362,0.021710000038147,197,0,2.05082945007727,2.65832727274577,90.2225479585384,1453.54340271325,96
"217",2020-10-03,5297,1500,295,65,92.1,73,2,6,64,5,6,31,25,1,374,66,3113,0.0301999998092651,485,0.0103100001811981,2.75188853513406,2.62480097650208,70.0074187955373,1454.71406353494,73
"218",2020-10-04,5354,1481,295,77,87.6,57,1,7,47,3,6,32,26,0,377,48,3118,0.0291899991035461,102,0,2.82653469580301,2.55716074743991,53.5115412166888,1435.07484462325,57
"219",2020-10-05,5432,1482,295,82,87,78,3,13,59,3,6,33,27,0,380,62,3821,0.0177999997138977,238,0.00839999973773956,1.72488294763206,2.447142335715,73.8267445690748,1453.95541050595,78
"220",2020-10-06,5507,1454,296,139,98.6,75,5,15,52,2,7,34,27,1,382,57,2158,0.0194599997997284,55,0,1.89763576899295,2.34259827431222,70.8133327177651,1423.72957494089,75
"221",2020-10-07,5608,1468,296,174,108.1,101,12,22,63,3,10,36,26,0,385,75,2268,0.0313100004196167,76,0,3.02948297575472,2.35728068259479,94.5072941398164,1419.20943729667,101
"222",2020-10-08,5688,1427,296,85,105.3,80,5,14,55,2,9,36,27,0,387,60,2434,0.0271199989318848,182,0,2.52332100153698,2.40065362499015,72.339017687706,1387.49630400594,80
"223",2020-10-09,5771,1428,296,96,102.6,83,5,19,57,2,9,37,28,0,389,62,2508,0.0207299995422363,247,0.00810000002384186,1.95976547578285,2.38764448580523,79.6669788283556,1397.29751236922,83
"224",2020-10-10,5836,1413,297,68,103,65,5,7,51,6,9,43,34,1,395,56,2628,0.0300600004196167,21,0,2.98216991705371,2.42054182607947,61.1678473001651,1366.77086134167,65
"225",2020-10-11,5900,1378,297,139,111.9,64,6,6,48,5,10,46,36,0,400,54,2660,0.0233100008964539,238,0.0168099999427795,2.2776184393012,2.34212521800778,58.6506768082314,1343.56727114339,64
"226",2020-10-12,5962,1350,297,62,109,62,2,14,43,3,10,46,36,0,403,45,1994,0.0150499999523163,237,0.0126600003242493,1.47961093598233,2.30708635920068,58.2695318216807,1328.08595465042,62
"227",2020-10-13,6047,1372,298,74,99.7,85,4,10,68,1,7,45,38,1,404,72,2117,0.0302300000190735,18,0,2.9975133508374,2.4642117280356,79.6322552761665,1326.88130887362,85
"228",2020-10-14,6114,1377,300,84,86.9,67,1,16,49,2,7,45,38,2,406,50,3004,0.0296300005912781,110,0.0363599991798401,2.98677333609447,2.45811035094128,64.3616241984728,1331.87913042594,67
"229",2020-10-15,6200,1403,300,107,90,86,3,25,52,5,8,49,41,0,411,55,2119,0.021710000038147,105,0.00952000021934509,2.11344829603708,2.39955710729843,78.7247492956438,1370.4695138507,86
"230",2020-10-16,6275,1424,301,78,87.4,75,2,10,59,4,8,47,39,1,415,61,3126,0.0214299988746643,280,0.0035699999332428,1.99617664308598,2.40475870262745,69.6641119662276,1392.81467934275,75
"231",2020-10-17,6322,1406,302,64,86.9,47,1,10,36,6,8,49,41,1,421,37,3037,0.0214000010490417,149,0,2.03991849296735,2.2701513563294,46.1719514630968,1374.53415559768,47
"232",2020-10-18,6379,1374,305,74,77.6,57,1,11,40,2,6,48,42,3,423,41,1144,0.0271000003814697,37,0.0540500020980835,2.79443272769098,2.34398196895651,50.7430477760506,1331.87677181204,57
"233",2020-10-19,6443,1353,307,69,78.6,64,1,6,57,3,6,47,41,2,426,58,1334,0.0374799990653992,27,0,3.67364575703472,2.65741551482114,61.6624197768178,1298.46989582818,64
"234",2020-10-20,6521,1357,309,46,74.6,78,3,14,57,4,5,45,40,2,430,60,1595,0.0250799989700317,48,0.0208299994468689,2.49558358677117,2.58571126281168,72.3572759098215,1319.84705682713,78
"235",2020-10-21,6609,1381,312,69,72.4,88,1,46,40,4,4,44,40,3,434,41,2258,0.0305599999427795,446,0.00897000014781952,2.69989274913919,2.54472832181807,85.7855724126666,1340.0945244364,88
"236",2020-10-22,6674,1367,312,88,69.7,65,1,24,36,1,3,43,40,0,435,37,2238,0.0268099999427795,87,0.0114900004863739,2.62367354469915,2.61761764305551,59.9349922325379,1327.65228059133,65
"237",2020-10-23,6753,1369,313,92,71.7,79,1,13,64,2,3,36,33,1,437,65,2768,0.0245700001716614,65,0.0153799998760223,2.4359145946735,2.68043735042515,76.2629326029694,1332.41468820716,79
"238",2020-10-24,6818,1362,317,63,71.6,65,2,17,41,2,3,36,33,4,439,43,2358,0.0211999988555908,191,0,1.96114544140773,2.6691840573452,59.0748343209518,1332.69591500317,65
"239",2020-10-25,6888,1343,319,69,70.9,70,1,24,42,3,3,38,35,2,442,43,1751,0.0308400011062622,77,0,2.95409419787008,2.69199283879936,65.6064131161108,1299.47471662644,70
"240",2020-10-26,6961,1303,320,77,72,73,1,16,51,4,3,39,36,1,446,52,995,0.0392000007629395,121,0.0165299999713898,3.67420526484435,2.69207276848645,65.9039192295115,1250.47705300103,73
"241",2020-10-27,7039,1273,322,61,74.1,78,0,15,60,1,3,31,28,2,447,60,1354,0.0288000011444092,116,0,2.65273479928776,2.71452294170311,73.2538307341238,1235.95210874233,78
"242",2020-10-28,7151,1279,325,94,77.7,112,2,69,38,2,2,29,27,3,449,40,1900,0.0405299997329712,166,0.01807000041008,3.87253724882471,2.88204358451532,107.300595162729,1224.66153032827,112
"243",2020-10-29,7215,1263,326,65,74.4,64,0,18,42,9,2,37,35,1,458,42,2190,0.0292199993133545,96,0,2.79929127280168,2.90713183138712,58.71015170017,1224.21241898368,64
"244",2020-10-30,7265,1232,328,122,78.7,50,1,9,36,4,2,40,38,2,462,37,2789,0.0358599996566772,105,0.0571400022506714,3.66320799166528,3.0824594595288,44.5130219524319,1182.48764987557,50
"245",2020-10-31,7304,1162,329,83,81.6,39,0,5,32,2,2,39,37,1,464,32,2352,0.0276399993896484,322,0,2.43116224997955,3.1496047178962,36.1464967544865,1131.00716339729,39
"246",2020-11-01,7354,1122,332,50,78.9,50,1,6,40,1,2,37,35,3,465,41,1714,0.0256699991226196,104,0,2.42015283257261,3.07332737999656,45.9114010671808,1092.20956091163,50
"247",2020-11-02,7418,1075,332,56,75.9,64,3,8,47,6,2,42,40,0,471,50,1030,0.0174800002574921,14,0.0714300012588501,1.82034677038704,2.80849045221695,57.0014601834868,1053.53139394497,64
"248",2020-11-03,7489,1003,333,36,72.3,71,1,36,33,1,2,43,41,1,472,34,1456,0.0219799995422363,13,0,2.17854862719511,2.74074957048943,69.1873801433551,979.027714228976,71
"249",2020-11-04,7554,927,337,53,66.4,65,5,1,51,1,1,40,39,4,473,56,1466,0.0272900009155273,295,0.0033899998664856,2.32863096551825,2.52019153001707,55.5693613613377,903.317821106429,65
"250",2020-11-05,7601,884,337,45,63.6,47,0,6,34,5,2,43,41,0,478,34,2536,0.0240499997138977,41,0,2.36673648717286,2.45839798921296,39.117184238665,861.04679020529,47
"251",2020-11-06,7675,878,341,79,57.4,74,2,11,58,4,3,46,43,4,482,60,2342,0.0234800004959106,116,0.0258599996566772,2.35923194148077,2.27211569632945,69.4470297187667,855.274868217953,74
"252",2020-11-07,7710,845,346,75,56.3,35,3,4,25,3,4,46,42,5,485,28,2499,0.0276099991798401,142,0,2.61254782091709,2.2980279207491,31.1974658257786,820.78066509939,35
"253",2020-11-08,7747,783,346,47,55.9,37,1,5,29,1,4,47,43,0,486,30,1176,0.0204099988937378,92,0.0108700001239777,1.97178223268467,2.23397497790797,34.3510347256275,766.062006338877,37
"254",2020-11-09,7817,751,350,31,52.3,70,3,24,41,7,4,46,42,4,493,44,711,0.0210999989509583,20,0.1,2.3258685710166,2.30619237799791,66.8772602428021,731.836873689645,70
"255",2020-11-10,7884,760,350,51,54.4,67,0,11,54,3,5,47,42,0,496,54,1374,0.0334800004959106,17,0,3.30708272332,2.46741153458718,63.0407941300993,732.425991460657,67
"256",2020-11-11,7940,759,353,78,58,56,0,6,48,2,5,46,41,3,498,48,2375,0.0261100006103516,241,0.0290499997138977,2.63808491516186,2.51161924167912,52.6107792453692,737.032946817401,56
"257",2020-11-12,7982,749,355,58,59.9,42,1,8,31,3,3,43,40,2,501,32,2318,0.0215700006484985,214,0.00467000007629395,2.01416435701211,2.4612517945133,39.2928913667848,732.449238553806,42
"258",2020-11-13,8020,725,357,81,60.1,38,1,7,26,0,3,36,33,2,501,27,2719,0.0217000007629395,200,0,2.02131901591067,2.41297851943186,33.4012577833344,708.922662700647,38
"259",2020-11-14,8041,702,357,50,56.6,21,3,2,14,3,3,37,34,0,504,17,1710,0.015789999961853,245,0.0163300001621246,1.58576726212221,2.26629558246116,18.7042466830596,689.787127735755,21
"260",2020-11-15,8071,658,360,29,54,30,1,1,25,0,2,35,33,3,504,26,984,0.0152400004863739,306,0.00653999984264374,1.31762794034426,2.17284496926967,26.624156193063,648.488260578287,30
"261",2020-11-16,8115,620,363,11,51.1,44,0,3,39,3,2,33,31,3,507,39,735,0.0122399997711182,53,0,1.1416751055548,2.0036744742037,41.5115181932411,612.234391789987,44
"262",2020-11-17,8156,598,363,39,49.4,41,1,10,29,1,2,32,30,0,508,30,1828,0.020789999961853,38,0,2.03666237568421,1.82218585311287,39.3296809680446,584.638307296355,41
"263",2020-11-18,8197,590,363,66,47.7,41,3,6,30,1,2,32,30,0,509,33,2684,0.0204900002479553,20,0.05,2.07082694768906,1.74114900061676,38.2502801619726,576.59591804739,41
"264",2020-11-19,8217,573,364,53,47,20,2,1,17,0,2,30,28,1,509,19,2476,0.0121200001239777,187,0.0160399997234344,1.23952685900304,1.63048650090118,19.741624816686,565.207948419004,20
"265",2020-11-20,8242,530,364,28,39.4,25,1,2,20,1,2,30,28,0,510,21,2643,0.00757000029087067,222,0.0225200009346008,0.872842966012306,1.46641849377284,22.798907132911,524.924799068707,25
"266",2020-11-21,8271,498,365,27,36.1,29,4,4,19,2,2,31,29,1,512,23,1495,0.0187300002574921,71,0,1.7880811229215,1.49532047388702,26.5488132790402,488.230826650523,29
"267",2020-11-22,8298,485,368,26,35.7,27,3,4,19,3,4,31,27,3,515,22,1220,0.0147500002384186,36,0,1.4327229530948,1.51176261856567,25.6541990720081,477.376661360178,27
"268",2020-11-23,8338,468,370,20,37,40,2,10,25,1,3,27,24,2,516,27,922,0.0173500001430511,13,0,1.71087701945381,1.5930771776941,36.4932149299509,459.215725452481,40
"269",2020-11-24,8382,478,370,21,34.4,44,2,7,34,1,3,23,20,0,517,36,1403,0.00855000019073486,41,0.0975599956512451,1.10772923056108,1.46037244267651,42.5625006907201,472.190981393451,44
"270",2020-11-25,8437,486,371,38,30.4,55,4,10,39,2,2,23,21,1,519,43,2618,0.0122200000286102,72,0.0138900005817413,1.22646989281736,1.33975000626627,52.4214157566988,479.460652505944,55
"271",2020-11-26,8482,501,372,60,31.4,45,3,4,37,3,2,23,21,1,522,40,3059,0.0143799996376038,224,0.00446000009775162,1.37031553193196,1.35843410239897,43.3986575999343,493.468186439177,45
"272",2020-11-27,8528,512,374,56,35.4,46,2,3,40,3,1,24,23,2,525,42,3154,0.0177600002288818,336,0.00298000007867813,1.63370546556817,1.46712874519267,44.2472265256352,502.823332883933,46
"273",2020-11-28,8573,515,375,60,40.1,45,2,3,40,2,1,25,24,1,527,42,2597,0.0119400000572205,191,0,1.11220158352229,1.3705745252785,44.4875233829673,508.716060529242,45
"274",2020-11-29,8618,527,377,23,39.7,45,0,4,38,5,1,28,27,2,532,38,898,0.0245000004768372,12,0,2.41769235474723,1.51128443980027,40.9920804042002,513.02174665825,45
"275",2020-11-30,8662,534,378,45,43.3,44,1,7,35,1,1,25,24,1,533,36,1135,0.0229099988937378,61,0,2.17415123280873,1.57746647027955,42.1413157327788,521.26285003622,44
"276",2020-12-01,8715,555,378,34,45.1,53,2,11,39,3,1,27,26,0,536,41,1906,0.0141700005531311,113,0.0176999998092651,1.43675686145195,1.62447041754967,51.3537383403863,546.25182387596,53
"277",2020-12-02,8757,569,379,50,46.9,42,1,5,34,6,1,31,30,1,542,35,2859,0.0101400005817413,81,0.0123500001430511,1.0200888324757,1.59498740892943,39.6083056632261,562.632169210733,42
"278",2020-12-03,8796,569,380,40,44,39,0,6,32,3,1,33,32,1,545,32,3327,0.0102199995517731,202,0,0.963500666158941,1.53687099953329,37.6617457573521,562.985416747916,39
"279",2020-12-04,8839,573,382,54,43.7,43,1,5,33,2,1,31,30,2,547,34,2994,0.0110199999809265,165,0.0121200001239777,1.10774548791865,1.46173385986907,38.5868001437496,566.036367128486,43
"280",2020-12-05,8874,562,382,45,41.6,35,4,1,29,1,1,31,30,0,548,33,2277,0.0184500002861023,209,0,1.68988940673592,1.54426069175673,33.3881943569857,551.580764503817,35
"281",2020-12-06,8913,556,383,33,43,39,0,7,30,1,2,31,29,1,549,30,1397,0.0157500004768372,20,0,1.55276998349623,1.42070035300659,36.4889426521482,546.528403819814,39
"282",2020-12-07,8966,558,384,24,40,53,1,3,44,2,1,30,29,1,551,45,1068,0.0168499994277954,25,0.04,1.73795053878184,1.3583859681456,47.1419923081129,547.3607046206,53
"283",2020-12-08,9013,563,384,58,43.4,47,1,1,44,0,1,27,26,0,551,45,2367,0.01942999958992,69,0,1.88796424586785,1.4228441659193,45.0679321368387,551.338795400893,47
"284",2020-12-09,9068,574,386,39,41.9,55,2,3,48,1,3,24,21,2,552,50,2911,0.00962000012397766,167,0.00598999977111816,0.942305078709412,1.41173220109555,52.4831044525687,568.066039115489,55
"285",2020-12-10,9112,572,386,57,44.3,44,2,0,42,1,3,23,20,0,553,44,3091,0.0139100003242493,252,0.00397000014781952,1.3160709255012,1.46209938100158,43.3647082342634,563.741207045424,44
"286",2020-12-11,9151,556,386,49,43.6,39,6,2,30,1,2,23,21,0,554,36,3047,0.0118099999427795,32,0,1.16872587936503,1.47081086549392,37.5384099734366,548.870998478632,39
"287",2020-12-12,9181,542,387,56,45.1,30,2,5,23,0,2,20,18,1,554,25,2616,0.0156700003147125,24,0,1.5527545766397,1.45122017548018,29.5741231024575,532.766988861279,30
"288",2020-12-13,9222,541,388,29,44.6,41,5,2,34,0,2,19,17,1,554,39,1502,0.0119799995422363,47,0,1.16165005244926,1.39534589961632,40.5029716302991,534.105324410047,41
"289",2020-12-14,9264,537,388,19,43.9,42,3,4,35,2,2,20,18,0,556,38,917,0.0174500000476837,20,0,1.70775347318313,1.39103203310222,41.2880491237702,526.93900998591,42
"290",2020-12-15,9312,547,389,52,43,48,3,6,38,1,1,20,19,1,557,41,2079,0.0134700000286102,49,0,1.31598355542672,1.30932050589635,46.408062881499,539.102692589754,48
"291",2020-12-16,9366,563,389,54,45.1,54,3,4,46,0,1,18,17,0,557,49,2312,0.0168700003623962,94,0,1.62109064164007,1.4062898720293,52.1285456668895,552.987167560383,54
"292",2020-12-17,9404,559,390,61,45.7,38,1,5,30,1,0,17,17,1,558,31,3207,0.0134099996089935,83,0.0241000008583069,1.36796865706023,1.41370383368059,35.5347578053239,550.610632683099,38
"293",2020-12-18,9445,547,390,23,42,41,3,4,34,0,0,16,16,0,558,37,3298,0.00727999985218048,170,0.00587999999523163,0.72113724082124,1.34976259960291,40.7072742664832,542.672406047737,41
"294",2020-12-19,9484,544,390,46,40.6,39,1,7,28,3,0,19,19,0,561,29,2799,0.0117900002002716,140,0,1.12283805922287,1.28834595425765,35.6427630459402,537.298727482464,39
"295",2020-12-20,9528,539,390,24,39.9,44,5,2,34,0,0,16,16,0,561,39,1360,0.0161800003051758,51,0,1.55951810170369,1.34518424700828,40.3327381701792,529.778099326322,44
"296",2020-12-21,9602,559,390,28,41.1,74,7,8,59,1,0,15,15,0,562,66,1365,0.00658999979496002,32,0.03125,0.715486737302823,1.20343185616824,73.4819319872189,554.612120922051,74
"297",2020-12-22,9684,601,390,67,43.3,82,5,7,68,2,0,15,15,0,564,73,3021,0.0225099992752075,48,0,2.21579367254487,1.33197615861369,78.2254287836346,586.390173958416,82
"298",2020-12-23,9784,668,390,52,43,100,5,6,88,1,1,13,12,0,565,93,2652,0.0199800002574921,199,0.0150800001621246,1.96379799070964,1.38093435133791,96.9963539024461,653.608219428323,100
"299",2020-12-24,9857,695,390,55,42.1,73,11,5,55,2,1,13,12,0,567,66,3469,0.01557000041008,144,0,1.49494413015686,1.39907370463743,69.9175442473627,683.601412907835,73
"300",2020-12-25,9920,724,390,52,46.3,63,6,2,54,0,1,10,9,0,567,60,2537,0.0295600008964539,161,0,2.77960423551903,1.69314041816568,60.1703186128271,701.921844594781,63
"301",2020-12-26,10013,767,390,86,52,93,5,4,83,2,2,12,10,0,569,88,951,0.0199800002574921,50,0,1.89819982466283,1.80390638465711,90.1674077058244,751.027292163265,93
"302",2020-12-27,10124,832,391,35,53.6,111,8,6,95,2,4,12,8,1,571,103,1480,0.0270300006866455,32,0.0625,2.77806885028012,1.97798506302517,105.860781937484,806.642432737739,111
"303",2020-12-28,10258,928,391,65,58.9,134,15,7,110,1,2,13,11,0,572,125,1188,0.04125,39,0.0256399989128113,4.07538385962507,2.45797036621406,126.411184289703,886.508632166756,134
"304",2020-12-29,10378,1005,391,112,65.3,120,5,15,100,3,4,12,8,0,575,105,1880,0.0505299997329712,25,0.04,5.03918107600976,2.8613114238519,114.195156461048,949.439354698605,120
"305",2020-12-30,10515,1096,391,88,70.4,137,12,10,115,3,5,13,8,0,578,127,2458,0.0573600006103516,62,0,5.59487625000969,3.38003688946619,129.204652839088,1028.7267678082,137
"306",2020-12-31,10641,1184,391,147,83.6,126,0,9,117,2,5,13,8,0,580,117,2652,0.0331800007820129,144,0,3.14711595400209,3.6160614357298,121.960386068302,1143.12048807581,126
"307",2021-01-01,10758,1239,392,88,88.7,117,0,5,111,2,6,13,7,1,582,111,2759,0.0391400003433228,134,0.0149300003051758,3.80186246070242,3.76209832504171,111.37021700777,1187.32161146511,117
"308",2021-01-02,10870,1298,392,133,95.4,112,2,8,100,2,6,15,9,0,584,102,2369,0.0295499992370605,431,0,2.50014100687844,3.84808992250108,107.202269160431,1262.3975036298,112
"309",2021-01-03,10993,1324,393,107,105.7,123,0,5,118,3,5,18,13,1,587,118,1516,0.0600299978256226,126,0.0238100004196167,5.72506313986087,4.26908910672691,115.588543857206,1240.84094971984,123
"310",2021-01-04,11169,1436,393,115,112.9,176,4,30,141,5,8,21,13,0,592,145,1386,0.0533900022506714,155,0.00644999980926514,4.86685873393035,4.38215694591337,167.257913883183,1359.32665059483,176
"311",2021-01-05,11312,1511,395,106,112,143,2,19,122,6,8,23,15,2,598,124,2417,0.0575099992752075,97,0.0103100001811981,5.56888378145397,4.45782876097683,135.424154752354,1418.68465992586,143
"312",2021-01-06,11496,1606,395,133,118.4,184,11,42,130,7,7,28,21,0,605,141,2627,0.0513899993896484,211,0.0142200005054474,4.86264793880394,4.35322471651887,175.478002323519,1520.32391298987,184
"313",2021-01-07,11613,1641,395,187,124.1,117,2,7,107,6,9,32,23,0,611,109,2311,0.048899998664856,91,0.0109899997711182,4.74637747267502,4.58169064775786,110.324161533542,1555.54999152792,117
"314",2021-01-08,11745,1672,395,186,138.1,132,6,13,112,0,11,30,19,0,611,118,2661,0.0368300008773804,249,0,3.36785678126148,4.51968983640915,126.640096498545,1610.22238428447,132
"315",2021-01-09,11844,1682,397,154,141.1,99,6,2,91,4,11,30,19,2,615,97,3020,0.0324499988555908,375,0.00266999989748001,2.91606027998348,4.57910687542416,95.896802000634,1628.18990685635,99
"316",2021-01-10,11937,1666,397,118,142.7,93,5,3,83,5,11,34,23,0,620,88,1824,0.0509899997711182,78,0,4.88989272252994,4.45979681580545,86.2791167683069,1576.62509699999,93
"317",2021-01-11,12101,1717,397,66,135.7,164,2,25,135,3,13,34,21,0,623,137,1608,0.0342000007629395,115,0,3.1917354165297,4.22049348474822,157.202790281317,1656.87730593446,164
"318",2021-01-12,12241,1745,398,159,143.3,140,1,22,115,4,13,35,22,1,627,116,2211,0.0705600023269653,74,0.0135099995136261,6.87124311198813,4.40654481768167,129.255508522289,1613.45571009822,140
"319",2021-01-13,12330,1733,402,172,148.9,89,0,9,76,2,11,34,23,4,629,76,2532,0.0375200009346008,173,0.0115600001811981,3.58597125315181,4.22416243401708,82.0100656612248,1664.82162882767,89
"320",2021-01-14,12422,1721,402,130,140.7,92,2,14,75,9,10,41,31,0,638,77,2581,0.0337100005149841,146,0,3.19052113418313,4.00189724280395,88.3047838152637,1660.76016813077,92
"321",2021-01-15,12517,1689,404,144,134.7,95,6,7,80,5,11,41,30,2,643,86,2923,0.0372900009155273,206,0.00485000014305115,3.51542897748658,4.02297898512182,89.6832095484284,1623.85977822437,95
"322",2021-01-16,12578,1640,405,119,129.7,61,0,0,59,2,9,39,30,1,645,59,2470,0.0323900008201599,289,0,2.89972098679938,4.02064480038124,57.1230639387739,1587.82753999304,61
"323",2021-01-17,12658,1579,407,74,123.4,80,2,3,72,2,9,39,30,2,647,74,2036,0.026029999256134,32,0,2.5627213967838,3.68819175384607,74.9194681450135,1534.60594866184,80
"324",2021-01-18,12779,1600,408,63,123,121,2,45,72,7,10,43,33,1,654,74,1021,0.0391799998283386,48,0,3.74207481990026,3.7668116686133,115.962016286157,1534.31386564664,121
"325",2021-01-19,12853,1542,415,81,111.9,74,3,24,47,8,9,45,36,7,662,50,2337,0.0410799980163574,89,0,3.95729412053699,3.35053324126313,71.8292511024316,1475.05410399899,74
"326",2021-01-20,12914,1500,415,166,111,61,1,8,50,2,7,37,30,0,664,51,3065,0.0225099992752075,163,0.00612999975681305,2.16828803404187,3.14800706710457,57.7868111668066,1464.31797549431,61
"327",2021-01-21,12985,1468,417,81,104,71,1,9,60,3,7,37,30,2,667,61,2636,0.0242799997329712,117,0,2.32481217929938,3.02433435926404,68.4441813895321,1430.55833245628,71
"328",2021-01-22,13064,1438,418,95,97,79,1,3,74,5,6,37,31,1,672,75,2311,0.0307200002670288,111,0.00901000022888184,2.97250332958338,2.94677355242072,75.5541778817153,1391.10543725209,79
"329",2021-01-23,13112,1372,418,84,92,48,1,4,40,4,9,39,30,0,676,41,2122,0.0329900002479553,276,0,2.91929860409346,2.9495703548913,43.6868823727886,1328.05860037722,48
"330",2021-01-24,13158,1288,419,44,87.7,46,2,9,35,2,8,37,29,1,678,37,1247,0.0224499988555908,36,0,2.18200690357925,2.8951825701478,45.1142745995732,1257.16718065541,46
"331",2021-01-25,13221,1229,419,29,82.9,63,1,18,43,4,7,38,31,0,682,44,825,0.0206100010871887,48,0,1.94768051511234,2.63884052660667,61.0598186088905,1202.7390243256,63
"332",2021-01-26,13283,1166,420,74,81.9,62,1,19,40,8,5,40,35,1,690,41,2354,0.024210000038147,79,0,2.3423896461076,2.40813988740247,58.9463794043581,1136.03605818248,62
"333",2021-01-27,13361,1125,422,80,69.6,78,0,27,50,1,4,30,26,2,691,50,2800,0.0196399998664856,175,0.00570999979972839,1.88205880978528,2.36724999822296,75.9676084308978,1101.7711896952,78
"334",2021-01-28,13399,1064,422,66,67.4,38,1,3,33,3,5,30,25,0,694,34,2355,0.0212299990653992,209,0.0287100005149841,2.18397183723271,2.34712994935629,36.1853572331899,1038.50647341512,38
"335",2021-01-29,13428,962,422,73,64.3,29,1,2,26,3,4,31,27,0,697,27,2847,0.0122899997234344,180,0.00555999994277954,1.18898015204223,2.09234092399327,28.6478078887095,949.451525516244,29
"336",2021-01-30,13447,865,423,42,58.3,19,1,6,12,2,5,33,28,1,699,13,2155,0.0157799994945526,216,0,1.43424288953019,1.88019010762709,18.7954463125864,851.389312337477,19
"337",2021-01-31,13489,806,424,25,55.6,42,3,5,34,4,6,32,26,1,703,37,922,0.0195200002193451,24,0,1.90247782264653,1.84025738177955,41.2277417048944,789.177292274187,42
"338",2021-02-01,13529,715,424,26,55.1,40,6,7,25,4,5,29,24,0,707,31,548,0.0292000007629395,29,0,2.77324097367259,1.9581945901453,37.056828743628,693.246211344967,40
"339",2021-02-02,13571,652,425,59,53,42,4,5,31,3,5,27,22,1,710,35,2439,0.0221399998664856,107,0.0280399990081787,2.23879574109322,1.94339546085754,39.1403458355176,635.985870993071,42
"340",2021-02-03,13634,637,425,54,49.3,63,4,22,36,2,4,26,22,0,712,40,2865,0.0129100000858307,212,0,1.20205233168362,1.84625167827158,61.4724973794027,628.599520766989,63
"341",2021-02-04,13716,639,425,51,47.1,82,3,43,33,2,5,25,20,0,714,36,2814,0.0127900004386902,90,0,1.23936161275738,1.71130736048939,78.5105122853401,630.311593064786,82
"342",2021-02-05,13774,638,427,72,47,58,1,8,48,2,5,21,16,2,716,49,2435,0.0160199999809265,149,0,1.50962461120573,1.75711371179847,56.1884667797018,627.433506233668,58
"343",2021-02-06,13799,607,427,61,49.7,25,1,4,19,3,6,21,15,0,719,20,2369,0.0143499994277954,205,0.0146300005912781,1.43722994427581,1.75754043390498,23.6846466072968,597.429024531459,25
"344",2021-02-07,13824,562,429,33,50.9,25,1,2,19,3,4,23,19,2,722,20,1004,0.0249000000953674,75,0,2.31692308579693,1.81674690006933,21.4916265426779,547.714705849249,25
"345",2021-02-08,13871,559,431,24,50.6,47,1,7,38,2,5,21,16,2,724,39,852,0.0140799999237061,29,0,1.36165266004513,1.61509142669397,45.4173976919347,550.649366917731,47
"346",2021-02-09,13926,578,431,43,48.3,55,6,7,39,0,2,19,17,0,724,45,2244,0.0178299999237061,149,0,1.67198160588368,1.5341179788069,51.1745604684772,567.397687795107,55
"347",2021-02-10,13983,595,432,40,46.3,57,0,6,50,3,4,20,16,1,727,50,2791,0.0125399994850159,100,0,1.21062395581734,1.53534249654028,55.3359198135357,587.097445781075,57
"348",2021-02-11,14043,621,433,51,46.3,60,1,11,46,1,3,16,13,1,728,47,2563,0.0152199995517731,58,0,1.48831968146488,1.57090793492707,57.2325760692028,610.860207212233,60
"349",2021-02-12,14094,624,435,52,43.4,51,0,8,41,3,2,16,14,2,731,41,2612,0.0157000005245209,173,0,1.47247401687786,1.56560070716595,48.3376725544753,613.919699365672,51
"350",2021-02-13,14127,623,435,46,41.3,33,0,3,29,6,2,21,19,0,737,29,2099,0.0219199991226196,46,0.0217400002479553,2.19161390068926,1.67336984379644,31.3027262765752,608.020636907116,33
"351",2021-02-14,14168,598,437,48,43.4,41,0,4,35,4,2,21,19,2,741,35,1175,0.0170200002193451,10,0,1.6876371525511,1.58347185333275,38.351980049052,586.928116266661,41
"352",2021-02-15,14230,621,438,34,44.9,62,2,8,51,4,2,23,21,1,745,53,867,0.0265300011634827,26,0,2.57575711184093,1.75691534644643,59.5023096476882,603.451590400271,62
"353",2021-02-16,14281,616,438,61,47.4,51,3,13,32,3,2,24,22,0,748,35,1561,0.0333100008964539,23,0,3.28263329541442,1.98700844495083,46.7395324499351,593.815771118858,51
"354",2021-02-17,14338,631,439,49,48.7,57,5,6,44,2,2,25,23,1,750,49,2063,0.0184200000762939,222,0,1.66303983183345,2.0516392843817,54.105994920728,619.48740397917,57
"355",2021-02-18,14410,647,439,68,51.1,72,3,12,53,3,3,26,23,0,753,56,2348,0.0212899994850159,116,0,2.02877105482213,2.12884662343274,66.7535859897911,632.599466703479,72
"356",2021-02-19,14464,651,440,58,52,54,2,16,33,1,3,26,23,1,754,35,2576,0.0151400005817413,96,0,1.45960484650321,2.12700817052207,50.439540034062,640.575444633554,54
"357",2021-02-20,14513,630,440,66,54.9,49,0,3,45,4,3,26,23,0,758,45,2384,0.0255900001525879,68,0,2.48803264126303,2.16935370488975,46.7716847538331,612.803586553663,49
"358",2021-02-21,14555,619,440,53,55.6,42,0,7,33,2,4,24,20,0,760,33,1000,0.03,28,0,2.91828793774319,2.34516095991719,38.9434663468893,599.181989961348,42
"359",2021-02-22,14620,634,440,32,55.3,65,0,11,54,1,6,23,17,0,761,54,863,0.0150600004196167,66,0,1.39900757396439,2.17705388307769,64.1711898128164,624.269154468992,65
"360",2021-02-23,14675,640,440,47,53.3,55,0,7,47,3,6,25,19,0,764,47,2036,0.019650000333786,84,0,1.88714154149001,1.97769791823135,53.0269311104483,626.749700227382,55
"361",2021-02-24,14721,646,441,60,54.9,46,2,10,34,1,6,24,18,1,765,36,2874,0.0187899994850159,41,0,1.85257147581254,2.00477386737122,45.2683241367125,632.870483119897,46
"362",2021-02-25,14754,642,441,43,51.3,33,1,5,25,1,6,23,17,0,766,26,2376,0.0185199999809265,128,0.00781000018119812,1.79725239528254,1.97169977315127,30.4873467982979,629.341409404126,33
"363",2021-02-26,14819,645,441,57,51.1,65,5,12,43,1,6,21,15,0,767,48,2639,0.0181900000572205,181,0,1.70224858691506,2.00636316463868,59.103592514065,632.954524407749,65
"364",2021-02-27,14865,650,442,71,51.9,46,0,4,34,3,6,23,17,1,770,34,2535,0.0209100008010864,47,0.0212800002098083,2.09167358794017,1.94974044273542,37.2197853791456,635.084132248373,46
"365",2021-02-28,14930,661,442,49,51.3,65,2,8,54,7,6,28,22,0,777,56,1552,0.0257699990272522,94,0,2.42983222905804,1.87996105578039,62.5071864439526,643.379468561655,65
"366",2021-03-01,15007,676,442,54,54.4,77,4,7,64,3,6,29,23,0,780,68,996,0.0291199994087219,45,0,2.78612098089213,2.07812011391293,72.921499475545,655.337259492183,77
"367",2021-03-02,15070,685,443,61,56.4,63,1,6,54,3,4,29,25,1,783,55,2006,0.0259200000762939,41,0,2.54008403287961,2.17139761268287,59.4673180989914,665.911143596529,63
"368",2021-03-03,15129,695,443,65,57.1,59,0,5,51,6,5,32,27,0,789,51,2676,0.0209299993515015,109,0,2.01108360016581,2.19404220187619,54.8747693442778,679.665974397511,59
"369",2021-03-04,15186,691,443,61,59.7,57,3,3,50,1,5,31,26,0,790,53,2414,0.0202999997138977,225,0.00444000005722046,1.89477829944008,2.2079744738987,54.8982691086067,676.635923661268,57
"370",2021-03-05,15259,694,444,51,58.9,73,1,10,57,1,2,28,26,1,791,58,2440,0.0188499999046326,154,0,1.77309174122218,2.218094924514,66.8717626950743,680.500057075544,73
"371",2021-03-06,15315,707,446,46,55.3,56,3,3,47,0,2,26,24,2,791,50,1957,0.0209500002861023,25,0,2.06857470029779,2.21479508342224,51.86529630767,690.955289790453,56
"372",2021-03-07,15355,698,447,54,56,40,1,0,38,2,5,25,20,1,793,39,1752,0.0194099998474121,16,0.0625,1.97999545999242,2.15053268784143,38.152830998096,682.837847094129,40
"373",2021-03-08,15438,740,448,38,53.7,83,1,9,65,6,4,29,25,1,799,66,1170,0.0205100011825562,142,0,1.82901687374929,2.01380352967817,73.6756496134388,725.151222938557,83
"374",2021-03-09,15495,747,448,70,55,57,0,8,47,1,3,27,24,0,800,47,2105,0.0318300008773804,57,0,3.09908195406502,2.0936603755618,53.4020169291114,721.602269064813,57
"375",2021-03-10,15575,770,448,76,56.6,80,5,8,64,0,2,24,22,0,800,69,2655,0.0180799996852875,173,0,1.69739742448509,2.04884806475027,75.7150865221354,755.66111046441,80
"376",2021-03-11,15636,767,451,73,58.3,61,1,7,52,1,2,20,18,3,801,53,2321,0.0280100011825562,86,0,2.70092283941474,2.16401157046093,58.4295312394424,744.272650200988,61
"377",2021-03-12,15718,772,451,93,64.3,82,5,4,67,2,2,17,15,0,803,72,2361,0.0228699994087219,133,0,2.16503883736938,2.22000401276768,74.2898293738562,753.66317050857,82
"378",2021-03-13,15786,790,451,56,65.7,68,5,3,54,5,4,22,18,0,808,59,2353,0.0187000000476837,99,0,1.79449837325448,2.18085025176149,60.838454208558,774.44709872476,68
"379",2021-03-14,15854,815,451,65,67.3,68,2,10,51,2,3,23,20,0,810,53,1535,0.0299699997901916,36,0,2.92832270387932,2.31632557231676,61.2973081421791,788.81709690332,68
"380",2021-03-15,15961,862,452,58,70.1,107,4,3,97,4,5,25,20,1,814,101,1000,0.0320000004768372,13,0,3.15893390689409,2.50631371990887,100.499716923795,832.126296913973,107
"381",2021-03-16,16047,880,453,85,72.3,86,7,4,72,5,6,27,21,1,819,79,1583,0.0341100001335144,9,0,3.39171672181867,2.54811868673083,80.0604021650708,847.25511272484,86
"382",2021-03-17,16135,907,454,77,72.4,88,3,5,76,3,5,27,22,1,822,79,2842,0.0267400002479553,175,0,2.51889561500461,2.66547557109076,81.8168754340104,881.935519223385,88
"383",2021-03-18,16228,945,455,63,71,93,6,3,80,2,5,24,19,1,824,86,2566,0.0284500002861023,161,0,2.67703339692477,2.66206279359219,86.4742317747501,917.245918920219,93
"384",2021-03-19,16353,993,457,117,74.4,125,7,6,104,2,4,24,20,2,826,111,2615,0.0382399988174438,97,0,3.6872270246171,2.87951824891329,112.50981626939,952.831059058597,125
"385",2021-03-20,16456,1047,458,83,78.3,103,5,6,87,4,4,27,23,1,830,92,1997,0.0435699987411499,151,0.00662000000476837,4.09724895189927,3.20848261729112,93.8645627519562,999.936926101067,103
"386",2021-03-21,16542,1076,459,87,81.4,86,5,1,78,4,4,29,25,1,834,83,1306,0.0421099996566772,87,0,3.94800140356213,3.35415100296009,80.4050186164222,1029.39518109964,86
"387",2021-03-22,16691,1152,460,55,81,149,6,7,133,4,7,30,23,1,838,139,1150,0.0547800016403198,131,0,4.91779874210521,3.60541740799025,138.500595021201,1089.84665801743,149
"388",2021-03-23,16815,1191,461,108,84.3,124,2,0,120,5,9,31,22,1,843,122,1966,0.0350999999046326,153,0,3.25656440832976,3.58610993463469,117.641262070303,1148.44871414534,124
"389",2021-03-24,16968,1281,461,85,85.4,153,7,2,137,4,9,33,24,0,847,144,3106,0.0457200002670288,47,0,4.50384779033909,3.86967453111105,138.884794431661,1217.70431713165,153
"390",2021-03-25,17117,1363,462,124,94.1,149,7,4,132,8,10,40,30,1,855,139,3005,0.0379399991035461,282,0,3.46850311244771,3.98274163332861,137.710700686516,1311.13442471742,149
"391",2021-03-26,17266,1447,463,104,92.3,149,10,2,130,4,11,42,31,1,859,140,2390,0.0673600006103516,117,0,6.42163547900839,4.37337141252737,132.136865849813,1345.057463462,149
"392",2021-03-27,17382,1500,465,138,100.1,116,7,3,100,5,13,44,31,2,864,107,2476,0.0626000022888184,117,0,5.97753974805686,4.64198438340702,102.983064163217,1401.63174060584,116
"393",2021-03-28,17519,1559,466,139,107.6,137,3,5,124,5,13,45,32,1,869,127,2480,0.0826599979400635,157,0,7.77386404593695,5.18853618946057,121.168666774408,1426.03898819923,137
"394",2021-03-29,17728,1707,466,111,115.6,209,7,1,189,4,12,47,35,0,873,196,1644,0.0839400005340576,40,0,8.19461762933437,5.65665317335045,179.379183846149,1553.53707563967,209
"395",2021-03-30,17937,1838,467,170,124.4,209,9,6,186,6,12,48,36,1,879,195,1968,0.0406500005722046,64,0,3.93696855935525,5.75385376635409,192.577562190549,1758.61312464733,209
"396",2021-03-31,18144,1940,468,163,135.6,207,7,5,190,8,14,54,40,1,887,197,3023,0.0793900012969971,224,0,7.3913142568778,6.16634897585962,186.025431030197,1782.6869857796,207
"397",2021-04-01,18381,2075,469,144,138.4,237,12,4,204,4,15,53,38,1,891,216,2634,0.0721299982070923,100,0.01,6.98575037591372,6.66881287064048,203.44580491363,1915.97243146195,237
"398",2021-04-02,18579,2168,470,242,158.1,198,14,7,163,6,15,57,42,1,897,177,3130,0.0939299964904785,99,0,9.10501359601108,7.05215260164086,166.319476493665,1951.43855953822,198
"399",2021-04-03,18830,2346,470,222,170.1,251,16,3,223,11,14,61,47,0,908,239,2885,0.101909999847412,36,0,10.0654005326869,7.63613271373086,215.608126713812,2086.94002205273,251
"400",2021-04-04,19060,2505,471,152,172,230,9,2,215,12,15,64,49,1,920,224,1818,0.0929599952697754,139,0,8.63573180380438,7.7592566791405,204.777896928124,2267.67246341496,230
"401",2021-04-05,19345,2650,472,184,182.4,285,8,4,269,5,17,67,50,1,925,277,2045,0.105620002746582,162,0,9.78671978326961,7.98669984398839,251.258821216167,2365.47247733878,285
"402",2021-04-06,19619,2787,473,156,180.4,274,7,6,245,10,19,70,51,1,935,252,1749,0.128640003204346,83,0,12.2811880788428,9.17873120391518,224.046685350752,2411.49250822439,274
"403",2021-04-07,19927,2928,474,219,188.4,308,3,6,290,12,23,76,53,1,947,293,3364,0.098100004196167,44,0,9.68334548462165,9.50616423645002,267.873212390539,2616.94459344538,308
"404",2021-04-08,20221,3099,475,170,192.1,294,22,5,255,10,29,83,54,1,957,277,3366,0.0858600044250488,194,0.0103100001811981,8.1742953631985,9.6759563774907,257.15886985501,2821.08425155479,294
"405",2021-04-09,20519,3253,477,262,195,298,13,2,277,14,30,88,58,2,971,290,3418,0.110299997329712,158,0,10.542656344322,9.8813339129637,258.457973086951,2876.75098776501,298
"406",2021-04-10,20805,3417,480,380,217.6,286,12,2,261,14,26,92,66,3,985,273,3187,0.0875399971008301,97,0,8.49543150914572,9.65705262388639,249.555768109378,3098.52769095145,286
"407",2021-04-11,21074,3555,480,205,225.1,269,8,4,249,13,28,100,72,0,998,257,2714,0.145909996032715,29,0,14.43673821483,10.4857678254615,220.295402966213,2991.94613830695,269
"408",2021-04-12,21388,3649,481,264,236.6,314,16,3,291,16,27,100,73,1,1014,307,2125,0.0804699993133545,107,0,7.66123425362358,10.182127035512,284.196514597214,3342.29994060336,314
"409",2021-04-13,21624,3675,483,245,249.3,236,10,0,219,12,28,104,76,2,1026,229,2670,0.0767799997329712,178,0,7.19812497496605,9.45597516352965,210.915932475229,3384.78625260466,236
"410",2021-04-14,21897,3748,485,389,273.6,273,10,11,248,12,28,101,73,2,1038,258,3971,0.171490001678467,97,0.0103100001811981,16.7646722390061,10.4675932712989,221.547835417385,3058.65615172232,273
"411",2021-04-15,22119,3751,485,313,294,222,15,3,202,19,29,107,78,0,1057,217,3902,0.130959997177124,98,0.0101999998092651,12.8001377241611,11.1284278942935,189.526970553406,3224.25191956602,222
"412",2021-04-16,22355,3790,487,348,306.3,236,1,10,219,20,24,114,90,2,1077,220,2970,0.120539999008179,244,0.00409999996423721,11.1700123536268,11.2180501813371,203.040142693172,3325.55518548692,236
"413",2021-04-17,22536,3737,490,405,309.9,181,5,7,167,16,23,123,100,3,1093,172,2935,0.101870002746582,121,0.00825999975204468,9.81635857431989,11.4067540477905,160.476625130521,3334.54737274858,181
"414",2021-04-18,22698,3679,490,294,322.6,162,5,8,146,11,22,122,100,0,1104,151,1949,0.0646500015258789,188,0.0159599995613098,6.03665572725616,10.2067422638514,148.999663566894,3435.34941895763,162
"415",2021-04-19,22925,3617,491,258,321.7,227,5,4,218,22,22,115,93,1,1126,223,2084,0.112279996871948,88,0.0340899991989136,10.9112077997534,10.6710241990128,200.305674925519,3184.02522962154,227
"416",2021-04-20,23114,3505,492,188,313.6,189,8,2,179,17,27,118,91,1,1143,187,2775,0.100539999008179,221,0,9.31236639678558,10.9730586878442,169.89518148205,3146.91235879457,189
"417",2021-04-21,23309,3406,493,207,287.6,195,3,2,185,12,25,110,85,1,1155,188,2521,0.136850004196167,236,0.0211899995803833,12.6949474239937,10.3916694285567,163.816360625438,2931.63044835235,195
"418",2021-04-22,23485,3300,496,239,277,176,7,4,161,14,22,106,84,3,1169,168,2358,0.163269996643066,213,0.00939000010490417,15.0521478843522,10.7133851657268,144.257281625445,2755.0537462141,176
"419",2021-04-23,23693,3224,499,189,254.3,208,5,8,186,21,29,112,83,3,1190,191,2507,0.0805700016021729,86,0.0116299998760223,7.82835225630487,10.2360051518237,182.596180501649,2947.11039757757,208
"420",2021-04-24,23850,3104,500,227,228.9,157,2,2,151,18,31,118,87,1,1208,153,2464,0.0852299976348877,214,0.00467000007629395,7.87924175461875,9.95927417758068,141.774347373607,2835.68349181487,157
"421",2021-04-25,23999,2974,505,139,206.7,149,2,6,137,21,30,124,94,5,1229,139,1621,0.135719995498657,93,0.0215100002288818,12.9523070434428,10.9472243656073,125.248358864935,2551.40013859222,149
"422",2021-04-26,24162,2838,510,172,194.4,163,4,7,148,11,31,122,91,5,1240,152,1304,0.115030002593994,31,0,11.2358893919527,10.9936074502072,140.263334729662,2488.16673659725,163
"423",2021-04-27,24323,2745,511,189,194.6,161,3,5,149,10,31,119,88,1,1250,152,2425,0.0610300016403198,332,0.00903999984264374,5.47693267774876,10.4456883474877,147.866815192694,2580.06189278911,161
"424",2021-04-28,24489,2642,513,187,191.7,166,2,7,155,13,27,114,87,2,1263,157,2408,0.0689400005340576,38,0,6.78689784489006,9.60168126475859,152.310061679243,2445.28142010548,166
"425",2021-04-29,24615,2546,513,159,180.3,126,2,7,113,13,29,112,83,0,1276,115,2728,0.0652500009536743,111,0.00901000022888184,6.30511139933179,8.35210462404138,114.045152479148,2369.88659314706,126
"426",2021-04-30,24768,2456,516,178,178.7,153,4,3,139,13,27,109,82,3,1289,143,2122,0.0669199991226196,179,0,6.17141408684045,8.11539917126075,136.318069073527,2289.71452898309,153
"427",2021-05-01,24892,2401,520,138,166,124,3,5,113,7,29,110,81,4,1296,116,2051,0.089709997177124,70,0.0285700011253357,8.76921755252498,8.24253857096164,109.840105508643,2170.00942522631,124
"428",2021-05-02,24989,2339,520,128,164.4,97,0,4,91,8,27,108,81,0,1304,91,1279,0.0695900011062622,21,0,6.84658549345457,7.37029263524904,88.1647141263754,2163.31061913837,97
"429",2021-05-03,25096,2222,523,102,154.4,107,4,3,100,10,22,98,76,3,1314,104,976,0.174179992675781,140,0.0071399998664856,15.3225154868164,7.95409636308671,89.5174546589797,1848.4786947332,107
"430",2021-05-04,25201,2128,524,141,147.6,105,1,2,99,9,23,95,72,1,1323,100,2386,0.0389800000190735,57,0.0175399994850159,3.84797625935961,7.72138830331683,97.7784334606189,2038.16506404197,105
"431",2021-05-05,25283,2013,525,114,137.1,82,1,2,75,8,23,89,66,1,1331,76,1904,0.0777299976348877,65,0.0307699990272522,7.61797691384447,7.84011388459603,71.6482338650427,1844.76177329383,82
"432",2021-05-06,25389,1942,527,122,131.9,106,3,6,92,12,22,88,66,2,1343,95,2133,0.0534499979019165,246,0,4.79230119902429,7.62399814169496,96.0053050815304,1839.89792071929,106
"433",2021-05-07,25502,1845,530,109,122,113,5,4,103,19,23,95,72,3,1362,108,2302,0.0469199991226196,82,0.0122000002861023,4.57257709747193,7.39559285749946,106.582161597127,1752.44526061759,113
"434",2021-05-08,25591,1769,534,136,121.7,89,1,3,85,4,21,86,65,4,1366,86,1901,0.0489200019836426,86,0.0116299998760223,4.73060411475805,6.81864808067561,84.536697609743,1677.19090780971,89
"435",2021-05-09,25674,1707,537,69,113.3,83,0,5,78,4,22,83,61,3,1370,78,1173,0.172210006713867,123,0.00813000023365021,15.6637598691439,8.0782444200598,69.5960785440821,1413.66033429164,83
"436",2021-05-10,25767,1640,538,82,110.4,93,3,2,87,9,22,85,63,1,1379,90,715,0.104899997711182,14,0,10.2885457288745,7.35910588321096,81.841308855782,1454.88607248314,93
"437",2021-05-11,25899,1608,540,124,108,132,1,6,123,5,21,79,58,2,1384,124,1899,0.0458099985122681,86,0.0232599997520447,4.48330212360065,7.44986672095968,123.900967515258,1528.90932068173,132
"438",2021-05-12,25996,1548,541,115,108.1,97,3,3,90,8,22,80,58,1,1392,93,2118,0.0495800018310547,174,0.00574999988079071,4.62525933060347,7.02233563763954,91.2808879264668,1469.44961838893,97
"439",2021-05-13,26089,1520,541,78,101.9,93,1,1,90,7,20,77,57,0,1399,91,1684,0.0795699977874756,54,0.0185199999809265,7.76731624125886,7.44733778653019,84.2455029546322,1390.47433506638,93
"440",2021-05-14,26173,1442,541,128,104.6,84,2,5,75,7,21,70,49,0,1406,77,1738,0.0471799993515015,105,0,4.44920449663101,7.4297131292672,78.2415017910259,1371.61357899558,84
"441",2021-05-15,26248,1394,542,85,97.3,75,2,8,64,7,19,64,45,1,1413,66,1779,0.0522800016403198,61,0,5.05468059337657,7.47600976906985,70.3400183487323,1316.69675118383,75
"442",2021-05-16,26317,1366,543,47,94.1,69,2,3,63,7,19,67,48,1,1420,65,805,0.0409899997711182,20,0,3.99963028069698,5.80970554214886,65.1478362271127,1306.06068132671,69
"443",2021-05-17,26391,1331,545,88,95,74,7,5,59,10,19,71,52,2,1430,66,774,0.229969997406006,19,0,22.4459997468157,7.54648468756904,54.7473514497922,1003.23825423748,74
"444",2021-05-18,26470,1299,546,97,91.1,79,1,6,71,5,16,64,48,1,1435,72,1920,0.0265599989891052,56,0,2.58072864671468,7.27468847658533,75.9614747553343,1262.22160704416,79
"445",2021-05-19,26541,1284,550,91,87.7,71,2,5,64,4,14,57,43,4,1439,66,2042,0.0665999984741211,122,0.0163900005817413,6.37693054321293,7.52492722124382,66.3826066062115,1194.17071033902,71
"446",2021-05-20,26601,1239,553,73,87,60,5,8,45,11,15,63,48,3,1450,50,1487,0.0511100006103516,65,0.0307699990272522,5.0258131987348,7.13328392945467,55.2431216563054,1170.68455464325,60
"447",2021-05-21,26682,1203,554,77,79.7,81,4,11,63,3,13,58,45,1,1453,67,1682,0.0416200017929077,190,0,3.73957494741831,7.03190827956714,75.2512306517336,1153.64523095575,81
"448",2021-05-22,26741,1171,558,77,78.6,59,0,13,46,8,15,57,42,4,1461,46,1380,0.0623199987411499,101,0.00990000009536743,5.87451034925179,7.14902681612074,56.0353682193203,1095.53078662661,59
"449",2021-05-23,26796,1147,559,39,77.4,55,0,4,51,5,12,58,46,1,1466,51,826,0.0375300002098084,14,0.0714300012588501,3.80950002272924,7.12186535069678,52.8685290814386,1099.06280110608,55
"450",2021-05-24,26847,1101,561,65,74.1,51,2,10,39,5,11,56,45,2,1471,41,733,0.0832199954986572,30,0,7.99479117962199,5.05740698395482,47.4038960560199,1004.43145262629,51
"451",2021-05-25,26907,1033,563,56,68.3,60,2,11,46,3,11,53,42,2,1474,48,1035,0.0647300004959106,19,0.0526300001144409,6.45118790469088,5.61032973509428,55.6027916396051,959.889245077336,60
"452",2021-05-26,26963,991,566,76,66.1,56,1,11,44,1,8,46,38,3,1475,45,1371,0.0320900011062622,61,0.0491800022125244,3.28179969634424,5.16816818554161,54.379810403195,955.319824657028,56
"453",2021-05-27,27008,943,566,62,64.6,45,0,8,36,3,9,41,32,0,1478,36,1368,0.0548199987411499,113,0.00884999990463257,5.13124971418748,5.18323054489199,41.9734052837421,889.914477293577,45
"454",2021-05-28,27043,893,569,65,62.9,35,0,1,30,1,7,33,26,3,1479,30,1589,0.0346099996566772,197,0.0152300000190735,3.24723401221823,5.11289612557769,29.931250075815,861.18687725676,35
"455",2021-05-29,27078,854,571,45,58.3,35,0,3,31,4,9,35,26,2,1483,31,1074,0.024210000038147,104,0.00962000012397766,2.29219185516668,4.60113634070839,33.2204321613566,832.524163412855,35
"456",2021-05-30,27105,805,573,46,59.3,27,0,3,22,5,8,35,27,2,1488,22,718,0.0905300045013428,34,0,8.6436892595697,5.29173480311417,22.9137656999377,728.662790384083,27
"457",2021-05-31,27154,774,576,40,55.7,49,1,2,42,5,6,34,28,3,1493,43,783,0.0855700016021728,27,0.037039999961853,8.39523348808288,5.34894084718001,41.0395686486183,702.712235675129,49
"458",2021-06-01,27196,738,577,38,53.1,42,1,5,36,2,5,30,25,1,1495,37,1565,0.0172500002384186,27,0.037039999961853,1.75856346558386,4.67856592730758,41.2861597609177,723.761781177224,42
"459",2021-06-02,27229,701,577,50,49.4,33,0,1,31,1,6,29,23,0,1496,31,1688,0.042649998664856,43,0.0232599997520447,4.21683291366925,4.81214210121116,30.5658672885431,668.570095782862,33
"460",2021-06-03,27274,690,577,48,47.4,45,2,4,39,2,5,28,23,0,1498,41,1176,0.0136099994182587,186,0,1.175136513647,4.24698307256252,44.4714167066411,681.104329941034,45
"461",2021-06-04,27304,643,579,44,44.4,30,0,0,27,3,6,28,22,2,1501,27,1195,0.0476999998092651,68,0.0147099995613098,4.59238161062873,4.43914701519259,25.6396740328081,610.604089003541,30
"462",2021-06-05,27323,611,582,39,43.6,19,1,0,18,2,4,29,25,3,1503,19,999,0.0160199999809265,90,0.0222199988365173,1.65323965805621,4.34786812989109,18.6553877823545,599.917996579925,19
"463",2021-06-06,27340,562,582,21,40,17,0,1,16,2,4,27,23,0,1505,16,608,0.106909999847412,22,0,10.3176634773375,4.58700730385793,15.1888993085307,498.385088212141,17
"464",2021-06-07,27367,530,583,17,36.7,27,1,3,23,1,4,26,22,1,1506,24,843,0.00949000000953674,30,0.0666699981689453,1.14549483998944,3.55133035413029,26.6983900713563,523.339447409119,27
"465",2021-06-08,27400,502,584,28,35.3,33,1,1,30,1,3,25,22,1,1507,31,1771,0.0299300003051758,100,0,2.83303209729911,3.70482587294676,31.0364939549363,486.397418238,33
"466",2021-06-09,27427,476,585,33,32.9,27,1,0,24,2,4,23,19,1,1509,25,1194,0.0594600009918213,26,0,5.81928206428153,3.93374718017708,23.4039346405765,445.610915556577,27
"467",2021-06-10,27456,463,585,20,28.9,29,0,0,28,2,5,20,15,0,1511,28,1216,0.0304299998283386,136,0,2.73689939284466,4.1568561629196,27.159266951373,449.097878517346,29
"468",2021-06-11,27478,453,585,36,27.7,22,0,1,20,1,4,15,11,0,1512,20,1055,0.017059999704361,96,0,1.56370979045185,3.72418876003719,20.6568947164049,445.228665326571,22
"469",2021-06-12,27496,430,585,29,26.3,18,0,0,18,2,6,16,10,0,1514,18,880,0.011360000371933,44,0,1.08190479732695,3.64256949421873,17.7863500445423,424.896139952955,18
"470",2021-06-13,27517,422,586,18,25.9,21,0,1,18,2,5,15,10,1,1516,18,583,0.132080001831055,17,0,12.8337735112508,4.00201378477776,16.4656410196098,362.583361681962,21
"471",2021-06-14,27536,384,589,22,26.6,19,2,1,16,2,4,14,10,3,1518,18,655,0.0564900016784668,29,0,5.40949577476546,4.61115677546005,17.9317557938714,361.210790269257,19
"472",2021-06-15,27563,370,589,22,25.7,27,1,0,24,0,4,14,10,0,1518,25,1518,0.0144900000095367,36,0,1.41543243336401,4.40864253775504,24.6117867031462,364.254443206564,27
"473",2021-06-16,27580,348,589,24,24.4,17,0,0,17,1,4,12,8,0,1519,17,1251,0.0223799991607666,42,0,2.16530386311825,3.88664565187457,16.5961602846788,339.733163474601,17
"474",2021-06-17,27591,305,590,12,23.3,11,0,1,10,0,5,11,6,1,1519,10,1101,0.0208899998664856,123,0.0243899989128113,2.12417154569252,3.79911310228141,10.766959801288,297.892273939285,11
"475",2021-06-18,27605,275,590,26,21.9,14,1,0,13,1,4,12,8,0,1520,14,864,0.0196800005435944,63,0,1.83425247784957,3.83776205762394,13.7182730425375,269.466077621272,14
"476",2021-06-19,27614,242,590,18,20.3,9,0,0,9,0,3,10,7,0,1520,9,926,0.0194400000572205,37,0,1.86930841671715,3.9502482889654,8.81542846424425,237.037076483012,9
"477",2021-06-20,27626,229,590,7,18.7,12,2,0,10,0,3,10,7,0,1520,12,562,0.0266899991035461,15,0,2.59961516398491,2.48822566792741,11.6577593731816,222.468908038215,12
"478",2021-06-21,27637,219,591,13,17.4,11,0,0,11,2,2,9,7,1,1522,11,520,0.0230800008773804,7,0,2.27734354008307,2.04077534868707,10.7251710430771,213.528405312171,11
"479",2021-06-22,27648,196,591,13,16.1,11,0,0,10,0,2,6,4,0,1522,10,1297,0.0115699994564056,65,0,1.10178335498958,1.99596833749072,9.87912472864775,193.630844681496,11
"480",2021-06-23,27659,183,591,18,15.3,11,1,0,10,0,1,4,3,0,1522,11,1105,0.00814000010490418,18,0,0.800952815308915,1.80106104494653,10.9033413172403,181.391951004997,11
"481",2021-06-24,27665,171,591,8,14.7,6,1,0,5,1,0,4,4,0,1523,6,904,0.00995999991893768,51,0,0.942810463530855,1.63229517606629,5.93793926722694,169.231269115968,6
"482",2021-06-25,27669,150,591,7,12,4,0,0,4,2,0,6,6,0,1525,4,1024,0.00194999992847443,64,0,0.183529405032887,1.39647759423534,3.99194608757375,149.697978284016,4
"483",2021-06-26,27673,135,591,9,10.7,4,0,0,4,1,0,6,6,0,1526,4,764,0.00523999989032745,19,0,0.511284791342296,1.20247421918179,3.97756303447065,134.242752413384,4
"484",2021-06-27,27677,120,591,8,10.9,4,0,0,4,0,0,5,5,0,1526,4,398,0.0200999999046326,13,0,1.94642334842914,1.10916110267382,3.91458413331723,117.437523999517,4
"485",2021-06-28,27686,112,591,1,9.1,9,0,0,9,0,0,4,4,0,1526,9,555,0.00180000007152557,5,0,0.178392864231552,0.809311006123604,8.98238586815069,111.780801914764,9
"486",2021-06-29,27689,106,591,8,8.4,3,0,0,3,0,0,3,3,0,1526,3,929,0.00646000027656555,14,0,0.636409359165366,0.742829006720144,2.97905409798618,105.259911462178,3
"487",2021-06-30,27691,91,591,8,7,2,0,1,1,0,0,2,2,0,1526,1,1222,0.00245000004768372,51,0,0.23518460787663,0.662004977086961,1.99741981913538,90.76520354132,2
"488",2021-07-01,27694,87,591,7,6.9,3,0,0,3,0,0,1,1,0,1526,3,885,0.00225999996066093,74,0,0.208560997412401,0.557112196212896,2.99313571028963,86.8009355983992,3
"489",2021-07-02,27698,76,591,6,6.7,4,0,0,4,2,0,2,2,0,1528,4,781,0.00896000027656555,29,0,0.863921014320703,0.654310997539727,3.96208812320135,75.2796743408256,4
"490",2021-07-03,27704,70,591,6,6.3,6,0,0,6,0,0,1,1,0,1528,6,630,0.00476000010967255,16,0,0.464210537011409,0.647586104063886,5.96944322618142,69.6435043054499,6
"491",2021-07-04,27706,65,592,2,5.4,2,0,0,2,1,0,2,2,1,1529,2,435,0.00689999997615814,34,0,0.639978675827034,0.460951150835014,1.98595774827239,64.5436268188528,2
"492",2021-07-05,27712,64,592,2,5.6,6,0,0,6,0,0,2,2,0,1529,6,505,0.00197999998927116,26,0,0.188305083725412,0.462367182191279,5.98760477112534,63.8677842253369,6
"493",2021-07-06,27717,60,592,12,6.1,5,0,2,3,0,0,2,2,0,1529,3,1174,0.00680999994277954,29,0,0.664583535563024,0.466392064533802,4.978126811909,59.5625362381799,5
"494",2021-07-07,27723,59,592,6,5.9,6,0,0,6,0,0,2,2,0,1529,6,1217,0.0312199997901916,22,0,3.06656495114312,0.870874970714729,5.7981426009514,57.0150689093555,6
"495",2021-07-08,27725,50,593,5,5.6,2,0,0,2,1,0,3,3,1,1530,2,932,0.00215000003576279,88,0,0.196450983659894,0.869144968750085,1.99568952174676,49.8922380436691,2
"496",2021-07-09,27727,48,593,3,5.1,2,0,0,2,0,0,2,2,0,1530,2,824,0.0060699999332428,56,0,0.568372721021826,0.826923783993103,1.98752890818842,47.7006937965221,2
"497",2021-07-10,27728,44,593,0,4.3,1,0,0,1,0,0,2,2,0,1530,1,930,0,22,0,0,0.760607992991473,1,44,1
"498",2021-07-11,27732,45,593,0,4,4,0,0,4,0,0,2,2,0,1530,4,422,0.00237000003457069,8,0,0.23259070106717,0.702409710882921,3.98979310624791,44.885172445289,4
"499",2021-07-12,27735,43,593,1,3.9,3,0,1,2,0,0,1,1,0,1530,2,460,0.00216999992728233,16,0,0.209705875325604,0.705466966825805,2.99539868623548,42.9010717540629,3
"500",2021-07-13,27737,42,593,2,2.4,2,0,0,2,0,0,1,1,0,1530,2,1188,0.000839999988675117,14,0,0.0830216294963427,0.622386694530565,1.99817836021065,41.9617455644236,2
"501",2021-07-14,27742,44,593,0,1.6,5,0,0,5,0,0,0,0,0,1530,5,1098,0,15,0,0,0.184305987224405,5,44,5
"502",2021-07-15,27753,50,593,1,1,11,0,0,11,0,0,0,0,0,1530,11,947,0.00105999998748302,31,0,0.102640080587569,0.170904429642644,10.9876134339023,49.9436974268287,11
"503",2021-07-16,27757,51,593,8,1.7,4,0,0,4,0,0,0,0,0,1530,4,867,0.00345999985933304,34,0,0.332943382690538,0.137271667023889,3.98538927946392,50.8137133131649,4
"504",2021-07-17,27759,48,593,5,2.4,2,0,0,2,0,0,0,0,0,1530,2,761,0.00263000011444092,18,0,0.256922989356809,0.173974951217719,1.99436266015193,47.8647038436462,2
"505",2021-07-18,27767,53,593,4,3,8,0,0,8,0,0,0,0,0,1530,8,213,0,17,0,0,0.140747708208123,8,53,8
"506",2021-07-19,27774,56,593,2,3.1,7,0,0,7,0,0,0,0,0,1530,7,366,0,10,0,0,0.110789726018751,7,56,8
"507",2021-07-20,27778,57,593,10,4.3,4,0,0,4,0,0,0,0,0,1530,4,1141,0.00351000010967255,22,0,0.344360285910264,0.148123819792169,3.98488826580513,56.7846577877231,5
"508",2021-07-21,27781,57,593,12,6,3,0,0,3,0,0,0,0,0,1530,3,1059,0.0113300001621246,8,0,1.12450517073008,0.308767415610752,2.96298958401392,56.2968020962645,4
"509",2021-07-22,27786,59,593,5,6.6,5,0,0,5,1,0,1,1,0,1531,5,1047,0.00573000013828278,28,0,0.558075362305309,0.373829598713286,4.9693871256322,58.63876808246,6
"510",2021-07-23,27793,62,593,3,5.9,7,0,0,7,0,0,1,1,0,1531,7,925,0.00432000011205673,38,0,0.414953281791535,0.385545298584857,6.96813319677091,61.7177511713995,8
"511",2021-07-24,27796,64,593,2,5.4,3,0,0,3,0,0,1,1,0,1531,3,712,0.0028099998831749,16,0,0.274824164398424,0.388102609305088,2.99095481558274,63.8070360657652,5
"512",2021-07-25,27799,62,593,7,5.9,3,0,0,3,0,0,1,1,0,1531,3,412,0.00727999985218048,14,0,0.704075103074732,0.488684766887192,2.97682704079225,61.5210921763731,6
"513",2021-07-26,27803,61,593,5,6.3,4,0,0,4,1,0,2,2,0,1532,4,410,0,10,0,0,0.488684766887192,4,61,6
"514",2021-07-27,27811,68,593,7,5.9,8,0,0,8,0,0,2,2,0,1532,8,1083,0.00922999978065491,4,0,0.919603474006372,0.570862365186636,7.91928916409666,67.3139578948216,9
"515",2021-07-28,27811,62,593,8,5.3,0,0,0,0,0,0,1,1,0,1532,0,NA,NA,NA,NA,NA,NA,NA,NA,6
"516",2021-07-29,27811,50,593,8,5.7,0,0,0,0,0,0,1,1,0,1532,0,NA,NA,NA,NA,NA,NA,NA,NA,6
