"","date","observed_cumulative_cases","observed_active_cases","observed_cumulative_deaths","observed_new_cases","observed_daily_average_cases","observed_new_episodes","observed_new_cases_community_outbreak","observed_new_cases_institution_outbreak","observed_new_cases_sporadic","observed_new_ICU_p_acute_care","observed_census_ICU","observed_census_ICU_p_acute_care","observed_census_acute_care","observed_new_deaths","cumulative_hosp","observed_new_community_cases","num_non_ltch_tests","non_ltch_pct_positivity","num_ltch_tests","ltch_pct_positivity","observed_pct_positivity","pct_positivity_7_day","adjusted_new_episodes","adjusted_active_cases","adjusted_episode_cases"
"1",2020-03-01,7,7,0,0,0,2,0,0,2,0,0,1,1,0,0,2,NA,NA,NA,NA,NA,NA,NA,NA,2
"2",2020-03-02,10,10,0,0,0,3,2,0,1,0,0,1,1,0,0,3,NA,NA,NA,NA,NA,NA,NA,NA,3
"3",2020-03-03,11,11,0,0,0,1,0,0,1,0,0,1,1,0,0,1,NA,NA,NA,NA,NA,NA,NA,NA,1
"4",2020-03-04,12,12,0,0,0,1,0,0,1,0,0,1,1,0,0,1,NA,NA,NA,NA,NA,NA,NA,NA,1
"5",2020-03-05,18,18,0,0,0,6,2,0,4,0,0,1,1,0,0,6,NA,NA,NA,NA,NA,NA,NA,NA,6
"6",2020-03-06,23,23,0,0,0,5,0,1,4,0,0,1,1,0,0,4,NA,NA,NA,NA,NA,NA,NA,NA,5
"7",2020-03-07,27,27,0,0,0,4,0,0,4,0,0,1,1,0,0,4,NA,NA,NA,NA,NA,NA,NA,NA,4
"8",2020-03-08,36,36,0,0,0,9,1,0,8,0,0,1,1,0,0,9,NA,NA,NA,NA,NA,NA,NA,NA,9
"9",2020-03-09,45,45,0,1,0,9,0,0,9,0,0,1,1,0,0,9,NA,NA,NA,NA,NA,NA,NA,NA,9
"10",2020-03-10,52,52,0,0,0.1,7,1,0,6,0,0,1,1,0,0,7,NA,NA,NA,NA,NA,NA,NA,NA,7
"11",2020-03-11,61,61,0,0,0.1,9,0,0,9,0,0,1,1,0,0,9,NA,NA,NA,NA,NA,NA,NA,NA,9
"12",2020-03-12,75,75,0,3,0.1,14,1,0,13,0,0,1,1,0,0,14,NA,NA,NA,NA,NA,NA,NA,NA,14
"13",2020-03-13,97,97,0,1,0.6,22,2,2,18,0,0,1,1,0,0,20,NA,NA,NA,NA,NA,NA,NA,NA,22
"14",2020-03-14,115,115,0,4,0.7,18,1,1,16,1,0,2,2,0,1,17,NA,NA,NA,NA,NA,NA,NA,NA,18
"15",2020-03-15,142,142,0,4,1.3,27,1,0,26,0,0,2,2,0,1,27,NA,NA,NA,NA,NA,NA,NA,NA,27
"16",2020-03-16,156,156,0,0,1.9,14,0,0,14,0,0,2,2,0,1,14,NA,NA,NA,NA,NA,NA,NA,NA,14
"17",2020-03-17,179,178,0,5,1.7,23,1,0,22,2,0,4,4,0,3,23,127,0,4,0,0,0,23,178,23
"18",2020-03-18,195,193,0,4,2.4,16,0,0,16,0,0,3,3,0,3,16,210,0.0190499997138977,1,0,1.89597153550641,0.947985767753203,16.4205728802073,198.0731603675,16
"19",2020-03-19,220,218,0,1,3,25,0,0,25,4,0,7,7,0,7,25,110,0.0272699999809265,9,0,2.52075630075791,1.47224261208811,25.8736959833788,225.618628975063,25
"20",2020-03-20,242,240,0,2,2.7,22,1,1,20,3,1,10,9,0,10,21,137,0.00730000019073486,4,0,0.709290798674238,1.28150465873464,22.2065061974443,242.360070827935,22
"21",2020-03-21,262,260,0,4,2.9,20,0,2,18,3,1,10,9,0,13,18,204,0.0147099995613098,3,0,1.44968111618705,1.31513995022512,20.3617715877447,265.225589600757,20
"22",2020-03-22,288,286,0,6,2.9,26,0,1,25,3,5,13,8,0,16,25,159,0.0314499998092651,2,0,3.10593165818208,1.61360523488461,27.0765181916185,298.315368112115,26
"23",2020-03-23,309,307,0,9,3.1,21,1,0,20,4,5,17,12,0,20,21,138,0.0362299990653992,3,0,3.54591480214545,1.88964945877902,22.0323740045991,322.092324733901,21
"24",2020-03-24,327,323,1,8,4.4,18,1,3,14,3,7,20,13,1,23,15,253,0.0197599995136261,4,0,1.94524508830638,2.16754161425136,18.4045340249265,331.710966003417,18
"25",2020-03-25,350,346,1,8,4.9,23,0,1,22,4,8,23,15,0,27,22,153,0.0588199996948242,2,0,5.80610319568265,2.7261318514194,24.7709116723701,373.851610847275,23
"26",2020-03-26,364,356,1,19,5.4,14,1,3,10,2,7,25,18,0,29,11,274,0.025550000667572,3,0,2.52732858588979,2.72707074929538,14.3854285345802,368.473868937323,14
"27",2020-03-27,381,364,1,27,8,17,3,2,12,5,9,26,17,0,34,15,577,0.0294600009918213,4,0,2.92571782655437,3.04370318184968,17.6084335672096,378.764654564286,17
"28",2020-03-28,406,386,2,26,11.6,25,1,1,23,3,8,25,17,1,37,24,367,0.0817399978637695,3,0,8.10772411243335,3.99485218131344,27.697737401143,429.388609868382,25
"29",2020-03-29,425,398,2,11,14.7,19,5,4,10,7,8,31,23,0,44,15,184,0.0434800004959106,0,0,4.34800004959106,4.17229052294329,19.9042120044487,421.99175851804,19
"30",2020-03-30,450,407,3,48,15.4,25,8,3,14,4,12,32,20,1,48,22,549,0.0783199977874756,0,0,7.83199977874756,4.78458837674359,27.3888276454503,451.19331144083,25
"31",2020-03-31,467,404,3,51,21,17,2,3,12,6,13,34,21,0,54,14,943,0.064689998626709,0,0,6.4689998626709,5.43083905879567,18.2556096553581,440.233307197476,17
"32",2020-04-01,494,407,3,37,27.1,27,6,4,16,3,15,33,18,0,57,22,575,0.0573899984359741,4,0.25,5.87206374795943,5.44026199483521,27.7910302110881,440.134058905129,27
"33",2020-04-02,511,403,6,32,31.3,17,5,4,7,6,14,34,20,3,63,12,107,0.0841100025177002,9,0,7.75842264602924,6.1875611462837,17.2907559911894,446.347888704109,17
"34",2020-04-03,538,409,6,26,33.1,27,3,4,19,5,14,37,23,0,68,22,217,0.110600004196167,2,0,10.9589958495745,7.33517229242944,29.3425884820473,471.141758598061,27
"35",2020-04-04,555,416,7,18,33,17,3,7,6,7,14,43,29,1,75,9,315,0.0253999996185303,3,0,2.51603769806196,6.53635994751924,16.3139417844,430.511086923378,17
"36",2020-04-05,582,427,8,40,31.9,27,4,8,13,4,13,43,30,1,79,17,422,0.0663500022888184,5,0.2,6.79149905524154,6.88543123404074,26.6006782178241,467.205270530053,27
"37",2020-04-06,601,427,9,40,36,19,3,7,9,4,12,44,32,1,83,12,238,0.117650003433228,4,0.25,11.9837606682266,7.47853993253774,20.993718515375,497.943150505425,19
"38",2020-04-07,624,425,9,25,34.9,23,2,11,10,4,14,45,31,0,87,12,285,0.108769998550415,6,0,10.6527318167932,8.07621592598378,24.7722774386488,487.768159285477,23
"39",2020-04-08,644,428,11,26,31.1,20,1,11,7,5,16,44,28,2,92,8,368,0.0434800004959106,6,0.333330001831055,4.813000051733,7.92492111223715,19.5338205917882,456.559401660667,20
"40",2020-04-09,680,436,11,25,29.6,36,1,20,13,6,16,47,31,0,98,14,295,0.0949199962615967,5,0,9.33379963239034,8.14997496743159,35.811657008564,492.420175409564,36
"41",2020-04-10,714,452,11,37,28.6,34,0,20,13,4,16,48,32,0,102,13,331,0.090629997253418,8,0,8.84912362562872,7.84856464972505,34.5948986255518,507.453398365339,34
"42",2020-04-11,757,481,11,31,30.1,43,0,34,7,5,19,52,33,0,107,7,225,0.102220001220703,11,0.363639984130859,11.4404830932617,9.12348542046787,42.1102783535946,557.291984011289,43
"43",2020-04-12,790,496,13,35,32,33,0,18,14,1,18,48,30,2,108,14,227,0.101319999694824,12,0.5,12.1337405567887,9.88666277783175,34.3551154926789,579.43837745491,33
"44",2020-04-13,814,503,16,16,31.3,24,0,19,5,3,20,50,30,3,111,5,165,0.0606099987030029,26,0.0384599995613098,5.75948155737672,8.99748004771035,24.3992481067298,543.16435953702,24
"45",2020-04-14,847,504,18,32,27.9,33,0,26,7,5,20,50,30,2,116,7,208,0.0673099994659424,18,0.166669998168945,7.52236276812258,8.55028446932883,33.7300318073327,556.562290127953,33
"46",2020-04-15,876,502,24,60,28.9,29,2,18,9,4,16,50,34,6,120,11,390,0.1,24,0.208330001831055,10.6280000106148,9.38099874916909,30.6208159447409,575.968145841813,29
"47",2020-04-16,946,551,24,21,33.7,70,1,55,13,7,13,52,39,0,127,14,310,0.0354800009727478,11,0,3.42641753942424,8.5370870216025,69.6650553465947,577.174678283833,70
"48",2020-04-17,978,555,26,73,33.1,32,0,26,6,0,13,49,36,2,127,6,378,0.0846599960327148,66,0.5,14.6399726352176,9.36435116582948,33.2178140616912,667.647800706434,32
"49",2020-04-18,1018,577,31,31,38.3,40,0,31,9,1,11,46,35,5,128,9,421,0.0617600011825562,8,0,6.06082995288022,8.59582928863213,40.7562477191092,625.483881547337,40
"50",2020-04-19,1035,580,35,37,38.3,17,0,13,4,4,15,47,32,4,132,4,452,0.0442500019073486,47,0.127659997940063,5.21062540386864,7.60681283821498,17.2889610541016,621.899352844732,17
"51",2020-04-20,1096,617,39,16,38.6,61,1,47,13,3,13,45,32,4,135,14,325,0.0523099994659424,43,0.0232599997520447,4.89155701515467,7.48282361789754,61.9494336602794,658.842897742315,61
"52",2020-04-21,1132,628,47,51,38.6,36,0,26,10,2,11,43,32,8,137,10,543,0.069980001449585,25,0.36,8.27449661745152,7.59027131065882,37.1471786395179,700.042818561722,36
"53",2020-04-22,1173,645,54,35,41.3,41,1,31,9,4,9,45,36,7,141,10,656,0.0243899989128113,122,0.106560001373291,3.72752692215241,6.60448944087848,41.5167854264756,678.332660007679,41
"54",2020-04-23,1218,661,57,50,37.7,45,0,35,10,5,11,48,37,3,146,10,775,0.0361299991607666,105,0.0285700011253357,3.522795394063,6.61825770582687,45.4884013873349,693.283331702835,45
"55",2020-04-24,1259,668,65,38,41.9,41,0,36,5,7,10,48,38,8,153,5,517,0.0406199979782104,94,0.106379995346069,5.07369206501886,5.25164619579848,41.3517090784837,714.988332885424,41
"56",2020-04-25,1360,742,78,53,36.9,101,0,95,6,5,9,49,40,13,158,6,557,0.0502699995040894,28,0.0357100009918213,4.95731106864082,5.09400064090713,101.412369836884,792.996403161298,101
"57",2020-04-26,1414,759,87,87,40,54,0,41,13,5,9,50,41,9,163,13,358,0.0502799987792969,81,0.0123500001430511,4.32815252268233,4.96793308645194,54.7800732368132,804.544275903172,54
"58",2020-04-27,1475,782,95,87,47.1,61,0,54,7,8,11,54,43,8,171,7,269,0.0632000017166138,80,0.1,7.16355314090806,5.29250396155957,61.6952099769161,859.664885992624,61
"59",2020-04-28,1494,776,103,65,57.3,19,0,12,7,7,13,60,47,8,178,7,503,0.0616300010681152,11,0.272730007171631,6.61477054788908,5.05540023733636,19.6419516110856,847.164921457486,19
"60",2020-04-29,1519,765,111,27,59.3,25,0,17,8,7,13,61,48,8,185,8,668,0.0314400005340576,74,0.148649997711182,4.31294072606172,5.13903078075198,25.4783578944498,810.742973656758,25
"61",2020-04-30,1539,755,122,30,58.1,20,0,10,10,2,11,55,44,11,187,10,603,0.0414599990844727,6,0.333330001831055,4.43355656139957,5.26913951894292,20.6146695828729,801.407553506901,20
"62",2020-05-01,1562,738,135,43,55.3,23,0,16,7,6,11,57,46,13,193,7,516,0.031010000705719,55,0.0909099960327148,3.67797025323123,5.06975068868754,23.3569404127465,775.631717800983,23
"63",2020-05-02,1583,739,139,22,56,21,0,15,6,4,12,57,45,4,197,6,508,0.0511800003051758,28,0.0357100009918213,5.03718660126871,5.08116147906296,21.4190142172555,790.608584425301,21
"64",2020-05-03,1602,720,148,23,51.6,19,0,13,6,3,12,52,40,9,200,6,826,0.0205800008773804,231,0.0043299999833107,1.70286761786764,4.70612077837514,19.1416516397885,736.998196774624,19
"65",2020-05-04,1620,717,152,14,42.4,18,0,11,7,6,10,51,41,4,206,7,637,0.0109899997711182,24,0.125,1.51295459216374,3.89889241426881,18.1468295280853,732.039538805304,18
"66",2020-05-05,1645,716,156,29,32,25,0,24,1,3,9,49,40,4,209,1,923,0.0292499995231628,29,0.172409992218018,3.36109656871868,3.4340818458159,25.0465983414732,749.364412494832,25
"67",2020-05-06,1661,690,161,23,26.9,16,0,11,5,4,10,52,42,5,213,5,598,0.0167200005054474,149,0.0134200000762939,1.60617674881196,3.04740127763736,16.1113404079253,705.364976293693,16
"68",2020-05-07,1684,668,167,32,26.3,23,0,16,7,6,10,54,44,6,219,7,813,0.0356699991226196,234,0.0128199994564056,3.05631224063884,2.85065208895726,23.2966096182255,696.305032139234,23
"69",2020-05-08,1697,635,173,16,26.6,13,0,8,5,4,8,54,46,6,223,5,715,0.00978999972343445,127,0.0472399997711182,1.54386339349022,2.54577968042283,13.1070208369903,648.591646297764,13
"70",2020-05-09,1714,618,179,12,22.7,17,0,12,5,5,6,51,45,6,228,5,1100,0.0154499995708466,164,0.0304900002479553,1.74013920637626,2.0747729097239,17.1206267051419,632.909460755542,17
"71",2020-05-10,1726,549,185,25,21.3,12,0,8,4,3,5,52,47,6,231,4,907,0.0176400005817413,316,0.0126600003242493,1.63532629845479,2.06512414980778,12.0906888471873,561.447044276453,12
"72",2020-05-11,1746,529,188,14,21.6,20,0,14,6,1,5,51,46,3,232,6,517,0.00967000007629395,197,0.0152300000190735,1.12040616851561,2.00904580357234,20.093200064018,537.217138977586,20
"73",2020-05-12,1769,512,193,13,21.6,23,0,17,6,4,6,50,44,5,236,6,835,0.0131700003147125,322,0.00310999989509583,1.03702422031165,1.67703546808562,23.0862640053556,519.361195123676,23
"74",2020-05-13,1790,495,195,21,19.3,21,0,15,6,2,7,47,40,2,238,6,1249,0.0144099998474121,224,0.0133899998664856,1.42548878340193,1.65122290159847,21.1185781099777,504.782694073163,21
"75",2020-05-14,1804,467,198,25,19,14,0,10,4,2,6,45,39,3,240,4,1046,0.0267700004577637,127,0.0236199998855591,2.64289518024611,1.59216332154237,14.1465647053801,484.111429353124,14
"76",2020-05-15,1824,452,201,17,18,20,0,12,8,1,5,43,38,3,241,8,1163,0.012039999961853,137,0.0146000003814697,1.23097846214588,1.54746547420746,20.1365305722165,459.713977330233,20
"77",2020-05-16,1840,433,207,19,18.1,16,0,6,10,1,4,41,37,6,242,10,967,0.0134399998188019,25,0.04,1.41093546620781,1.50043636846911,16.1956125071292,441.470021558694,16
"78",2020-05-17,1851,393,212,15,19.1,11,0,8,3,1,2,41,39,5,243,3,353,0.0254999995231628,10,0.1,2.7552341134095,1.66042319917693,11.1145959398343,408.012068118288,11
"79",2020-05-18,1866,385,213,25,17.7,15,0,8,7,2,1,42,41,1,245,7,376,0.0398900008201599,17,0.0588199996948242,4.07088557333133,2.08192025700774,15.395072139453,406.728967669914,15
"80",2020-05-19,1878,348,219,23,19.3,12,0,8,4,0,1,39,38,6,245,4,359,0.0390000009536743,31,0.225809993743896,5.38490003805894,2.70304537382878,12.2986256486743,373.980431434667,12
"81",2020-05-20,1893,334,223,17,20.7,15,0,9,6,3,1,40,39,4,248,6,675,0.0296300005912781,36,0.0555600023269653,3.09429120715661,2.94144572007945,15.2573960646605,348.328380932769,15
"82",2020-05-21,1901,320,229,11,20.1,8,0,1,7,0,1,37,36,6,248,7,478,0.0209200000762939,36,0,1.94547860631683,2.8418147809467,8.18880520746954,328.631095198608,8
"83",2020-05-22,1908,304,233,7,18.1,7,0,3,4,1,1,35,34,4,249,4,514,0.00583999991416931,14,0,0.568515143159664,2.74717716394867,7.03152764252026,306.396100831539,7
"84",2020-05-23,1917,300,236,6,16.7,9,1,3,5,1,0,34,34,3,250,6,582,0.00859000027179718,43,0,0.799900825309753,2.65988650096323,9.06653909110986,303.326954555493,9
"85",2020-05-24,1927,297,237,8,14.9,10,0,3,7,1,1,35,34,1,251,7,332,0.0150600004196167,25,0.04,1.68064989896716,2.50637447032861,10.1631040566716,303.920272118782,10
"86",2020-05-25,1942,293,240,6,13.9,15,1,7,7,0,1,34,33,3,251,8,401,0.0174600005149841,8,0,1.71184846124905,2.16936916860257,15.1898649384611,299.953803371138,15
"87",2020-05-26,1948,284,243,16,11.1,6,0,2,4,1,1,34,33,3,252,4,1123,0.00800999999046326,41,0.0731699991226196,1.03051545990701,1.54731422886658,6.05714838632262,288.057535428906,6
"88",2020-05-27,1953,258,243,8,10.1,5,0,1,4,1,1,32,31,0,253,4,1150,0.00957000017166138,13,0.0769199991226196,1.03228376491871,1.25274173711831,5.05724644965294,261.692396002614,5
"89",2020-05-28,1957,233,244,4,8.9,4,0,2,2,1,1,30,29,1,254,2,1403,0.00284999996423721,88,0,0.268179071081476,1.01312751779898,4.00743608502447,233.866303905351,4
"90",2020-05-29,1964,224,247,7,7.9,7,0,3,4,2,1,31,30,3,256,4,1380,0.0065200001001358,37,0,0.634975309681539,1.0226218273021,7.03521326531703,225.971942857754,7
"91",2020-05-30,1967,207,248,15,7.9,3,1,1,1,0,1,31,30,1,256,2,1020,0.0127499997615814,119,0,1.1417910234252,1.07146328417574,3.03165964851817,210.276773621631,3
"92",2020-05-31,1971,192,249,10,9.1,4,0,1,3,3,1,34,33,1,259,3,1309,0.00535000026226044,11,0.0909099960327148,0.606300022701423,0.917984730423488,4.02521728392693,193.613906171323,4
"93",2020-06-01,1982,183,250,5,9.4,11,0,5,6,2,1,33,32,1,261,6,763,0.00130999997258186,20,0,0.127653892602805,0.691671220616881,11.0106187838813,183.323872908379,11
"94",2020-06-02,1985,165,251,8,9.3,3,0,1,2,0,1,28,27,1,261,2,858,0.0104900002479553,9,0,1.03811075118174,0.692756262227556,3.0287847958436,167.374745657097,3
"95",2020-06-03,1995,155,251,8,8.1,10,0,7,3,0,1,23,22,0,261,3,1110,0.00449999988079071,141,0,0.399280564962245,0.602327233662346,10.0166069124133,155.858023808018,10
"96",2020-06-04,2002,144,254,8,8.1,7,0,2,5,0,0,20,20,3,261,5,1430,0.00559000015258789,21,0,0.550909732474203,0.642717328147021,7.03818914349811,145.099847332745,7
"97",2020-06-05,2006,135,256,15,8.7,4,0,1,3,1,0,21,21,2,262,3,1366,0.00952000021934509,29,0,0.932209340474939,0.685179332546079,4.03877253296701,136.744763983516,4
"98",2020-06-06,2009,127,256,2,9.9,3,0,0,3,0,0,21,21,0,262,3,1404,0.000710000023245811,68,0,0.0677201109128477,0.5317406307586,3.00281662081562,127.119236947861,3
"99",2020-06-07,2010,117,257,4,8,1,0,0,1,0,0,20,20,1,262,1,870,0.00230000004172325,22,0,0.22432735832951,0.477173107276898,1.00311008107964,117.363879486318,1
"100",2020-06-08,2013,109,257,0,7.1,3,0,0,3,0,0,19,19,0,262,3,701,0.0014300000667572,12,0,0.140593274445554,0.47902159039729,3.00584756784952,109.212461631866,3
"101",2020-06-09,2023,106,258,3,6.4,10,0,3,7,0,0,18,18,1,262,7,1338,0.00224000006914139,10,0,0.222338285794598,0.362482666770557,10.0215775316375,106.326745479082,10
"102",2020-06-10,2033,104,258,7,5.7,10,0,4,6,0,0,17,17,0,262,6,1281,0.00233999997377396,12,0,0.231828303666237,0.338560915156841,10.0192844464356,104.334263738217,10
"103",2020-06-11,2040,103,259,5,5.6,7,0,2,5,0,0,16,16,1,262,5,1529,0.00326999992132187,6,0,0.325721816267175,0.306391212841551,7.02257908410154,103.465129132492,7
"104",2020-06-12,2044,106,259,10,5.1,4,0,2,2,0,0,16,16,0,262,2,1596,0.00814999997615814,13,0,0.808415162333648,0.288706330249938,4.02241578307339,107.18803650289,4
"105",2020-06-13,2047,104,259,6,4.4,3,0,3,0,0,0,16,16,0,262,0,1479,0.00270000010728836,23,0.0434800004959106,0.332446083228058,0.326524326294968,3,104.4793403945,3
"106",2020-06-14,2050,101,259,1,5,3,0,1,2,0,0,16,16,0,262,2,768,0,13,0,0,0.294477560819324,3,101,3
"107",2020-06-15,2055,99,259,2,4.6,5,0,2,3,0,0,14,14,0,262,3,720,0.00555999994277954,17,0,0.543175028331244,0.351989239945851,5.02259178360313,99.7455288589034,5
"108",2020-06-16,2059,98,259,3,4.9,4,0,1,3,1,0,14,14,0,263,3,1250,0.000799999982118607,14,0,0.0791139222822989,0.331528616586952,4.00329051322129,98.107490098562,4
"109",2020-06-17,2062,88,259,8,4.9,3,0,0,3,1,1,6,5,0,264,3,1098,0.0091100001335144,26,0,0.889927059305944,0.425542724535481,3.03701392460581,89.0857417884372,3
"110",2020-06-18,2064,74,259,2,5,2,0,0,2,0,1,6,5,0,264,2,1304,0.00230000004172325,122,0,0.210322584460527,0.409057119991674,2.0058318369674,74.2157779677937,2
"111",2020-06-19,2067,72,259,5,4.6,3,0,0,3,0,1,5,4,0,264,3,1875,0.0010700000077486,19,0,0.105926611115556,0.308701612674804,3.00440570893601,72.1057370144642,3
"112",2020-06-20,2073,73,259,1,3.9,6,0,0,6,1,1,5,4,0,265,6,1792,0.000560000017285347,158,0,0.0514625656910432,0.268561110169516,6.00428087112666,73.0520839320411,6
"113",2020-06-21,2079,77,259,1,3.1,6,0,0,6,0,1,4,3,0,265,6,1102,0.00363000005483627,86,0,0.336722227308886,0.316664285499357,6.02800996105104,77.3594611668217,6
"114",2020-06-22,2081,76,260,6,3.1,2,0,1,1,0,1,1,0,1,265,1,509,0.0039300000667572,10,0,0.385427752211833,0.294128960339441,2.00534358166855,76.4061122068097,2
"115",2020-06-23,2090,81,260,4,3.7,9,0,0,9,0,1,1,0,0,265,9,1255,0.00158999994397163,20,0,0.156505876837992,0.305184953847397,9.01952821862783,81.1757539676504,9
"116",2020-06-24,2092,75,261,3,3.9,2,0,0,2,1,1,2,1,1,266,2,1733,0.00289000004529953,24,0,0.285052366448724,0.218774283439223,2.00790394874884,75.2963980780816,2
"117",2020-06-25,2098,73,261,6,3.1,6,0,0,6,0,1,2,1,0,266,6,1796,0.00277999997138977,21,0.0476200008392334,0.32982388366758,0.235845897611659,6.02743612801883,73.3338062242291,6
"118",2020-06-26,2102,67,261,6,3.7,4,0,0,4,0,1,2,1,0,266,4,2028,0.00196999996900558,23,0,0.194790830674954,0.248540786120145,4.0108023431735,67.1809392481562,4
"119",2020-06-27,2105,69,261,3,3.9,3,0,0,3,0,1,1,0,0,266,3,1574,0.000640000030398369,80,0,0.0609044768952257,0.249889630577885,3.00253314436547,69.0582623204057,3
"120",2020-06-28,2107,68,261,2,4.1,2,0,0,2,0,1,1,0,0,266,2,880,0.00114000000059605,12,0,0.112466367771808,0.217853079215445,2.00311847404711,68.1060281176016,2
"121",2020-06-29,2111,69,261,1,4.3,4,0,0,4,2,1,3,2,0,268,4,854,0.00351000010967255,8,0,0.347742470262222,0.212469467508358,4.01928444725431,69.3326567151368,4
"122",2020-06-30,2114,68,261,10,3.6,3,0,0,3,0,1,3,2,0,268,3,1605,0.00435999989509583,11,0,0.433032167798812,0.251973223359904,3.01801071205015,68.4082428064701,3
"123",2020-07-01,2116,67,261,4,4.4,2,0,0,2,0,2,3,1,0,268,2,1601,0.00312000006437302,15,0,0.309103966773589,0.255409166263456,2.00857085293443,67.2871235733032,2
"124",2020-07-02,2122,66,261,4,4.6,6,0,1,5,0,1,3,2,0,268,5,1012,0.00197999998927116,12,0,0.195679686439689,0.236245709516614,6.01356454457892,66.1790519884418,6
"125",2020-07-03,2130,74,261,4,4.3,8,0,0,8,0,1,3,2,0,268,8,1334,0.00300000011920929,14,0,0.296884284794154,0.2508304886765,8.03292809950092,74.3045849203836,8
"126",2020-07-04,2134,75,261,4,4,4,0,0,4,0,1,3,2,0,268,4,1257,0.00317999988794327,40,0,0.308192741645697,0.286157383640853,4.01709117286119,75.3204594911472,4
"127",2020-07-05,2136,72,261,5,4.1,2,0,0,2,0,1,2,1,0,268,2,734,0.00272000014781952,47,0,0.255631255889824,0.306609510514855,2.00708815846831,72.2551737048591,2
"128",2020-07-06,2142,72,261,0,4.6,6,0,1,5,0,1,2,1,0,268,5,602,0,10,0,0,0.256932014763109,6,72,6
"129",2020-07-07,2149,73,261,6,4.4,7,0,1,6,0,1,1,0,0,268,6,1272,0.0039300000667572,21,0,0.386617175940847,0.250301301640543,7.03216043124421,73.3912852468046,7
"130",2020-07-08,2162,79,261,5,3.9,13,0,1,12,0,1,1,0,0,268,12,1684,0.00296999990940094,39,0,0.29027741424441,0.247611794136374,13.0482929750849,79.3179287526424,13
"131",2020-07-09,2170,83,261,5,4,8,0,0,8,1,0,2,2,0,269,8,1504,0.00266000002622604,41,0,0.258941102876632,0.256649139341652,8.02871973639936,83.2979672651434,8
"132",2020-07-10,2186,96,261,12,4.1,16,0,0,16,0,0,2,2,0,269,16,1900,0.00684000015258789,14,0.0714300012588501,0.73124453017455,0.318700602967423,16.1622079300411,96.9732475802466,16
"133",2020-07-11,2193,101,261,7,5.3,7,0,0,7,1,1,2,1,0,270,7,1571,0.00381999999284744,25,0,0.376016290022765,0.328389681307004,7.0364917061638,101.526523188935,7
"134",2020-07-12,2216,121,261,9,5.7,23,0,2,21,1,1,3,2,0,271,21,1068,0.00842999994754791,13,0,0.832862159480219,0.410851238962775,23.2424833338752,122.397165876138,23
"135",2020-07-13,2239,139,261,6,6.3,23,0,2,21,0,0,3,3,0,271,21,808,0.00619000017642975,65,0,0.572911814725686,0.492695783923587,23.1668001904875,140.104058403703,23
"136",2020-07-14,2258,149,261,4,7.1,19,0,2,17,1,0,4,4,0,272,17,1406,0.00356000006198883,66,0,0.340038049399205,0.486041622989067,19.0801430574425,149.702430326996,19
"137",2020-07-15,2279,168,261,15,6.9,21,0,0,21,1,0,5,5,0,273,21,1404,0.00782999992370605,46,0,0.758159992612641,0.552881991327385,21.2207342001637,169.76587360131,21
"138",2020-07-16,2301,186,261,7,8.3,22,0,1,21,0,0,5,5,0,273,21,1695,0.00708000004291534,25,0.04,0.755848841438459,0.623868811121932,22.2200613209419,187.949114556914,22
"139",2020-07-17,2331,213,261,17,8.6,30,0,0,29,0,1,5,4,0,273,29,1787,0.00726999998092651,21,0,0.718555860946663,0.622056144089377,29.2889003068048,215.121922943084,30
"140",2020-07-18,2357,232,261,16,9.3,26,0,0,24,2,1,6,5,0,275,24,1551,0.00708999991416931,81,0,0.673810653607635,0.664598196030073,24.2242015362534,234.167281517116,26
"141",2020-07-19,2375,250,261,28,10.6,18,0,0,18,0,1,6,5,0,275,18,2025,0.0212299990653992,22,0,2.10018310246377,0.845644045027723,18.5241060030715,257.279250042659,18
"142",2020-07-20,2405,275,261,47,13.3,30,0,0,27,2,3,8,5,0,277,27,1548,0.0148599994182587,35,0.0285700011253357,1.51631264301018,0.980415591925508,27.56759948059,280.781105820824,30
"143",2020-07-21,2429,294,261,23,19.1,24,0,0,23,0,3,8,5,0,277,23,1428,0.0161099994182587,15,0,1.59425358068423,1.15958923925194,23.5083639039408,300.498216859069,24
"144",2020-07-22,2456,314,261,13,21.9,27,0,1,23,2,3,9,6,0,279,23,1771,0.00902999997138977,16,0,0.894914938406899,1.17912566007969,24.2853639203295,317.895837868847,27
"145",2020-07-23,2475,322,261,29,21.6,19,0,1,17,1,3,10,7,0,280,17,1667,0.0101999998092651,32,0,1.0007886805206,1.21411706566285,18.2358743818595,326.467738291691,19
"146",2020-07-24,2498,337,261,34,24.7,23,0,1,18,0,3,7,4,0,280,18,2036,0.0122800004482269,83,0,1.17989999587494,1.28002337065261,19.2944470270886,342.512702673825,23
"147",2020-07-25,2510,336,261,26,27.1,12,0,1,10,0,3,7,4,0,280,10,2126,0.00800000011920929,320,0,0.695339339878943,1.28309889726279,11.0964020501553,339.239108885219,12
"148",2020-07-26,2517,338,261,21,28.6,7,0,0,6,2,4,9,5,0,282,6,1816,0.0121099996566772,73,0,1.16420113163186,1.14938718714395,6.09684311194185,343.455495306058,7
"149",2020-07-27,2532,340,262,22,27.6,15,0,1,13,1,4,9,5,1,283,13,1601,0.00874000012874603,24,0,0.861091704992147,1.05578419599852,14.1551966087115,344.058988227838,15
"150",2020-07-28,2552,330,262,14,24,20,0,1,18,1,4,10,6,0,284,18,1488,0.00739000022411346,24,0,0.727269863325452,0.931929379232976,19.181492033135,333.327353940808,20
"151",2020-07-29,2568,324,262,20,22.7,16,2,2,12,2,4,11,7,0,286,14,2254,0.00620999991893768,52,0,0.606996522865808,0.89079817701282,16.1178158465078,326.726595304894,16
"152",2020-07-30,2588,334,262,19,23.7,20,1,0,18,1,4,12,8,0,287,19,1891,0.00898999989032745,134,0,0.83951060704243,0.867758452230225,19.2211409942004,337.887425898048,20
"153",2020-07-31,2598,321,262,18,22.3,10,0,1,9,1,3,13,10,0,288,9,2129,0.00797999978065491,207,0,0.727286795077667,0.803099423544901,10.0907481292483,324.236683276522,10
"154",2020-08-01,2616,309,262,15,20,18,0,0,18,1,2,13,11,0,289,18,1629,0.00551999986171722,83,0.0120500004291534,0.58365828331525,0.787144986892945,18.1456534002531,311.500383371011,18
"155",2020-08-02,2624,294,262,2,18.4,8,0,0,8,0,2,13,11,0,289,8,1340,0.00149000003933907,11,0,0.147786828476266,0.641942943585003,8.01639136741901,294.602382752649,8
"156",2020-08-03,2633,280,262,10,15.7,9,0,1,7,0,1,12,11,0,289,7,1046,0.0114699995517731,47,0,1.09767790769942,0.675740972543185,8.10652767109595,284.261106843838,9
"157",2020-08-04,2645,268,262,20,14,12,0,1,11,1,1,11,10,0,290,11,1699,0.0058899998664856,12,0,0.584869069150148,0.655398001946713,12.0891950613396,270.173116039911,12
"158",2020-08-05,2654,248,262,12,14.9,9,1,0,8,1,1,12,11,0,291,9,1599,0.005,70,0,0.479029358897543,0.637116978522675,9.0597714938167,249.647036718505,9
"159",2020-08-06,2664,224,262,13,13.7,10,0,0,10,1,2,10,8,0,292,10,1639,0.00305000007152557,10,0,0.303150401287472,0.560494091986252,10.0420288606058,224.941446477571,10
"160",2020-08-07,2676,225,262,6,12.9,12,0,3,9,1,2,10,8,0,293,9,1689,0,39,0,0,0.456595978403729,12,225,12
"161",2020-08-08,2682,208,262,14,11.1,6,1,1,4,0,1,10,9,0,293,5,1518,0.00725000023841858,95,0,0.682300084433937,0.470687664277827,6.04729714197677,209.967561106234,6
"162",2020-08-09,2684,199,262,16,11,2,0,1,1,2,2,12,10,0,295,1,1589,0.00441000014543533,102,0,0.414399185753799,0.508775143888903,2.00574524247345,200.143303252217,2
"163",2020-08-10,2696,200,262,8,13,12,2,0,10,0,1,12,11,0,295,12,1384,0.00578000009059906,27,0,0.566939767922686,0.432955409635084,12.0943208349785,201.572013916309,12
"164",2020-08-11,2709,204,262,8,12.7,13,2,1,10,0,1,12,11,0,295,12,1460,0.00342000007629395,41,0,0.332658235269098,0.396925290509219,13.0553438024431,204.940844641533,13
"165",2020-08-12,2716,187,262,12,11,7,3,0,4,0,2,10,8,0,295,7,1486,0.00268999993801117,7,0,0.267738774808078,0.366740921353581,7.02598356762246,187.694132449343,7
"166",2020-08-13,2738,190,262,11,11,22,0,0,22,0,2,9,7,0,295,22,1689,0.00532999992370605,56,0,0.515895121555273,0.397133024248982,22.1573524723364,191.358953170178,22
"167",2020-08-14,2749,185,262,6,10.7,11,4,1,6,1,2,10,8,0,296,10,1882,0.00477999985218048,36,0,0.469028139822923,0.464137044223685,11.0650261989597,186.202984680754,11
"168",2020-08-15,2753,177,262,2,10.7,4,0,0,4,1,2,11,9,0,297,4,2044,0.00734000027179718,21,0,0.726535620123653,0.470456406465073,4.04029084464169,178.782869875395,4
"169",2020-08-16,2757,158,262,26,9,4,0,1,3,0,2,11,9,0,297,3,1196,0.00501999974250793,22,0,0.492932651234769,0.481675472962354,4.02050209823126,159.079777173513,4
"170",2020-08-17,2781,173,263,8,10.4,24,1,4,19,1,1,9,8,1,298,20,1358,0.00662999987602234,32,0,0.647736678535132,0.493217888764132,24.1796048064315,174.553581575632,24
"171",2020-08-18,2807,192,263,15,10.4,26,1,1,24,0,1,7,6,0,298,25,1888,0.00583000004291534,77,0.0519500017166138,0.763724692783889,0.554798811266245,26.264707538881,194.032953898606,26
"172",2020-08-19,2831,201,263,23,11.4,24,4,3,15,2,1,7,6,0,300,19,1519,0.0118499994277954,25,0.04,1.23057960691847,0.69234750156773,22.3241550439432,204.429219149084,24
"173",2020-08-20,2848,209,264,24,13,17,1,0,16,3,0,6,6,1,303,17,1607,0.00995999991893768,103,0,0.936007009925898,0.752363485620677,17.2206060871587,211.712157189187,17
"174",2020-08-21,2869,216,264,16,14.9,21,3,2,16,0,0,6,6,0,303,19,1804,0.00721000015735626,116,0.00861999988555908,0.729518764093518,0.789576431945047,21.1921673215635,218.18463902409,21
"175",2020-08-22,2888,226,264,16,16.3,19,1,0,18,1,0,7,7,0,304,19,1864,0.00589999973773956,73,0,0.56776455917122,0.766894851808986,19.1495585857208,227.778960019626,19
"176",2020-08-23,2905,236,264,13,18.3,17,1,1,15,0,0,7,7,0,304,16,694,0.0172899997234344,5,0,1.71663230444399,0.941709087981731,17.3807910504015,241.616667993422,17
"177",2020-08-24,2924,252,264,19,16.4,19,2,0,17,1,1,8,7,0,305,19,1142,0.00962999999523163,58,0,0.91645499954621,0.980097419554742,19.2414094212026,255.201851270687,19
"178",2020-08-25,2938,254,264,23,18,14,0,1,13,4,2,11,9,0,309,13,1647,0.0145700001716614,73,0,1.3951622257399,1.0703027814056,14.2514534105739,258.913012791213,14
"179",2020-08-26,2956,262,264,15,19.1,18,1,4,13,0,2,11,9,0,309,14,1832,0.0049099999666214,41,0,0.480251998870817,0.963113123113079,18.093215189301,263.744455685491,18
"180",2020-08-27,2969,265,264,16,18,13,1,3,9,1,2,9,7,0,310,10,1469,0.00612999975681305,9,0,0.609267228874044,0.916436011534243,13.0844689874244,267.238428166746,13
"181",2020-08-28,2997,275,264,20,16.9,28,0,3,21,1,1,9,8,0,311,21,2137,0.00607999980449677,35,0,0.598202559033591,0.897676553668539,24.1741634545357,277.280711904634,28
"182",2020-08-29,3018,289,264,12,17.4,21,0,2,18,0,1,9,8,0,311,18,1790,0.00726000010967255,11,0.0909099960327148,0.777091068999096,0.927580340786807,20.1939250409728,292.113574268952,21
"183",2020-08-30,3038,303,265,16,16.9,20,0,6,12,2,1,10,9,1,313,12,1402,0.00428000003099442,33,0,0.418157494317364,0.742083939340146,18.0695681732842,304.756596375426,20
"184",2020-08-31,3059,313,265,13,17.3,21,1,3,17,1,1,11,10,0,314,18,1353,0.00517000019550323,54,0,0.497157801315982,0.682184339592971,21.1240669862727,315.157387039075,21
"185",2020-09-01,3084,317,265,18,16.4,25,1,2,22,0,1,11,10,0,314,23,1361,0.0154299998283386,22,0.0909099960327148,1.66306939111269,0.720456791789084,25.5303073854961,324.309019182707,25
"186",2020-09-02,3120,327,265,15,15.7,36,1,9,26,0,1,9,8,0,314,27,1528,0.00261999994516373,51,0,0.253537676770752,0.688069031489075,36.0949064523787,328.14942258992,36
"187",2020-09-03,3142,328,265,24,15.7,22,1,4,17,1,1,8,7,0,315,18,1493,0.00938000023365021,133,0.00751999974250793,0.922785997207461,0.732857426965277,22.2302835786648,332.196278544559,22
"188",2020-09-04,3164,332,265,24,16.9,22,0,3,19,3,1,11,10,0,318,19,2705,0.00813000023365021,258,0.00774999976158142,0.809691210614641,0.763070091476856,22.2132860714428,335.726893458895,22
"189",2020-09-05,3189,339,265,17,17.4,25,1,11,13,2,1,13,12,0,320,14,2256,0.00398999989032745,164,0,0.371960320354493,0.705194270241913,25.0721961631723,340.74817852253,25
"190",2020-09-06,3210,341,265,27,18.1,21,1,3,16,1,1,14,13,0,321,17,1310,0.00611000001430511,192,0.03125,0.932363516560565,0.778652273419513,20.2197473576766,345.407873468689,21
"191",2020-09-07,3251,366,265,29,19.7,41,2,6,33,0,1,12,11,0,321,35,1290,0.0147300004959106,44,0,1.4244153403092,0.911117636132829,41.6911847629078,373.227817806408,41
"192",2020-09-08,3303,403,265,24,22,52,0,14,36,3,1,14,13,0,324,36,1097,0.0127600002288818,4,0,1.27136423715562,0.855159756996104,50.6345443194948,410.103371132122,52
"193",2020-09-09,3348,434,265,15,22.9,45,2,10,31,0,1,13,12,0,324,33,1587,0.0144900000095367,29,0,1.42299690687715,1.02222536129702,43.6510395390515,442.562156362072,45
"194",2020-09-10,3425,496,265,33,22.9,77,1,21,52,2,2,14,12,0,326,53,1959,0.0127600002288818,61,0,1.23746734892968,1.06717984011448,74.9092830331254,504.509516687363,77
"195",2020-09-11,3455,510,265,60,24.1,30,0,1,25,0,1,12,11,0,326,25,2314,0.0155599999427795,93,0.0752699995040894,1.78670335776785,1.20675300399351,26.6192726947471,522.633162972842,30
"196",2020-09-12,3504,535,267,47,29.3,49,0,4,42,1,0,12,12,2,327,42,1900,0.0168400001525879,26,0,1.66126688940379,1.39093965671483,46.9673378222646,547.322041307419,49
"197",2020-09-13,3539,548,268,31,33.6,35,1,5,29,1,1,11,10,1,328,30,1199,0.0166799998283386,44,0,1.6089557356539,1.48759568801388,35.669198286206,560.224022028029,35
"198",2020-09-14,3607,598,270,59,34.1,68,0,19,49,1,1,11,10,2,329,49,2394,0.0141999995708466,218,0.0412799978256226,1.6460121936674,1.51925238135077,69.1181977067216,611.646576094276,68
"199",2020-09-15,3679,646,271,41,38.4,72,0,14,55,1,1,11,10,1,330,55,2961,0.0121599996089935,28,0,1.20460886056306,1.5097158989804,69.918540292824,656.788673257533,72
"200",2020-09-16,3755,684,272,41,40.9,76,0,7,66,1,0,11,11,1,331,66,1887,0.0190799999237061,162,0.00616999983787537,1.80592971350753,1.56442058564189,74.6524725283088,701.125624384291,76
"201",2020-09-17,3805,709,276,57,44.6,50,2,4,38,2,2,11,9,4,333,40,2512,0.0191100001335144,208,0.00481000006198883,1.80164707162801,1.6450176888845,44.999123515097,726.709464305094,50
"202",2020-09-18,3893,777,276,46,48,88,1,6,78,0,2,11,9,0,333,79,2409,0.0128699994087219,281,0.0213499999046326,1.37558284568077,1.58628618715778,86.5066185546054,791.818260973777,88
"203",2020-09-19,3963,828,278,46,46,70,2,4,60,0,2,10,8,2,333,62,2101,0.0214199995994568,161,0,1.98954107685494,1.6331824996508,67.7101494645832,850.83877026895,70
"204",2020-09-20,4006,860,278,76,45.9,43,1,4,34,2,2,11,9,0,335,35,2847,0.0186199998855591,112,0,1.79152212484578,1.6592634123925,39.8693200361328,881.360435173548,43
"205",2020-09-21,4115,940,278,56,52.3,109,2,22,82,1,3,12,9,0,336,84,2949,0.0189900004863739,73,0,1.85312744653596,1.68885130565944,108.158112317707,964.150304507678,109
"206",2020-09-22,4225,1020,278,85,51.9,110,0,27,82,3,3,15,12,0,339,82,2507,0.0135599994659424,64,0.03125,1.40003573166541,1.71676943010263,110.591631190813,1039.7983392028,110
"207",2020-09-23,4332,1080,279,67,58.1,107,0,26,76,2,3,16,13,1,341,76,1896,0.0168799996376038,7,0.571430015563965,1.89198578149472,1.7290631541008,103.993521526579,1108.32899011455,107
"208",2020-09-24,4433,1133,280,38,61.9,101,2,18,75,2,3,18,15,1,343,77,2730,0.0128199994564056,55,0,1.25668217292593,1.65121102571479,96.3415462466325,1152.73989477188,101
"209",2020-09-25,4552,1196,282,57,59.1,119,5,16,86,3,3,20,17,2,346,91,3291,0.0133700001239777,59,0.0339000010490417,1.37315732745982,1.6508645231118,108.73241190746,1218.76884221233,119
"210",2020-09-26,4637,1243,284,76,60.7,85,3,14,66,3,4,21,17,2,349,69,3437,0.0299699997901917,12,0,2.98657260883992,1.79329759910965,85.8570091908104,1294.46757136489,85
"211",2020-09-27,4719,1273,285,109,65,82,2,12,64,2,4,22,18,1,351,66,2684,0.0331599998474121,13,0,3.30001629923819,2.00879676687999,81.0196005064178,1331.2416885556,82
"212",2020-09-28,4834,1343,286,86,69.7,115,3,11,97,6,4,27,23,1,357,100,3135,0.0258400011062622,192,0.0104200005531311,2.49501182970644,2.10049453590435,114.459091723292,1389.45560184381,115
"213",2020-09-29,4941,1374,289,58,74,107,5,18,74,4,3,27,24,3,361,79,2165,0.0263299989700317,79,0.0253200006484985,2.62944419881239,2.27612431692535,99.8799206319484,1424.08874618098,107
"214",2020-09-30,5024,1404,289,108,70.1,83,1,10,67,5,5,30,25,0,366,68,3170,0.0305999994277954,281,0.0142299997806549,2.92670611777674,2.42394150782278,80.759163886849,1460.96861907553,83
"215",2020-10-01,5125,1440,291,105,76,101,2,11,78,3,5,29,24,2,369,80,3844,0.0226300001144409,120,0.00833000004291534,2.21971040476944,2.56151696951471,93.461930415824,1484.31474748483,101
"216",2020-10-02,5221,1490,292,115,85.6,96,0,13,79,1,5,29,24,1,370,79,3362,0.021710000038147,197,0,2.05082945007727,2.65832727274577,94.2461880151526,1532.36481193136,96
"217",2020-10-03,5293,1502,293,65,93.9,72,2,6,63,5,6,31,25,1,375,65,3113,0.0301999998092651,485,0.0103100001811981,2.75188853513406,2.62480097650208,73.4798971220414,1559.30469965086,72
"218",2020-10-04,5350,1482,293,77,92.3,57,1,7,47,3,6,32,26,0,378,48,3118,0.0291899991035461,102,0,2.826534695803,2.55716074743991,56.8809836789593,1540.07537108787,57
"219",2020-10-05,5428,1483,293,82,87.7,78,3,13,59,3,6,33,27,0,381,62,3821,0.0177999997138977,238,0.00839999973773956,1.72488294763206,2.44714233571499,76.4826573241829,1518.46420664134,78
"220",2020-10-06,5503,1454,294,139,87.1,75,5,15,52,2,7,34,27,1,383,57,2158,0.0194599997997284,55,0,1.89763576899295,2.34259827431222,73.4996060457067,1492.25310860452,75
"221",2020-10-07,5604,1468,294,174,98.7,101,12,22,63,3,10,36,26,0,386,75,2268,0.0313100004196167,76,0,3.02948297575472,2.35728068259479,100.150063066591,1529.65723442341,101
"222",2020-10-08,5684,1427,294,85,108.1,80,5,14,55,2,9,36,27,0,388,60,2434,0.0271199989318848,182,0,2.52332100153699,2.40065362499015,76.0990037853214,1476.92130669423,80
"223",2020-10-09,5767,1428,294,96,105.3,83,5,19,57,2,9,37,28,0,390,62,2508,0.0207299995422363,247,0.00810000002384186,1.95976547578285,2.38764448580523,82.6845552565402,1466.79911139257,83
"224",2020-10-10,5832,1413,295,68,102.6,65,5,8,50,6,9,43,34,1,396,55,2628,0.0300600004196167,21,0,2.98216991705371,2.42054182607947,65.2739690189404,1471.42033134114,65
"225",2020-10-11,5896,1378,295,138,103,64,6,6,48,5,10,46,36,0,401,54,2660,0.0233100008964539,238,0.0168099999427795,2.2776184393012,2.34212521800778,61.7051563199566,1421.51306312778,64
"226",2020-10-12,5957,1349,295,62,111.7,61,2,13,43,3,10,46,36,0,404,45,1994,0.0150499999523163,237,0.0126600003242493,1.47961093598233,2.30708635920068,58.9231016248641,1376.67253537648,61
"227",2020-10-13,6042,1370,296,74,108.9,85,5,9,68,1,7,45,38,1,405,73,2117,0.0302300000190735,18,0,2.9975133508374,2.4642117280356,85.0337057540919,1426.93392990556,85
"228",2020-10-14,6109,1375,298,84,99.6,67,2,15,49,2,7,45,38,2,407,51,3004,0.0296300005912781,110,0.0363599991798401,2.98677333609447,2.45811035094128,68.1118443726976,1431.93698063645,67
"229",2020-10-15,6195,1400,298,107,86.7,86,4,24,52,5,8,49,41,0,412,56,2119,0.021710000038147,105,0.00952000021934509,2.11344829603708,2.39955710729844,81.6408509154048,1441.02127288512,86
"230",2020-10-16,6270,1420,299,77,89.9,75,2,10,59,4,8,47,39,1,416,61,3126,0.0214299988746643,280,0.0035699999332428,1.99617664308598,2.40475870262745,72.6881781454862,1459.29857322279,75
"231",2020-10-17,6317,1402,300,64,87.1,47,3,8,36,6,8,50,42,1,422,39,3037,0.0214000010490417,149,0,2.03991849296735,2.2701513563294,48.1029781043793,1441.65064877794,47
"232",2020-10-18,6374,1369,303,74,86.6,57,1,11,40,2,6,49,43,3,424,41,1144,0.0271000003814697,37,0.0540500020980835,2.79443272769098,2.34398196895651,53.5884259913605,1422.0379312725,57
"233",2020-10-19,6438,1349,304,69,77.4,64,1,6,57,3,6,48,42,1,427,58,1334,0.0374799990653992,27,0,3.67364575703472,2.65741551482114,66.9540288903951,1417.70663746798,64
"234",2020-10-20,6516,1353,306,46,78.4,78,3,14,57,4,5,46,41,2,431,60,1595,0.0250799989700317,48,0.0208299994468689,2.49558358677117,2.58571126281168,76.0759306453789,1399.81223605329,78
"235",2020-10-21,6604,1376,309,69,74.4,88,1,46,40,4,4,45,41,3,435,41,2258,0.0305599999427795,446,0.00897000014781952,2.69989274913919,2.54472832181807,88.5346870848317,1427.50559582265,88
"236",2020-10-22,6669,1361,309,88,72.3,65,1,24,36,1,3,44,41,0,436,37,2238,0.0268099999427795,87,0.0114900004863739,2.62367354469914,2.6176176430555,62.3458634199495,1410.50594904193,65
"237",2020-10-23,6748,1363,310,92,69.6,79,1,13,64,2,3,37,34,1,438,65,2768,0.0245700001716614,65,0.0153799998760223,2.4359145946735,2.68043735042515,80.1951534430791,1409.0306791218,79
"238",2020-10-24,6813,1354,313,63,71.7,65,2,17,41,2,3,36,33,3,440,43,2358,0.0211999988555908,191,0,1.96114544140773,2.6691840573452,61.1691432521576,1390.81441775399,65
"239",2020-10-25,6883,1335,315,69,71.6,70,1,24,42,3,3,38,35,2,443,43,1751,0.0308400011062622,77,0,2.95409419787008,2.69199283879936,68.7610928923245,1389.67579095938,70
"240",2020-10-26,6956,1295,316,77,70.9,73,1,16,51,4,3,39,36,1,447,52,995,0.0392000007629395,121,0.0165299999713898,3.67420526484435,2.69207276848645,70.6488430605371,1360.9663800653,73
"241",2020-10-27,7034,1265,318,61,72,78,0,15,60,2,3,32,29,2,449,60,1354,0.0288000011444092,116,0,2.65273479928776,2.71452294170311,77.2066555867317,1311.52365528693,78
"242",2020-10-28,7146,1271,321,93,74.1,112,2,69,38,2,2,30,28,3,451,40,1900,0.0405299997329712,166,0.01807000041008,3.87253724882471,2.88204358451533,111.147558802898,1339.23868096208,112
"243",2020-10-29,7210,1255,322,65,77.6,64,0,18,42,9,2,38,36,1,460,42,2190,0.0292199993133545,96,0,2.79929127280168,2.90713183138712,61.6299971672151,1303.70586773464,64
"244",2020-10-30,7260,1224,324,122,74.3,50,1,9,36,4,2,41,39,2,464,37,2789,0.0358599996566772,105,0.0571400022506714,3.66320799166528,3.0824594595288,47.8791124549812,1286.1630714837,50
"245",2020-10-31,7299,1154,325,83,78.6,39,0,5,32,2,2,40,38,1,466,32,2352,0.0276399993896484,322,0,2.43116224997955,3.1496047178962,38.0785825531415,1192.89638332267,39
"246",2020-11-01,7349,1113,328,50,81.4,50,1,6,40,1,2,38,36,3,467,41,1714,0.0256699991226196,104,0,2.42015283257261,3.07332737999656,48.3756758658848,1150.34456679829,50
"247",2020-11-02,7413,1066,328,56,78.7,64,3,8,47,6,2,43,41,0,473,50,1030,0.0174800002574921,14,0.0714300012588501,1.82034677038705,2.80849045221695,59.2618670524918,1092.90300555912,64
"248",2020-11-03,7484,996,329,36,75.7,71,1,36,33,2,2,44,42,1,475,34,1456,0.0219799995422363,13,0,2.1785486271951,2.74074957048942,71.0269177115855,1026.08264825703,71
"249",2020-11-04,7549,919,333,53,72.1,65,5,1,51,1,1,41,40,4,476,56,1466,0.0272900009155273,295,0.0033899998664856,2.32863096551824,2.52019153001707,58.8079156507283,948.669187196774,65
"250",2020-11-05,7596,876,333,45,66.4,47,0,6,34,5,2,44,42,0,481,34,2536,0.0240499997138977,41,0,2.36673648717286,2.45839798921295,41.115625140056,904.743753608503,47
"251",2020-11-06,7670,870,337,79,63.6,74,1,12,58,5,3,47,44,4,486,59,2342,0.0234800004959106,116,0.0258599996566772,2.35923194148076,2.27211569632945,72.9297991917766,898.456360963486,74
"252",2020-11-07,7705,836,342,75,57.4,35,3,4,25,3,4,47,43,5,489,28,2499,0.0276099991798401,142,0,2.61254782091709,2.2980279207491,33.0141723106093,866.280287559622,35
"253",2020-11-08,7742,774,342,47,56.3,37,1,5,29,1,4,48,44,0,490,30,1176,0.0204099988937378,92,0.0108700001239777,1.97178223268467,2.23397497790797,35.8201054023079,795.158719379543,37
"254",2020-11-09,7813,744,346,31,55.9,71,3,24,42,7,4,47,43,4,497,45,711,0.0210999989509583,20,0.1,2.3258685710166,2.3061923779979,70.4510659558624,767.990957136926,71
"255",2020-11-10,7880,753,346,52,52.3,67,0,11,54,3,5,48,43,0,500,54,1374,0.0334800004959106,17,0,3.30708272332,2.46741153458718,67.4758725645102,787.524667427337,67
"256",2020-11-11,7936,751,349,77,54.6,56,0,6,48,2,5,47,42,3,502,48,2375,0.0261100006103516,241,0.0290499997138977,2.63808491516187,2.51161924167912,55.7555753610583,778.467439503225,56
"257",2020-11-12,7978,741,351,60,58,42,1,8,31,3,3,44,41,2,505,32,2318,0.0215700006484985,214,0.00467000007629395,2.0141643570121,2.4612517945133,40.8935818802925,761.692005415523,42
"258",2020-11-13,8017,717,353,79,60.1,39,1,7,27,0,3,36,33,2,505,28,2719,0.0217000007629395,200,0,2.02131901591067,2.41297851943186,35.7846615324825,737.092939956785,39
"259",2020-11-14,8038,693,353,50,60.1,21,3,2,14,3,3,37,34,0,508,17,1710,0.015789999961853,245,0.0163300001621246,1.58576726212221,2.26629558246116,19.3737471056642,708.235690836781,21
"260",2020-11-15,8068,650,355,30,56.6,30,1,1,25,0,2,35,33,2,508,26,984,0.0152400004863739,306,0.00653999984264374,1.31762794034426,2.17284496926967,27.4749584433327,661.873961083318,30
"261",2020-11-16,8112,612,358,11,54.1,44,0,3,39,3,2,33,31,3,511,39,735,0.0122399997711182,53,0,1.14167510555481,2.0036744742037,42.6173004696428,621.686868908242,44
"262",2020-11-17,8153,589,358,40,51.3,41,1,10,29,1,2,32,30,0,512,30,1828,0.020789999961853,38,0,2.03666237568421,1.82218585311287,40.8470904085091,605.631208353728,41
"263",2020-11-18,8195,582,358,66,49.6,42,3,6,31,1,2,32,30,0,513,34,2684,0.0204900002479553,20,0.05,2.07082694768905,1.74114900061676,40.9761401896952,598.709223247135,42
"264",2020-11-19,8215,563,359,53,48,20,2,1,17,0,2,30,28,1,513,19,2476,0.0121200001239777,187,0.0160399997234344,1.23952685900304,1.63048650090118,20.3265118982876,572.675063091363,20
"265",2020-11-20,8240,520,359,28,47,25,1,2,20,1,2,30,28,0,514,21,2643,0.00757000029087067,222,0.0225200009346008,0.872842966012306,1.46641849377284,23.2541235304534,526.292582658847,25
"266",2020-11-21,8269,488,360,27,39.7,29,4,4,19,2,2,31,29,1,516,23,1495,0.0187300002574921,71,0,1.7880811229215,1.49532047388702,27.5701702108275,500.097524473209,29
"267",2020-11-22,8296,475,363,26,36.4,27,3,4,19,3,4,31,27,3,519,22,1220,0.0147500002384186,36,0,1.4327229530948,1.51176261856567,26.4369928875523,484.435073708516,27
"268",2020-11-23,8336,457,365,20,35.9,40,2,9,26,1,3,27,24,2,520,28,922,0.0173500001430511,13,0,1.71087701945381,1.5930771776941,37.6641501778822,467.839879689006,40
"269",2020-11-24,8379,466,365,21,37.1,43,2,7,33,1,3,23,20,0,521,35,1403,0.00855000019073486,41,0.0975599956512451,1.10772923056108,1.46037244267651,42.53751566971,473.156637202424,43
"270",2020-11-25,8434,474,366,38,34.4,55,4,10,39,2,2,23,21,1,523,43,2618,0.0122200000286102,72,0.0138900005817413,1.22646989281736,1.33975000626627,53.7311640273516,482.059808115457,55
"271",2020-11-26,8479,490,366,60,30.4,45,3,4,37,3,2,23,21,0,526,40,3059,0.0143799996376038,224,0.00446000009775162,1.37031553193196,1.35843410239897,44.7599237900788,499.309066428465,45
"272",2020-11-27,8527,503,367,56,31.4,48,2,3,42,3,1,24,23,1,529,44,3154,0.0177600002288818,336,0.00298000007867813,1.63370546556817,1.46712874519267,47.9965885829727,514.39281948262,48
"273",2020-11-28,8571,505,368,60,35.4,44,2,3,39,2,1,25,24,1,531,41,2597,0.0119400000572205,191,0,1.1122015835223,1.3705745252785,44.63220341123,512.786895674907,44
"274",2020-11-29,8616,517,370,22,40.1,45,0,4,38,5,1,28,27,2,536,38,898,0.0245000004768372,12,0,2.41769235474723,1.51128443980027,43.2737203949881,534.329301163391,45
"275",2020-11-30,8659,523,371,47,39.6,43,1,7,34,1,1,25,24,1,537,35,1135,0.0229099988937378,61,0,2.17415123280873,1.57746647027955,43.0549873775218,538.764525669827,43
"276",2020-12-01,8713,544,371,34,43.4,54,2,12,39,3,1,27,26,0,540,41,1906,0.0141700005531311,113,0.0176999998092651,1.43675686145195,1.62447041754967,53.816688811071,554.836066176161,54
"277",2020-12-02,8755,558,372,49,45.3,42,1,5,34,6,1,31,30,1,546,35,2859,0.0101400005817413,81,0.0123500001430511,1.0200888324757,1.59498740892943,40.4949889529178,565.89153816366,42
"278",2020-12-03,8793,557,373,38,46.9,38,0,5,32,3,1,33,32,1,549,32,3327,0.0102199995517731,202,0,0.963500666158943,1.53687099953329,37.4274560484262,564.440406842919,38
"279",2020-12-04,8836,561,375,55,43.7,43,1,5,33,2,1,31,30,2,551,34,2994,0.0110199999809265,165,0.0121200001239777,1.10774548791865,1.46173385986907,39.5221657424912,569.615734751105,43
"280",2020-12-05,8871,550,375,46,43.6,35,3,2,29,1,1,31,30,0,552,32,2277,0.0184500002861023,209,0,1.68988940673592,1.54426069175673,34.7497176426046,562.885771982267,35
"281",2020-12-06,8910,544,376,33,41.6,39,0,7,30,1,2,31,29,1,553,30,1397,0.0157500004768372,20,0,1.55276998349623,1.42070035300659,37.6458294586988,555.711040851072,39
"282",2020-12-07,8964,547,377,23,43.1,54,0,4,45,2,1,30,29,1,555,45,1068,0.0168499994277954,25,0.04,1.73795053878184,1.3583859681456,50.084274877448,560.179963510312,54
"283",2020-12-08,9011,551,377,57,39.7,47,1,1,44,0,1,27,26,0,555,45,2367,0.01942999958992,69,0,1.88796424586784,1.4228441659193,47.177865627148,565.422310234635,47
"284",2020-12-09,9064,562,377,36,43,53,2,3,46,1,3,24,21,0,556,48,2911,0.00962000012397766,167,0.00598999977111816,0.942305078709412,1.41173220109555,51.6270789728089,569.342049639971,53
"285",2020-12-10,9109,561,377,60,41.1,45,2,0,43,1,3,23,20,0,557,45,3091,0.0139100003242493,252,0.00397000014781952,1.3160709255012,1.46209938100158,45.8210720671377,571.236031770316,45
"286",2020-12-11,9148,544,377,48,44.3,39,6,2,30,1,2,23,21,0,558,36,3047,0.0118099999427795,32,0,1.16872587936503,1.47081086549392,38.5833169961244,552.814567941436,39
"287",2020-12-12,9181,533,378,59,43.3,33,2,5,26,0,2,20,18,1,558,28,2616,0.0156700003147125,24,0,1.55275457663969,1.45122017548018,33.6027681806211,544.474122866824,33
"288",2020-12-13,9220,530,379,30,45.1,39,5,2,32,0,2,19,17,1,558,37,1502,0.0119799995422363,47,0,1.16165005244925,1.39534589961632,39.5958905655517,538.535729722768,39
"289",2020-12-14,9263,526,379,16,44.7,43,4,4,35,2,2,20,18,0,560,39,917,0.0174500000476837,20,0,1.70775347318313,1.39103203310222,43.9233774266435,538.453757087551,43
"290",2020-12-15,9309,534,380,54,43.7,46,1,7,37,1,1,20,19,1,561,38,2079,0.0134700000286102,49,0,1.31598355542672,1.30932050589635,45.6933037161344,543.742741695152,46
"291",2020-12-16,9364,552,380,53,43.3,55,3,4,47,0,1,18,17,0,561,50,2312,0.0168700003623962,94,0,1.62109064164007,1.4062898720293,55.1237424116469,564.406116224582,55
"292",2020-12-17,9401,547,381,61,45.7,37,1,5,29,1,0,17,17,1,562,30,3207,0.0134099996089935,83,0.0241000008583069,1.36796865706023,1.41370383368059,35.5689667282961,557.374160012598,37
"293",2020-12-18,9442,534,381,25,45.9,41,3,4,34,0,0,16,16,0,562,37,3298,0.00727999985218048,170,0.00587999999523163,0.72113724082124,1.34976259960291,41.3699211112394,539.338861443293,41
"294",2020-12-19,9481,531,381,46,42.6,39,1,6,29,3,0,19,19,0,565,30,2799,0.0117900002002716,140,0,1.12283805922287,1.28834595425765,36.4670117942141,539.266108757589,39
"295",2020-12-20,9525,525,381,24,40.7,44,5,2,34,0,0,16,16,0,565,39,1360,0.0161800003051758,51,0,1.55951810170369,1.34518424700828,41.8432269845547,536.351132484391,44
"296",2020-12-21,9600,547,381,22,39.9,75,7,8,60,1,0,15,15,0,566,67,1365,0.00658999979496002,32,0.03125,0.715486737302822,1.20343185616823,75.6646084513563,552.425982431222,75
"297",2020-12-22,9684,591,381,73,40.7,84,5,7,70,2,0,15,15,0,568,75,3021,0.0225099992752075,48,0,2.21579367254486,1.33197615861368,84.3039871380465,609.155418647806,84
"298",2020-12-23,9784,658,381,52,43.4,100,5,6,88,1,1,13,12,0,569,93,2652,0.0199800002574921,199,0.0150800001621246,1.96379799070964,1.38093435133791,101.532032227003,675.914808659869,100
"299",2020-12-24,9859,685,381,49,43.3,75,11,6,56,2,1,13,12,0,571,67,3469,0.01557000041008,144,0,1.49494413015686,1.39907370463743,74.3886386027966,699.197275267398,75
"300",2020-12-25,9925,717,381,47,41.6,66,6,3,56,0,1,10,9,0,571,62,2537,0.0295600008964539,161,0,2.77960423551903,1.69314041816568,67.3892639113742,744.630681039602,66
"301",2020-12-26,10018,760,381,95,44.7,93,5,5,82,2,2,12,10,0,573,87,951,0.0199800002574921,50,0,1.89819982466284,1.80390638465711,94.2895527328919,780.000690540205,93
"302",2020-12-27,10128,824,382,37,51.7,110,8,6,94,2,4,12,8,1,575,102,1480,0.0270300006866455,32,0.0625,2.77806885028012,1.97798506302517,111.928553263504,855.736547932622,110
"303",2020-12-28,10260,918,382,65,53.6,132,15,7,108,1,2,13,11,0,576,123,1188,0.04125,39,0.0256399989128113,4.07538385962507,2.45797036621406,136.949652696863,969.868139639999,132
"304",2020-12-29,10381,996,382,112,59.7,121,5,15,101,3,4,12,8,0,579,106,1880,0.0505299997329712,25,0.04,5.03918107600976,2.8613114238519,128.40551555922,1065.58390091493,121
"305",2020-12-30,10518,1087,382,88,65.3,137,12,10,115,3,5,13,8,0,582,127,2458,0.0573600006103516,62,0,5.59487625000969,3.3800368894662,146.851076123772,1171.31590351607,137
"306",2020-12-31,10643,1174,382,147,70.4,125,0,9,116,2,5,13,8,0,584,116,2652,0.0331800007820129,144,0,3.14711595400208,3.6160614357298,130.061278122281,1225.22362513412,125
"307",2021-01-01,10760,1229,383,87,84.4,117,0,5,111,2,6,13,7,1,586,111,2759,0.0391400003433228,134,0.0149300003051758,3.80186246070242,3.76209832504171,121.850713733661,1293.77952413216,117
"308",2021-01-02,10873,1290,383,134,90.1,113,2,8,101,2,6,15,9,0,588,103,2369,0.0295499992370605,431,0,2.50014100687844,3.84808992250108,114.570188914464,1334.71401650154,113
"309",2021-01-03,10996,1317,384,106,95.7,123,0,5,118,4,5,19,14,1,592,118,1516,0.0600299978256226,126,0.0238100004196167,5.72506313986088,4.26908910672691,132.365948320655,1421.53350795172,123
"310",2021-01-04,11171,1429,384,117,105.6,175,4,30,140,5,8,21,13,0,597,144,1386,0.0533900022506714,155,0.00644999980926514,4.86685873393035,4.38215694591337,183.716295214685,1525.42073515128,175
"311",2021-01-05,11312,1502,386,105,113,141,2,19,120,6,8,23,15,2,603,122,2417,0.0575099992752075,97,0.0103100001811981,5.56888378145397,4.45782876097683,150.419274518782,1617.96516661647,141
"312",2021-01-06,11495,1596,386,132,112,183,11,42,129,7,7,28,21,0,610,140,2627,0.0513899993896484,211,0.0142200005054474,4.86264793880394,4.35322471651887,191.438225123178,1703.59576640423,183
"313",2021-01-07,11613,1633,386,186,118.3,118,2,7,108,6,9,32,23,0,616,110,2311,0.048899998664856,91,0.0109899997711182,4.74637747267502,4.58169064775786,124.238430824038,1740.45779577867,118
"314",2021-01-08,11743,1662,386,185,123.9,130,6,13,110,0,11,30,19,0,616,116,2661,0.0368300008773804,249,0,3.36785678126149,4.51968983640915,134.416279569966,1739.60221245934,130
"315",2021-01-09,11841,1671,388,155,137.9,98,6,2,90,4,11,30,19,2,620,96,3020,0.0324499988555908,375,0.00266999989748001,2.91606027998348,4.57910687542416,101.881121149268,1738.55576500445,98
"316",2021-01-10,11933,1655,388,114,140.9,92,5,3,82,5,11,34,23,0,625,87,1824,0.0509899997711182,78,0,4.88989272252995,4.45979681580546,95.8980446109804,1767.19843484106,92
"317",2021-01-11,12097,1707,388,66,142,164,2,25,135,3,13,34,21,0,628,137,1608,0.0342000007629395,115,0,3.1917354165297,4.22049348474822,168.062292947954,1782.53528512524,164
"318",2021-01-12,12237,1735,389,161,134.7,140,1,22,115,4,13,35,22,1,632,116,2211,0.0705600023269653,74,0.0135099995136261,6.87124311198812,4.40654481768167,149.050521475498,1900.28150655162,140
"319",2021-01-13,12325,1723,393,172,142.7,88,0,9,75,3,11,35,24,4,635,75,2532,0.0375200009346008,173,0.0115600001811981,3.58597125315181,4.22416243401708,87.7287008023527,1808.66068643272,88
"320",2021-01-14,12417,1711,393,128,148.4,92,2,14,75,9,10,41,31,0,644,77,2581,0.0337100005149841,146,0,3.19052113418313,4.00189724280395,94.4059778554821,1786.68348195753,92
"321",2021-01-15,12511,1681,395,145,140.1,94,6,7,79,5,11,41,30,2,649,85,2923,0.0372900009155273,206,0.00485000014305115,3.51542897748657,4.02297898512182,96.1427308940193,1762.92859568055,94
"322",2021-01-16,12573,1635,396,119,134.4,62,0,0,60,2,9,39,30,1,651,60,2470,0.0323900008201599,289,0,2.89972098679938,4.02064480038124,62.4121090118778,1700.72997057367,62
"323",2021-01-17,12653,1576,398,72,129.3,80,2,3,72,2,9,39,30,2,653,74,2036,0.026029999256134,32,0,2.56272139678379,3.68819175384607,79.6291937046982,1631.99471998114,80
"324",2021-01-18,12774,1597,399,63,123.3,121,2,45,72,7,10,43,33,1,660,74,1021,0.0391799998283386,48,0,3.74207481990025,3.7668116686133,122.839137399539,1679.85273550086,121
"325",2021-01-19,12848,1541,406,81,122.9,74,3,24,47,8,9,45,36,7,668,50,2337,0.0410799980163574,89,0,3.95729412053698,3.35053324126313,76.7432020914692,1625.54548845908,74
"326",2021-01-20,12909,1500,406,166,111.4,61,1,9,49,2,7,37,30,0,670,50,3065,0.0225099992752075,163,0.00612999975681305,2.16828803404187,3.14800706710457,60.5030604470421,1545.09181341126,61
"327",2021-01-21,12980,1467,408,81,110.6,71,1,9,60,3,7,37,30,2,673,61,2636,0.0242799997329712,117,0,2.32481217929939,3.02433435926403,71.9661071213548,1514.28326470537,71
"328",2021-01-22,13061,1439,409,95,103.9,81,1,4,75,5,6,37,31,1,678,76,2311,0.0307200002670288,111,0.00901000022888184,2.97250332958338,2.94677355242072,83.1320263784813,1498.30244682414,81
"329",2021-01-23,13109,1372,409,84,96.7,48,1,4,40,4,9,39,30,0,682,41,2122,0.0329900002479553,276,0,2.91929860409346,2.9495703548913,46.6594029025405,1427.52928737282,48
"330",2021-01-24,13155,1291,410,44,91.7,46,2,9,35,3,8,38,30,1,685,37,1247,0.0224499988555908,36,0,2.18200690357925,2.8951825701478,47.1193020867775,1330.05456740621,46
"331",2021-01-25,13218,1232,410,29,87.7,63,1,18,43,4,7,39,32,0,689,44,825,0.0206100010871887,48,0,1.94768051511233,2.63884052660667,63.1881187922478,1265.26732618294,63
"332",2021-01-26,13281,1171,411,74,82.9,63,1,19,41,8,5,40,35,1,697,42,2354,0.024210000038147,79,0,2.34238964610761,2.40813988740247,62.363948269609,1209.02817675505,63
"333",2021-01-27,13359,1132,413,80,81.9,78,1,26,50,1,4,30,26,2,698,51,2800,0.0196399998664856,175,0.00570999979972839,1.88205880978528,2.36724999822296,78.3307388473369,1161.53718382716,78
"334",2021-01-28,13397,1071,413,66,69.6,38,1,3,33,3,5,30,25,0,701,34,2355,0.0212299990653992,209,0.0287100005149841,2.18397183723271,2.34712994935629,38.0294740880518,1103.42843377363,38
"335",2021-01-29,13427,970,413,73,67.4,30,1,2,27,3,4,31,27,0,704,28,2847,0.0122899997234344,180,0.00555999994277954,1.18898015204222,2.09234092399327,30.4615535602491,985.989534051487,30
"336",2021-01-30,13446,873,414,42,64.3,19,1,6,12,2,5,33,28,1,706,13,2155,0.0157799994945526,216,0,1.43424288953019,1.88019010762709,19.2584970116808,890.359068553642,19
"337",2021-01-31,13489,815,415,25,58.3,43,3,5,35,4,6,32,26,1,710,38,922,0.0195200002193451,24,0,1.90247782264653,1.84025738177955,44.0022883180151,836.496446820586,43
"338",2021-02-01,13529,724,415,26,55.6,40,6,7,25,4,5,29,24,0,714,31,548,0.0292000007629395,29,0,2.77324097367259,1.95819459014531,39.1918971217683,751.836565037427,40
"339",2021-02-02,13571,660,416,59,55.1,42,4,5,31,3,5,27,22,1,717,35,2439,0.0221399998664856,107,0.0280399990081787,2.23879574109322,1.94339546085754,41.0863555451254,680.485561708079,42
"340",2021-02-03,13634,645,416,54,53,63,5,21,36,2,4,26,22,0,719,41,2865,0.0129100000858307,212,0,1.20205233168362,1.84625167827158,62.6832768410208,655.749111279473,63
"341",2021-02-04,13716,647,416,51,49.3,82,3,43,33,2,5,25,20,0,721,36,2814,0.0127900004386902,90,0,1.23936161275738,1.71130736048939,79.6185716478344,658.117107115246,82
"342",2021-02-05,13774,647,417,72,47.1,58,1,8,48,2,5,21,16,1,723,49,2435,0.0160199999809265,149,0,1.50962461120573,1.75711371179847,58.0255445158639,660.541373505387,58
"343",2021-02-06,13799,616,417,61,47,25,2,3,19,3,6,21,15,0,726,21,2369,0.0143499994277954,205,0.0146300005912781,1.43722994427581,1.75754043390498,24.4184417606999,628.274291647198,25
"344",2021-02-07,13824,571,419,33,49.7,25,1,2,19,3,4,23,19,2,729,20,1004,0.0249000000953674,75,0,2.31692308579693,1.81674690006933,22.642437793213,589.341598996231,25
"345",2021-02-08,13871,568,421,24,50.9,47,1,7,38,2,5,21,16,2,731,39,852,0.0140799999237061,29,0,1.36165266004513,1.61509142669397,46.7362417052335,578.72269970699,47
"346",2021-02-09,13926,586,421,43,50.6,55,5,8,39,0,2,19,17,0,731,44,2244,0.0178299999237061,149,0,1.67198160588368,1.5341179788069,53.0199376904114,599.583715604116,55
"347",2021-02-10,13983,602,422,40,48.3,57,0,6,50,3,4,20,16,1,734,50,2791,0.0125399994850159,100,0,1.21062395581734,1.53534249654029,56.8392063026971,612.104043884473,57
"348",2021-02-11,14043,628,423,51,46.3,60,1,11,46,1,3,16,13,1,735,47,2563,0.0152199995517731,58,0,1.48831968146488,1.57090793492707,58.9698030639861,640.958219663474,60
"349",2021-02-12,14094,630,425,52,46.3,51,1,7,41,3,2,16,14,2,738,42,2612,0.0157000005245209,173,0,1.47247401687787,1.56560070716595,49.857405765391,642.861086480864,51
"350",2021-02-13,14126,628,425,46,43.4,32,0,3,28,6,2,21,19,0,744,28,2099,0.0219199991226196,46,0.0217400002479553,2.19161390068925,1.67336984379644,31.8507687843376,647.081528448716,32
"351",2021-02-14,14167,603,427,48,41.3,41,0,4,35,4,2,21,19,2,748,35,1175,0.0170200002193451,10,0,1.6876371525511,1.58347185333275,39.8189107854646,617.108662961005,41
"352",2021-02-15,14229,626,428,34,43.4,62,2,8,51,4,2,23,21,1,752,53,867,0.0265300011634827,26,0,2.57575711184093,1.75691534644644,62.8926497262937,648.354692993582,62
"353",2021-02-16,14280,621,428,60,44.9,51,3,13,32,3,2,24,22,0,755,35,1561,0.0333100008964539,23,0,3.28263329541443,1.98700844495083,49.5928683522265,649.262035620932,51
"354",2021-02-17,14337,637,428,49,47.3,57,5,6,44,2,2,25,23,0,757,49,2063,0.0184200000762939,222,0,1.66303983183345,2.0516392843817,56.1297652188101,651.686947844532,57
"355",2021-02-18,14409,652,428,68,48.6,72,3,12,53,3,3,26,23,0,760,56,2348,0.0212899994850159,116,0,2.02877105482213,2.12884662343274,69.575108720991,670.338765822967,72
"356",2021-02-19,14463,656,429,58,51,54,3,15,33,1,3,26,23,1,761,36,2576,0.0151400005817413,96,0,1.4596048465032,2.12700817052207,51.7284961594702,669.274818905902,54
"357",2021-02-20,14512,635,429,66,51.9,49,0,3,45,4,3,26,23,0,765,45,2384,0.0255900001525879,68,0,2.48803264126303,2.16935370488975,49.552237090178,656.90379005029,49
"358",2021-02-21,14554,625,429,53,54.7,42,0,7,33,2,4,24,20,0,767,33,1000,0.03,28,0,2.91828793774319,2.34516095991719,41.3351545773754,650.287018510897,42
"359",2021-02-22,14619,640,429,32,55.4,65,0,11,54,1,6,23,17,0,768,54,863,0.0150600004196167,66,0,1.39900757396439,2.17705388307769,66.0473776314985,652.413364521463,65
"360",2021-02-23,14674,646,429,47,55.1,55,0,7,47,4,6,26,20,0,772,47,2036,0.019650000333786,84,0,1.88714154149001,1.97769791823134,55.2296791286877,662.901547173027,55
"361",2021-02-24,14720,653,430,60,53.3,46,2,10,34,1,6,24,18,1,773,36,2874,0.0187899994850159,41,0,1.85257147581255,2.00477386737122,46.9246277912181,669.771720768484,46
"362",2021-02-25,14753,649,430,43,54.9,33,1,5,25,1,6,23,17,0,774,26,2376,0.0185199999809265,128,0.00781000018119812,1.79725239528254,1.97169977315127,31.6478461588454,665.171236811179,33
"363",2021-02-26,14818,652,430,57,51.3,65,5,12,43,1,6,21,15,0,775,48,2639,0.0181900000572205,181,0,1.70224858691507,2.00636316463868,61.1328011696701,667.387215888019,65
"364",2021-02-27,14864,657,431,71,51.1,46,0,4,34,3,6,23,17,1,778,34,2535,0.0209100008010864,47,0.0212800002098083,2.09167358794016,1.94974044273542,38.9859668163923,676.05235877558,46
"365",2021-02-28,14929,668,431,49,51.9,65,2,8,54,7,6,28,22,0,785,56,1552,0.0257699990272522,94,0,2.42983222905804,1.87996105578039,65.8864868588486,690.503093244837,65
"366",2021-03-01,15006,682,431,54,51.3,77,4,7,64,3,6,29,23,0,788,68,996,0.0291199994087219,45,0,2.78612098089212,2.07812011391293,77.6266266873113,708.343520599211,77
"367",2021-03-02,15069,691,432,61,54.4,63,1,6,54,3,4,29,25,1,791,55,2006,0.0259200000762939,41,0,2.54008403287961,2.17139761268287,62.9368689769294,715.33411751015,63
"368",2021-03-03,15128,701,432,65,56.4,59,0,5,51,6,5,32,27,0,797,51,2676,0.0209299993515015,109,0,2.01108360016582,2.19404220187619,57.4219678248461,720.54508716112,59
"369",2021-03-04,15185,697,432,61,57.1,57,3,3,50,1,5,31,26,0,798,53,2414,0.0202999997138977,225,0.00444000005722046,1.89477829944008,2.2079744738987,57.3922708835149,715.309675581318,57
"370",2021-03-05,15258,702,432,51,59.7,73,1,11,56,1,2,28,26,0,799,57,2440,0.0188499999046326,154,0,1.77309174122219,2.218094924514,69.4011851685008,719.256701548904,73
"371",2021-03-06,15314,715,434,46,58.9,56,3,3,47,1,2,27,25,2,800,50,1957,0.0209500002861023,25,0,2.06857470029779,2.21479508342224,54.4339390177668,735.505327954066,56
"372",2021-03-07,15354,706,435,54,55.3,40,1,0,38,2,5,26,21,1,802,39,1752,0.0194099998474121,16,0.0625,1.97999545999242,2.15053268784143,40.0705778915535,725.380204908636,40
"373",2021-03-08,15437,747,436,38,56,83,1,9,65,6,4,29,25,1,808,66,1170,0.0205100011825562,142,0,1.8290168737493,2.01380352967817,76.6735978787423,765.942085082129,83
"374",2021-03-09,15494,753,436,70,53.7,57,0,8,47,1,3,27,24,0,809,47,2105,0.0318300008773804,57,0,3.09908195406502,2.0936603755618,57.0193908687939,785.353219663868,57
"375",2021-03-10,15574,776,436,76,55,80,5,8,64,0,2,24,22,0,809,69,2655,0.0180799996852875,173,0,1.69739742448509,2.04884806475027,78.6237609719777,794.261427742822,80
"376",2021-03-11,15635,773,439,73,56.6,61,1,7,52,1,2,20,18,3,810,53,2321,0.0280100011825562,86,0,2.70092283941475,2.16401157046094,61.9846206962834,801.945505626926,61
"377",2021-03-12,15717,778,439,93,58.3,82,5,4,67,2,2,17,15,0,812,72,2361,0.0228699994087219,133,0,2.16503883736938,2.22000401276768,78.1611636627626,801.352574022629,82
"378",2021-03-13,15785,796,439,56,64.3,68,5,3,54,5,4,22,18,0,817,59,2353,0.0187000000476837,99,0,1.79449837325448,2.18085025176149,63.4678597086887,815.80366657824,68
"379",2021-03-14,15853,821,439,65,65.7,68,2,10,51,2,3,23,20,0,819,53,1535,0.0299699997901917,36,0,2.92832270387933,2.31632557231676,65.1517126512118,854.331246917828,68
"380",2021-03-15,15960,868,440,58,67.3,107,4,3,97,4,5,25,20,1,823,101,1000,0.0320000004768372,13,0,3.1589339068941,2.50631371990888,108.42335079204,906.01453948011,107
"381",2021-03-16,16047,887,441,85,70.1,87,7,4,73,5,6,27,21,1,828,80,1583,0.0341100001335144,9,0,3.39171672181867,2.54811868673083,87.761828813958,928.70927697476,87
"382",2021-03-17,16135,915,442,78,72.3,88,3,5,76,3,5,27,22,1,831,79,2842,0.0267400002479553,175,0,2.51889561500461,2.66547557109076,86.7588413759274,946.953669100932,88
"383",2021-03-18,16228,953,443,63,72.6,93,6,3,80,2,5,24,19,1,833,86,2566,0.0284500002861023,161,0,2.67703339692477,2.66206279359219,92.1918443841355,988.370089512572,93
"384",2021-03-19,16353,1000,445,117,71.1,125,8,5,104,2,4,24,20,2,835,112,2615,0.0382399988174438,97,0,3.68722702461709,2.87951824891329,122.725420252762,1051.11982368538,125
"385",2021-03-20,16456,1054,446,83,74.6,103,6,5,87,4,4,27,23,1,839,93,1997,0.0435699987411499,151,0.00662000000476837,4.09724895189927,3.20848261729112,103.282807313859,1113.87181622373,103
"386",2021-03-21,16541,1082,447,87,78.4,85,5,1,77,4,4,29,25,1,843,82,1306,0.0421099996566772,87,0,3.94800140356213,3.35415100296009,87.4882870009382,1141.22349432945,85
"387",2021-03-22,16690,1158,448,56,81.6,149,6,7,133,4,7,30,23,1,847,139,1150,0.0547800016403198,131,0,4.91779874210521,3.60541740799025,155.477090346867,1236.95302605519,149
"388",2021-03-23,16814,1197,449,108,81.3,124,2,0,120,5,9,31,22,1,852,122,1966,0.0350999999046326,153,0,3.25656440832976,3.58610993463469,127.50819075311,1251.04347812683,124
"389",2021-03-24,16967,1287,449,84,84.6,153,7,2,137,4,9,33,24,0,856,144,3106,0.0457200002670288,47,0,4.50384779033909,3.86967453111105,154.991572824552,1367.36218211943,153
"390",2021-03-25,17116,1369,450,123,85.4,149,7,4,132,8,10,40,30,1,864,139,3005,0.0379399991035461,282,0,3.4685031124477,3.98274163332861,149.684152623738,1434.83169022947,149
"391",2021-03-26,17265,1453,451,103,94,149,10,2,130,4,11,42,31,1,868,140,2390,0.0673600006103516,117,0,6.42163547900839,4.37337141252737,154.464163984854,1582.36021621424,149
"392",2021-03-27,17381,1507,452,138,92,116,7,3,100,5,13,44,31,1,873,107,2476,0.0626000022888184,117,0,5.97753974805686,4.64198438340702,118.867388155642,1631.88928925749,116
"393",2021-03-28,17518,1566,453,139,99.9,137,3,5,124,5,13,45,32,1,878,127,2480,0.0826599979400635,157,0,7.77386404593695,5.18853618946057,145.687689069486,1734.77890616389,137
"394",2021-03-29,17727,1714,453,111,107.3,209,7,1,189,4,12,47,35,0,882,196,1644,0.0839400005340576,40,0,8.19461762933437,5.65665317335045,219.267642185969,1908.72825870791,209
"395",2021-03-30,17936,1844,454,170,115.1,209,9,6,186,6,12,48,36,1,888,195,1968,0.0406500005722046,64,0,3.93696855935525,5.75385376635409,211.643538292263,1944.64966467145,209
"396",2021-03-31,18144,1948,455,163,124,208,7,5,191,8,14,54,40,1,896,198,3023,0.0793900012969971,224,0,7.3913142568778,6.16634897585962,223.289732761302,2147.61817888392,208
"397",2021-04-01,18381,2083,456,144,135.3,237,12,4,203,3,15,52,37,1,899,215,2634,0.0721299982070923,100,0.01,6.98575037591372,6.66881287064048,239.822889370699,2284.73990027519,237
"398",2021-04-02,18579,2177,457,242,138.3,198,15,7,162,6,15,56,41,1,905,177,3130,0.0939299964904785,99,0,9.10501359601108,7.05215260164086,206.343095101962,2451.80744653657,198
"399",2021-04-03,18830,2356,457,223,158.1,251,16,3,223,12,14,61,47,0,917,239,2885,0.101909999847412,36,0,10.0654005326869,7.63613271373086,275.35173500609,2684.77275177552,251
"400",2021-04-04,19060,2515,458,152,170.3,230,9,2,215,12,16,64,48,1,929,224,1818,0.0929599952697754,139,0,8.63573180380438,7.7592566791405,252.818632775702,2816.11098853076,230
"401",2021-04-05,19345,2660,459,184,172.1,285,8,4,269,5,18,67,49,1,934,277,2045,0.105620002746582,162,0,9.7867197832696,7.98669984398839,318.584293574426,3020.91776501073,285
"402",2021-04-06,19619,2797,460,156,182.6,274,7,6,245,10,20,70,50,1,944,252,1749,0.128640003204346,83,0,12.2811880788429,9.17873120391519,300.907221495062,3273.2361052448,274
"403",2021-04-07,19927,2938,461,219,180.6,308,3,6,290,12,24,76,52,1,956,293,3364,0.098100004196167,44,0,9.68334548462165,9.50616423645002,338.335304496362,3332.42704645157,308
"404",2021-04-08,20222,3109,462,170,188.6,295,23,5,255,10,30,83,53,1,966,278,3366,0.0858600044250488,194,0.0103100001811981,8.1742953631985,9.67595637749071,314.505370488523,3461.33883758567,295
"405",2021-04-09,20519,3262,464,261,192.3,297,13,2,276,14,31,88,57,2,980,289,3418,0.110299997329712,158,0,10.542656344322,9.8813339129637,333.241308425234,3738.78597952635,297
"406",2021-04-10,20806,3426,467,381,195,287,12,2,262,14,27,92,65,3,994,274,3187,0.0875399971008301,97,0,8.49543150914572,9.65705262388639,308.271969826194,3829.5174037392,287
"407",2021-04-11,21075,3564,467,205,217.6,269,7,5,249,13,29,100,71,0,1007,256,2714,0.145909996032715,29,0,14.4367382148301,10.4857678254615,312.238748752103,4277.33945528318,269
"408",2021-04-12,21390,3658,468,265,225.1,315,16,4,291,16,27,101,74,1,1023,307,2125,0.0804699993133545,107,0,7.66123425362358,10.1821270355121,343.608181998116,4046.53657898732,315
"409",2021-04-13,21626,3684,470,245,236.7,236,10,0,219,12,28,105,77,2,1035,229,2670,0.0767799997329712,178,0,7.19812497496605,9.45597516352965,251.853058643398,4051.64483861257,236
"410",2021-04-14,21899,3755,472,389,249.4,273,10,11,248,12,28,101,73,2,1047,258,3971,0.171490001678467,97,0.0103100001811981,16.7646722390061,10.4675932712989,328.965884250171,4627.75928433873,273
"411",2021-04-15,22121,3758,472,312,273.7,222,15,3,202,19,29,107,78,0,1066,217,3902,0.130959997177124,98,0.0101999998092651,12.8001377241611,11.1284278942935,258.509142261889,4424.90026092249,222
"412",2021-04-16,22357,3797,474,348,294,236,1,10,219,20,24,114,90,2,1086,220,2970,0.120539999008179,244,0.00409999996423721,11.1700123536268,11.2180501813371,264.069503401636,4385.00865643641,236
"413",2021-04-17,22538,3744,477,405,306.4,181,5,7,167,16,23,123,100,3,1102,172,2935,0.101870002746582,121,0.00825999975204468,9.81635857431988,11.4067540477905,202.408216740289,4253.53699695141,181
"414",2021-04-18,22700,3685,477,294,309.9,162,5,8,146,11,22,122,100,0,1113,151,1949,0.0646500015258789,188,0.0159599995613098,6.03665572725616,10.2067422638514,171.637548197962,3993.40639145357,162
"415",2021-04-19,22927,3625,478,258,322.6,227,5,4,218,22,22,116,94,1,1135,223,2084,0.112279996871948,88,0.0340899991989136,10.9112077997534,10.6710241990128,260.733947052422,4173.36573123332,227
"416",2021-04-20,23116,3513,479,188,321.6,189,8,2,179,17,27,119,92,1,1152,187,2775,0.100539999008179,221,0,9.3123663967856,10.9730586878442,213.142994233137,3966.55261358829,189
"417",2021-04-21,23311,3414,480,207,313.4,195,3,2,185,12,25,111,86,1,1164,188,2521,0.136850004196167,236,0.0211899995803833,12.6949474239937,10.3916694285567,223.088587249789,4014.87466420627,195
"418",2021-04-22,23487,3306,483,239,287.4,176,7,4,161,14,22,107,85,3,1178,168,2358,0.163269996643066,213,0.00939000010490417,15.0521478843522,10.7133851657268,207.058814565503,3995.9073866283,176
"419",2021-04-23,23695,3230,486,189,277,208,5,8,186,21,29,113,84,3,1199,191,2507,0.0805700016021729,86,0.0116299998760223,7.82835225630488,10.2360051518237,219.729708538085,3580.55999255505,208
"420",2021-04-24,23851,3109,487,227,254.3,156,2,2,150,17,31,119,88,1,1216,152,2464,0.0852299976348877,214,0.00467000007629395,7.87924175461875,9.95927417758067,170.604181917842,3448.62106304324,156
"421",2021-04-25,24000,2979,492,139,228.9,149,2,6,137,20,30,125,95,5,1236,139,1621,0.135719995498657,93,0.0215100002288818,12.9523070434428,10.9472243656073,169.960391933103,3513.94250049435,149
"422",2021-04-26,24163,2843,497,173,206.7,163,4,7,148,12,31,124,93,5,1248,152,1304,0.115030002593994,31,0,11.2358893919527,10.9936074502072,182.677754444249,3285.86747292763,163
"423",2021-04-27,24323,2750,498,189,194.6,160,3,5,148,10,31,121,90,1,1258,151,2425,0.0610300016403198,332,0.00903999984264374,5.47693267774876,10.4456883474877,167.465785663331,2958.81397731233,160
"424",2021-04-28,24489,2647,500,186,194.7,166,2,7,155,12,27,116,89,2,1270,157,2408,0.0689400005340576,38,0,6.78689784489005,9.60168126475858,178.772718892806,2896.0661586577,166
"425",2021-04-29,24615,2550,500,159,191.7,126,2,7,113,12,29,113,84,0,1282,115,2728,0.0652500009536743,111,0.00901000022888184,6.30511139933178,8.35210462404138,132.052638691174,2772.9063361956,126
"426",2021-04-30,24768,2459,503,178,180.3,153,4,3,139,13,27,109,82,3,1295,143,2122,0.0669199991226196,179,0,6.17141408684045,8.11539917126075,158.235175241463,2669.39367775355,153
"427",2021-05-01,24892,2404,507,138,178.7,124,3,5,113,7,29,110,81,4,1302,116,2051,0.089709997177124,70,0.0285700011253357,8.76921755252498,8.24253857096164,135.102895983759,2696.27036159445,124
"428",2021-05-02,24989,2343,507,128,166,97,0,4,91,8,27,108,81,0,1310,91,1279,0.0695900011062622,21,0,6.84658549345456,7.37029263524904,103.637834862116,2565.40051738394,97
"429",2021-05-03,25096,2226,510,102,164.4,107,4,3,100,10,22,98,76,3,1320,104,976,0.174179992675781,140,0.0071399998664856,15.3225154868163,7.9540963630867,129.092907658465,2698.87319661291,107
"430",2021-05-04,25201,2131,511,141,154.3,105,1,2,99,8,23,94,71,1,1328,100,2386,0.0389800000190735,57,0.0175399994850159,3.84797625935961,7.72138830331683,107.334845579366,2244.68555929629,105
"431",2021-05-05,25283,2016,512,114,147.4,82,1,2,75,8,23,88,65,1,1336,76,1904,0.0777299976348877,65,0.0307699990272522,7.61797691384447,7.84011388459603,86.0268050189759,2228.92156471389,82
"432",2021-05-06,25389,1946,514,122,137.1,106,3,6,92,12,22,88,66,2,1348,95,2133,0.0534499979019165,246,0,4.79230119902429,7.62399814169496,107.311857424847,2075.29341630267,106
"433",2021-05-07,25501,1848,517,108,131.9,112,4,4,103,19,23,95,72,3,1367,107,2302,0.0469199991226196,82,0.0122000002861023,4.57257709747193,7.39559285749945,117.783194709506,1965.15274601091,112
"434",2021-05-08,25590,1773,521,136,121.9,89,1,3,85,4,21,86,65,4,1371,86,1901,0.0489200019836426,86,0.0116299998760223,4.73060411475805,6.81864808067561,94.640330148516,1889.28262038743,89
"435",2021-05-09,25673,1711,524,69,121.6,83,0,5,78,4,22,83,61,3,1375,78,1173,0.172210006713867,123,0.00813000023365021,15.6637598691439,8.0782444200598,99.9387004701242,2082.56559621003,83
"436",2021-05-10,25766,1645,524,82,113.1,93,3,2,87,9,22,85,63,0,1384,90,715,0.104899997711182,14,0,10.2885457288745,7.35910588321097,104.837662994843,1879.64395140573,93
"437",2021-05-11,25898,1614,526,124,110.3,132,1,6,123,5,21,79,58,2,1389,124,1899,0.0458099985122681,86,0.0232599997520447,4.48330212360065,7.44986672095969,137.707422395481,1714.32080440569,132
"438",2021-05-12,25995,1554,527,115,107.9,97,3,3,90,8,22,80,58,1,1397,93,2118,0.0495800018310547,174,0.00574999988079071,4.62525933060347,7.02233563763954,101.963599992839,1653.64983213841,97
"439",2021-05-13,26088,1526,527,78,108,93,1,1,90,7,20,77,57,0,1404,91,1684,0.0795699977874756,54,0.0185199999809265,7.76731624125886,7.44733778653019,101.799453330127,1690.3292943052,93
"440",2021-05-14,26171,1447,527,128,101.7,83,2,4,75,7,21,70,49,0,1411,77,1738,0.0471799993515015,105,0,4.44920449663102,7.42971312926721,85.749660432485,1536.25660578969,83
"441",2021-05-15,26245,1399,528,85,104.6,74,2,8,63,7,19,64,45,1,1418,65,1779,0.0522800016403198,61,0,5.05468059337657,7.47600976906985,77.5550856062353,1497.0394578942,74
"442",2021-05-16,26314,1371,529,46,97.3,69,2,3,63,7,19,67,48,1,1425,65,805,0.0409899997711182,20,0,3.99963028069699,5.80970554214887,71.6043144537636,1447.02330947861,69
"443",2021-05-17,26388,1336,531,87,94,74,7,5,59,10,19,71,52,2,1435,66,774,0.229969997406006,19,0,22.4459997468157,7.54648468756904,91.5386719508583,1751.75251100525,74
"444",2021-05-18,26467,1304,532,97,94.7,79,1,6,71,5,16,64,48,1,1440,72,1920,0.0265599989891052,56,0,2.58072864671468,7.27468847658533,80.5761094343726,1350.6562042003,79
"445",2021-05-19,26538,1290,536,91,90.9,71,2,5,64,4,14,57,43,4,1444,66,2042,0.0665999984741211,122,0.0163900005817413,6.37693054321293,7.52492722124382,76.8350568456653,1404.04883834709,71
"446",2021-05-20,26598,1245,539,73,87.4,60,5,8,45,11,15,63,48,3,1455,50,1487,0.0511100006103516,65,0.0307699990272522,5.02581319873481,7.13328392945467,61.4839010844694,1331.74913700329,60
"447",2021-05-21,26679,1209,540,77,86.7,81,4,11,63,4,13,59,46,1,1459,67,1682,0.0416200017929077,190,0,3.73957494741831,7.03190827956714,81.473653647171,1271.68130237955,81
"448",2021-05-22,26738,1177,544,77,79.4,59,0,13,46,8,15,58,43,4,1467,46,1380,0.0623199987411499,101,0.00990000009536743,5.87451034925179,7.14902681612074,62.7464416590545,1272.86003984146,59
"449",2021-05-23,26793,1153,545,39,78.3,55,0,4,51,5,12,59,47,1,1472,51,826,0.0375300002098083,14,0.0714300012588501,3.80950002272923,7.12186535069678,57.6935660261089,1213.89571819811,55
"450",2021-05-24,26844,1107,547,65,77.3,51,2,11,38,5,11,57,46,2,1477,40,733,0.0832199954986572,30,0,7.99479117962198,5.05740698395482,55.4336007821067,1229.6999016448,51
"451",2021-05-25,26904,1041,548,56,74.1,60,1,12,46,3,11,54,43,1,1480,47,1035,0.0647300004959106,19,0.0526300001144409,6.45118790469088,5.61032973509427,63.2036545469598,1134.10647624224,60
"452",2021-05-26,26960,1000,551,76,68.3,56,1,11,44,1,8,47,39,3,1481,45,1371,0.0320900011062622,61,0.0491800022125244,3.28179969634424,5.1681681855416,58.0474535288309,1045.49896730735,56
"453",2021-05-27,27007,954,551,62,66.1,47,0,8,38,3,9,42,33,0,1484,38,1368,0.0548199987411499,113,0.00884999990463257,5.13124971418748,5.18323054489199,48.7033122720946,1021.8673659889,47
"454",2021-05-28,27042,904,554,65,64.6,35,0,1,30,1,7,34,27,3,1485,30,1589,0.0346099996566772,197,0.0152300000190735,3.24723401221823,5.11289612557769,32.350592429445,944.697851873941,35
"455",2021-05-29,27077,865,556,45,62.9,35,0,3,31,5,9,36,27,2,1490,31,1074,0.024210000038147,104,0.00962000012397766,2.29219185516668,4.60113634070839,34.9851494697541,892.488848107655,35
"456",2021-05-30,27104,816,558,46,58.3,27,0,3,22,5,8,36,28,2,1495,22,718,0.0905300045013428,34,0,8.6436892595697,5.29173480311417,27.6363999547053,913.786471047251,27
"457",2021-05-31,27152,784,561,40,59.3,48,1,2,41,5,6,35,29,3,1500,42,783,0.0855700016021729,27,0.037039999961853,8.39523348808289,5.34894084718001,48.888454065728,875.251142560256,48
"458",2021-06-01,27194,748,562,38,55.7,42,1,5,36,2,5,31,26,1,1502,37,1565,0.0172500002384186,27,0.037039999961853,1.75856346558387,4.67856592730758,42.9020886934546,766.236820073081,42
"459",2021-06-02,27225,709,562,48,53.1,31,0,0,30,1,6,30,24,0,1503,30,1688,0.042649998664856,43,0.0232599997520447,4.21683291366926,4.81214210121116,31.7538688582365,750.449767349657,31
"460",2021-06-03,27270,697,562,48,49.1,45,2,4,39,2,5,29,24,0,1505,41,1176,0.0136099994182587,186,0,1.17513651364701,4.24698307256252,45.6679772116812,708.35561259858,45
"461",2021-06-04,27300,649,564,43,47.1,30,0,0,27,3,6,29,23,2,1508,27,1195,0.0476999998092651,68,0.0147099995613098,4.59238161062873,4.43914701519259,28.7190606626408,690.321124816811,30
"462",2021-06-05,27319,617,567,39,44,19,1,0,18,2,4,30,26,3,1510,19,999,0.0160199999809265,90,0.0222199988365173,1.65323965805621,4.34786812989109,19.4354906996613,631.141987457423,19
"463",2021-06-06,27336,568,567,21,43.1,17,0,1,16,3,4,29,25,0,1513,16,608,0.106909999847412,22,0,10.3176634773375,4.58700730385793,19.2887102281914,649.249213100794,17
"464",2021-06-07,27363,535,568,17,39.6,27,1,3,23,1,4,27,23,1,1514,24,843,0.00949000000953674,30,0.0666699981689453,1.14549483998944,3.55133035413029,27.3811481779353,543.49642813314,27
"465",2021-06-08,27396,507,569,28,36.3,33,0,2,30,1,3,26,23,1,1515,30,1771,0.0299300003051758,100,0,2.83303209729911,3.70482587294676,33.1783172043006,526.91356075268,33
"466",2021-06-09,27423,481,570,33,34.9,27,1,0,24,2,4,24,20,1,1517,25,1194,0.0594600009918213,26,0,5.81928206428153,3.93374718017708,27.0169674332193,519.806453415139,27
"467",2021-06-10,27452,468,570,20,32.7,29,0,0,28,2,5,21,16,0,1519,28,1216,0.0304299998283386,136,0,2.73689939284465,4.1568561629196,29.0624446982074,485.758004241466,29
"468",2021-06-11,27474,458,570,36,28.7,22,0,1,20,1,4,16,12,0,1520,20,1055,0.017059999704361,96,0,1.56370979045186,3.72418876003719,21.43358636856,467.929127840023,22
"469",2021-06-12,27492,435,570,29,27.7,18,0,0,18,2,6,17,11,0,1522,18,880,0.011360000371933,44,0,1.08190479732695,3.64256949421873,18.2699920775316,441.524808540346,18
"470",2021-06-13,27513,428,571,18,26.3,21,0,1,18,2,5,16,11,1,1524,18,583,0.132080001831055,17,0,12.8337735112508,4.00201378477777,22.2027006271099,504.153103800169,21
"471",2021-06-14,27532,391,574,22,25.9,19,2,1,16,2,4,15,11,3,1526,18,655,0.0564900016784668,29,0,5.40949577476546,4.61115677546006,20.3499533473145,420.323986599999,19
"472",2021-06-15,27559,377,574,22,26.6,27,1,0,24,0,4,15,11,0,1526,25,1518,0.0144900000095367,36,0,1.41543243336401,4.40864253775504,25.4905899199389,384.398095992678,27
"473",2021-06-16,27576,356,574,24,25.7,17,0,0,17,1,4,13,9,0,1527,17,1251,0.0223799991607666,42,0,2.16530386311825,3.88664565187458,17.5103372172288,366.687061725497,17
"474",2021-06-17,27587,314,574,12,24.4,11,0,0,11,0,5,12,7,0,1527,11,1101,0.0208899998664856,123,0.0243899989128113,2.12417154569252,3.79911310228141,11.3239453431676,323.247167068601,11
"475",2021-06-18,27601,284,574,26,23.3,14,1,0,13,1,4,13,9,0,1528,14,864,0.0196800005435944,63,0,1.83425247784958,3.83776205762395,14.356021822607,291.222156972885,14
"476",2021-06-19,27610,251,574,18,21.9,9,0,0,9,0,3,11,8,0,1528,9,926,0.0194400000572205,37,0,1.86930841671715,3.9502482889654,9.23324532076374,257.504952834633,9
"477",2021-06-20,27622,238,574,7,20.3,12,0,0,10,0,3,11,8,0,1528,10,562,0.0266899991035461,15,0,2.59961516398491,2.48822566792741,10.3604114092935,246.577791541186,12
"478",2021-06-21,27633,228,575,13,18.7,11,0,0,11,2,2,10,8,1,1530,11,520,0.0230800008773804,7,0,2.27734354008308,2.04077534868707,11.3473047344498,235.198679950415,11
"479",2021-06-22,27644,205,575,13,17.4,11,0,0,10,0,2,7,5,0,1530,10,1297,0.0115699994564056,65,0,1.10178335498958,1.99596833749072,10.1527515676971,208.131407137791,11
"480",2021-06-23,27655,192,575,18,16.1,11,0,0,10,0,1,5,4,0,1530,10,1105,0.00814000010490417,18,0,0.800952815308914,1.80106104494653,10.1110443333853,194.132051200998,11
"481",2021-06-24,27661,180,575,8,15.3,6,1,0,5,1,0,5,5,0,1531,6,904,0.00995999991893768,51,0,0.942810463530855,1.63229517606629,6.0784269116211,182.352807348633,6
"482",2021-06-25,27665,159,575,7,14.7,4,0,0,4,2,0,7,7,0,1533,4,1024,0.00194999992847443,64,0,0.183529405032888,1.39647759423534,4.01017782823105,159.404568672184,4
"483",2021-06-26,27669,144,575,9,12,4,0,0,4,1,0,7,7,0,1534,4,764,0.00523999989032745,19,0,0.511284791342295,1.20247421918179,4.02835386941128,145.020739298806,4
"484",2021-06-27,27674,130,575,8,10.7,5,0,0,5,0,0,6,6,0,1534,5,398,0.0200999999046326,13,0,1.94642334842914,1.10916110267382,5.1349263521401,133.508085155643,5
"485",2021-06-28,27683,122,575,1,10.9,9,0,0,9,0,0,5,5,0,1534,9,555,0.00180000007152557,5,0,0.178392864231552,0.809311006123604,9.02225919514808,122.301735756452,9
"486",2021-06-29,27686,116,575,8,9.1,3,0,0,3,0,0,4,4,0,1534,3,929,0.00646000027656555,14,0,0.636409359165365,0.742829006720145,3.02646959410016,117.023490971873,3
"487",2021-06-30,27688,101,575,8,8.4,2,0,1,1,0,0,3,3,0,1534,1,1221,0.000820000022649765,51,0,0.0787122663251072,0.639651785436743,2.00109126917045,101.110218186215,2
"488",2021-07-01,27691,97,575,7,7,3,0,0,3,0,0,2,2,0,1534,3,884,0.00225999996066093,74,0,0.208542793864746,0.534756404055871,3.00867373024393,97.2804506112205,3
"489",2021-07-02,27695,86,575,6,6.9,4,0,0,4,2,0,3,3,0,1536,4,785,0.0140100002288818,29,0,1.35108724565998,0.701550381288312,4.07492605290706,87.6109101375018,4
"490",2021-07-03,27701,80,575,6,6.7,6,0,0,6,0,0,2,2,0,1536,6,627,0.00158999994397163,16,0,0.155043540415274,0.650658774013023,6.01289716916806,80.1719622555741,6
"491",2021-07-04,27703,75,576,2,6.3,2,0,0,2,1,0,3,3,1,1537,2,437,0.00685999989509583,34,0,0.636479820415473,0.463523984296785,2.01764834982046,75.6618131182671,2
"492",2021-07-05,27709,74,576,2,5.4,6,0,0,6,0,0,3,3,0,1537,6,505,0.00197999998927116,27,0,0.187951126801116,0.464889450378151,6.01563455962879,74.1928262354217,6
"493",2021-07-06,27714,70,576,12,5.6,5,0,2,3,0,0,3,3,0,1537,3,1174,0.00596000015735626,28,0,0.582116487914829,0.457133325913789,5.0242114402188,70.5649336051054,5
"494",2021-07-07,27720,69,576,6,6.1,6,0,0,6,0,0,3,3,0,1537,6,1218,0.0320199990272522,23,0,3.14265582717109,0.894839548891786,6.2614192357285,72.0063212108777,6
"495",2021-07-08,27722,60,577,5,5.9,2,0,0,2,1,0,4,4,1,1538,2,933,0.00321999996900558,87,0,0.294535291282569,0.907124191380046,2.00816689184526,60.2450067553578,2
"496",2021-07-09,27724,58,577,3,5.6,2,0,0,2,0,0,3,3,0,1538,2,823,0.00486000001430511,56,0,0.455037544001491,0.77911709114312,2.01261730772978,58.3659019241637,2
"497",2021-07-10,27725,54,577,0,5.1,1,0,0,1,0,0,3,3,0,1538,1,930,0,22,0,0,0.756968013940938,1,54,1
"498",2021-07-11,27730,56,577,0,4.3,5,0,0,5,0,0,3,3,0,1538,5,422,0.00237000003457069,8,0,0.23259070106717,0.699269568319752,5.01612322152939,56.1805800811292,5
"499",2021-07-12,27733,54,577,1,4,3,0,1,2,0,0,2,2,0,1538,2,460,0.00216999992728233,16,0,0.209705875325603,0.702377389537536,3.00581473682031,54.1569978941482,3
"500",2021-07-13,27735,53,577,2,3.9,2,0,0,2,0,0,2,2,0,1538,2,1188,0.000839999988675117,14,0,0.0830216294963427,0.63107812404918,2.00230202861586,53.0610037583204,2
"501",2021-07-14,27740,55,577,0,2.4,5,0,0,5,0,0,1,1,0,1538,5,1098,0,15,0,0,0.182127291596168,5,55,5
"502",2021-07-15,27751,61,577,1,1.6,11,0,0,11,0,0,1,1,0,1538,11,947,0.00105999998748302,31,0,0.102640080587569,0.154713690068311,11.015653055986,61.0868033104681,11
"503",2021-07-16,27754,61,577,8,1,3,0,0,3,0,0,1,1,0,1538,3,867,0.00460999995470047,34,0,0.443603769225894,0.153080293671797,3.0184504070275,61.3751582762259,3
"504",2021-07-17,27756,58,577,5,1.7,2,0,0,2,0,0,1,1,0,1538,2,761,0.00263000011444092,18,0,0.256922989356809,0.189783577865627,2.0071239757297,58.2065952961614,2
"505",2021-07-18,27764,63,577,4,2.4,8,0,0,8,0,0,1,1,0,1538,8,214,0.00467000007629395,17,0,0.432632041699959,0.21836091224174,8.04798418658725,63.3778754693746,8
"506",2021-07-19,27773,68,577,2,3,9,0,0,9,0,0,1,1,0,1538,9,367,0,10,0,0,0.188402930052368,9,68,9
"507",2021-07-20,27777,69,577,10,3.1,4,0,0,4,0,0,1,1,0,1538,4,1142,0.00437999993562698,22,0,0.429721643168901,0.237931503434162,4.02383069389102,69.4110794696201,4
"508",2021-07-21,27782,72,577,12,4.3,5,0,0,5,0,0,1,1,0,1538,5,1058,0.0103999996185303,8,0,1.03219508409053,0.385387944018523,5.07155191469815,73.0303475716533,5
"509",2021-07-22,27787,74,577,5,6,5,0,0,5,1,0,2,2,0,1539,5,1046,0.00477999985218048,28,0,0.46553816064998,0.437230526884582,5.03227117361144,74.4776133694493,5
"510",2021-07-23,27799,82,577,3,6.6,12,0,0,12,0,0,2,2,0,1539,12,928,0.00647000014781952,38,0,0.621548668444774,0.462651226772993,12.1034060277731,82.7066078564496,12
"511",2021-07-24,27802,84,577,2,5.9,3,0,0,3,0,0,2,2,0,1539,3,713,0.0028099998831749,16,0,0.274832636036173,0.465209747727188,3.01143086319613,84.3200641694916,3
"512",2021-07-25,27809,86,577,7,5.4,7,0,0,7,0,0,2,2,0,1539,7,410,0.00244000002741814,14,0,0.235943398877698,0.437111370181151,7.02289788344705,86.2813168537781,7
"513",2021-07-26,27818,90,577,5,5.9,9,0,0,9,1,0,3,3,0,1540,9,410,0,10,0,0,0.437111370181151,9,90,9
"514",2021-07-27,27826,97,577,7,6.3,8,0,0,8,0,0,3,3,0,1540,8,1125,0.0106700003147125,5,0,1.06227879239394,0.5274766772133,8.11781971483578,98.4285640423838,8
"515",2021-07-28,27832,97,577,8,5.9,6,0,0,6,0,0,2,2,0,1540,6,1074,0.00372000008821487,11,0,0.368228580160624,0.432624319509027,6.03063079105472,97.495197788718,6
"516",2021-07-29,27836,93,577,9,5.3,4,0,0,4,0,0,2,2,0,1540,4,1234,0.00243000000715256,15,0,0.240081666038932,0.400416248850306,4.01331399705639,93.3095504315612,4
"517",2021-07-30,27839,88,577,4,5.9,3,0,0,3,0,0,2,2,0,1540,3,940,0.00745000004768372,21,0,0.72872008791079,0.415726451631166,3.0303089900578,88.8890637083622,3
"518",2021-07-31,27846,89,577,8,6,7,0,0,7,0,0,1,1,0,1540,7,936,0.00962000012397766,8,0,0.953847469919819,0.512728570757401,7.09256918522145,90.1769510692441,7
"519",2021-08-01,27855,91,577,1,6.9,9,0,0,7,0,0,1,1,0,1540,7,563,0.00178000003099442,13,0,0.173982641918378,0.503877034048927,7.0168847031763,91.2195011412919,9
"520",2021-08-02,27866,93,577,3,6,11,0,0,11,1,0,2,2,0,1541,11,462,0.0043299999833107,4,0,0.429283260147971,0.565203214070065,11.0654675528945,93.5534984017448,11
"521",2021-08-03,27883,105,577,10,5.7,17,0,0,16,0,0,2,2,0,1541,16,550,0.0109099996089935,3,0,1.08508133543335,0.568460720218552,16.2406975916864,106.579577945442,17
"522",2021-08-04,27895,114,577,15,6.1,12,0,0,10,2,0,4,4,0,1543,10,1289,0.00776000022888184,22,0,0.762977901985408,0.624853480479235,10.1057794802569,115.205886074929,12
"523",2021-08-05,27915,127,577,9,7.1,20,0,0,20,0,1,4,3,0,1543,20,1482,0.00472000002861023,19,0,0.466025319280504,0.657131145228031,20.1292197740768,127.820545565388,20
"524",2021-08-06,27929,129,577,15,7.1,14,0,0,12,1,1,5,4,0,1544,12,1109,0.00541000008583069,44,0,0.520354735055181,0.627364666248658,12.0865705598238,129.930633518106,14
"525",2021-08-07,27942,139,577,13,8.7,13,0,0,13,0,1,5,4,0,1544,13,846,0.01182000041008,14,0,1.16275817987531,0.657209053385157,13.2095666759092,141.240751380875,13
"526",2021-08-08,27962,151,577,5,9.4,20,0,0,19,1,1,4,3,0,1545,19,612,0.00653999984264374,4,0,0.6497532311198,0.725176280413932,19.1711557594501,152.360237877735,20
"527",2021-08-09,27976,159,577,13,10,14,0,0,14,1,1,4,3,0,1546,14,556,0.0143900001049042,9,0,1.41607788642951,0.866146941311295,14.2748556352892,162.12157471507,14
"528",2021-08-10,27996,174,577,18,11.4,20,3,0,17,1,1,5,4,0,1547,20,1264,0.0102799999713898,16,0,1.01514999717474,0.856156750131494,20.2814813870875,176.448888067661,20
"529",2021-08-11,28011,180,577,20,12.6,15,2,0,13,0,1,5,4,0,1547,15,1296,0.0108000004291534,8,0,1.07337427578089,0.900499089245134,15.2232193869268,182.678632643122,15
"530",2021-08-12,28030,194,577,18,13.3,19,3,0,16,0,1,4,3,0,1547,19,1053,0.0133000004291534,38,0,1.28367556845999,1.01730626769935,19.3381413993565,197.452601656587,19
"531",2021-08-13,28047,208,577,26,14.6,17,3,0,14,0,1,4,3,0,1547,17,1077,0.0213599991798401,14,0,2.10859020317945,1.24419704885996,17.4969704598489,214.080579744033,17
"532",2021-08-14,28064,216,577,16,16.1,17,2,0,15,1,1,5,4,0,1548,17,1005,0.0119400000572205,12,0,1.17991151007931,1.24664752460339,17.2780915726825,219.533398805848,17
"533",2021-08-15,28082,213,577,8,16.6,18,1,0,17,0,1,5,4,0,1548,18,543,0.0221000003814697,2,0,2.20188994626386,1.46838134105254,18.5494872030852,219.502265236508,18
"534",2021-08-16,28101,216,577,21,17,19,0,0,19,0,1,4,3,0,1548,19,611,0.0114600002765656,8,0,1.1311890418387,1.42768293468242,19.2979739234291,219.387493024246,19
"535",2021-08-17,28122,212,577,18,18.1,21,0,0,21,0,1,4,3,0,1548,21,1323,0.0158700001239777,10,0,1.57509453593567,1.50767501164827,21.4585802943438,216.629477257185,21
"536",2021-08-18,28153,225,577,24,18.1,31,0,0,31,0,1,3,2,0,1548,31,1295,0.015440000295639,12,0,1.52982405377601,1.57288212279043,31.6574952929867,229.772143255549,31
"537",2021-08-19,28175,232,577,19,18.7,22,0,0,22,3,1,6,5,0,1551,22,1279,0.0172000002861023,17,0,1.69743829983988,1.63199108441613,22.5177333569527,237.45973358241,22
"538",2021-08-20,28194,232,577,17,18.9,19,0,0,19,0,2,6,4,0,1551,19,1142,0.014889999628067,50,0,1.42654191067555,1.53455561405843,19.375774759424,236.588407588756,19
"539",2021-08-21,28217,241,577,27,17.6,23,1,0,22,1,2,7,5,0,1552,23,879,0.0182000005245209,12,0,1.79548826723388,1.62249515079479,23.5725321467486,246.999141189845,23
"540",2021-08-22,28248,258,577,17,19.1,31,0,0,31,1,1,6,5,0,1553,31,520,0.0173099994659424,6,0,1.71125470005514,1.55240440133641,31.7354714469356,264.121020429335,31
"541",2021-08-23,28289,277,577,16,20.4,41,1,0,40,0,1,4,3,0,1553,41,575,0.0139100003242493,11,0.0909099960327148,1.53553927351591,1.61016872014743,41.8728392237314,282.896986950576,41
"542",2021-08-24,28321,291,577,26,19.7,32,1,0,31,0,1,4,3,0,1553,32,1233,0.0154100000858307,23,0,1.51278105938131,1.60126679492538,32.6711437121835,297.103213132669,32
"543",2021-08-25,28348,308,577,27,20.9,27,0,0,26,2,1,6,5,0,1555,26,1318,0.0197300004959106,68,0,1.8762006243586,1.65074916215147,26.6763042135342,316.011603760328,27
"544",2021-08-26,28376,316,577,44,21.3,28,2,0,24,3,1,9,8,0,1558,26,1198,0.0125199997425079,22,0,1.22942292553479,1.58388982296503,26.4431636435677,321.3861427449,28
"545",2021-08-27,28409,333,577,24,24.9,33,0,0,33,2,1,10,9,0,1560,33,896,0.0278999996185303,9,0,2.7622541058788,1.7747058508512,34.2637670757705,345.752558673684,33
"546",2021-08-28,28441,337,577,38,25.9,32,0,0,29,2,1,12,11,0,1562,29,1115,0.0242199993133545,16,0,2.38773644866404,1.85931273391266,29.9600057978503,348.155929443985,32
"547",2021-08-29,28480,358,577,28,27.4,39,0,0,35,1,0,11,11,0,1563,35,537,0.0260700011253357,2,0,2.59732664272825,1.98589444000881,36.260329448122,370.891369783647,39
"548",2021-08-30,28517,380,577,20,29,37,0,0,36,1,1,10,9,0,1564,36,627,0.0111600005626678,9,0,1.10020760264036,1.92370420131231,36.5491191777443,385.796257987301,37
"549",2021-08-31,28547,388,577,22,29.6,30,0,0,24,0,1,8,7,0,1564,24,553,0.0361700010299683,16,0,3.51529183999516,2.20977716997143,25.1696666217521,406.909610384991,30
"550",2021-09-01,28586,399,577,55,29,39,0,0,37,2,1,10,9,0,1566,37,807,0.0309800004959106,5,0,3.07892369460589,2.38159475143533,38.5793926732074,416.03182909756,39
"551",2021-09-02,28631,427,577,34,33,45,0,1,39,1,1,11,10,0,1567,39,1298,0.0169500005245209,8,0,1.68461720373875,2.44662250546447,40.910867711818,436.97283366529,45
"552",2021-09-03,28683,459,577,50,31.6,52,0,1,49,1,2,6,4,0,1568,49,1050,0.035239999294281,45,0.0222199988365173,3.47049307823181,2.5477995015149,52.3576358766976,481.08479321233,52
"553",2021-09-04,28738,490,577,38,35.3,55,0,0,52,0,2,6,4,0,1568,52,911,0.0318300008773804,8,0,3.1552917083018,2.65745025289172,54.2747429561096,511.435077855648,55
"554",2021-09-05,28764,484,577,23,35.3,26,0,0,25,2,1,8,7,0,1570,25,412,0.0388299989700317,6,0,3.82726305637633,2.83315545484145,26.3265321834898,509.681663072362,26
"555",2021-09-06,28824,501,577,29,34.6,60,0,1,53,1,1,9,8,0,1571,53,519,0.0346799993515015,2,0,3.45468707551426,3.169509665252,56.5384817993298,524.995837386117,60
"556",2021-09-07,28889,526,577,50,35.9,65,1,2,56,1,1,9,8,0,1572,57,825,0.0460599994659424,11,0.0909099960327148,4.66501309997157,3.33375555953435,62.6865250762696,560.01951210733,65
"557",2021-09-08,28941,538,578,66,39.9,52,0,1,50,2,1,8,7,1,1574,50,1376,0.03125,17,0,3.08686288585786,3.3348897297132,53.1398178822794,561.024440413326,52
"558",2021-09-09,29011,583,578,58,41.4,70,0,3,63,3,2,11,9,0,1577,63,1485,0.0343400001525879,13,0,3.40419894703558,3.58054426446989,68.973342589007,610.515217926843,70
"559",2021-09-10,29077,613,578,62,44.9,66,0,0,58,0,1,8,7,0,1577,58,1263,0.0332500004768372,35,0,3.23534288152892,3.54695137922662,60.6015835424712,640.496046750601,66
"560",2021-09-11,29131,635,578,44,46.6,54,0,0,49,1,1,8,7,0,1578,49,1162,0.0309800004959106,15,0,3.05851831573901,3.5331266088605,51.0777659969853,661.926151185422,54
"561",2021-09-12,29186,647,578,53,47.4,55,0,1,50,2,1,9,8,0,1580,50,585,0.0598299980163574,3,0,5.95247429244372,3.83672821401299,55.1262639144529,700.393855053021,55
"562",2021-09-13,29248,676,578,36,51.7,62,0,0,55,5,4,14,10,0,1585,55,530,0.0301900005340576,20,0,2.90921823328191,3.75880409369408,57.2183417832729,703.265437190772,62
"563",2021-09-14,29310,696,578,63,52.7,62,0,2,55,2,5,11,6,0,1587,55,1224,0.0334999990463257,29,0,3.27246598824443,3.55986879201878,59.4953260477378,727.577216895009,62
"564",2021-09-15,29357,708,578,58,54.6,47,0,1,42,2,6,12,6,0,1589,42,1537,0.0305800008773804,13,0,3.03235234506669,3.55208157190575,44.7657061201458,737.76476031103,47
"565",2021-09-16,29417,736,578,63,53.4,60,1,1,50,1,7,12,5,0,1590,51,1708,0.0316199994087219,39,0,3.09141150487104,3.50739765159653,54.1858304114872,767.544532997149,60
"566",2021-09-17,29477,733,579,90,54.1,60,1,2,46,0,7,10,3,1,1590,47,1417,0.0310500001907349,4,0,3.09625969530411,3.48752862499299,51.0175518585142,764.465223665764,60
"567",2021-09-18,29539,749,579,44,58.1,62,0,5,50,0,7,9,2,0,1590,50,1575,0.0298399996757507,28,0,2.93187769739909,3.46943710808728,57.0323819222074,779.445081194668,62
"568",2021-09-19,29582,740,579,60,58.1,43,2,1,39,3,7,10,3,0,1593,41,1058,0.0321399998664856,3,0,3.20491233352891,3.07692825681374,43.8217529447616,772.880419003014,43
"569",2021-09-20,29633,719,579,60,59.1,51,2,0,40,2,8,12,4,0,1595,42,1220,0.0385199999809265,66,0.0606099987030029,3.965370131503,3.22780709941675,44.3089923310625,758.527749667474,51
"570",2021-09-21,29693,718,579,36,62.6,60,0,0,51,1,7,13,6,0,1596,51,1196,0.0200699996948242,23,0,1.96913204552992,3.04161653617182,52.3923053280262,737.601475010251,60
"571",2021-09-22,29744,705,579,63,58.7,51,0,0,42,5,9,17,8,0,1601,42,2383,0.0180400002002716,29,0,1.7823101358726,2.86303907771552,43.0378200013689,722.420550022978,51
"572",2021-09-23,29780,677,579,44,59.4,36,0,0,29,3,9,18,9,0,1604,29,1528,0.0274900007247925,48,0,2.66527418194689,2.80216231729779,30.0715917449605,702.016124528906,36
"573",2021-09-24,29824,671,579,56,56.7,44,1,0,34,2,8,17,9,0,1606,35,2089,0.0181900000572205,48,0,1.77814272903761,2.61385989354543,35.8628278043674,687.541641620871,44
"574",2021-09-25,29868,666,579,62,51.9,44,0,1,35,2,10,17,7,0,1608,35,1935,0.0273900008201599,32,0,2.6944408534321,2.57994034440729,37.3074532474808,690.878967509205,44
"575",2021-09-26,29916,644,579,38,54.4,48,1,0,38,3,11,18,7,0,1611,39,1060,0.0339599990844727,4,0,3.38323299149822,2.60541472411719,40.8293044180446,674.206975518481,48
"576",2021-09-27,29957,625,579,31,51.3,41,0,0,29,0,11,18,7,0,1611,29,852,0.0164300000667572,15,0.0666699981689453,1.72992041861722,2.28606476513351,29.6955263561945,639.989792159365,41
"577",2021-09-28,30002,601,580,44,47.1,45,1,1,32,3,11,19,8,1,1614,33,1723,0.0203099989891052,35,0,1.99056474733949,2.28912657967773,34.9107091865745,617.585946094888,45
"578",2021-09-29,30047,589,580,65,48.3,45,1,0,37,0,11,19,8,0,1614,38,2041,0.0215599989891052,8,0,2.14758213454191,2.34130829377335,39.1314173862142,606.53696948632,45
"579",2021-09-30,30095,592,580,61,48.6,48,2,0,38,3,12,21,9,0,1617,40,1837,0.017960000038147,29,0,1.76808789228703,2.21313882382194,40.9805128972046,606.511590878629,48
"580",2021-10-01,30138,575,580,48,51,43,0,0,24,1,11,20,9,0,1618,24,1834,0.0196300005912781,13,0,1.94918359958874,2.23757323390067,24.6485649271466,590.538534712887,43
"581",2021-10-02,30174,557,580,60,49.9,36,0,0,28,0,9,15,6,0,1618,28,1477,0.0189600002765656,13,0,1.87945774553607,2.12114707562981,28.729592005636,571.513669540688,36
"582",2021-10-03,30201,543,581,37,49.6,27,5,0,18,2,7,14,7,1,1620,23,1029,0.0213800001144409,12,0,2.11335447817096,1.9397358594402,23.6738909957302,558.909687420934,27
"583",2021-10-04,30245,540,582,25,49.4,44,1,0,40,0,4,10,6,1,1620,41,1256,0.0199000000953674,8,0,1.97740507276752,1.9750908100331,42.1240068805046,554.803993060305,44
"584",2021-10-05,30295,537,582,33,48.6,50,1,0,42,0,4,9,5,0,1620,43,1637,0.0116100001335144,13,0,1.15185274051897,1.85527480905874,43.6866807686075,545.575524947494,50
"585",2021-10-06,30336,528,582,28,47,41,1,0,33,0,4,8,4,0,1620,34,1958,0.0127699995040894,36,0,1.25394478580778,1.72761233066815,34.5910807286199,537.17913602092,41
"586",2021-10-07,30373,517,582,53,41.7,37,1,0,31,2,3,8,5,0,1622,32,1681,0.0184399998188019,9,0,1.83417986363349,1.7370540408605,32.8137319507389,530.146856829125,37
"587",2021-10-08,30401,498,584,58,40.6,28,0,0,19,0,2,6,4,2,1622,19,2154,0.0246099996566772,13,0,2.44623623721655,1.80806156052162,19.6443791287555,514.889516111592,28
"588",2021-10-09,30430,478,584,37,42,29,1,0,26,3,3,7,4,0,1625,27,1520,0.0184200000762939,12,0,1.82757180913621,1.80064928389307,27.6841127483757,490.11132939717,29
"589",2021-10-10,30451,440,585,20,38.7,21,0,0,19,2,3,7,4,1,1627,19,1009,0.0178400003910065,24,0,1.7425518290925,1.74767747688186,19.4590170043101,450.629867468234,21
"590",2021-10-11,30470,418,585,18,36.3,19,0,0,17,1,4,8,4,0,1628,17,635,0.0220499992370605,7,0,2.18095786846315,1.77675644769552,17.5140266862508,430.63900910899,19
"591",2021-10-12,30504,419,585,31,35.3,34,0,0,27,2,5,8,3,0,1630,27,1118,0.0143099999427795,12,0,1.41580353416172,1.8144637039302,27.5299760272474,427.22444279321,34
"592",2021-10-13,30526,414,585,24,35,22,0,0,20,0,5,8,3,0,1630,20,1674,0.0203099989891052,9,0,2.02013893688426,1.92392001122684,20.5601453101967,425.595007921072,22
"593",2021-10-14,30546,401,585,39,34.4,20,0,0,17,0,5,7,2,0,1630,17,1288,0.0116499996185303,33,0,1.13589701049713,1.82416531792165,17.2677178613448,407.314991905838,20
"594",2021-10-15,30582,386,585,33,32.4,36,1,0,20,2,5,9,4,0,1632,21,1605,0.0155799996852875,15,0,1.54357404289422,1.6952135758756,21.4494032724909,394.260460151499,36
"595",2021-10-16,30612,380,586,22,28.9,30,0,0,24,1,4,9,5,1,1633,24,1409,0.0156099998950958,8,0,1.55218700438885,1.65587288948312,24.5164695884122,388.177435149859,30
"596",2021-10-17,30637,371,586,34,26.7,25,1,0,20,0,4,9,5,0,1633,21,815,0.0368099999427795,8,0,3.64521870636273,1.92768244337887,22.0612858016922,389.749382496562,25
"597",2021-10-18,30673,376,586,23,28.7,36,3,0,23,1,3,10,7,0,1634,26,812,0.0135500001907349,20,0,1.32242790323038,1.80503530548847,26.4766886608172,382.893651402587,36
"598",2021-10-19,30695,360,586,23,29.4,22,0,0,19,3,2,12,10,0,1637,19,1138,0.0105400002002716,9,0,1.04572974959975,1.75216762197962,19.2754625308501,365.219290058212,22
"599",2021-10-20,30721,355,586,35,28.3,26,1,0,20,1,3,12,9,0,1638,21,1788,0.0134200000762939,19,0,1.32788932686295,1.653274820548,21.3866078285943,361.535513292904,26
"600",2021-10-21,30739,344,586,44,29.9,18,0,0,15,0,3,12,9,0,1638,15,1305,0.0214599990844727,7,0,2.13455021381379,1.79593956387895,15.4439020021655,354.180152582995,18
"601",2021-10-22,30765,330,586,34,30.6,26,0,0,12,0,2,9,7,0,1638,12,1417,0.0218799996376038,19,0,2.15905010351564,1.8838647153963,12.3591976080108,339.877934220298,26
"602",2021-10-23,30789,331,586,22,30.7,24,0,1,20,0,1,7,6,0,1638,20,1331,0.0120200002193451,9,0,1.19392688745883,1.83268469869201,21.3310527481636,336.478922982107,24
"603",2021-10-24,30809,324,587,14,30.7,20,0,0,12,1,1,7,6,1,1639,12,822,0.00243000000715256,8,0,0.240657832033663,1.34631885950214,12.0400378469563,325.08102186782,20
"604",2021-10-25,30835,316,587,15,27.9,26,0,2,19,3,1,7,6,0,1642,19,815,0.0135000002384186,5,0,1.34176831637941,1.34908177566629,21.3534439910367,321.878331640399,26
"605",2021-10-26,30857,303,587,30,26.7,22,0,6,14,3,2,9,7,0,1645,14,1386,0.0180400002002716,10,0,1.79107738378055,1.45556000912069,20.3476416918086,310.523959472714,22
"606",2021-10-27,30883,312,587,35,27.7,26,1,5,19,2,2,10,8,0,1647,20,1365,0.014650000333786,9,0,1.45540396329097,1.47377638575326,25.4035552652317,318.295462137614,26
"607",2021-10-28,30908,304,587,26,27.7,25,1,6,17,4,3,14,11,0,1651,18,1856,0.0113100004196167,41,0,1.10655565518232,1.32692002023448,24.2761437614337,308.663761304213,25
"608",2021-10-29,30929,299,587,12,25.1,21,0,1,17,1,3,15,12,0,1652,17,1548,0.0148599994182587,18,0,1.46891948272442,1.22832993155002,18.3462074279345,305.089177703082,21
"609",2021-10-30,30952,290,587,28,22,23,0,2,20,1,2,16,14,0,1653,20,1178,0.0118799996376038,7,0,1.18098224245547,1.22648069654954,22.3274634493988,294.748220016283,23
"610",2021-10-31,30973,276,588,32,22.9,21,0,2,16,0,1,15,14,1,1653,16,936,0.0181599998474121,7,0,1.80251960309414,1.44960380670104,18.3998429548685,282.897290971481,21
"611",2021-11-01,31024,302,588,13,25.4,51,0,10,37,1,1,14,13,0,1654,37,773,0.0116400003433228,14,0,1.14329355341659,1.42125026913492,47.5864742490224,306.786897924453,51
"612",2021-11-02,31074,330,588,31,25.1,50,1,6,37,3,0,16,16,0,1657,38,1531,0.0267799997329712,17,0,2.64859041286685,1.54375213043296,45.3953651382544,342.117644621683,50
"613",2021-11-03,31117,352,588,44,25.3,43,0,19,22,2,0,17,17,0,1659,22,1657,0.0169000005722046,11,0,1.67885497291025,1.57567370323572,41.5120652815737,360.19304450518,43
"614",2021-11-04,31150,371,588,33,26.6,33,2,5,23,4,0,20,20,0,1663,25,1511,0.0258100008964539,35,0,2.52256865165212,1.77796127415998,30.8743241455285,383.974970319643,33
"615",2021-11-05,31189,388,590,45,27.6,39,0,7,23,2,1,20,19,2,1665,23,1264,0.0213599991798401,15,0.0666699981689453,2.18913908802596,1.88084978920306,30.6980566370004,399.77591196331,39
"616",2021-11-06,31222,394,591,40,32.3,33,3,4,21,3,1,21,20,1,1668,24,1414,0.0212199997901917,10,0.1,2.17732301287437,2.02318418497718,28.724475283661,405.893469240102,33
"617",2021-11-07,31260,413,592,39,34,38,3,3,27,6,3,25,22,1,1674,30,1016,0.0255900001525879,10,0,2.53405849464223,2.12768974091263,34.0539678402471,427.509623934068,38
"618",2021-11-08,31324,449,593,36,35,64,6,7,45,1,2,24,22,1,1675,51,849,0.0270900011062622,13,0.0769199991226196,2.7841497596068,2.36209777036837,59.9685762329261,466.331190756545,64
"619",2021-11-09,31366,465,593,39,38.3,42,0,9,29,3,2,26,24,0,1678,29,1627,0.0215100002288818,21,0.0476200008392334,2.18427126153001,2.29576646303454,38.878201225399,479.08150240726,42
"620",2021-11-10,31407,483,593,34,39.4,41,1,5,28,5,2,30,28,0,1683,29,1507,0.00995000004768372,72,0.0555600023269653,1.20297468267263,2.22778356442916,34.4836642128904,491.055510856072,41
"621",2021-11-11,31454,488,594,48,38,47,1,5,35,3,5,33,28,1,1686,36,1632,0.0208299994468689,24,0,2.05281153969143,2.16067540557763,42.0245686196261,501.888596843821,47
"622",2021-11-12,31513,509,594,50,40.1,59,1,2,36,1,5,34,29,0,1687,37,1517,0.0184599995613098,29,0.0344799995422363,1.87605040887657,2.11594845141344,39.9623558633617,522.238895525706,59
"623",2021-11-13,31549,526,595,43,40.9,36,1,5,28,1,3,32,29,1,1688,29,1627,0.0196700000762939,20,0,1.94311415447056,2.08249004307004,34.7812423583099,540.170120016241,36
"624",2021-11-14,31582,535,595,43,41.3,33,1,2,27,0,3,28,25,0,1688,28,912,0.037279999256134,8,0,3.69558253495589,2.24842204882913,31.4345986123263,562.411080628378,33
"625",2021-11-15,31622,533,597,41,41.9,40,1,3,34,1,2,24,22,2,1689,35,921,0.0217199993133545,18,0,2.1303641499041,2.15502410458589,39.0337400884346,548.742384775304,40
"626",2021-11-16,31672,549,598,42,42.6,50,1,3,37,1,1,24,23,1,1690,38,1729,0.0208200001716614,24,0,2.0534957385512,2.13634188701748,42.081849557111,564.629879127735,50
"627",2021-11-17,31694,517,598,44,43,22,0,1,12,1,2,23,21,0,1691,12,1886,0.0148500001430511,19,0.0526300001144409,1.52268085417159,2.18201419723162,13.2533259046151,527.914124390499,22
"628",2021-11-18,31731,506,598,39,44.4,37,2,1,21,1,3,21,18,0,1692,23,1686,0.0183899998664856,42,0.0238100004196167,1.85217359910409,2.15335163429057,24.5906075501568,518.993366103449,37
"629",2021-11-19,31767,505,599,25,43.1,36,0,2,24,2,2,19,17,1,1694,24,1564,0.0140699994564056,40,0,1.37191266520065,2.08133195662258,26.4564856989075,514.605219914512,36
"630",2021-11-20,31808,488,600,50,39.6,41,1,0,36,1,2,16,14,1,1695,37,1680,0.0166700005531311,76,0.0131599998474121,1.65180870829519,2.03971689288324,37.8473268031917,499.175553512366,41
"631",2021-11-21,31850,490,600,25,40.6,42,2,2,30,1,1,16,15,0,1696,32,924,0.0238100004196167,5,0,2.36818518705337,1.85008870032574,35.0506428459826,506.087968579109,42
"632",2021-11-22,31904,483,600,31,38,54,2,2,41,2,0,18,18,0,1698,43,1048,0.0152699995040894,18,0,1.50121571109622,1.76021035192462,45.8949546431402,493.052630061319,54
"633",2021-11-23,31951,492,601,27,36.6,47,3,1,30,2,0,17,17,1,1700,33,1457,0.0102999997138977,9,0,1.0236766427796,1.61309333824296,34.4683453396365,498.98260324549,47
"634",2021-11-24,32000,502,601,46,34.4,49,1,1,36,1,0,15,15,0,1701,37,1743,0.0183599996566772,16,0,1.81929956802663,1.65546744022225,38.9332444364063,514.661856947999,49
"635",2021-11-25,32044,508,602,60,34.7,44,2,0,37,0,0,13,13,1,1701,39,1548,0.0219600009918213,6,0,2.18752133432042,1.70337425953887,40.1827865392348,523.406552870033,44
"636",2021-11-26,32084,500,602,51,37.7,40,8,1,27,3,1,15,14,0,1704,35,1853,0.0221300005912781,40,0,2.16623830404851,1.81684935080285,37.051147699842,515.016395712028,40
"637",2021-11-27,32113,499,602,43,41.4,29,6,0,18,2,1,16,15,0,1706,24,1818,0.0203500008583069,2,0,2.03276382200011,1.87127150990355,24.6763751349026,513.062966346516,29
"638",2021-11-28,32178,533,602,22,40.4,65,13,1,39,1,2,15,13,0,1707,52,1272,0.0117900002002716,46,0,1.13785130916127,1.69550952734754,53.820310605135,541.408183702634,65
"639",2021-11-29,32228,539,602,26,40,50,7,0,35,1,2,16,14,0,1708,42,989,0.0161800003051758,16,0,1.59224082605163,1.70851311519831,42.9271446888022,550.898356839628,50
"640",2021-11-30,32296,570,602,61,39.3,68,6,1,49,2,2,17,15,0,1710,55,1907,0.0272699999809265,25,0,2.69171273103659,1.94680398494931,58.0524891366056,591.271251052094,68
"641",2021-12-01,32374,608,602,62,44.1,78,4,0,54,0,2,17,15,0,1710,58,1958,0.0194099998474121,72,0.0138900005817413,1.92142166222257,1.96139285554873,59.5450414863675,624.196296960542,78
"642",2021-12-02,32445,634,602,64,46.4,71,6,0,50,0,2,15,13,0,1710,56,2077,0.0245499992370605,19,0,2.43274563050452,1.99642489786074,57.8887487819055,655.383334423716,71
"643",2021-12-03,32536,694,602,59,47,91,7,0,68,1,2,12,10,0,1711,75,1911,0.0245900011062622,12,0,2.44365533614493,2.03605590244594,77.5409181974196,717.511963053456,91
"644",2021-12-04,32590,715,602,70,48.1,54,2,0,45,0,2,12,10,0,1711,47,1446,0.0242000007629395,6,0.166669998168945,2.4788719760485,2.09978563873857,48.6152562299217,739.572514987107,54
"645",2021-12-05,32668,751,602,35,52,78,5,1,58,0,2,11,9,0,1711,63,1461,0.0246399998664856,10,0,2.44724947688208,2.28684251984155,66.1375105300103,776.480482667266,78
"646",2021-12-06,32777,812,602,69,53.9,109,4,3,82,0,2,10,8,0,1711,86,1178,0.0348000001907349,14,0,3.439127535628,2.55068347835246,93.1004941976182,850.71629405193,109
"647",2021-12-07,32879,862,602,70,60,102,4,2,76,2,1,11,10,0,1713,80,1905,0.0278200006484985,22,0.0454500007629395,2.80212772455497,2.56645704885508,85.1079024810094,895.487649232877,98
"648",2021-12-08,32989,917,602,44,61.3,110,5,4,88,2,1,12,11,0,1715,93,2324,0.0249600005149841,13,0,2.48211558394622,2.64655618052989,100.200327467199,948.555917069045,109
"649",2021-12-09,33114,1005,602,147,58.7,125,5,3,95,1,1,13,12,0,1716,100,1969,0.0304699993133545,15,0,3.02396313749975,2.73101582438635,107.192431368831,1047.13393525675,124
"650",2021-12-10,33284,1142,603,87,70.6,170,6,6,129,3,0,14,14,1,1719,135,2152,0.0399600005149841,23,0,3.95374349922969,2.94674270482703,148.400000148035,1204.59851977079,169
"651",2021-12-11,33414,1229,603,150,74.6,130,3,4,106,0,0,13,13,0,1719,109,1669,0.0437400007247925,12,0,4.34277580069475,3.21301467977649,119.562712456065,1302.99608815141,128
"652",2021-12-12,33597,1350,604,106,86,183,4,4,155,1,0,14,14,1,1720,159,1977,0.0364199995994568,14,0.0714300012588501,3.66661774112255,3.38721014609656,171.08262125989,1418.6260295651,185
"653",2021-12-13,33897,1588,604,100,96.1,300,5,9,264,1,0,15,15,0,1721,269,2090,0.0377999997138977,79,0.0126600003242493,3.68843427513425,3.42282539459745,291.755734920292,1669.20485893466,297
"654",2021-12-14,34203,1824,604,199,100.6,306,4,3,266,2,0,16,16,0,1723,270,2041,0.0494899988174438,12,0,4.9200724591526,3.7253889281114,291.41724782256,1948.41874084574,307
"655",2021-12-15,34533,2077,604,255,119,330,1,4,309,0,0,13,13,0,1723,310,2780,0.0460400009155273,20,0.05,4.60682866232735,4.02891936788013,333.799454411768,2209.65634455884,326
"656",2021-12-16,34946,2430,605,309,149.1,413,7,2,389,3,0,16,16,1,1726,396,2938,0.0871300029754639,58,0.0172399997711182,8.57769922325226,4.82231023727335,445.0929036158,2718.97918127877,411
"657",2021-12-17,35421,2835,605,355,172.3,475,7,9,433,2,0,18,18,0,1728,440,3115,0.102089996337891,10,0.1,10.208330834961,5.71582271380639,511.272583251674,3236.2335761784,472
"658",2021-12-18,35928,3295,605,308,210.6,507,23,15,440,1,0,18,18,0,1729,463,2673,0.0912800025939941,3,0,9.1177670752521,6.39796432445744,536.527362521771,3711.5176231301,502
"659",2021-12-19,36476,3778,605,403,233.1,548,21,8,499,1,0,19,19,0,1730,520,2673,0.0939000034332275,46,0.0217400002479553,9.26792016139842,7.19815038449685,594.8151729029,4263.43792928299,546
"660",2021-12-20,37391,4566,605,387,275.6,915,8,20,860,1,0,18,18,0,1731,868,2474,0.100240001678467,11,0,9.9796283361178,8.09689239320879,1008.09462260424,5197.74198941352,912
"661",2021-12-21,38254,5319,605,489,316.6,863,5,17,817,3,0,19,19,0,1734,822,2743,0.117749996185303,96,0.0208299994468689,11.4472673294535,9.02934880325178,969.455715681116,6163.15322592197,861
"662",2021-12-22,39089,6029,605,670,358,835,6,29,776,2,0,21,21,0,1736,782,4020,0.182089996337891,124,0.0161300003528595,17.7124011902045,10.9015734500914,1003.03202545357,7509.51289189202,830
"663",2021-12-23,39957,6779,605,747,417.3,868,1,45,806,3,1,22,21,0,1739,807,3597,0.217959995269775,96,0.0104200005531311,21.2564966974948,12.712830232126,1089.82346011371,8776.77600509394,865
"664",2021-12-24,40738,7409,605,861,479.9,781,0,33,731,3,1,24,23,0,1742,731,3803,0.26636999130249,68,0.0735300016403198,26.2982463713488,15.0113895944671,1030.52235110706,10110.3188773628,771
"665",2021-12-25,41279,7824,606,506,552.1,541,0,32,501,3,1,24,23,1,1745,501,2656,0.250380001068115,57,0.035090000629425,24.5856768475043,17.2210909905032,703.769129233657,10490.8616110262,540
"666",2021-12-26,42089,8456,606,429,580.4,810,0,52,746,7,1,27,26,0,1752,746,2040,0.21863000869751,54,0.0185199999809265,21.34695786733,18.9466678056362,1018.78231838539,10958.5942148349,810
"667",2021-12-27,43246,9305,606,548,584.1,1157,1,58,1091,5,2,31,29,0,1757,1092,1898,0.272390003204346,183,0.0546400022506714,25.3241396681269,21.1387408530661,1533.39532022947,12571.9353981092,1151
"668",2021-12-28,44520,10278,606,874,607.1,1274,0,76,1192,7,1,37,36,0,1764,1192,2597,0.388139991760254,90,0.1,37.848885694134,24.910400619449,1893.48777000762,15671.2578021294,1262
"669",2021-12-29,45965,11373,606,1243,662.1,1445,0,81,1357,5,4,41,37,0,1769,1357,3486,0.304360008239746,144,0.0347199988365173,29.3663545056808,26.5752510930885,1990.48355300036,16003.357736384,1422
"670",2021-12-30,47419,12422,607,1349,744,1454,0,76,1375,11,5,47,42,1,1780,1375,3324,0.314680004119873,129,0.0542600011825562,30.4951020517523,27.8950518579824,2032.32936103472,17673.8351438351,1443
"671",2021-12-31,48340,12861,610,1346,830,921,0,66,854,13,5,55,50,3,1793,854,3305,0.357639999389648,182,0.0164800000190735,33.9833541148912,28.9929243927742,1322.35887087499,18920.4115202849,911
"672",2022-01-01,48776,12754,610,1179,899.3,436,0,59,376,17,6,71,65,0,1810,376,2500,0.400400009155273,169,0.118339996337891,38.2540083278114,30.9455431756752,634.413365007972,19518.1437694459,433
"673",2022-01-02,49402,12726,611,505,995.4,626,0,74,552,9,5,76,71,1,1819,552,2226,0.312220001220703,64,0.0468800020217896,30.4804385522567,32.2503261306648,859.265095450149,18103.7746461931,616
"674",2022-01-03,50156,12503,611,568,1006.3,754,0,111,643,8,4,73,69,0,1827,643,1773,0.250990009307861,105,0.1428600025177,24.4944401899465,32.1317976337819,972.357423027265,16748.9142458941,742
"675",2022-01-04,50944,12348,613,808,1009.1,788,0,108,680,12,4,80,76,2,1839,680,2135,0.333019981384277,300,0.146669998168945,31.006105121401,31.1542575519629,1080.31129495093,17656.0292206677,770
"676",2022-01-05,51612,12087,614,705,999.7,668,0,124,543,17,7,94,87,1,1856,543,2678,0.314409999847412,314,0.0541400003433228,28.7095568081274,31.0604293094552,883.130365032833,16897.990280206,654
"677",2022-01-06,52242,11793,618,855,922.9,630,0,124,506,12,7,93,86,4,1868,506,2294,0.282040004730225,121,0.0743800020217896,27.1635507700113,30.5844934120637,820.557710138567,16234.1997542769,620
"678",2022-01-07,52820,11625,619,665,852.3,578,2,146,430,19,8,100,92,1,1887,432,2309,0.298400001525879,444,0.0427899980545044,25.7175576701582,29.4036653485304,732.029156906802,15769.8818264851,574
"679",2022-01-08,53260,11532,620,711,755,440,0,95,345,21,10,112,102,1,1908,345,2371,0.309150009155273,280,0.0964299964904785,28.6682410684454,28.0342700257638,577.122780766299,16115.4779936144,436
"680",2022-01-09,53660,11219,620,512,688.1,400,0,87,313,18,13,122,109,0,1926,313,1324,0.273409996032715,172,0.0581400012969971,24.865970252032,27.2322031257317,507.904415446694,15086.6665715542,392
"681",2022-01-10,54308,10774,621,422,689.1,648,0,144,504,14,14,124,110,1,1940,504,1342,0.175109996795654,126,0.0714300012588501,16.6211032601078,26.1074407071833,764.139473558318,13256.7116827725,645
"682",2022-01-11,54817,10052,624,614,668.3,509,1,115,392,15,9,127,118,3,1955,393,2155,0.292339992523193,415,0.101199998855591,26.1474974090487,25.413353891133,650.466300891459,13695.9472177123,502
"683",2022-01-12,55331,9115,627,487,640.6,514,1,156,357,18,9,127,118,3,1973,358,1537,0.297329998016357,163,0.208589992523193,28.882139748966,25.438008596967,657.351374263733,12764.8541240612,509
"684",2022-01-13,55761,8115,630,401,609.4,430,0,110,320,15,11,126,115,3,1988,320,2030,0.139409999847412,163,0.134969997406006,13.9079985986058,23.5443582867663,491.702688241804,9679.74160963201,417
"685",2022-01-14,56188,7599,632,439,544.6,427,0,101,326,20,15,137,122,2,2008,326,1747,0.215230007171631,275,0.167269992828369,20.8707255468171,22.8519536977175,521.328866593587,9797.78851915542,422
"686",2022-01-15,56514,7503,636,382,512.3,326,0,79,247,15,11,140,129,4,2023,247,1535,0.18371000289917,208,0.144230003356934,17.8998677652592,21.3136146544052,387.296580133663,9364.97668316953,320
"687",2022-01-16,56795,7173,642,395,465.3,281,0,63,218,12,14,142,128,6,2035,218,1342,0.225779991149902,85,0.188239994049072,22.3543901623924,20.9548174987424,348.562978840859,9396.06994140128,279
"688",2022-01-17,57106,6752,646,297,448.6,311,1,101,209,14,15,137,122,4,2049,210,892,0.177129993438721,183,0.0819699954986572,16.0930663556831,20.8793836552532,357.854096296513,8258.47075330503,309
"689",2022-01-18,57541,6383,647,219,430.7,435,2,116,317,17,16,135,119,1,2066,319,991,0.16548999786377,18,0.166669998168945,16.5511048414308,19.5084704313078,508.199336045824,7847.67511592632,432
"690",2022-01-19,57903,6082,651,504,374.3,362,0,105,257,23,21,141,120,4,2089,257,1685,0.216620006561279,290,0.1,19.9496056230762,18.2323941276092,433.081552889368,7764.17122440909,359
"691",2022-01-20,58205,5765,654,489,376.7,302,0,89,213,18,19,138,119,3,2107,213,1748,0.206520004272461,159,0.226420001983643,20.8179207018176,19.2195258566395,363.476116145359,7428.89581961499,303
"692",2022-01-21,58498,5485,657,362,389.3,293,1,92,200,13,20,136,116,3,2120,201,1221,0.239969997406006,87,0.241380004882812,24.0063782306986,19.6674762400511,359.897851602629,7310.54585094735,290
"693",2022-01-22,58741,5270,660,389,378.3,243,0,47,196,12,22,132,110,3,2132,196,1273,0.18068000793457,94,0.223400001525879,18.361759344853,19.7334607514217,292.895322209106,6611.57320429586,243
"694",2022-01-23,58957,5060,667,250,379.3,216,0,66,150,21,20,136,116,7,2153,150,955,0.221989994049072,120,0.0666699981689453,20.4651947997337,19.4635756996133,258.559509200193,6495.67411035319,214
"695",2022-01-24,59279,4745,673,240,358.6,322,0,104,218,11,19,127,108,6,2164,218,923,0.17443000793457,71,0.323940010070801,18.5109293801444,19.8089847031078,377.94666286801,5962.73814361792,322
"696",2022-01-25,59555,4518,678,268,350.4,276,1,104,171,11,22,121,99,5,2175,172,1417,0.175020008087158,62,0.338709983825684,18.1881927286474,20.0428544012815,319.371801700492,5657.2662795513,275
"697",2022-01-26,59759,4249,682,388,357.4,204,0,71,133,10,23,120,97,4,2185,133,1320,0.201520004272461,272,0.10293999671936,18.467718891163,19.8311562967225,238.052920563023,5336.90119903975,206
"698",2022-01-27,59948,4012,683,293,340.9,189,0,48,141,6,21,104,83,1,2191,141,1248,0.158649997711182,121,0.148760004043579,15.77758638662,19.1111085374086,219.842469821383,4889.58857392474,190
"699",2022-01-28,60129,3768,685,228,312.9,181,0,46,135,3,20,93,73,2,2194,135,1042,0.182339992523193,126,0.0793699979782104,17.1231928043169,18.1277963336398,213.048520424118,4662.50981450426,179
"700",2022-01-29,60279,3568,688,197,293.7,150,0,35,115,8,18,93,75,3,2202,115,905,0.140329999923706,82,0.0609800004959106,13.3737598755439,17.4152249808813,171.322632933275,4229.5578635298,150
"701",2022-01-30,60453,3472,688,193,266.3,174,0,40,134,3,17,88,71,0,2205,134,694,0.167150001525879,110,0.0363599991798401,14.9255846976048,16.6238521091486,201.728451735825,4190.45660019988,176
"702",2022-01-31,60670,3368,691,224,258.1,217,0,28,189,5,18,82,64,3,2210,189,822,0.10706000328064,56,0.178570003509521,11.1621005573143,15.5740194201729,246.24806935747,3889.20369098391,217
"703",2022-02-01,60872,3164,695,276,255.9,202,0,48,154,4,15,71,56,4,2214,154,1315,0.112550001144409,101,0,10.452207027182,14.4688786056778,224.3160945678,3622.49430657479,201
"704",2022-02-02,61012,2964,698,276,257,140,0,27,113,9,16,71,55,3,2223,113,1054,0.144209995269775,204,0.0833300018310547,13.4337563901334,13.7497411055308,161.045797193054,3516.03312283374,139
"705",2022-02-03,61152,2820,700,209,241,140,0,18,122,6,15,67,52,2,2229,122,972,0.148149995803833,129,0.0542600011825562,13.7149260739215,13.4550753465738,163.197584788048,3356.20646805159,140
"706",2022-02-04,61293,2693,706,187,229,141,0,17,124,6,15,65,50,6,2235,124,925,0.108109998703003,84,0.0714300012588501,10.5056361651161,12.5097101124023,159.060655567142,3085.23665679286,139
"707",2022-02-05,61405,2571,712,146,223.1,112,0,9,103,4,15,59,44,6,2239,103,836,0.123210000991821,117,0.0940200042724609,11.9626339274964,12.3081206912526,129.082581709688,2997.40114151076,110
"708",2022-02-06,61503,2451,715,139,215.9,98,0,6,92,3,12,53,41,3,2242,92,649,0.151000003814697,115,0.017389999628067,13.0888550304929,12.0457307388081,114.694712866344,2895.76892647185,98
"709",2022-02-07,61644,2260,716,167,208.1,141,0,7,134,4,10,50,40,1,2246,134,694,0.0936600017547607,29,0.103450002670288,9.40526850556601,11.7947547314155,158.4729190918,2554.69251602589,142
"710",2022-02-08,61749,2093,717,215,200,105,0,6,99,2,9,47,38,1,2248,99,923,0.13326000213623,116,0.0172399997711182,12.0306854615197,12.0202516506066,121.512583856273,2442.09937385029,105
"711",2022-02-09,61840,1951,720,174,191.3,91,0,7,84,5,9,40,31,3,2253,84,753,0.095620002746582,85,0.0470599985122681,9.06944653242471,11.396778813791,101.562082123926,2196.31693123548,90
"712",2022-02-10,61929,1842,724,182,176.7,89,0,7,82,0,7,32,25,4,2253,82,855,0.100579996109009,41,0.121949996948242,10.1557864450983,10.8883302953877,100.545609949559,2101.35382350106,88
"713",2022-02-11,62014,1738,724,117,172.9,85,0,8,77,3,5,28,23,0,2256,77,693,0.0923499965667725,59,0.0169500005245209,8.64343053879256,10.6223009201987,94.2271236492101,1946.26936236788,85
"714",2022-02-12,62088,1671,727,137,162.9,74,0,5,69,4,5,29,24,3,2260,69,638,0.112849998474121,48,0,10.4953788668352,10.4126930543899,84.0400686040019,1914.14427010561,69
"715",2022-02-13,62182,1612,728,143,161.6,94,0,7,87,0,4,26,22,1,2260,87,463,0.099350004196167,32,0.0625,9.69677817026774,9.92811064578631,105.695968291392,1828.71150443361,94
"716",2022-02-14,62279,1508,728,174,162.1,97,0,3,94,2,2,24,22,0,2262,94,581,0.0705700016021729,36,0.0277800011634827,6.80733403123952,9.55697714945396,105.871445406911,1650.32063482576,97
"717",2022-02-15,62356,1404,731,177,163.1,77,0,4,73,1,2,20,18,3,2263,73,651,0.124420003890991,71,0.0140799999237061,11.3569394082574,9.46072771327362,88.4940647126989,1625.06392954287,77
"718",2022-02-16,62468,1376,731,200,157.7,112,0,15,97,5,3,20,17,0,2268,97,892,0.0829599952697754,53,0.0565999984741211,8.14816039150985,9.32911540742864,122.957734476328,1531.44167669512,111
"719",2022-02-17,62564,1342,732,181,161.4,96,0,9,87,2,4,21,17,1,2270,87,595,0.124370002746582,16,0.125,12.4386500219667,9.6552387755527,111.003133379984,1573.42764363148,96
"720",2022-02-18,62665,1309,735,126,161.3,101,0,15,86,2,3,20,17,3,2272,86,627,0.105260000228882,22,0.0454500007629395,10.3232542619867,9.89521359315186,113.30848340554,1496.34656718433,100
"721",2022-02-19,62765,1301,736,120,162.6,100,0,4,96,2,3,21,18,1,2274,96,644,0.124219999313354,24,0,11.9757005326048,10.1066881168332,115.939020511145,1517.00693421875,97
"722",2022-02-20,62834,1262,738,119,160.1,69,0,4,65,3,5,21,16,2,2277,65,564,0.0939700031280518,27,0.037039999961853,9.13691400392407,10.0267075216413,77.2338388540752,1421.86314821297,68
"723",2022-02-21,62913,1211,740,76,156.7,79,0,3,76,4,3,24,21,2,2281,76,429,0.0792500019073486,11,0,7.72687518596649,10.1580705437451,87.1415474508726,1340.72913109219,78
"724",2022-02-22,63030,1226,740,117,142.7,117,0,5,112,2,3,25,22,0,2283,112,577,0.124779996871948,36,0.0277800011634827,11.9083422898857,10.2368423839778,135.490931984427,1428.40966618668,114
"725",2022-02-23,63139,1245,741,158,134.1,109,0,7,102,1,4,23,19,1,2284,102,778,0.106680002212524,40,0.075,10.5130857850053,10.5746888687628,123.866880446832,1426.46339368927,107
"726",2022-02-24,63235,1254,741,142,128.1,96,0,5,91,5,4,27,23,0,2289,91,772,0.0854899978637695,35,0.114289999008179,8.67390685453734,10.0368684162729,106.943232227291,1404.80014519805,94
"727",2022-02-25,63317,1249,742,141,122.6,82,0,4,78,1,3,26,23,1,2290,78,738,0.111110000610352,16,0,10.8752228714111,10.1157210747621,93.7604039070822,1437.31723692238,83
"728",2022-02-26,63392,1246,742,124,124.7,75,0,5,70,3,2,26,24,0,2293,70,675,0.0933300018310547,13,0,9.15664988894795,9.71299955423972,83.8863643958633,1404.17728624637,75
"729",2022-02-27,63482,1241,743,68,125.3,90,0,2,88,1,1,23,22,1,2294,88,562,0.0622800016403198,35,0.0571400022506714,6.19786616426017,9.29313557714487,97.5616110593677,1347.63590141676,84
"730",2022-02-28,63587,1245,743,77,118,105,0,6,99,3,1,22,21,0,2297,99,465,0.0860200023651123,32,0,8.0481491146433,9.33903185267013,116.04639777745,1383.9168205346,101
"731",2022-03-01,63696,1273,744,120,118.1,109,0,7,102,2,0,18,18,1,2299,102,917,0.172299995422363,52,0.0576900005340576,16.6149613859729,10.011406009254,132.495731853182,1566.2359475402,102
"732",2022-03-02,63770,1225,748,155,118.6,74,0,13,61,0,0,11,11,4,2299,61,765,0.147709999084473,55,0.01817999958992,13.9022011313497,10.4955653444461,85.7571719944665,1461.10714251183,72
"733",2022-03-03,63848,1218,749,147,118.1,78,0,10,68,2,0,12,12,1,2301,68,713,0.0939700031280518,65,0.107690000534058,9.51162754049032,10.6152397281536,86.9671248696521,1378.61703075347,81
"734",2022-03-04,63914,1194,749,120,118.9,66,0,7,59,4,0,16,16,0,2305,59,466,0.115880002975464,29,0.0344799995422363,11.1111113885437,10.648938087744,75.0886416889954,1377.92946062136,69
"735",2022-03-05,63988,1172,750,63,115.9,74,0,0,74,1,0,15,15,1,2306,74,526,0.09125,45,0.0666699981689453,8.93128720098118,10.6167434180345,83.1629484629666,1317.12129187293,69
"736",2022-03-06,64074,1191,751,74,107.1,86,0,11,75,1,0,13,13,1,2307,75,309,0.187700004577637,15,0,17.9010189550895,12.2886223881529,104.613518912654,1486.58268033294,67
"737",2022-03-07,64167,1202,751,136,108,93,0,7,86,1,1,11,10,0,2308,86,323,0.139320001602173,24,0,12.9684036073492,12.9915158871109,108.462312226986,1418.11278252137,66
"738",2022-03-08,64250,1160,752,162,116.4,83,0,9,74,4,2,13,11,1,2312,74,592,0.17568000793457,71,0.0704199981689453,16.4407819860122,12.966633115688,99.8672258140069,1424.40516140876,NA
"739",2022-03-09,64343,1133,752,82,122.4,93,0,7,86,0,2,9,7,0,2312,86,535,0.0841100025177002,33,0.0909099960327148,8.45050725634669,12.1878197049732,103.075594932903,1265.74010533696,NA
"740",2022-03-10,64430,1123,752,137,112,87,0,7,80,2,1,11,10,0,2314,80,522,0.107279996871948,21,0,10.3131046716679,12.3023164379986,98.4384948677089,1283.56787170546,NA
"741",2022-03-11,64497,1104,754,89,110.6,67,0,9,58,3,2,12,10,2,2317,58,495,0.133330001831055,29,0.0689699983596802,12.976809324199,12.5688447145208,77.4348301889008,1302.62159531977,NA
"742",2022-03-12,64554,1086,754,69,106.1,57,0,4,53,4,2,16,14,0,2321,53,344,0.14826000213623,24,0,13.8590871562128,13.2728161366968,67.1835679273887,1294.66707111593,NA
"743",2022-03-13,64604,1060,754,49,107,50,0,1,49,1,2,17,15,0,2322,49,261,0.111110000610352,10,0,10.701000058783,12.244242008653,57.2695899650039,1217.26051761029,NA
"744",2022-03-14,64723,1075,755,68,103.4,119,0,13,106,2,2,18,16,1,2324,106,228,0.105260000228882,14,0.214290008544922,11.1567521371132,11.9854346557621,135.395819141147,1241.27835449748,NA
"745",2022-03-15,64812,1047,755,113,93.7,89,0,5,84,2,2,19,17,0,2326,84,508,0.133859996795654,63,0.0476200008392334,12.4344900919552,11.4131072423254,103.48093938818,1227.49456594553,NA
"746",2022-03-16,64889,1051,756,138,86.7,77,0,4,73,1,2,19,17,1,2327,73,741,0.129549999237061,37,0.0540500020980835,12.5959382406544,12.0053116686551,89.7480233935187,1234.53661077518,NA
"747",2022-03-17,64958,1051,756,92,94.7,69,0,3,66,0,2,16,14,0,2327,66,482,0.186720008850098,34,0.0588199996948242,17.8292488866999,13.0790465565168,85.3142251690564,1310.79167655573,NA
"748",2022-03-18,65013,1040,756,89,88.3,55,0,4,51,2,1,16,15,0,2329,51,560,0.346430015563965,34,0.0294099998474121,32.8284088738438,15.9149893493232,78.2118352293506,1513.33938506911,NA
"749",2022-03-19,65058,1009,758,63,88.3,45,0,5,40,0,0,14,14,2,2329,40,440,0.125,67,0.0298499989509583,11.2425936744998,15.5412045662213,51.2347059464444,1166.27045749906,NA
"750",2022-03-20,65110,983,760,39,87.4,52,0,4,48,1,1,13,12,2,2330,48,414,0.0628000020980835,27,0,5.89551040104457,14.8547060436873,55.9233054028899,1063.34602523002,NA
"751",2022-03-21,65176,964,760,38,86,66,0,4,62,1,1,9,8,0,2331,62,203,0.133000001907349,28,0,11.6878789554943,14.930581303456,76.0465480056582,1120.2076173783,NA
"752",2022-03-22,65226,923,760,144,81.7,50,0,0,50,1,1,9,8,0,2332,50,578,0.21798999786377,33,0,20.6216397324483,16.1001741092407,64.2949509236633,1186.88479405082,NA
"753",2022-03-23,65229,843,760,80,86.1,3,0,1,2,0,1,9,8,0,2332,2,NA,NA,NA,NA,NA,NA,NA,NA,NA
